0.0
1.9565217391304348
3.9130434782608696
5.869565217391305
7.826086956521739
9.782608695652174
11.73913043478261
13.695652173913043
15.652173913043478
17.608695652173914
19.565217391304348
21.52173913043478
23.47826086956522
25.434782608695652
27.391304347826086
29.347826086956523
31.304347826086957
33.26086956521739
35.21739130434783
37.17391304347826
39.130434782608695
41.08695652173913
43.04347826086956
45.0
43.783783783783775
42.567567567567565
41.35135135135135
40.13513513513513
38.91891891891891
37.702702702702695
36.486486486486484
35.27027027027027
34.05405405405405
32.83783783783783
31.621621621621614
30.405405405405403
29.189189189189186
27.97297297297297
26.75675675675675
25.540540540540533
24.324324324324323
23.108108108108105
21.891891891891888
20.67567567567567
19.459459459459453
18.243243243243235
17.027027027027025
15.810810810810807
14.59459459459459
13.378378378378372
12.162162162162154
10.945945945945944
9.729729729729726
8.513513513513502
7.297297297297291
6.081081081081081
4.864864864864856
3.6486486486486456
2.432432432432421
1.2162162162162105
0.0