0.0
0.7659574468085106
1.5319148936170213
2.297872340425532
3.0638297872340425
3.829787234042553
4.595744680851064
5.361702127659575
6.127659574468085
6.8936170212765955
7.659574468085106
8.425531914893616
9.191489361702128
9.957446808510639
10.72340425531915
11.48936170212766
12.25531914893617
13.02127659574468
13.787234042553191
14.553191489361701
15.319148936170212
16.085106382978722
16.851063829787233
17.617021276595743
18.382978723404257
19.148936170212767
19.914893617021278
20.680851063829788
21.4468085106383
22.21276595744681
22.97872340425532
23.74468085106383
24.51063829787234
25.27659574468085
26.04255319148936
26.80851063829787
27.574468085106382
28.340425531914892
29.106382978723403
29.872340425531913
30.638297872340424
31.404255319148938
32.170212765957444
32.93617021276596
33.702127659574465
34.46808510638298
35.234042553191486
36.0
33.230769230769255
30.46153846153848
27.692307692307708
24.923076923076934
22.15384615384616
19.384615384615387
16.615384615384613
13.846153846153868
11.076923076923094
8.30769230769232
5.538461538461547
2.7692307692307736
0.0