1  65.77684092186621
3  65.75084364454443
4  65.75084364454443
5  65.67829021372329
6  65.66516601012943
7  65.5749578888265
8  65.55162738496072
9  65.55162738496072
10  65.48850252383623
11  65.37429537767757
12  65.3552927927928
13  65.3322072072072
14  65.3235790658413
15  65.3108108108108
16  65.3108108108108
17  65.24957746478873
18  65.23648648648648
19  65.22366197183099
20  65.11728045325779
21  65.11728045325779
22  65.04409270774448
23  64.88215488215488
24  64.85698261357263
25  64.83707865168539
26  64.83707865168539
27  64.81383577052868
28  64.75224719101124
29  64.73917931422147
30  64.73917931422147
31  64.75042253521127
32  65.23758228605625
33  66.49377224199289
34  66.49377224199289
35  67.08264462809917
36  67.08264462809917
37  67.08264462809917
38  67.08264462809917
39  67.08264462809917
41  65.25291828793775
42  65.26752336448598
45  65.22017291066282
46  65.12091690544412
47  65.11970217640321
48  65.07477168949772
49  65.07477168949772
52  64.94614512471655
53  64.94614512471655
54  64.94614512471655
55  64.94614512471655
56  64.94614512471655
57  64.94614512471655
58  64.94614512471655
59  64.89315997738835
60  64.89315997738835
61  64.89315997738835
62  64.85431959345003
63  64.82269904009034
64  64.73344651952462
65  64.72464589235128
66  64.70887507066139
67  64.69570135746606
68  64.59204545454546
69  64.59204545454546
70  64.59204545454546
71  64.59204545454546
72  64.5798749289369
73  66.79092475588742
74  69.91237113402062
75  69.91918042117246
76  70.02043132803632
84  70.04974271012007
85  70.05422374429224
86  70.04047890535918
87  69.89790130459444
88  69.77107061503416
89  69.65085714285715
90  69.52307692307693
91  69.49488054607508
92  69.4633730834753
93  69.45113636363637
94  69.43125
95  69.43125
96  69.327251995439
97  69.327251995439
99  69.31623931623932
100  69.22012578616352
101  69.22012578616352
102  69.13261240751281
103  69.10712250712251
104  69.06939704209329
105  69.06939704209329
106  68.86515580736544
107  68.82792022792023
108  68.57069555302166
109  68.41922639362912
110  68.37992013690815
111  68.31575963718821
112  68.31575963718821
113  68.31575963718821
115  68.29705215419501
116  68.29705215419501
118  68.34547524188959
119  68.33960113960114
120  68.33960113960114
121  68.23076923076923
122  68.16323024054982
123  68.15168860904407
124  68.0251572327044
125  67.95186246418338
126  67.86620926243567
127  67.7981755986317
128  67.63344788087056
129  67.58887614678899
130  67.58887614678899
131  67.48078026391279
132  67.432664756447
133  67.432664756447
134  67.3921568627451
135  67.28734974241557
136  67.28734974241557
137  67.24971428571429
138  67.14853195164076
139  67.09184845005741
140  67.05214899713467
141  66.9873708381171
142  66.90522688110282
143  66.82643678160919
144  66.60710194730814
145  66.52604464796795
146  66.52034383954155
147  66.4768703597944
148  66.45065601825442
149  66.38250428816467
150  66.33543216943332
151  66.33543216943332
152  66.21100917431193
153  66.1243553008596
154  66.1243553008596
155  66.08887614678899
156  66.08887614678899
157  66.08204245553644
158  65.99885648942252
159  65.92726231386025
160  65.92726231386025
161  65.77076222980659
162  65.72082379862701
163  65.67009132420091
164  65.54128440366972
165  65.48418631397355
166  65.40057471264367
167  65.37514384349828
168  65.29553264604812
169  65.2254004576659
170  65.14040114613181
171  65.14040114613181
172  65.0148401826484
173  65.00171330668189
174  64.97261836851112
175  64.97261836851112
176  64.90443686006826
177  64.81285551763368
178  64.8084378563284
179  64.76866096866097
180  64.68888888888888
181  64.66249288560046
182  64.58309537407196
183  64.57534246575342
184  64.53850541928124
185  64.52568493150685
186  64.48173515981735
187  64.40732265446225
188  64.33961187214612
189  64.31521739130434
190  64.28734974241557
191  64.21305841924399
192  64.50201265094883
193  67.4137535816619
194  67.53456221198157
195  67.54399079930995
196  67.54399079930995
197  67.53432494279176
198  67.53432494279176
199  67.53432494279176
200  67.50943396226415
201  67.50943396226415
202  67.3685111237878
203  67.3685111237878
204  67.35518814139111
205  67.32364672364672
206  67.2991452991453
207  67.23804100227791
208  67.1769055745165
209  67.16619237336369
210  67.14553723706652
211  67.01300169587337
212  66.94227504244482
213  66.87599093997736
214  66.8710407239819
215  66.8015828151498
216  66.75310033821872
217  66.68640721940214
218  66.67587373167981
219  66.57844243792326
220  66.47882552230378
221  66.47882552230378
222  66.35738444193912
223  66.3165914221219
224  66.30964467005076
225  66.23207227555054
226  66.10028169014085
227  66.02984234234235
228  65.969611705121
229  65.91629213483147
230  65.90331646992692
231  65.79583802024747
232  65.74395047833427
233  65.71597300337457
234  65.6917885264342
235  65.65408450704226
236  65.54237288135593
237  65.48674562887761
238  65.43276836158192
239  65.39402480270574
240  65.37034949267193
241  65.34723788049605
249  64.64961457603364
250  64.2429411764706
251  64.22934719815136
254  64.21994301994302
256  64.26541095890411
257  64.19476082004556
258  64.15371525808281
259  64.09852774631936
260  63.9734762979684
261  63.96223224351748
262  63.936230248307
263  63.87844682048396
264  63.84385569334836
265  63.74633596392334
266  63.708004509582864
267  63.584040747028865
268  63.56158192090396
269  63.49887005649718
270  63.44444444444444
271  63.40834743372814
272  63.342327150084316
273  63.32921348314606
274  63.14760563380281
275  63.14760563380281
276  63.028797289666855
277  62.92169014084507
278  62.887514060742404
279  62.85289163391353
280  62.79269662921348
281  62.7664603263928
282  62.588700564971745
283  62.53250423968343
284  62.52432126696833
285  62.494915254237284
286  62.36579841449604
287  62.28757062146893
288  62.22650056625142
289  62.19988706945229
290  62.14934696195344
291  62.753376394597765
292  66.39269051321928
293  66.39269051321928
294  66.39269051321928
295  66.39269051321928
296  66.39269051321928
297  65.54005934718101
298  64.75941422594143
299  64.44336175395858
300  64.41910902696365
301  64.4090382387022
302  64.35456110154905
304  64.35419058553387
305  64.34516313680595
306  64.34516313680595
307  64.33409610983982
308  64.3016599885518
309  64.23640526617058
310  64.23640526617058
311  64.16752136752137
312  64.12961910176236
313  64.1107325383305
314  64.08461101646792
315  63.935374149659864
316  63.92229154849689
317  63.81087202718007
318  63.726655348047544
319  63.720746184284906
320  63.63038548752834
321  63.5374149659864
322  63.5374149659864
323  63.41940976163451
324  63.41113003975015
325  63.36674259681094
326  63.2644721906924
327  63.25014180374362
328  63.15262860373092
329  63.11438278595696
330  62.94293785310734
331  62.86021505376344
332  62.82593856655291
333  62.74065685164213
334  62.625711035267344
335  62.592592592592595
336  62.4968732234224
337  62.48120728929385
338  62.44786324786325
339  62.390091116173124
340  62.31701764371087
341  62.27768313458262
342  62.22468714448236
343  62.13646788990826
349  63.25692695214106
350  62.470078740157476
351  61.831824062095734
353  61.78858474082702
355  61.82973760932944
357  61.810133954571924
358  61.780417149478566
359  61.744360902255636
360  61.678180771445014
361  61.595524956970735
363  61.59839816933638
364  61.5361653272101
365  61.50515463917526
366  61.343232438606506
367  61.343232438606506
368  61.2314709236032
369  61.194301994301995
370  61.146355353075165
371  61.06927881885292
372  61.00568828213879
373  60.966951566951565
374  60.80102040816327
375  60.80102040816327
376  60.68767745599091
377  60.65306122448979
378  60.61783077796706
379  60.4957507082153
380  60.45871040723982
381  60.41359773371104
382  60.34915254237288
383  60.26357466063348
384  60.240362811791385
385  60.214448236632535
386  60.115340909090904
387  60.05899035734544
388  59.95181405895691
389  59.887124220079414
390  59.82946175637393
391  59.75241340147643
392  59.557321225879676
393  59.53401360544218
394  59.487528344671205
395  59.35350678733032
396  62.03392754456584
397  64.91116173120729
402  64.68799546998868
403  64.68799546998868
404  64.66194790486976
405  64.66194790486976
406  64.53680634201585
407  64.53680634201585
408  64.52577903682719
409  64.45670628183362
410  64.40056497175141
411  64.27566647759501
412  64.25749858517261
413  64.08356860530773
414  63.917792792792795
415  63.89145106861642
416  63.82058492688414
417  63.82058492688414
418  63.73258426966292
419  63.50732807215333
420  63.502540937323545
421  63.43404735062006
422  63.311484593837534
423  63.287394957983196
424  63.22757847533633
425  63.169006176305444
426  63.03919372900336
427  62.99219185722254
428  62.95777777777778
429  62.91879866518353
430  62.87472160356347
431  62.79545454545455
432  62.651304830649636
433  62.651304830649636
434  62.61944444444444
435  62.47477578475336
436  62.37346024636058
437  62.36261891438164
438  62.31952993844432
439  62.247762863534675
440  62.21544487968663
441  62.13512004466779
442  62.06417410714286
443  61.972671500278864
444  61.93132328308208
445  61.76185164528722
446  61.69983230855226
447  61.61213132999444
448  61.60022271714922
449  61.47480403135498
450  61.38879551820729
451  61.38879551820729
452  61.28363228699551
453  61.28363228699551
454  61.28363228699551
455  61.130825379000555
456  60.93844432008953
457  60.88919977616116
458  62.64152013613159
459  66.88963585434173
461  66.87152391546162
462  66.8739542665923
463  66.84295227524973
464  66.82172701949861
465  66.80145008365868
466  66.72417643774428
467  66.6664807585053
468  66.65328874024526
469  66.55977653631285
470  66.53069196428571
471  66.33370598099496
472  66.28563474387528
473  66.24259362772499
474  66.16211699164346
475  66.0400890868597
476  65.96432552954292
477  65.89043381535039
478  65.81605351170569
479  65.8036809815951
480  65.74749721913237
481  65.7230255839822
482  65.60993303571429
483  65.54611111111112
484  65.39154616240268
485  65.39154616240268
486  65.31646273637375
487  65.21511951083936
488  65.11259012756517
489  65.07273736812881
490  65.02165463631316
491  65.0016620498615
492  64.92414174972315
493  64.92414174972315
494  64.83139212423738
495  64.83139212423738
496  64.71982281284608
497  64.71246537396122
498  64.66389351081531
499  64.58951477969883
500  64.53889199776161
501  64.37716843872411
502  64.27166014533259
504  64.18997214484679
505  64.14643652561247
506  64.14643652561247
507  64.0958217270195
508  64.01615598885793
509  63.89186176142698
510  63.832591768631815
511  63.832591768631815
512  63.80200222469411
513  63.709354120267264
514  63.709354120267264
515  63.68617614269789
516  63.66833890746935
517  63.59007250418293
518  63.546770601336306
519  63.53370473537605
520  63.476031215161655
521  63.44456824512535
522  63.289459007250414
523  63.25279017857143
524  63.16917084028937
525  63.05236768802229
526  63.03062360801782
527  62.92247629670942
528  62.90050027793218
529  62.847946725860155
530  62.79122709605774
531  62.67707752370329
532  62.63879598662207
533  62.59045504994451
534  62.51360355358135
535  62.41356309060589
536  62.33798103736754
537  62.29849077697037
538  62.23828125
539  62.1486033519553
540  62.095875139353396
541  61.98942682248192
542  61.96998332406892
543  61.88560267857143
544  61.831372549019605
545  61.65011160714286
546  61.61319172722192
547  61.61319172722192
548  61.56623812185579
549  61.5072869955157
550  61.474481211441386
551  61.474481211441386
552  61.3325855300056
553  61.29243697478992
554  61.29243697478992
555  61.150753768844226
556  61.137123745819395
557  61.08319374651033
558  61.01846670397313
559  60.91769316909294
560  60.8937360178971
561  60.748040313549836
562  60.713567839195974
563  60.680446927374305
564  60.6327557294578
565  60.58477895914942
566  60.58477895914942
567  60.47957470621152
568  60.42721164613661
569  60.334083239595046
570  60.26268320180384
571  60.26268320180384
572  60.236024844720504
573  60.14414414414415
574  59.99888080581981
575  59.97484628283958
576  59.9244966442953
577  59.90446927374302
578  59.85172798216277
579  59.80558659217877
580  59.76841517857143
581  59.72975991066443
582  59.660504201680666
583  59.603699551569505
584  59.57190822607723
585  59.51791713325868
586  59.48457655636568
587  59.400000000000006
588  59.33952702702703
589  59.295339696799545
590  59.28876404494382
591  59.160583941605836
592  59.109865470852014
593  59.109865470852014
594  58.98266219239373
595  58.91489361702128
596  58.83379966424175
597  58.775727069351234
598  58.744120940649495
599  58.73307218802462
600  58.66516853932585
601  58.57618510158014
602  58.47508493771234
603  58.41515837104072
604  58.41515837104072
605  58.2766439909297
606  58.22341628959276
607  58.18505942275043
608  58.15328054298642
609  58.13023782559456
610  58.0470254957507
611  57.90395480225989
612  57.86337868480726
613  57.86337868480726
614  57.76061120543294
615  57.7475947934352
616  57.6109852774632
617  57.50964812712826
618  57.45996592844975
619  57.39090909090909
620  57.374429223744286
621  57.343359818388194
622  57.24985803520727
623  57.16515323496027
624  57.14415437003406
625  57.13117546848382
626  57.005678591709255
627  56.95563139931741
628  56.831441543700336
629  56.80681818181819
630  56.66096866096866
631  56.56615559341283
632  56.54690164866402
633  56.48722316865417
635  56.461145774248436
636  56.395773843517986
637  56.35539075869937
638  56.283922462941845
639  56.22760981175128
640  56.17180365296804
641  56.118624641833804
642  56.038990825688074
643  55.9890992541595
644  55.97703788748565
645  55.810483870967744
646  55.79022988505747
647  55.69512893982808
648  55.640642939150396
649  55.52359033371691
650  55.498560736902704
651  55.498560736902704
652  55.34425287356322
653  55.31901489117983
654  55.31901489117983
655  55.25516055045871
656  55.191049913941484
657  55.133486766398164
658  55.08630609896433
659  55.06466512702079
660  55.02540415704388
661  55.02540415704388
662  54.99884526558891
663  54.798382437897175
664  54.79734411085451
665  54.750721292556264
666  54.724495677233435
667  54.688799076212476
668  54.5736568457539
669  54.503170028818445
670  54.48963133640552
671  54.430964760254184
672  56.88497109826589
673  58.67725173210161
675  58.608123569794046
676  58.60720411663807
677  58.59428571428572
678  58.50769230769231
679  58.50769230769231
680  58.50113895216401
681  58.42393162393162
682  58.33939738487777
683  58.312642369020494
684  58.27692307692308
685  58.20652173913044
686  58.15578465063001
687  58.144819690898686
688  58.06651376146789
689  57.99085191538022
690  57.95828571428571
691  57.9451114922813
692  57.9118488838008
693  57.832280298678924
694  57.63308528906697
695  57.529816513761475
696  57.49856733524355
697  57.437249283667626
698  57.39222412807318
699  57.32381496287836
700  57.32381496287836
701  57.255853797829815
702  57.17398745008556
703  57.129788450543174
704  57.06857142857143
705  57.03028571428571
706  56.97653119633658
707  56.94329896907216
708  56.844342331993104
709  56.73271889400921
710  56.588201603665524
711  56.57527189467659
712  56.422133485453514
713  56.360889395667044
714  56.32781267846944
715  56.282198053806525
716  56.22724670864339
717  56.163043478260875
718  56.08628571428571
719  56.044100801832755
720  55.95298165137615
721  55.885208452312966
722  55.81922196796339
723  55.788724373576315
730  55.82319173363949
731  58.650546919976975
732  62.00173310225303
733  64.08194842406877
734  65.01776504297995
735  67.25409338993329
736  68.39228295819936
737  69.43928923988155
738  68.56556717618665
739  67.68281353682814
740  66.88200589970502
741  66.29371032890941
742  66.04569115095431
744  66.05831408775981
745  65.99078341013825
746  65.91008018327607
747  65.74985722444318
748  65.662100456621
749  65.48715019988578
750  65.37081203861442
751  65.37081203861442
752  65.22946175637394
753  65.22946175637394
754  65.10564971751413
755  65.08690744920993
756  65.07388606880993
757  65.07388606880993
758  64.98202247191011
759  64.80359147025814
760  64.77584269662921
761  64.66722972972973
762  65.01557819053325
763  66.87712665406427
764  66.87712665406427
765  66.87712665406427
766  66.87712665406427
767  66.87712665406427
768  66.87712665406427
769  66.87712665406427
770  70.36346691519105
772  69.51987951807229
773  69.54582132564842
774  69.59179019384264
776  69.54985754985755
777  69.50369108461102
778  69.4413597733711
779  69.41652518392756
780  69.37704918032787
781  69.29322033898305
783  69.23133484162896
785  69.1712676056338
786  69.1712676056338
787  69.0780460415497
788  68.99100618324901
789  68.86966292134831
790  68.80685008422235
791  68.68953880764904
792  68.54319593450028
793  68.49774011299435
794  68.42559188275085
795  68.32565974171814
796  68.17613956105797
797  68.05524239007892
798  67.95278246205734
799  67.82630691399663
800  67.73636874648679
801  67.69741282339707
802  67.54041831543245
803  67.51948051948052
804  67.48250564334086
805  67.48250564334086
806  67.4226862302483
807  67.33654390934844
808  67.29284903518729
809  67.05981941309255
810  66.90878378378379
811  66.67590497737557
812  66.59693877551021
813  66.54833239118146
814  66.40306122448979
815  66.26700680272108
816  66.21773735076748
817  66.18434486670448
818  66.1149490373726
819  65.98191068400226
820  65.9018058690745
821  65.82446206115516
822  65.67555303460011
823  65.54772727272727
824  65.53583617747441
825  65.4276800907544
826  65.36719636776391
827  65.2761958997722
828  65.19158612848209
829  65.1339387060159
830  65.10538243626063
831  64.92517006802721
832  64.91208167895633
833  64.7616345062429
834  64.70294784580499
835  64.57045454545455
836  64.49121813031161
837  64.45861678004535
838  64.45861678004535
839  64.38656884875847
840  64.33860938383268
841  64.30079006772009
842  64.10966647823629
843  64.22837761447146
844  68.21788341822298
845  68.37175141242938
846  68.36286681715576
847  68.27267605633803
848  68.27267605633803
849  68.23957158962796
850  68.15401911186059
851  68.03984287317621
852  67.90433314575127
853  67.82530795072789
854  67.78487394957983
855  67.67172568858909
856  67.5143661971831
857  67.42736486486487
858  67.41418120427687
859  67.35261089275687
860  67.29954954954955
861  67.27533783783784
862  67.19416386083053
863  67.06505888951206
864  66.90106204583566
865  66.85033632286995
866  66.83697478991597
867  66.7375210319686
868  66.57424071991001
869  66.48931383577053
870  66.47460496613995
871  66.21360314783587
872  66.13918390162102
873  65.98940914158305
874  65.9716509171762
875  65.90843507214207
876  65.74136008918617
878  65.5924276169265
879  65.5321049692909
880  65.41913822048126
881  65.37730575740638
882  65.33984375
883  65.25727069351231
884  65.17478991596639
885  65.16797312430012
886  64.9292873051225
887  64.84641068447412
888  64.73985547526404
889  64.60680423870608
890  64.50363738108562
891  64.43957279370433
892  64.39179314221472
893  64.37964004499437
894  64.26565995525728
895  64.25307262569832
896  64.19719887955182
897  64.14798206278027
898  64.06106442577031
899  64.04759238521837
900  64.04759238521837
901  64.01736694677871
902  63.87675070028011
903  63.85690329793181
904  63.85690329793181
905  63.78311906092789
906  63.695579182988254
907  68.48213272830402
908  69.28812605514912
909  69.4183043234138
910  69.4375350140056
911  69.4375350140056
912  69.40771812080537
913  69.40771812080537
914  69.34135422495802
915  69.34135422495802
916  69.29332585530005
917  69.27883538633819
918  69.25826330532213
919  69.24524076147816
920  68.95055555555555
921  68.87077093732668
922  68.82333333333334
923  68.78135405105438
924  68.63509749303621
925  68.50167410714286
926  68.42140468227424
927  68.34988839285714
928  68.33668903803132
929  68.30575740637228
930  68.08328706274293
931  68.045
932  67.97563676633445
933  67.86600221483943
934  67.86600221483943
935  67.80521642619311
936  67.69722222222222
937  67.58263772954925
938  67.47886540600668
939  67.4132738427217
940  67.32666666666667
941  67.21852468108708
942  67.12106135986733
943  66.98334258745142
944  66.95507487520798
945  66.92908587257618
946  66.83481152993348
947  66.78492239467849
948  66.74820143884892
949  66.70282235749862
950  66.49944690265487
951  66.35539488320356
952  66.23584905660377
953  66.1216814159292
954  66.11135611907387
955  66.04129955947137
956  65.94864715626726
957  65.89922907488987
958  65.83158475980122
959  65.77207505518764
960  65.72271223814774
961  65.66923500275179
962  65.51621770203408
963  65.47107438016529
964  65.47107438016529
965  65.28280044101433
966  65.23085399449036
967  65.16428571428571
968  65.07480748074808
969  65.03977900552486
970  65.03040353786622
971  64.8967421314191
972  64.87134180011044
973  64.83664459161147
974  64.7621412803532
975  64.76050884955752
976  64.64194798007748
977  64.62361419068736
978  64.45514950166113
979  64.35980011104942
980  64.34777777777778
981  64.30410654827969
982  64.2573488630061
983  64.18317653569453
984  64.06367663344408
985  64.0204872646733
986  63.95565410199556
987  63.90742793791574
988  63.8766592920354
989  63.81298557158712
990  63.720956086714835
991  63.68576195773082
992  63.574680732926154
993  63.47462353597322
994  63.42897091722595
995  63.34188510875627
997  68.18278965129359
998  68.1725688589095
999  68.15955056179776
1000  68.06771124790151
1001  68.02233389168063
1002  67.84933035714286
1003  67.83640424343942
1004  67.83640424343942
1005  67.7928531546622
1006  67.69955156950672
1007  67.65193060996083
1008  67.61555679910464
1009  67.50477259966311
1010  67.41087443946188
1011  67.34153158188933
1012  67.29809843400447
1013  67.19383753501401
1014  67.14357541899442
1015  66.94450610432852
1016  66.9312257348863
1017  66.86722222222222
1018  66.86063298167684
1019  66.74233128834356
1020  66.68547486033519
1021  66.58408071748879
1022  66.46528555431131
1023  66.4129826524902
1024  66.29943820224719
1025  66.26138279932546
1026  66.18192026951151
1027  66.14005602240897
1028  66.08815272318922
1029  65.95579182988249
1030  65.83650615901456
1031  65.76233183856502
1032  65.65075800112297
1033  65.60820685778528
1034  65.51237345331833
1035  65.4794597636466
1036  65.44444444444444
1037  65.3404614518852
1038  65.3404614518852
1039  65.19864940911648
1040  65.12090395480226
1041  65.12090395480226
1042  64.8920293951385
1043  64.74914869466515
1044  64.67595224559409
1045  64.65076660988075
1046  64.55385487528345
1047  64.46942242355605
1048  64.46942242355605
1049  64.46371882086167
1050  64.37400681044268
1051  64.35487528344672
1052  64.14358974358974
1053  64.14358974358974
1054  64.06060606060606
1055  64.02116704805492
1056  63.88901667625072
1057  63.76514285714286
1058  63.75085714285714
1059  63.6541095890411
1060  63.550600343053176
1061  63.54118993135012
1062  63.46250715512306
1063  63.420480549199084
1064  63.37879656160459
1065  63.37879656160459
1066  63.25715922107675
1067  63.170480549199084
1068  63.14432989690722
1069  63.13237822349571
1070  62.97407834101382
1071  62.88754325259515
1072  62.81718569780854
1073  62.61458931648478
1074  62.5780711825488
1075  62.440804597701145
1076  62.38117106773824
1077  62.29236071223434
1078  62.27898966704937
1079  62.21666666666667
1080  62.15587392550144
1081  62.15587392550144
1082  61.97119815668202
1083  61.88856812933025
1084  61.7774583093732
1085  61.646957520091846
1086  61.53647329121195
1087  61.50172215843858
1088  61.48967889908256
1089  61.46127366609295
1090  61.37198622273249
1091  61.361445783132524
1092  61.32206303724928
1093  61.275703618609995
1094  61.20620333141872
1095  61.126938541068355
1096  61.10224009190121
1097  61.030459770114945
1098  60.90259365994237
1099  60.84606481481481
1100  60.81203007518798
1101  60.81203007518798
1102  60.64277456647399
1103  60.57949308755761
1104  60.57949308755761
1105  60.54634427173288
1106  60.45977011494253
1107  60.43268124280783
1108  60.409562211981566
1109  61.21366531557614
1110  65.29228998849253
1111  66.48075818495117
1112  66.58237986270022
1113  66.57608695652173
1114  66.55561893896179
1115  66.53219373219373
1116  66.49372862029647
1117  66.44043528064147
1118  66.42701774470521
1119  66.39690721649484
1120  66.39690721649484
1121  66.3520642201835
1122  66.32128514056225
1123  66.26146788990826
1124  66.22573233773693
1125  66.17650429799427
1126  66.17498565691336
1127  66.08505747126436
1128  65.96605293440736
1129  65.92720970537262
1130  65.92720970537262
1131  65.90248124639353
1132  65.80957876514714
1133  65.80957876514714
1134  65.77007510109763
1135  65.72763993075591
1136  65.59137931034483
1137  65.56569133677567
1138  65.5140562248996
1139  65.43667621776504
1140  65.3573883161512
1141  65.2658300057045
1142  65.24344355758267
1143  65.22317351598174
1144  65.16409376786736
1145  65.13215102974829
1146  64.95624640184225
1147  65.76620370370371
1148  69.82536023054755
1149  70.42263279445727
1151  70.39496279336005
1152  70.35374928448769
1153  70.35374928448769
1154  70.34421534936999
1155  70.30641466208476
1156  70.30641466208476
1157  70.28628571428571
1158  70.22576966932725
1159  70.11586757990868
1160  70.0125499144324
1161  69.92395654659805
1162  69.87485714285714
1163  69.82534246575342
1164  69.66856168277431
1165  69.59795570698466
1166  69.5728045325779
1167  69.49546998867497
1168  69.42185730464327
1169  69.35782928208027
1170  69.33427442123094
1171  69.28126768534239
1172  69.23376623376623
1173  69.09943502824859
1174  68.95916052183777
1175  68.8728094968909
1176  68.76706147772137
1177  68.71693866066404
1178  68.56636670416198
1179  68.46452702702703
1180  68.38973491257755
1181  68.34535211267605
1182  68.27133973996608
1183  68.21468926553672
1184  68.14172335600907
1185  68.09116647791619
1186  68.00282805429865
1187  67.89324247586599
1188  67.86768881317434
1189  67.77375565610859
1190  67.66197183098592
1191  67.50506186726659
1192  67.49241146711636
1193  67.39841986455981
1194  67.27642736009045
1195  67.27642736009045
1196  67.26357466063348
1197  67.13073005093379
1198  67.11048158640227
1199  67.07369614512471
1200  66.84663625997719
1201  66.83361823361824
1202  66.59841179807147
1203  66.53933220147142
1204  66.50339750849378
1205  66.40488358886996
1206  69.27288231949971
1207  70.60194730813288
1208  70.57477168949772
1209  70.5202048947069
1210  70.51222285389426
1211  70.50682593856655
1214  70.52765237020316
1215  70.46613995485328
1216  70.46613995485328
1217  70.31986531986531
1218  70.24704558244233
1219  70.17484489565707
1220  70.08121827411168
1221  70.04732394366197
1222  69.93937677053825
1223  69.85172608941708
1224  69.7012987012987
1225  69.63898305084746
1226  69.5906267645398
1227  69.55039637599094
1228  69.4683615819209
1229  69.39741427768409
1230  69.30342120022434
1231  69.25394144144144
1232  69.2142051860203
1233  69.05408450704225
1234  68.99270072992701
1235  68.85940146809712
1236  68.77495769881557
1237  68.67418263810598
1238  68.61923509561305
1239  68.60720315137873
1240  68.53759820426487
1241  68.52042529378848
1242  68.52042529378848
1243  68.42441209406495
1244  68.30033745781778
1245  68.30033745781778
1246  68.20786516853933
1247  68.12745648512072
1248  68.12745648512072
1249  68.0943820224719
1250  68.02189781021897
1251  67.82988248461108
1252  67.68237934904602
1253  67.61947397873531
1254  67.61947397873531
1255  67.55332216638749
1256  67.51257685858022
1257  67.4885410844047
1258  67.42161254199328
1259  67.42161254199328
1260  67.26348314606741
1261  67.2056338028169
1262  67.19256756756756
1263  67.12661064425771
1264  67.05740011254925
1265  66.89927252378287
1266  66.8609865470852
1267  66.73903262092239
1268  66.66328257191202
1269  66.62711864406779
1270  66.55932203389831
1271  66.51099830795262
1272  66.4530635188308
1273  66.38496071829405
1274  66.3005617977528
1275  66.26651735722284
1276  66.17749160134379
1277  66.15984296130118
1278  66.08449916060437
1279  66.07390817469205
1280  65.99551066217732
1281  65.80404267265581
1282  65.76107683679193
1283  65.69148936170212
1284  65.6331096196868
1285  65.6331096196868
1286  65.5089485458613
1287  65.46890756302521
1288  65.39674523007857
1289  65.34775280898876
1290  65.31626336522228
1291  65.31626336522228
1292  65.22215973003375
1293  65.2123595505618
1294  65.19977490151942
1295  65.17710095882684
1296  65.15284827975184
1297  65.04087346024636
1298  65.04087346024636
1299  64.80078563411897
1300  64.7370786516854
1301  64.64805414551607
1302  64.56553672316385
1303  64.53216704288938
1304  64.52117447769622
1305  64.45454545454545
1306  64.42090395480226
1307  64.41836734693878
1308  64.37110481586403
1309  64.33484162895928
1310  64.23990903922683
1311  64.10625
1312  64.04379977246872
1313  63.99431171786121
1314  63.885208452312966
1315  63.84408909194745
1316  63.82161234991423
1317  63.79529816513761
1318  63.75500858614768
1319  63.632571428571424
1320  63.62385844748859
1321  63.55530085959886
1322  63.43639475185397
1323  63.43639475185397
1324  63.365450399087806
1326  63.364980102330875
1327  63.28285714285714
1329  63.23340961098398
1330  63.10793832095945
1331  63.08342857142857
1332  63.01786743515851
1337  66.64166150030998
1338  65.07905604719764
1339  64.39754098360656
1341  64.41046511627907
1343  64.38788584740827
1345  64.40149769585254
1346  64.40126291618829
1348  64.38483630097645
1349  64.37844036697248
1351  64.38179736691471
1352  64.17650429799427
1353  64.17650429799427
1354  64.14016018306636
1355  64.07670291929021
1356  64.07670291929021
1357  64.05774728416237
1358  64.02119129438717
1359  63.80342857142857
1360  63.74202733485194
1361  63.65793966989186
1362  63.796571428571426
1363  67.4869020501139
1364  68.24698449167145
1365  68.28555111364935
1366  68.30672748004561
1367  68.30672748004561
1368  68.34488636363636
1369  68.33465234595816
1370  68.24534686971235
1371  68.22504230118443
1373  68.1643059490085
1374  68.03500846979108
1375  68.03500846979108
1376  67.91402714932127
1377  67.88844847112118
1378  67.74716553287982
1379  67.73015873015873
1380  67.63157894736842
1381  67.53802497162316
1382  67.50651558073655
1383  67.44375
1384  67.38794084186576
1385  67.34243458475541
1386  67.24301197946377
1387  67.17207977207977
1388  67.13397947548461
1389  67.0062749572162
1390  66.89721749006246
1391  66.72036301758367
1392  66.66343963553531
1394  66.64556246466931
1395  66.53227633069082
1396  66.40790960451977
1397  66.33087818696883
1398  66.29852440408627
1399  66.26062322946176
1400  66.23655913978494
1401  66.02360876897133
1402  65.95423728813559
1403  65.93039049235993
1404  65.8215297450425
1405  65.6896551724138
1406  65.61429381735678
1407  65.58810198300283
1408  65.54462762933485
1409  65.54462762933485
1410  65.42873432155073
1411  66.16333523700743
1412  69.66723452583759
1413  70.0005698005698
1414  70.09391007398976
1415  70.08542141230069
1416  70.02020202020202
1417  70.00224215246637
1418  69.94422535211268
1419  69.92026951151038
1421  69.88989784335982
1422  69.6661036036036
1423  69.63564131668558
1424  69.60215053763442
1426  69.45319634703196
1427  69.45242165242165
1428  69.37201365187714
1429  69.30590238365494
1430  69.20181405895691
1431  69.17484489565707
1432  69.14285714285714
1433  69.03597526700393
1434  68.88378684807256
1435  68.81833616298812
1436  68.74063564131669
1437  68.68898978433599
1438  68.64261363636363
1439  68.54499151103565
1440  68.39806378132118
1441  68.3757816941444
1442  68.32802728823195
1443  68.27843803056027
1444  68.14253135689852
1445  68.11667615253273
1446  67.98969072164948
1447  67.94266055045871
1448  69.9710843373494
1449  72.47280334728033
1450  72.47280334728033
1451  72.47280334728033
1452  72.47280334728033
1453  72.47280334728033
1454  72.47280334728033
1455  72.47280334728033
1456  75.18640093786635
1458  74.72784810126582
1459  74.81426003594967
1460  74.82155477031802
1461  74.81514084507042
1462  74.78242924528301
1463  74.76044732195409
1464  74.72091656874265
1465  74.6891891891892
1466  74.50435793143521
1467  74.44973852411388
1468  74.39200926462073
1469  74.28645833333333
1470  74.13638968481375
1471  74.0264064293915
1472  73.99480369515011
1473  73.97923875432527
1474  73.8215720022949
1475  73.71731651376147
1476  73.625
1477  73.58342857142857
1478  73.48571428571428
1479  73.43027888446215
1481  73.29538986909505
1482  73.27200454287336
1483  73.07248018120045
1484  72.94712905059693
1485  72.90348372358652
1486  72.81460353679407
1487  72.59189497716895
1488  72.56672345258376
1489  72.5062358276644
1490  72.44772727272728
1491  72.31114903299203
1492  72.26802952867689
1493  72.1190073322053
1494  71.82690124858115
1495  71.81622234826999
1496  71.69646924829158
1497  71.67292377701934
1498  71.58575498575499
1499  71.56477272727273
1500  71.49488054607508
