1  63.395306859205775
2  63.25090909090909
3  63.19082568807339
4  63.19082568807339
5  63.09594095940959
6  62.981308411214954
7  62.97769516728624
8  62.96461824953445
9  62.87430683918669
10  62.82527881040892
11  62.82527881040892
12  62.621572212065814
13  62.528440366972475
14  62.521256931608136
15  62.425925925925924
16  62.377079482439925
17  62.31444241316271
18  62.13729128014842
19  62.096118299445465
24  63.21023765996344
25  63.1712204007286
26  63.1025641025641
27  63.025782688766114
28  62.897996357012744
29  62.849364791288565
30  62.77132486388385
31  62.700182815356484
32  62.542495479204334
33  62.44684684684685
34  62.4332129963899
35  62.4332129963899
36  62.401446654611206
37  62.29038112522686
38  62.267272727272726
39  62.07904411764706
40  62.03874538745387
41  62.03874538745387
42  62.03874538745387
43  62.0
44  61.91590493601463
45  61.7292817679558
46  61.7292817679558
47  61.49367088607595
48  61.44684684684685
49  61.392405063291136
50  61.237659963436926
51  61.22992700729927
52  61.1025641025641
53  61.07550644567219
55  60.81399631675875
56  60.72844036697248
57  60.67765567765568
58  60.44684684684685
59  60.25547445255475
60  60.25547445255475
61  60.181318681318686
62  60.14154411764706
63  60.08823529411765
64  59.82222222222222
66  59.69746376811594
67  59.6247723132969
68  59.46223021582733
69  59.38086642599278
70  59.299455535390194
71  59.24772313296903
73  59.265454545454546
74  59.21350364963503
75  59.095667870036095
76  59.06557377049181
78  60.18600368324125
79  60.10968921389397
80  60.0492700729927
81  59.99095840867993
82  59.78787878787878
83  59.65008880994671
84  59.54792043399638
85  59.46126126126126
86  59.33211678832117
87  59.20479704797047
90  59.22099447513813
91  59.14548802946592
92  59.06181818181818
93  59.04735883424408
94  58.96174863387978
95  58.88095238095238
96  58.74354243542436
97  58.592592592592595
98  58.53789279112755
100  61.55813953488372
102  61.504409171075835
103  61.368327402135236
104  61.328621908127204
106  61.18571428571428
107  61.13464991023339
108  61.12050359712231
109  60.97335701598578
110  60.87344028520499
112  60.66493055555556
113  60.65104166666667
114  60.3556338028169
115  60.34574468085107
116  60.292035398230084
117  60.20282186948853
118  60.15343915343915
119  60.12126537785589
120  60.10645724258289
121  59.99650349650349
122  59.878091872791515
123  59.58303886925795
124  59.25131810193322
126  59.22027972027972
127  59.19439579684763
128  59.155202821869494
129  59.155202821869494
130  58.926523297491045
131  58.926523297491045
132  58.78533094812164
134  58.58274647887323
135  58.49477351916376
136  58.36379613356766
137  58.451048951048946
138  61.790209790209786
139  62.848695652173916
140  62.667802385008514
141  62.54194630872483
143  62.542229729729726
144  62.47048903878583
145  62.44182124789208
146  62.41
147  62.31658291457286
149  62.11920529801324
150  62.12561983471075
151  62.12561983471075
152  63.19063545150502
153  65.72972972972973
154  65.72972972972973
160  66.79783950617283
161  69.72438672438672
162  69.96843615494979
163  69.98855507868383
164  70.00714285714285
165  69.93679775280899
166  69.88333333333334
167  69.72957746478873
168  69.68627450980392
169  69.52301255230125
170  69.29485396383866
171  69.24104683195593
172  69.15068493150685
173  69.03190013869626
174  68.90123456790124
175  68.78867403314918
176  68.78008298755186
177  68.66160220994475
178  68.36065573770492
179  68.2239010989011
180  68.19119669876204
181  68.07883817427386
182  68.07883817427386
183  68.07340720221606
184  68.05686546463245
185  67.98344827586207
186  67.98344827586207
187  67.8024861878453
188  67.516713091922
189  67.41078838174273
190  67.1267409470752
191  67.11018131101812
192  66.9612188365651
193  66.75
194  66.67597765363128
195  66.63143254520168
196  66.36791147994468
197  66.18688981868898
198  65.9958041958042
200  65.91527777777777
201  65.80812324929973
202  65.6792189679219
203  65.54329608938548
204  65.78650137741047
205  67.03537414965986
206  69.22413793103448
207  70.89776357827476
208  70.89776357827476
209  70.89776357827476
210  70.89776357827476
211  72.35121951219512
212  71.70225872689939
213  71.61384615384615
214  71.44490934449094
215  71.22476446837146
216  71.12027027027027
217  70.96761133603239
218  70.79542395693136
219  70.7536813922356
220  70.57845744680851
221  70.44873501997337
222  70.32797858099063
223  70.16666666666667
224  69.97587131367293
225  69.85195154777928
226  69.70485175202157
227  69.49799732977303
228  69.37533512064343
229  69.17560321715818
230  69.1112600536193
231  69.03504043126685
232  68.91239892183289
233  69.77994428969359
234  71.3056133056133
235  71.3056133056133
236  71.3056133056133
237  71.3056133056133
238  71.3056133056133
239  71.3056133056133
240  71.3056133056133
241  78.92636579572446
242  78.17760617760618
243  77.8625
244  77.77077363896848
245  77.68005540166205
247  77.56702412868633
248  77.3783422459893
250  77.14686248331108
251  77.14686248331108
252  76.81621621621622
253  76.81190798376184
254  76.57592339261286
255  76.43631436314364
256  76.28687415426252
257  76.12191780821918
258  76.03708791208791
259  75.84065934065934
260  75.80027548209367
261  76.95125786163523
262  77.86029411764706
263  77.86029411764706
264  77.86029411764706
265  77.86029411764706
266  77.86029411764706
267  77.86029411764706
268  78.51641791044776
269  78.43807339449542
270  78.07942973523421
271  77.6644407345576
273  77.62607449856733
274  77.4364406779661
275  77.37166900420758
276  77.24055944055944
277  76.97058823529412
278  76.68838526912181
279  76.54237288135593
280  76.4943661971831
281  76.20169252468266
282  76.09577464788732
283  75.96888260254597
284  75.79661016949153
285  75.62019914651493
286  75.25356125356126
287  75.04727793696276
288  75.01
289  74.7690100430416
290  74.66762589928058
291  74.49856733524355
292  74.30225988700565
293  74.1444921316166
294  74.06685633001422
295  73.52753623188406
296  70.10703812316716
297  69.85147058823529
298  69.63259259259259
299  69.37905604719764
300  69.05247813411079
301  68.95210449927431
302  68.67699115044248
304  68.52148148148149
305  68.32011747430249
306  68.02058823529411
307  67.85376661742984
308  67.66220238095238
309  67.57894736842105
310  67.47597597597597
311  67.32935916542473
312  66.92250372578242
313  66.84661654135338
314  66.62878787878788
315  66.52959028831563
316  66.3140243902439
317  66.23903177004539
318  65.93957703927492
319  65.75642965204236
320  65.51734539969834
321  65.43358778625954
322  65.31354642313546
323  65.14241960183767
324  65.38473282442749
325  67.535552193646
326  67.51282051282051
327  67.27368421052631
328  67.11791044776119
329  66.91815476190476
330  66.8108108108108
331  66.61595273264402
332  66.57142857142857
333  66.57142857142857
334  66.43628185907046
335  66.32781954887218
336  66.17921686746988
337  66.08832335329342
338  65.78241430700447
339  65.71940298507462
340  65.53383458646617
341  65.53383458646617
342  65.38461538461539
343  65.22289156626506
344  65.14285714285714
345  64.87034277198211
347  64.80712166172107
348  64.52187028657617
349  64.46917293233082
350  64.3419452887538
351  64.31963470319634
352  63.92878787878787
353  63.766666666666666
354  63.64599092284418
355  63.61933534743203
356  63.627836611195164
357  65.62518740629685
358  65.5610119047619
359  65.44712990936556
360  65.32436472346787
361  65.24480712166172
362  65.07163742690058
363  64.96165191740413
364  64.96023564064801
365  64.85441176470589
366  64.58059701492537
367  64.33233532934132
368  64.28678678678679
369  64.15407854984895
370  63.853731343283584
371  63.769230769230774
372  64.20601503759399
373  65.47883211678833
374  67.38504155124653
379  68.12863070539419
380  69.45682451253482
381  70.0415512465374
388  70.10445682451254
389  71.2016348773842
390  71.78248974008208
391  71.62448418156809
392  71.47950819672131
393  71.44262295081967
394  71.26373626373626
395  71.1086956521739
396  71.08843537414965
397  70.95912806539509
398  70.84059945504087
399  70.72913816689467
400  70.56087551299589
401  70.46776406035666
402  70.14931506849315
403  70.10013717421126
404  69.97808219178083
405  69.86325966850829
406  69.74063800277392
407  69.61997226074897
408  69.61752433936022
409  69.46796657381616
410  69.26981919332407
411  69.09888579387187
412  68.93213296398892
413  68.87396121883657
414  68.77348066298343
415  68.5
416  68.47405329593268
417  68.28215767634855
418  68.16897506925208
419  68.0
420  68.46272855133614
421  70.93689986282578
422  71.86612021857924
423  71.76027397260275
424  71.69589041095891
425  71.47237569060773
426  71.43074792243767
427  71.29080932784636
428  71.11369863013698
429  71.09327846364883
430  70.96280991735537
431  70.81668946648426
432  70.59670781893004
433  70.52197802197803
434  70.52197802197803
437  70.9958904109589
438  70.9
439  70.85149863760218
440  70.62448418156809
441  70.58977900552486
442  70.48
443  70.32182320441989
444  70.16212534059946
445  70.02606310013718
446  69.8641975308642
447  69.7892561983471
448  69.62793914246197
451  69.64551724137931
452  69.54057771664374
453  69.5068870523416
454  69.38259668508287
455  69.1251719394773
456  69.07573632538569
457  68.98326359832636
458  68.87621696801112
459  68.68688293370946
460  68.61064425770309
461  68.6055944055944
462  68.5688202247191
464  69.95218002812939
465  69.70028011204482
466  69.59916201117318
467  69.54201680672269
468  69.4726507713885
469  69.39633286318758
470  69.17440225035162
471  69.0
472  68.75813295615276
473  68.58227848101266
474  68.54417952314165
475  68.47398030942335
476  68.35944055944056
477  68.07905686546464
478  68.01112656467316
479  67.87883008356546
480  67.72752808988764
481  67.60699300699301
482  67.47478991596638
483  67.39804469273743
484  67.30434782608695
485  67.0
486  66.91816920943134
487  66.7952314165498
488  66.59014084507042
489  66.53867791842475
490  66.35694050991502
491  66.32814710042433
492  65.92242595204513
493  65.90140845070422
494  65.68688293370946
495  65.55397727272727
496  65.50499286733238
497  65.33854907539119
498  65.19742489270386
499  64.81714285714285
500  64.67189728958631
501  64.46857142857142
503  64.28285714285714
504  64.06312769010043
505  63.882689556509305
506  63.5355587808418
507  63.314243759177685
508  63.21075581395348
510  62.945588235294125
511  62.85174418604652
512  62.57697841726619
513  62.38269794721407
514  62.22206095791002
515  62.19883040935673
516  61.89201183431953
517  61.87407407407407
518  61.76548672566372
519  61.37941176470588
524  62.57933042212518
525  62.554426705370105
526  62.265095729013254
527  62.19440353460972
528  62.035294117647055
530  61.89910979228486
531  61.64083457526081
532  61.47717231222386
533  61.19287833827893
534  61.13056379821958
535  61.03097345132744
536  60.87833827893175
537  60.71771771771772
538  60.53101361573374
539  60.03308270676692
540  59.98355754857997
542  59.84498480243161
543  59.84498480243161
544  59.6358024691358
545  59.37212863705973
546  59.07480916030535
547  59.027355623100306
548  59.007610350076106
549  58.57231726283048
550  58.52950310559007
551  58.36236391912908
552  58.35147744945567
553  58.12788906009246
554  58.02756508422665
555  57.90534351145038
556  57.702786377708975
557  57.6259659969088
558  57.4429012345679
559  57.433179723502306
560  57.218654434250766
561  57.10436137071652
562  56.84651162790698
563  56.67711598746081
564  56.65673981191223
565  56.48584905660377
566  56.45425867507886
567  56.192846034214625
568  56.104615384615386
569  55.9258114374034
570  55.695046439628484
571  55.695046439628484
572  55.36505460218409
573  55.338557993730404
574  55.03086419753086
575  54.97081413210445
576  54.800925925925924
577  54.7789799072643
578  54.6692426584235
579  56.412499999999994
580  56.95370370370371
581  56.95370370370371
582  56.95370370370371
583  56.7900466562986
584  56.767912772585674
585  56.68388106416275
586  56.44897959183673
587  56.39527559055118
588  56.3522906793049
589  56.08153846153846
590  55.8804347826087
591  55.89767441860465
592  57.742236024844715
593  57.67140600315956
594  57.51330203442879
595  57.31811023622048
596  57.07339449541284
597  56.97557251908397
598  56.87538461538462
599  56.85867895545314
600  56.785493827160494
601  56.71627906976744
602  56.5388198757764
603  56.47919876733437
604  56.404945904173104
605  56.22970903522206
606  56.12385321100918
607  55.87732919254658
608  55.782742681047765
609  55.7357910906298
610  55.65396341463415
611  55.4884437596302
613  55.28091603053436
614  55.23170731707317
615  56.004658385093165
616  58.157812500000006
617  58.148669796557115
618  58.13685847589424
619  58.11490683229813
620  57.961240310077514
621  57.83048211508553
623  57.818040435458784
624  57.55070202808112
625  57.52959501557632
626  57.18000000000001
628  57.05846153846154
629  56.94565217391305
630  56.94565217391305
631  57.784375
632  59.650000000000006
633  60.404687499999994
634  60.31464174454828
635  60.23065015479877
636  60.1201248049922
637  60.080870917573876
638  59.959752321981426
639  59.88992248062016
640  59.87207488299532
641  59.70532915360502
642  59.443749999999994
643  59.40625
644  59.13395638629284
645  59.099378881987576
646  59.01716068642746
647  58.82710280373831
648  58.82710280373831
649  58.67610062893081
650  58.574803149606296
651  58.4225352112676
652  58.03389830508475
653  58.02314814814815
656  57.81504702194357
657  57.7742946708464
658  57.65560821484992
659  57.56761006289308
660  57.40809968847353
661  57.21692307692308
662  57.029096477794795
663  57.00763358778626
664  56.86666666666666
665  57.04482225656878
666  59.660493827160494
667  60.0390625
668  60.0390625
669  59.95658914728682
670  59.88992248062016
671  59.868421052631575
672  59.72445820433437
673  59.545312499999994
674  59.248456790123456
675  59.2077519379845
676  58.99844479004666
677  58.99844479004666
678  58.93808049535603
679  58.79467084639498
680  58.70597484276729
681  58.479495268138805
682  58.36801242236025
683  58.15821812596006
684  58.06666666666666
685  57.996884735202485
686  57.96130030959752
687  57.76415094339623
688  57.66091051805337
689  57.54858934169279
690  57.881804043545884
691  61.20833333333333
692  61.174652241112824
693  60.93808049535603
696  60.80307692307693
697  60.59722222222223
698  60.57430340557275
699  60.283513097072415
700  60.181538461538466
701  60.040247678018574
702  59.84615384615384
704  59.65517241379311
705  59.53448275862068
706  59.400000000000006
707  59.24884080370943
708  61.21559633027523
709  62.75075987841946
710  62.48861911987861
711  62.41666666666667
712  62.12883435582822
713  62.102760736196316
714  62.102760736196316
715  61.8179012345679
716  61.77726574500768
717  61.54045801526718
718  61.31182795698925
719  61.2454268292683
720  61.05590062111801
723  60.964831804281346
724  60.79538461538462
725  60.58030303030303
726  60.40487062404871
727  60.3170731707317
728  60.120000000000005
729  60.0384024577573
730  60.025914634146346
731  59.93394777265745
732  59.786259541984734
733  60.54531490015361
734  63.484398216939084
735  63.62776957163959
736  63.60441176470589
737  63.50294985250737
738  63.320588235294125
739  63.320588235294125
740  63.28613569321534
741  63.04464285714286
742  63.03288490284007
743  62.80089153046062
744  62.616641901931644
745  62.36240601503759
746  62.331831831831835
747  62.288084464555055
748  62.14608433734939
749  61.91463414634147
750  61.729893778452194
751  61.53765060240964
752  61.50748502994011
753  61.42749244712991
754  61.42749244712991
755  61.1145038167939
756  61.09711684370258
757  60.980091883614094
758  60.72935779816514
759  60.59909228441755
760  63.301972685887705
761  63.96686746987952
763  63.73481481481481
764  63.563527653213754
765  63.45795795795796
766  63.419402985074626
767  63.33482142857143
768  63.16944024205749
769  63.07413010590015
770  62.97289156626506
771  62.860986547085204
772  62.57611940298507
773  62.54041916167665
774  62.31681681681681
775  62.21818181818182
776  62.085496183206104
777  62.016742770167426
778  61.96177370030581
779  61.53787878787878
780  61.417549167927376
781  61.4047619047619
782  61.340807174887885
783  61.206278026905835
784  61.206278026905835
790  63.98931297709923
791  63.84454409566517
792  63.58787878787879
793  63.4856278366112
794  63.48425787106447
795  63.35639097744361
796  63.26276276276276
797  63.209653092006036
798  63.06544901065449
799  62.93993993993993
800  63.81174698795181
801  65.3951367781155
802  66.48872180451127
803  66.41979010494752
804  66.33825701624815
805  66.15805022156573
806  65.91220238095238
807  65.7985294117647
808  65.73746312684366
809  65.52654867256638
810  65.4962742175857
811  65.45901639344262
812  65.28101644245142
813  65.18168168168168
814  64.87794117647059
815  64.64592592592592
816  64.52592592592593
817  64.48439821693908
818  64.35820895522389
819  64.27952167414051
820  64.15868263473054
821  63.990977443609026
823  63.74174174174175
824  63.57100149476831
825  63.381024096385545
826  63.381024096385545
827  63.153729071537285
828  63.12519083969465
829  62.930408472012104
830  62.86295180722891
831  62.656716417910445
832  62.510510510510514
833  62.403007518797
834  62.19878603945372
835  62.05496183206107
837  61.762269938650306
838  61.54969879518072
839  61.507552870090635
840  61.3036253776435
841  61.22761760242793
842  61.2060606060606
843  61.03211009174312
844  60.95725190839694
845  60.639694656488544
846  60.357361963190186
847  60.266362252663626
848  60.173780487804876
849  60.0462249614792
850  59.879999999999995
851  59.86902927580894
852  59.34961832061069
854  59.16463414634147
855  59.07219662058371
856  59.05061349693251
857  58.87308868501529
858  59.390357698289264
859  60.96604938271605
860  60.87901990811639
861  60.43711656441718
862  60.329770992366406
863  60.31901840490798
864  60.17027863777089
865  60.05409582689336
866  60.05409582689336
867  59.839563862928344
868  59.75195007800312
869  59.446875000000006
870  59.43837753510141
871  59.16483516483517
872  59.084112149532714
873  58.96261682242991
874  58.923913043478265
875  58.859375
876  58.60062402496099
877  58.48909657320873
878  60.93962848297214
879  62.381538461538454
880  62.177099236641226
881  62.08446455505279
882  61.88719512195122
883  61.6671686746988
884  61.53282442748092
885  61.47885196374622
886  61.28310502283105
887  61.16411042944786
888  61.13538461538461
889  60.920245398773005
890  60.6651376146789
891  60.374617737003064
892  60.35222052067381
893  60.20801232665639
894  60.063271604938265
895  59.950078003120126
896  59.83359497645212
897  59.66099071207431
898  59.36785162287481
899  59.220155038759685
900  59.18083462132921
901  59.101226993865026
902  58.81395348837209
904  58.73405909797823
905  58.45682888540031
906  58.260663507109
907  58.14442700156985
908  58.12577639751552
909  58.03571428571429
910  58.03571428571429
911  57.901408450704224
912  57.742496050552916
913  57.511041009463725
914  57.399061032863855
915  57.19718309859155
916  57.076562499999994
917  56.990610328638496
918  56.89150943396227
919  57.9513343799058
920  60.251562500000006
922  60.0
923  59.942989214175654
924  59.752307692307696
925  59.45092024539878
926  59.32142857142857
927  59.21875
928  59.15023474178403
929  59.075117370892016
930  58.91023622047244
931  58.75078864353313
932  58.60188087774294
933  58.44929797191888
934  58.21216848673947
935  58.21216848673947
936  58.131578947368425
937  57.96899224806202
938  57.90092879256966
939  57.81395348837209
940  58.14596273291926
941  60.330246913580254
942  60.34153846153846
943  60.08229813664596
944  60.040061633281965
945  60.007751937984494
946  59.745007680491554
947  59.522273425499236
948  59.36098310291858
949  59.21216848673947
950  59.183098591549296
951  58.95774647887323
952  58.87010954616588
953  58.850863422291994
954  58.71835443037975
955  58.4874213836478
956  58.2823712948518
957  58.2390625
958  60.2859375
959  62.04665629860031
960  61.82371294851794
961  61.81105990783411
962  61.584992343032155
963  61.5258358662614
964  61.41920731707317
965  61.33944954128441
966  61.21625766871166
967  61.10697674418604
968  61.026356589147284
970  63.77641653905053
971  63.68085106382979
972  63.527522935779814
973  63.371212121212125
974  63.33383685800604
975  63.23394495412845
976  63.15701219512195
977  63.073059360730596
978  62.86949924127465
979  62.75753012048193
980  62.53846153846153
981  62.40273556231003
982  62.18348623853211
984  62.042813455657495
985  61.900306748466264
986  61.899082568807344
987  61.42057488653555
989  61.36212121212121
990  63.93202416918429
991  64.86486486486487
992  64.57013574660634
993  64.36874051593323
994  64.36874051593323
995  64.31050228310502
996  64.08993902439025
997  64.00911854103343
998  63.77224736048265
999  63.66362252663623
1000  63.58384146341463
1001  63.396054628224576
1002  63.262121212121215
1003  63.16995447647952
1004  63.135464231354646
1005  62.95447647951441
1006  62.68437025796662
1007  62.6048632218845
1008  62.32469512195122
1009  62.32469512195122
1010  62.1145038167939
1011  62.06144393241168
1012  61.96200607902736
1013  61.74622356495469
1014  61.82805429864253
1015  64.32831325301204
1016  64.54969879518072
1017  64.47305389221557
1018  64.40118870728084
1019  64.27027027027027
1021  64.15465465465465
1022  63.768768768768766
1023  63.69207772795217
1024  63.50822122571002
1025  63.39969834087481
1026  63.27752639517345
1027  63.193645990922846
1028  63.09298780487805
1029  62.75
1030  62.69728915662651
1031  62.453717754172985
1032  62.367781155015194
1033  62.156682027649765
1034  62.11872146118722
1035  62.03333333333333
1036  61.767616191904054
1037  61.61398176291793
1038  61.37386018237082
1039  63.48114630467572
1040  64.52459016393442
1041  64.35916542473919
1042  64.29235382308846
1043  64.2893175074184
1044  63.992614475627775
1045  63.96142433234421
1046  63.93925925925926
1047  63.61004431314623
1049  63.24962406015038
1051  63.01353383458647
1052  62.876671619613674
1053  62.80866965620329
1054  62.65871833084948
1055  62.47891566265061
1056  62.27575757575758
1057  62.21547799696509
1058  62.10350076103501
1059  62.05504587155963
1060  61.81174698795181
1061  61.79452054794521
1062  61.66318926974665
1063  61.5472263868066
1064  61.246575342465746
1065  61.224924012158056
1066  61.17099236641221
1067  61.06288343558282
1068  60.888888888888886
1069  60.602760736196316
1070  60.45987654320987
1071  60.367378048780495
1072  60.31003039513678
1073  62.06625577812018
1074  63.8781954887218
1075  63.80693815987934
1076  63.48281016442452
1077  63.41916167664671
1078  63.29235382308846
1079  63.22740963855422
1080  63.16167664670658
1081  63.02080237741457
1082  62.83457526080477
1083  62.79671150971599
1084  62.380303030303025
1085  62.25757575757575
1086  62.2439393939394
1087  62.22154779969651
1088  62.15582450832072
1089  65.12444444444445
1090  66.62150220913108
1091  66.47858197932054
1092  66.46549192364171
1093  66.22091310751105
1094  66.04545454545455
1095  65.98538011695906
1096  65.83333333333333
1097  65.81551976573938
1098  65.54705882352941
1099  65.37070254110613
1101  65.15611192930781
1102  64.97189349112426
1103  64.88856304985337
1104  64.69925925925926
1105  64.41954887218046
1106  64.30572289156626
1107  64.30572289156626
1108  64.17771084337349
1109  63.94485842026826
1110  63.90620272314675
1111  63.7918552036199
1112  63.448640483383684
1113  63.359635811836114
1114  63.242792109256456
1115  63.157251908396944
1116  63.01057401812689
1117  62.86486486486487
1119  62.63884673748103
1120  62.37423312883436
1121  64.55287009063444
1122  65.53949329359165
1123  65.47910447761194
1124  65.34131736526946
1125  65.0686567164179
1126  65.02373887240356
1127  64.8422619047619
1128  64.8038632986627
1129  64.50829562594268
1130  64.39878234398782
1131  64.3378787878788
1132  64.23018292682927
1133  64.14393939393939
1134  64.01201201201201
1135  63.98042168674699
1136  63.80930930930931
1137  63.747384155455904
1138  63.72455089820359
1139  63.35394126738794
1140  63.29846153846154
1141  63.78452200303491
1142  66.19497784342688
1143  66.72072072072072
1144  66.57522123893806
1145  66.48224852071006
1146  66.45722713864306
1147  66.24852941176471
1148  66.05185185185185
1149  65.94666666666667
1150  65.88905325443787
1151  65.78592375366568
1152  65.49037037037037
1153  65.49037037037037
1154  65.39136904761905
1155  65.12444444444445
1156  65.08766716196136
1157  64.86775631500743
1158  64.86775631500743
1159  64.65671641791045
1160  64.44011976047904
1161  64.28421052631579
1162  64.28421052631579
1163  64.02544910179641
1164  63.96290801186943
1165  63.87630402384501
1166  63.7042042042042
1167  63.50829562594268
1168  63.359635811836114
1169  63.274390243902445
1170  63.05828220858896
1171  62.96423248882266
1172  62.812405446293496
1173  62.58625954198473
1174  62.54642313546424
1175  62.4104134762634
1176  62.32819722650231
1177  62.23728813559322
1178  62.09345794392523
1179  62.01851851851852
1180  61.85083713850837
1181  61.69171779141104
1182  62.03250773993808
1183  64.19878603945372
1184  64.22983257229832
1185  64.22983257229832
1186  64.19848484848485
1187  64.05563909774436
1188  63.85714285714286
1189  63.829787234042556
1190  63.61187214611873
1191  63.46024464831804
1192  63.31288343558282
1193  63.18865030674847
1194  63.165644171779135
1195  62.85909090909091
1196  62.80275229357798
1197  62.58923076923077
1198  62.40620155038759
1199  62.3724884080371
1200  62.20930232558139
1201  62.09922480620155
1202  61.970542635658916
1203  61.923547400611625
1204  61.75867269984917
1205  61.49074074074075
1206  61.372854914196566
1207  61.18408736349454
1208  61.13884555382215
1209  61.029366306027825
1210  61.029366306027825
1211  60.53477588871715
1212  60.49147286821706
1213  60.39692307692307
1214  60.36785162287481
1215  60.15683229813665
1216  60.08777429467085
1217  59.8040435458787
1218  59.69018404907976
1219  59.48297213622291
1220  61.06918238993711
1221  62.24766355140187
1222  62.160436137071656
1223  61.931677018633536
1224  61.86544342507645
1225  61.667692307692306
1226  61.60339506172839
1227  61.402799377916025
1228  61.361934477379094
1229  61.17711598746081
1230  61.17711598746081
1231  60.92890262751159
1232  60.86490683229813
1233  60.55900621118012
1234  60.52795031055901
1235  61.0984126984127
1236  64.05754276827372
1237  64.38198757763975
1238  64.33281733746131
1239  64.33281733746131
1240  64.14197530864197
1241  64.10276073619632
1242  63.882706766917295
1243  63.8082191780822
1244  63.56923076923077
1245  63.27881619937695
1246  63.21596244131456
1247  63.12093023255814
1248  63.074766355140184
1249  62.78473282442748
1250  62.74772036474164
1251  62.6178247734139
1252  62.34876543209876
1253  62.21150855365474
1254  62.18604651162791
1255  63.3021472392638
1256  65.82930513595166
1257  65.85263157894737
1258  65.91317365269461
1259  65.93768545994065
1260  65.79010494752623
1261  65.62178517397882
1262  65.45701357466064
1263  65.30873493975903
1264  65.10810810810811
1265  64.9593984962406
1266  64.82763744427935
1267  64.79289940828403
1268  64.70029673590504
1269  64.47289156626506
1270  64.47447447447448
1271  64.79911373707533
1272  66.88524590163935
1273  67.89716840536512
1274  67.80476900149031
1275  67.65074626865672
1276  67.57817109144543
1277  67.47577092511013
1278  67.29455081001473
1279  67.14180206794683
1280  66.80088495575221
1281  66.73195876288659
1282  66.65634218289085
1283  66.48076923076923
1284  66.46449704142012
1285  65.4962852897474
1286  65.19253731343284
1287  65.06508875739645
1288  64.95081967213115
1289  64.81777777777778
1290  64.52529761904762
1291  64.45739910313901
1292  64.24215246636771
1293  65.4020771513353
1294  67.1840942562592
1295  67.34621099554235
1296  67.19676945668135
1297  67.19298245614036
1298  67.07817109144543
1299  66.82589285714286
1300  66.64424514200299
1301  66.48377581120944
1302  66.39791356184799
1303  66.26536731634182
1304  66.12443778110945
1305  65.99251497005989
1306  65.76923076923077
1307  65.52077151335311
1308  65.38253012048193
1309  66.96136701337295
1310  68.40971168437027
1311  68.21460506706408
1312  68.10682492581603
1313  67.9733727810651
1314  67.85163204747775
1315  67.58558558558559
1316  67.48584202682564
1317  67.41954887218046
1318  67.06824925816024
1319  67.03698224852072
1320  66.87144992526159
1321  66.81008902077151
1322  66.71748878923766
1323  66.55319148936171
1324  66.28017883755588
1325  66.10510510510511
1326  65.97142857142858
1327  65.73556231003039
1328  66.5115562403698
1329  68.92553191489361
1330  68.96042617960426
1331  68.92867981790592
1332  68.70274390243902
1333  68.49386503067484
1334  68.2657450076805
1335  68.06849315068493
1336  68.0
1337  67.95288753799392
1338  67.69418960244649
1339  67.48698315467075
1341  67.45468509984639
1342  67.21798780487805
1343  67.21798780487805
1344  67.06717557251909
1345  66.83282208588957
1346  66.72213740458015
1347  66.4899845916795
1348  66.4676923076923
1349  66.43518518518519
1350  66.19482496194826
1351  65.68315301391036
1352  65.50154320987654
1353  65.29939209726444
1354  65.20610687022901
1355  65.08769230769231
1356  64.85823170731707
1357  64.82407407407408
1358  64.69905956112852
1359  64.76139817629179
1360  66.7617602427921
1361  67.06009244992296
1362  67.04441041347626
1363  66.98153846153846
1364  66.90519877675841
1365  66.76371951219512
1366  66.72121212121212
1367  66.42480620155038
1368  66.30602782071098
1369  66.07480916030535
1370  66.0138036809816
1371  65.84650455927051
1372  65.56635802469135
1373  65.38639876352396
1374  65.32870370370371
1375  65.26666666666667
1376  65.22274143302181
1377  64.83591331269349
1378  64.77709923664122
1379  64.62327718223584
1380  64.48686244204019
1382  64.34052388289676
1383  64.06531881804044
1384  63.93055555555556
1385  63.681538461538466
1386  63.38473520249221
1387  63.2239502332815
1388  63.099533437014
1389  62.89861751152074
1390  62.730354391371336
1391  62.6381679389313
1392  62.352760736196316
1393  62.1937984496124
1394  62.14130434782609
1395  61.88244514106583
1396  61.69147286821705
1397  61.5419254658385
1398  61.3175355450237
1400  61.223787167449146
1401  60.81211180124224
1402  60.704687500000006
1403  60.62229102167183
1404  60.48270440251572
1405  60.44984326018809
1406  60.241653418124
1407  60.144462279293734
1408  60.143086816720256
1409  59.86168521462639
1410  59.78213166144201
1411  59.589622641509436
1412  59.56761006289308
1413  59.25682182985554
1414  59.15814696485623
1415  59.02427184466019
1416  58.91800643086816
1417  58.51746031746032
1418  58.25889967637541
1419  58.186688311688314
1420  58.08130081300813
1421  57.88025889967638
1422  57.59324758842443
1423  57.36422764227642
1424  57.361563517915314
1428  59.331168831168824
1429  59.1970684039088
1430  59.128038897893035
1431  59.02427184466019
1432  58.90048154093098
1433  58.68680445151034
1434  58.45454545454545
1435  58.41412520064206
1436  58.192182410423456
1437  58.13798701298701
1438  58.09238249594813
1439  57.80868167202573
1440  57.546474358974365
1441  57.47133757961784
1442  57.273021001615504
1443  57.21035598705501
1444  57.17179902755268
1445  57.12135922330097
1446  56.972085385878486
1447  56.73257698541329
1448  56.57073954983923
1449  56.29421221864952
1450  56.23586429725364
1451  56.13821138211382
1452  55.960912052117266
1453  55.85737704918033
1454  57.05445544554455
1455  58.27257525083613
1456  58.15577889447236
1457  58.00327868852459
1458  57.92218543046357
1459  57.89917355371901
1460  57.67103109656301
1461  57.567434210526315
1462  57.51815181518151
1463  57.31484502446982
1464  57.24509803921569
1465  57.17799352750809
1466  57.0544
1467  56.95483870967742
1468  56.59967845659163
1469  56.468051118210866
1470  56.372990353697745
1471  56.30818619582665
1472  56.26247987117553
1473  58.221854304635755
1474  59.827200000000005
1475  59.62539184952978
1476  59.61300309597523
1477  59.590417310664606
1478  59.51926040061633
1479  59.47744945567652
1480  59.172413793103445
1481  59.11267605633803
1482  58.987519500780024
1483  58.83875968992248
1484  58.72153846153846
1485  58.6804915514593
1486  58.63790446841294
1487  58.40654205607477
1488  58.279251170046805
1489  58.08675078864353
1490  57.818619582664525
1491  57.72133757961784
1492  57.7856
1493  60.70061728395062
1494  60.68970814132105
1495  60.63678516228748
1496  60.52080123266563
1497  60.43558282208589
1498  60.29121725731895
1499  60.28858024691358
1500  60.13755795981453
