1  37.598967297762485
2  38.34789915966387
3  40.62029459901801
4  40.329470198675494
5  40.194078947368425
6  40.132013201320134
8  40.06115702479339
9  40.05610561056106
10  39.956882255389715
11  39.91778523489933
12  39.56543624161074
13  39.524126455906824
14  39.38360655737705
15  39.38360655737705
17  39.29684908789386
18  39.147350993377486
19  39.14191419141915
20  39.130718954248366
23  39.09508196721312
24  38.96579804560261
25  38.803278688524586
26  38.803278688524586
27  38.803278688524586
28  38.654664484451715
29  38.58688524590164
30  38.54738562091504
31  38.50736497545009
32  38.50736497545009
33  38.369706840390876
34  38.369706840390876
35  38.18729641693811
36  38.1227495908347
37  37.946577629382304
38  37.874782608695654
39  37.62476547842401
40  38.11821705426357
41  38.56787762906309
42  38.575471698113205
43  39.097649186256774
45  39.034111310592465
46  38.950549450549445
47  38.755793226381456
49  38.68055555555556
50  38.67647058823529
54  38.61921097770154
55  38.388888888888886
56  38.34285714285714
57  38.34285714285714
58  38.30485762144053
59  38.30485762144053
60  38.18443316412859
61  38.112436115843266
62  38.001718213058425
63  37.90630323679727
64  37.81615120274914
65  38.606529209621996
66  43.49297971918877
67  47.420974889217135
68  47.55021834061135
69  47.55021834061135
70  47.198550724637684
71  47.08866279069767
72  46.997113997114
73  46.89383070301291
74  46.8735632183908
76  46.74822190611664
77  46.65763195435093
78  46.46771879483501
79  46.28409090909091
80  46.24118476727786
81  46.13846153846154
82  46.08073654390935
83  45.9324894514768
84  45.826950354609934
85  45.60515021459227
86  47.43857142857142
87  52.154381084840054
88  52.19278779472954
96  56.45
97  59.159183673469386
98  59.78367346938775
99  62.843876177658146
100  63.646900269541774
101  63.574525745257446
102  62.90067114093959
103  62.552054794520544
104  61.84189189189189
105  61.44535519125684
106  60.70192307692308
107  60.38121546961327
108  59.63800277392511
109  59.20839160839161
110  58.55882352941177
111  58.148404993065185
119  61.31824417009602
120  60.80667593880389
121  60.55785123966942
122  60.348066298342545
123  59.9499304589708
124  59.46685082872928
125  59.09820193637621
126  58.25348189415041
127  58.108333333333334
128  57.923611111111114
129  61.40730717185386
130  64.48108108108109
131  64.3986577181208
132  64.0843537414966
133  63.64441416893733
134  63.60922659430122
135  63.47721179624665
136  63.374663072776286
137  63.08481532147742
138  62.99726402188783
139  62.778677462887984
140  62.348901098901095
141  62.736413043478265
142  64.75234270414994
143  66.89907038512617
145  67.00134048257372
151  67.4523489932886
152  69.6976127320955
153  69.5712401055409
154  69.25832223701731
155  68.90250329380764
156  68.7247340425532
157  68.52133333333333
158  68.32266666666666
159  68.25067385444744
160  68.096
161  67.7933774834437
162  67.51946308724833
163  67.35666218034993
164  67.35666218034993
165  67.21351351351352
166  67.05510752688173
167  66.812
168  66.69189907038512
169  66.39784946236558
170  65.9931693989071
171  67.1004016064257
172  69.88829787234043
173  70.2002688172043
174  69.904
175  69.69559412550066
176  69.52091767881241
177  69.36048064085448
178  69.30666666666667
179  69.06772908366534
180  69.03908355795149
181  68.97721179624665
182  68.78104138851802
183  68.52226720647774
184  68.17344173441734
185  67.98926174496644
186  67.74864130434783
187  67.67567567567568
188  67.23553162853297
189  66.8899456521739
190  66.5521978021978
191  66.33286713286714
192  67.03065693430656
193  68.3755868544601
194  69.6093489148581
195  70.85792349726776
196  72.0532110091743
197  73.96981891348088
198  74.82926829268293
199  76.07264957264957
200  77.30232558139535
201  77.84615384615384
202  77.78691275167785
203  76.90369181380417
204  76.68960244648318
205  76.5060606060606
206  75.82430453879941
207  75.2440119760479
208  74.73816568047337
209  73.14749262536873
210  71.00886262924668
211  70.59766763848397
212  70.30029585798816
213  70.00148148148148
214  69.24046920821114
215  68.90462427745665
216  68.58430232558139
217  68.30346820809248
218  68.1765557163531
219  67.82025677603424
220  67.36637931034483
221  67.18497109826589
222  66.87857142857143
223  66.45310245310246
224  66.4570596797671
225  68.47994056463595
226  70.13858267716536
227  71.16666666666667
228  71.52212389380531
229  73.40291262135922
230  73.40291262135922
231  73.40291262135922
232  73.40291262135922
233  73.40291262135922
234  73.40291262135922
235  73.40291262135922
236  75.29741379310344
237  74.58510638297872
238  74.00931677018633
239  73.91383812010444
240  73.74022988505747
242  73.1378640776699
243  71.97472924187726
246  71.8507718696398
247  71.51438240270727
248  71.14480408858603
249  70.78383128295255
250  70.24867724867725
251  70.24867724867725
252  70.24867724867725
253  70.24867724867725
254  70.24867724867725
255  70.24867724867725
256  70.24867724867725
257  70.24867724867725
258  70.24867724867725
259  70.24867724867725
260  70.24867724867725
263  70.00194174757281
264  69.25631768953069
266  69.20212765957447
267  69.02397260273973
268  68.48013245033113
269  68.27113237639553
270  68.0796875
271  67.92068429237948
272  67.63931888544892
274  67.61948249619482
275  67.29787234042553
276  67.2269288956127
277  66.85218702865761
278  66.62650602409639
279  66.23695976154993
280  66.07228915662651
281  66.11346444780635
282  68.28313253012048
283  68.21482602118003
284  68.08320726172467
285  67.9188361408882
286  67.61467889908256
287  67.37595129375951
288  67.29607250755286
289  67.0260336906585
290  66.82352941176471
291  66.6156202143951
292  66.42553191489361
293  66.21493902439025
294  65.75888717156106
295  65.43230769230769
296  65.28173374613003
300  65.84037558685446
301  64.74605678233438
302  64.00156494522692
303  62.95941558441558
304  62.88368336025849
305  62.83704974271012
307  62.173529411764704
312  61.08097165991903
313  61.246290801186944
314  61.841743119266056
315  62.156779661016955
316  62.37869822485207
317  62.633458646616546
318  63.21834862385322
319  64.97074954296161
320  68.53488372093024
321  69.62720848056537
322  69.82384341637011
323  69.8721541155867
324  70.92670157068063
325  71.43500866551126
326  71.55726495726496
327  71.32554257095158
328  70.96964586846543
329  70.95302013422818
330  70.58037225042301
331  70.39565943238732
332  70.19834710743801
333  69.90954773869346
334  69.70408163265306
335  69.70408163265306
336  70.69949066213923
337  74.32323232323232
338  77.1358234295416
339  79.96912521440824
340  80.82282793867121
341  81.09443507588533
342  81.68096054888508
343  81.83617747440273
344  81.89544688026982
345  81.75471698113208
346  81.42033898305085
347  81.15319865319866
348  80.74143835616438
349  80.62585034013605
350  80.37796610169491
352  80.36363636363636
353  81.50506756756756
354  84.12941176470588
355  85.12941176470588
356  85.66206896551724
362  87.8532423208191
363  88.28305084745763
364  88.2271186440678
365  87.84745762711864
366  87.84745762711864
367  87.57993197278911
368  87.29783693843594
369  87.17224080267559
370  86.98653198653199
371  86.98653198653199
372  89.76510067114094
373  91.59934318555008
374  91.58919803600655
375  91.3485342019544
376  91.0326264274062
377  90.87075928917609
378  90.87075928917609
379  90.72051696284329
380  90.28246753246754
381  90.0701754385965
382  89.88709677419355
383  89.64886731391586
384  89.38362760834671
385  89.25718849840256
386  90.4122383252818
387  92.75
388  93.81655844155844
389  93.78802588996764
390  93.41129032258064
391  93.1159420289855
392  92.80098684210526
393  92.71639344262294
394  92.46278317152104
395  92.33601286173634
396  92.07317073170732
397  91.90879478827361
398  91.68506493506493
399  91.4975845410628
400  91.34083601286174
401  91.06441223832527
402  90.71615008156607
403  89.77235772357723
404  89.1792
405  89.04807692307692
406  88.86084142394822
407  88.4032
408  88.33811802232854
409  88.13716108452951
410  87.74350649350649
411  87.48220064724919
412  87.32958199356914
413  87.2048
414  86.96445880452343
415  86.45967741935483
416  86.3584
417  86.28913738019169
418  85.96964856230032
419  85.56210191082802
420  85.34394904458598
421  85.05608974358974
422  84.87459283387622
423  84.48099173553719
424  85.21691176470588
425  86.91370558375634
426  86.91370558375634
427  150.0
428  150.0
429  150.0
430  150.0
431  150.0
432  150.0
433  150.0
434  95.35251798561151
435  95.35251798561151
436  92.72492836676217
437  92.70719602977667
438  92.67099567099567
439  91.20352250489236
440  90.10332103321034
441  90.09437386569873
442  89.92682926829268
443  89.79001721170395
444  89.2620232172471
445  89.10620915032679
446  89.05853658536586
447  88.46794871794872
448  88.39047619047619
449  88.14984227129338
450  88.03791469194313
451  87.46434231378764
452  87.27301092043682
453  87.1622464898596
454  86.66561514195584
455  86.38967136150235
456  86.17527386541471
457  86.13029827315542
458  85.61792452830188
459  85.43369734789391
460  85.33802816901408
461  85.13636363636364
462  84.77936507936508
463  84.32913385826771
464  84.2259083728278
465  84.0251572327044
466  83.7
467  82.69096671949286
468  82.2190923317684
469  82.06456692913386
470  81.63099041533546
471  81.45425867507886
472  80.95980707395498
473  80.70983606557377
474  80.64415156507414
475  80.89368770764119
476  82.645
477  84.14548494983278
478  85.12456140350878
479  86.04715127701375
480  86.5264423076923
481  86.83954154727793
482  86.93333333333334
483  87.21563342318059
484  86.95145631067962
485  86.85042735042735
486  85.9441117764471
487  84.75605214152701
488  84.61243144424131
489  84.34325744308231
490  84.10588235294118
491  83.93086003372682
492  83.65275459098497
493  83.39144736842105
494  83.11219512195122
495  82.92822185970637
496  82.66886326194398
497  82.41626016260163
498  82.02926829268293
499  81.72322899505767
500  81.53476821192054
501  81.20033112582782
502  80.97029702970298
503  80.78109452736318
504  80.63833333333334
505  80.32338308457712
506  80.1217105263158
507  79.66666666666667
514  81.2220367278798
515  81.03166666666667
516  80.72818791946308
518  80.59527824620574
519  80.68227424749163
520  83.88543371522096
521  84.92659053833606
522  84.83960720130933
523  84.51060358890702
524  84.29605263157895
525  83.90609555189457
526  83.82072368421052
527  83.54530477759472
528  83.42434210526316
529  83.54380165289257
530  85.68781302170284
531  85.6638795986622
532  85.36019736842105
533  85.1029900332226
534  84.80099502487562
535  84.80099502487562
536  84.48929159802306
537  84.27272727272727
538  83.94
539  83.74916387959867
541  83.41541038525963
542  83.13787375415282
543  85.78726968174205
544  87.76061120543294
545  87.76061120543294
550  87.62130177514793
551  87.8916827852998
552  88.34200743494424
553  88.3537037037037
554  88.0605504587156
555  87.84036697247707
556  87.67837338262477
557  87.49819494584838
558  87.33985765124555
559  87.08243727598567
560  86.95936395759718
561  87.0
562  89.02112676056338
563  90.0174520069808
564  89.55755395683454
565  89.30742049469964
566  89.29473684210527
567  88.8898756660746
568  88.77638640429338
569  88.51590106007068
570  88.31810193321617
571  88.11858407079646
572  87.9787610619469
573  87.69557522123894
574  87.41637630662021
575  87.29349736379613
576  87.06205673758865
577  86.98932384341637
578  87.99299474605955
579  89.19718309859155
580  89.74738675958189
581  89.40034364261169
582  89.23378839590444
583  89.09137931034483
584  88.73821989528795
585  88.44540727902947
586  88.40069084628671
587  87.9777397260274
588  87.91206896551724
589  87.49655172413793
590  87.38831615120274
591  87.25
592  87.08290155440415
593  86.84736842105264
595  86.69771528998243
596  86.39931153184165
597  86.23809523809524
598  86.02047781569966
599  85.78645833333333
600  85.52054794520548
601  85.29301533219761
602  85.04794520547945
603  84.80381944444444
604  86.57793345008757
605  89.28952042628775
606  89.34622144112478
607  89.20774647887323
608  88.98930481283422
609  88.55166374781086
610  88.49300699300699
611  88.1896551724138
612  87.99478260869566
613  87.69542253521126
614  87.32136752136752
615  87.18150684931507
616  87.0068376068376
617  86.91080617495712
618  86.57314974182444
619  86.22203098106712
620  86.22203098106712
621  89.42806394316163
622  91.25276752767527
623  93.43091334894613
624  94.23121387283237
625  94.94098360655738
626  95.65299684542586
627  95.58875739644971
628  95.23204419889503
629  95.02842377260981
631  94.94305239179954
632  94.54978354978356
633  94.26315789473684
634  94.0709939148073
635  93.704
636  93.62525458248473
637  93.20736434108527
638  93.13846153846154
639  92.92015209125475
640  92.75478927203065
641  92.34823091247672
642  92.03860294117646
643  91.72862453531599
644  91.48243992606285
645  91.2495446265938
646  91.05206463195691
647  90.8972972972973
648  90.70938628158845
649  90.28146853146853
650  90.18165784832452
651  89.89260563380282
652  89.4367417677643
653  89.27444253859348
654  89.09153713298791
655  88.90641247833622
656  88.52512998266897
657  88.43005181347151
658  88.0754716981132
659  87.98979591836735
660  87.64395229982964
661  87.41652613827993
662  87.29054054054055
663  87.05723905723906
664  86.76271186440678
665  86.51505016722408
666  86.29145728643216
667  86.19289340101523
668  89.35992907801419
669  90.72888015717092
670  91.13073394495413
671  93.35395189003437
672  93.35395189003437
673  93.35395189003437
674  93.35395189003437
675  97.18727915194347
676  96.43227665706053
677  96.35114503816794
678  96.05990783410138
679  95.92624728850325
681  95.85093167701864
682  95.39558232931726
683  95.02152641878669
684  94.8836291913215
685  94.6964980544747
686  94.36730769230769
687  94.23837209302326
688  93.97495183044316
689  93.68172888015717
690  93.43217054263566
691  93.26153846153846
692  93.05642023346303
693  92.71316306483301
694  92.38539553752535
695  93.35918367346939
696  93.62551440329219
697  94.86372745490982
698  96.40039447731755
699  96.36686390532545
700  96.11787819253439
701  96.06719367588933
702  95.58333333333333
703  95.34285714285714
704  95.11406844106465
705  94.80152671755725
706  94.71428571428571
707  94.46804511278195
708  94.29739776951673
709  94.00732600732601
710  93.90405904059041
711  93.51351351351352
712  93.15693430656934
713  92.9927536231884
714  92.87067395264117
715  92.49119718309859
716  92.35335689045937
717  92.16129032258064
718  91.99119718309859
719  91.9020979020979
720  91.14532871972318
721  91.02763385146805
722  90.92
723  90.78082191780823
724  90.51277683134583
725  90.09710391822829
726  90.04095563139931
727  89.95563139931741
728  89.49235993208829
729  89.39310344827587
730  92.44665461121157
731  94.53308128544424
732  94.1
733  93.98852772466539
734  93.80340264650283
735  93.45871559633028
736  93.35466179159049
737  93.09140767824498
738  92.97636363636363
739  92.66424682395645
740  92.38586956521739
741  92.1067615658363
742  92.02659574468085
743  91.86772486772487
744  91.40353982300886
745  91.1858407079646
746  91.03710247349824
747  90.81657848324515
748  90.36042402826855
749  90.22695035460993
750  90.0755711775044
751  89.99642857142857
752  93.0419708029197
753  94.94106813996316
754  94.94106813996316
755  94.77922077922078
756  94.12956204379562
757  94.1025641025641
758  93.88909090909091
760  93.34837545126354
761  93.07460035523978
762  93.02659574468085
763  92.8563829787234
764  92.58553791887125
772  94.1903052064632
773  94.1903052064632
774  93.90199637023593
775  93.59212880143113
776  93.27321428571429
777  93.11870503597122
778  92.93559928443649
779  92.84172661870504
780  92.57922535211267
781  92.45035460992908
782  92.19503546099291
783  91.94265232974911
784  91.59050966608085
785  91.51573426573427
786  91.20987654320987
787  90.89716312056737
788  90.79115044247787
789  90.659169550173
790  90.33216783216783
791  91.46059544658493
792  92.98754448398577
793  92.88014311270125
794  92.54115586690017
795  92.35273368606703
796  92.05996472663139
797  91.86785714285715
798  91.84413309982487
799  91.67719298245613
800  90.98776223776224
801  90.9614711033275
802  90.77083333333333
803  90.56131260794473
804  90.23875432525952
805  89.99478260869566
806  89.91448516579406
807  89.7408695652174
808  89.48877374784111
809  89.06129597197898
810  88.8694885361552
811  88.68457538994801
812  88.49740932642487
813  88.23834196891191
814  88.11478260869565
815  87.89845094664372
816  87.67125645438898
817  87.31046312178388
818  87.0017094017094
819  86.98287671232876
820  87.03786574870912
821  89.8918439716312
822  90.95422535211267
823  90.92091388400704
824  90.57391304347826
825  90.4406196213425
826  90.20767888307155
827  89.93827160493827
828  89.83745583038869
829  89.61672473867596
830  89.41421143847487
831  89.22837370242215
832  89.06643356643356
833  88.78103448275863
834  88.57167530224525
835  88.37305699481865
836  88.0017094017094
838  87.72542372881355
839  87.49409780775717
840  87.0667808219178
841  87.01709401709402
842  86.74789915966386
843  86.58614864864865
844  88.73935264054515
845  90.17820069204153
846  90.00692041522491
847  89.74659863945578
848  89.6763202725724
849  89.25767918088737
850  89.07783417935703
851  88.94548551959114
852  88.74704890387858
853  88.58931552587646
854  88.1076923076923
855  88.01194539249147
856  87.99488054607508
857  87.81176470588235
858  87.49251247920134
859  87.1885521885522
860  87.10118043844857
861  87.04208754208754
862  86.58940397350993
863  86.27348993288591
864  86.14882943143813
865  86.10517529215359
866  85.79736408566721
867  85.56622516556291
868  85.18211920529801
876  87.49251247920134
877  87.23833333333333
878  87.09547738693468
879  87.06734006734007
880  86.60833333333333
881  86.50413223140495
882  86.16582914572864
883  86.12520868113522
884  86.10033444816054
885  85.6923076923077
886  85.57048092868989
887  85.19269102990033
888  85.1241610738255
889  84.74123539232053
890  84.71666666666667
891  84.87541528239203
892  88.0761421319797
893  88.58842975206612
894  88.5388429752066
895  88.28405315614619
896  88.07757166947724
897  88.05236486486487
898  87.62581699346406
899  87.5960591133005
900  87.28171334431632
901  87.13
902  86.93256578947368
903  86.75649350649351
904  86.62337662337663
905  86.28711256117455
906  86.14925373134328
907  86.00492610837438
908  85.72964169381108
909  85.57352941176471
910  85.23684210526316
911  85.23684210526316
912  85.13628899835797
913  84.73856209150327
914  84.5016339869281
915  84.32072368421052
916  84.08943089430895
917  83.79836065573771
918  83.7126050420168
919  83.35008976660683
920  84.92551210428306
921  86.4090909090909
922  88.52557319223986
923  88.45739130434782
924  88.22280701754386
925  88.04137931034482
926  87.81587837837837
927  87.623745819398
928  87.55906821963394
929  87.33277591973244
930  87.08277027027027
931  87.06833333333333
932  86.77429983525535
933  86.39166666666667
934  86.29537953795379
935  86.16252072968491
936  86.10247933884297
937  85.7869918699187
938  85.60194174757281
939  85.31331168831169
940  85.07236842105263
941  84.98366013071896
942  84.6115569823435
943  84.43980738362761
944  84.21986970684038
945  84.1801948051948
946  83.85922330097087
947  83.62439807383628
948  86.0823723228995
949  87.40789473684211
950  87.17656765676567
951  86.79354838709678
952  86.69377990430623
953  86.66932907348243
954  86.46019108280255
955  86.21069692058347
956  86.10227272727273
957  85.736
958  85.61172741679873
959  85.50634920634921
960  85.19645732689212
961  85.08695652173913
962  84.89171974522293
963  84.82137161084529
964  84.52941176470588
965  84.48177496038035
966  84.3264
967  84.1088
968  83.87974683544304
969  83.615625
970  83.38314785373609
971  83.46287519747236
972  86.6418383518225
973  86.8752
974  86.74960127591707
975  86.6418383518225
976  86.45886075949367
977  86.2315112540193
978  85.99838969404186
979  85.76947535771065
980  85.69793322734499
981  85.52747252747253
982  85.46069182389937
983  85.2468152866242
984  84.94871794871794
985  84.7456279809221
986  84.63057324840764
987  84.37261146496816
988  84.20418006430869
989  84.10223642172524
990  83.92088607594937
991  83.73617693522907
992  83.51805337519623
993  83.23211446740858
994  83.19236883942766
995  83.12261146496816
996  84.16613418530352
997  86.84235668789809
998  86.71656050955414
999  86.55732484076434
1000  86.24879614767255
1001  86.18600953895071
1002  86.10987261146497
1003  85.7863924050633
1004  85.698738170347
1005  85.52664576802508
1006  85.26698262243286
1007  85.22204724409448
1008  85.02861685214626
1009  84.74009508716323
1010  84.62421383647799
1011  84.53042121684868
1012  84.39246467817897
1013  84.1
1014  83.9794952681388
1015  83.82574568288854
1016  83.6976377952756
1017  83.52262090483619
1018  84.20221169036336
1019  86.76886792452831
1020  87.14149443561209
1021  87.07594936708861
1022  86.9576802507837
1023  86.7805255023184
1024  86.62403697996918
1025  86.45354330708662
1026  86.36520376175548
1027  86.06739811912226
1028  85.82027649769586
1029  85.7854938271605
1030  85.55177743431221
1031  85.44049459041732
1032  85.17884914463453
1033  84.94590417310664
1034  84.72248062015504
1035  84.7073552425665
1036  84.52080123266563
1037  84.4968944099379
1038  84.22448979591837
1039  84.20846394984326
1040  83.85803432137286
1041  83.7748447204969
1042  83.54
1043  83.47926267281106
1044  83.21705426356588
1045  83.12868217054263
1046  83.58179012345678
1047  86.09733124018838
1048  86.2639751552795
1049  86.10501567398119
1050  85.91392801251956
1051  85.85316846986089
1052  85.67189952904239
1053  85.5671875
1054  85.43457943925233
1055  85.22448979591837
1056  85.0216718266254
1057  84.90809968847353
1058  84.66458658346333
1059  84.54489164086688
1060  84.44254658385093
1061  85.83177570093459
1062  87.16077170418006
1063  86.97777777777777
1064  86.913112164297
1065  86.70957613814757
1066  86.5625
1067  86.41379310344827
1068  86.40717628705148
1069  86.01246105919003
1070  85.9359375
1071  85.60903426791278
1072  85.53271028037383
1073  85.51482059282371
1074  85.37694704049844
1075  86.58934169278997
1076  87.69953051643192
1077  87.65620094191523
1078  87.4359375
1079  87.3934169278997
1080  86.97040498442368
1081  86.89424572317263
1082  86.73333333333333
1083  86.5987460815047
1084  86.521875
1085  86.36306729264476
1086  86.10188087774294
1087  85.94366197183099
1088  85.66457680250784
1089  85.1078125
1090  85.0031007751938
1091  84.64375
1092  84.5778816199377
1093  84.43974960876369
1094  84.22448979591837
1095  84.0636645962733
1096  83.89671361502347
1097  83.77829457364341
1098  85.78504672897196
1099  87.38095238095238
1100  87.49365079365079
1101  87.49365079365079
1102  87.12741935483871
1103  87.0256
1104  86.88449367088607
1105  86.8370253164557
1106  86.55288461538461
1107  86.42424242424242
1108  86.1776
1109  86.1518578352181
1110  85.72337042925278
1111  84.55111821086263
1112  84.43968253968254
1113  84.20285261489698
1114  83.86804451510334
1115  83.78696343402225
1116  83.6704
1117  83.52456418383518
1118  83.42386185243328
1119  83.08931419457736
1120  82.78184713375796
1121  82.8060413354531
1122  84.52076677316293
1123  84.52791068580542
1124  84.4768
1125  84.24038461538461
1126  84.07177033492823
1127  83.81240063593005
1128  83.72784810126582
1129  83.52262090483619
1130  83.26813880126183
1131  83.14691943127963
1132  82.99366085578447
1133  82.76656151419559
1134  82.58125
1135  82.43974960876369
1136  82.15396825396826
1137  82.10301109350237
1138  81.78864353312302
1139  81.0995260663507
1140  81.02685624012638
1141  80.76332288401254
1142  80.4873417721519
1143  80.1767515923567
1144  80.00952380952381
1145  79.84101748807632
1146  79.6342229199372
1147  79.44233807266983
1155  81.70892018779342
1156  81.46019108280255
1157  81.42063492063492
1158  81.13406940063092
1159  81.06614173228347
1160  80.9478672985782
1161  80.70892018779342
1162  80.48973143759873
1163  80.66978193146417
1164  83.13145539906104
1165  83.09748427672956
1166  82.9523052464229
1167  82.66197183098592
1168  82.4373040752351
1169  82.26677067082683
1170  82.2046875
1171  82.08463949843261
1172  82.040625
1173  81.5031545741325
1174  81.42902208201893
1175  81.22118380062305
1176  81.09276729559748
1177  80.9904912836767
1185  82.26677067082683
1186  82.209375
1187  82.06918238993711
1188  81.67874015748032
1189  81.46275752773376
1190  81.46275752773376
1191  81.13836477987421
1192  80.99210110584518
1193  80.86053882725832
1194  80.45616883116882
1195  80.73262032085562
1196  81.3125
1197  81.59212880143113
1198  82.06932409012131
1199  83.08747855917667
1200  83.24207011686144
1201  83.34431630971993
1202  83.25
1203  83.21172638436482
1204  83.1470113085622
1205  82.80511182108626
1206  82.79299363057325
1207  82.6496
1208  82.27892234548337
1209  82.13312202852615
1210  82.10952380952381
1211  81.85981308411215
1212  81.7275590551181
1213  81.3890625
1214  81.22712933753944
1215  81.13564668769716
1216  80.99687010954617
1217  80.54574132492114
1218  80.42476489028213
1219  80.4046875
1220  80.1493710691824
1221  79.9589905362776
1229  81.3950233281493
1230  81.31327160493827
1231  81.26625386996903
1232  81.10200927357033
1233  80.97364341085272
1234  80.81221374045802
1235  80.40124416796267
1236  80.40124416796267
1244  83.14330708661417
1245  82.88854489164086
1246  82.73291925465838
1247  82.39625585023401
1248  82.2625786163522
1249  82.13291139240506
1250  82.11058451816746
1251  81.9078125
1252  83.18582677165354
1253  84.2472266244057
1254  84.21293375394322
1255  84.18957345971565
1256  83.79315707620529
1257  83.69409937888199
1258  83.46141732283465
1259  83.33908948194663
1260  83.33908948194663
1261  83.11949685534591
1262  82.77102803738318
1263  82.57276995305165
1264  82.41074249605056
1265  82.41074249605056
1266  84.97318611987382
1267  86.06763285024155
1268  85.79778830963664
1269  85.68396226415095
1270  85.3365231259968
1271  85.27503974562798
1272  85.27503974562798
1273  85.0732484076433
1274  84.88625592417061
1275  84.625
1276  84.2626582278481
1277  84.24683544303798
1278  84.24683544303798
1279  84.12241653418124
1280  83.6974921630094
1281  83.53144654088051
1282  83.38801261829653
1283  83.25628930817611
1284  83.13993710691824
1285  83.00953895071542
1286  82.72985781990522
1287  82.70569620253164
1288  82.33386075949367
1289  82.1568
1290  82.11235955056179
1294  84.18225039619651
1295  84.10668789808918
1296  83.93877551020408
1297  83.38817891373802
1298  83.3328025477707
1299  83.22345483359746
1300  83.19745222929936
1301  83.0875796178344
1302  82.94888178913737
1303  82.73101265822785
1304  82.46141732283465
1305  82.33226837060703
1306  82.0743670886076
1307  82.0743670886076
1308  82.0
1309  81.7244094488189
1310  81.486529318542
1311  81.41574803149607
1312  81.2660406885759
1313  81.12241653418124
1314  82.84663536776213
1315  84.29699842022117
1316  84.25826771653543
1317  84.18582677165354
1318  83.940625
1319  83.69040247678019
1320  83.54743390357699
1321  83.37129485179408
1322  83.27943485086342
1323  83.1585557299843
1324  82.97156398104265
1325  82.71048513302034
1326  82.52590266875981
1327  82.17665615141956
1328  81.38110236220473
1329  81.35849056603773
1330  81.06761006289308
1331  80.99203821656052
1332  80.79968701095461
1333  80.504
1334  80.39206349206349
1335  80.23809523809524
1336  80.07223113964687
1337  79.92698412698412
1338  79.5552
1339  79.95087163232964
1340  82.24960254372019
1341  82.976
1342  82.6267716535433
1343  82.40988835725678
1344  82.32963549920761
1345  82.24881141045958
1346  81.99517684887459
1347  81.91866028708134
1348  81.73417721518987
1349  81.7147385103011
1350  81.62321144674085
1351  81.45746388443018
1357  81.67903225806451
1358  81.6131621187801
1359  81.38102893890675
1360  81.20447284345047
1361  81.1424
1362  81.11980830670926
1363  80.87579617834395
1364  80.68304278922345
1365  82.09149277688604
1366  83.6528
1367  83.66134185303514
1368  83.49114331723027
1369  83.22792937399679
1370  83.14653784219001
1371  82.85691573926869
1372  82.76947535771065
1373  82.48895899053628
1374  82.30095541401273
1375  82.1968
1376  82.1405750798722
1377  81.94628751974723
1378  81.8060413354531
1379  81.5886075949367
1380  81.2304
1381  81.1728
1382  81.08199356913184
1383  81.01610305958133
1384  80.71589085072232
1385  80.41491085899514
1386  80.19642857142857
1387  79.9967689822294
1390  79.74799357945426
1391  79.50811688311688
1392  79.93910256410257
1393  82.6464
1394  82.6677367576244
1395  82.27948303715671
1396  82.23300970873787
1397  82.14606741573034
1398  82.11129032258064
1399  82.03069466882067
1400  81.7427652733119
1401  81.61437908496733
1402  81.28780487804877
1403  81.24959216965742
1404  81.11620294599018
1405  80.91914191419141
1406  80.7620632279534
1407  80.60626029654036
1408  80.45963756177925
1409  80.3240589198036
1410  80.15798045602605
1411  80.00990099009901
1412  79.94710743801653
1413  79.84958677685951
1414  79.57817589576547
1415  79.32183908045977
1416  79.19407894736842
1417  79.04809286898839
1418  78.89852700490998
1419  78.8111658456486
1420  78.76354679802955
1421  78.66446280991735
1423  81.045
1424  80.91887417218543
1425  80.88283828382838
1426  80.54833333333333
1427  80.42479338842975
1428  80.26123128119801
1429  80.1900826446281
1430  80.0797342192691
1431  79.99834437086092
1432  79.81031613976705
1433  79.42307692307692
1434  79.33055091819699
1435  79.19532554257096
1436  79.17056856187291
1437  78.97643097643098
1438  78.85833333333333
1439  78.74328859060402
1440  78.55351170568562
1441  78.31166666666667
1442  78.15050167224081
1443  77.97969543147208
1444  78.09731543624162
1445  80.80840336134453
1446  81.625
1447  81.36622073578596
1448  81.0685618729097
1450  80.94453781512605
1451  80.85042016806723
1452  80.71052631578948
1453  80.5622950819672
1454  80.26821192052981
1455  80.1190082644628
1456  79.96817420435511
1457  79.86026936026936
1458  79.745
1459  79.61461794019934
1460  79.59038142620233
1461  79.11241610738254
1462  79.04713804713805
1463  79.02348993288591
1464  78.94974874371859
1465  78.7537688442211
1466  79.73666666666666
1467  82.62604340567613
1468  82.79391891891892
1469  82.81063122923588
1470  82.63394342762064
1471  82.58512396694215
1472  82.22405271828666
1473  82.13953488372093
1474  82.05166666666666
1475  81.93543046357615
1476  81.68646864686468
1477  81.5622950819672
1478  81.39834710743801
1479  81.20367278797997
1480  81.09243697478992
1481  80.97142857142858
1482  80.91289782244556
1483  80.85
1484  80.3592715231788
1485  80.17333333333333
1486  80.125
1487  79.93231810490694
1488  79.8672268907563
1489  79.70238095238095
1490  79.51591289782245
1491  79.3741610738255
1492  79.08026755852843
1493  79.02852348993288
1494  80.20666666666666
1495  82.51967213114754
1496  83.01515151515152
1497  82.87666666666667
1498  82.5970394736842
1499  82.41776315789474
1500  82.24418604651163
