1  86.5106888361045
2  86.80378250591016
3  87.09263657957244
4  87.21146953405018
5  87.26372315035799
6  87.55017709563164
7  87.65165876777252
8  88.1298076923077
9  87.80082987551867
10  86.63084112149532
11  85.77838577291382
12  84.82308657465495
13  84.41919805589308
14  84.52100840336135
15  84.7610513739546
16  84.94103773584905
17  85.1474435196195
18  85.19668246445498
19  85.45271867612293
20  85.61865407319952
21  85.88434579439253
22  85.96620046620046
23  86.11425206124852
24  86.18299881936245
25  86.35217903415783
26  86.48831775700934
27  86.60747663551402
28  86.79743888242142
29  87.12367491166077
30  87.24824355971897
31  87.29988331388564
32  87.49533799533799
33  87.62674418604651
34  87.75086505190312
35  87.95833333333333
36  88.10244470314319
37  88.31199068684516
38  88.32983682983684
39  88.55232558139535
40  88.67715617715618
41  89.07126168224299
42  89.15438596491228
43  87.61162790697675
44  85.13942857142857
45  85.30219146482122
46  85.55402298850575
47  85.82893226176809
48  86.0613425925926
49  86.25783972125436
50  86.49021864211737
51  86.66895761741122
52  86.92758620689655
53  87.08488372093024
54  87.41657077100115
55  87.59284890426758
56  87.81264367816092
57  88.12166859791425
58  88.34454756380511
59  88.52441860465116
60  89.09143518518519
61  89.34610472541507
62  88.97058823529412
63  88.69613259668509
64  85.39007092198581
65  85.39007092198581
66  85.39007092198581
67  85.39007092198581
68  85.39007092198581
69  85.39007092198581
70  85.39007092198581
71  85.39007092198581
72  85.39007092198581
73  85.39007092198581
74  85.39007092198581
75  85.39007092198581
76  85.39007092198581
77  85.39007092198581
78  85.39007092198581
79  85.39007092198581
80  85.39007092198581
81  85.39007092198581
82  85.39007092198581
83  85.39007092198581
84  85.39007092198581
85  85.39007092198581
86  85.39007092198581
87  85.39007092198581
88  85.39007092198581
89  85.39007092198581
90  85.39007092198581
91  85.39007092198581
92  85.39007092198581
93  85.39007092198581
94  85.39007092198581
95  85.39007092198581
96  85.39007092198581
97  85.39007092198581
98  85.39007092198581
99  85.39007092198581
100  85.39007092198581
101  85.39007092198581
102  85.39007092198581
103  85.39007092198581
104  85.39007092198581
105  85.39007092198581
106  85.39007092198581
107  85.39007092198581
108  85.39007092198581
109  85.39007092198581
110  85.39007092198581
111  85.39007092198581
112  85.39007092198581
113  85.39007092198581
114  85.39007092198581
115  81.34745762711864
116  82.02398081534773
117  82.68265162200282
118  82.92219387755102
119  83.14858490566037
120  83.4894859813084
121  83.69976635514018
122  83.88631090487239
123  84.09133489461358
124  84.41058823529411
125  84.55111633372503
126  84.98007033997655
127  85.28337236533957
128  82.63986013986013
129  79.82523148148148
130  79.87369640787949
131  80.0
132  80.35480093676814
133  80.51961950059453
134  80.68408551068883
135  81.16370106761566
136  81.31914893617021
137  81.50118483412322
138  81.72684085510689
139  82.03444180522565
140  82.26762246117084
141  82.44351961950059
142  82.68446026097271
143  82.30145278450364
144  78.60495283018868
145  78.90318772136953
146  79.06635071090048
147  79.35071090047393
148  79.63139120095124
149  79.9491124260355
150  80.14832535885168
151  80.5
152  80.56734207389749
153  81.02833530106257
154  81.24521531100478
155  81.58026159334126
156  81.78622327790974
157  82.10047846889952
158  82.34647550776583
159  82.5525059665871
160  82.83668639053255
161  83.08403361344538
162  82.68333333333334
163  79.41301775147929
164  78.43076923076923
165  78.70117647058824
166  78.91238317757009
167  79.27142857142857
168  79.48463356973996
169  79.75382803297998
170  79.90995260663507
171  80.33451957295374
172  80.55359246171967
173  80.84588235294117
174  81.18991793669402
175  81.43345111896349
176  81.64970414201183
177  81.96248534583822
178  82.29917550058893
179  82.64970414201183
180  82.29481132075472
181  79.26855123674912
182  77.24129930394432
183  77.5685814771395
184  77.81112398609501
185  78.08352668213458
186  78.34628975265018
187  78.71660859465737
188  79.05509964830011
189  79.33882352941177
190  79.74159907300115
191  79.89964994165695
192  80.20210280373831
193  80.41245593419507
194  80.8362369337979
195  80.99298245614035
196  81.27090694935218
197  77.79302325581395
198  74.97806004618937
199  75.02071346375143
200  75.1907514450867
201  75.5547703180212
202  75.8931475029036
203  76.06025492468135
204  76.43845252051582
205  76.77225433526011
206  77.06271777003484
207  77.30597889800704
208  77.62514551804423
209  77.81828703703704
210  78.0475638051044
211  78.40840140023337
212  78.55594405594405
213  78.8
214  79.03395784543325
215  79.47921478060046
216  79.55040556199305
217  79.90751445086705
218  80.02988505747126
219  80.41279069767442
220  80.55040556199305
221  80.82718894009217
222  80.97902097902097
223  81.4090909090909
224  81.61260210035006
225  81.87006960556845
226  82.07134502923977
227  81.50998824911868
228  78.08372093023256
229  76.25058548009368
230  76.39811542991755
231  76.68218859138533
232  76.84093567251462
233  77.34592680047226
234  77.52558139534884
235  77.83990719257541
236  77.98603026775321
237  78.34628975265018
238  78.57839721254355
239  78.83990719257541
240  78.97212543554006
241  79.37616822429906
242  79.76967592592592
243  79.90360046457607
244  80.01748251748252
245  80.51808634772462
246  80.55296856810244
247  80.93713620488941
248  81.0536756126021
249  81.43024618991794
250  81.54098360655738
251  81.98472385428907
252  82.39507620164126
253  82.45955451348183
254  82.87369640787949
255  83.10446009389672
256  83.50353773584905
257  83.64193168433451
258  83.50071123755335
259  83.50071123755335
260  83.50071123755335
261  80.19318181818181
262  80.19318181818181
263  79.35543278084714
264  79.7948350071736
265  80.10969387755102
266  80.52682926829269
267  80.7090694935218
268  81.34772462077012
269  81.72759022118743
270  82.01050175029171
271  82.35689045936395
272  82.68684516880093
273  83.00581395348837
274  83.42370892018779
275  83.7560975609756
276  83.98722415795586
277  84.51282051282051
278  84.79326364692218
279  85.06046511627908
280  85.4539089848308
281  85.40303738317758
282  82.39649122807018
283  82.32906976744187
284  82.49476135040744
285  82.77408256880734
286  83.19102416570772
287  83.36817653890824
288  83.7919540229885
289  83.8722669735328
290  84.18937644341801
291  82.80619266055047
292  78.91723356009071
293  77.06841505131129
294  77.15981735159818
295  77.7309007981756
296  77.83904109589041
297  78.05051664753157
298  78.35414301929626
299  78.71510297482837
300  78.88100686498856
301  79.0950744558992
302  79.57534246575342
303  79.648
304  80.00115606936416
305  80.41522491349481
306  80.65402298850574
307  80.88194444444444
308  81.10995370370371
309  81.54566473988439
310  81.80301274623406
311  81.98263888888889
312  82.44611819235226
313  82.84965034965035
314  82.98255813953489
315  83.47846332945285
316  83.69965075669383
317  83.95081967213115
318  84.28755868544602
319  84.51405152224824
320  84.79083431257344
321  84.79083431257344
322  80.42555685814771
323  78.61260210035006
324  78.90941176470588
325  79.2576112412178
326  79.44665885111371
327  79.80233918128656
328  80.09836065573771
329  80.41217798594847
330  80.87839433293979
331  81.23764705882353
332  81.39929328621908
333  81.57429245283019
334  81.81442080378251
335  82.16056670602126
336  82.36915887850468
337  82.5130023640662
338  82.6627358490566
340  80.26690391459074
341  80.36717827626919
342  80.61229314420804
343  80.97287735849056
344  81.22911694510739
345  81.38534278959811
346  81.53206650831353
347  81.77234803337306
348  82.23150357995226
349  82.31698564593302
350  82.54469606674613
351  82.6422569027611
352  83.07664670658683
353  83.23444976076556
354  83.50776583034647
355  83.6422569027611
356  83.94565217391305
357  84.27524038461539
358  84.53864734299516
359  84.7509068923821
360  85.15802171290711
361  84.66304347826087
362  81.66745562130177
363  80.37589498806683
364  80.52906287069987
365  80.81582054309327
366  81.26991676575506
367  81.49047619047619
368  81.83947681331748
369  82.19239904988123
370  82.31264916467781
371  82.58551068883611
372  82.76190476190476
373  83.19427890345649
374  83.24582338902148
375  83.65119047619048
376  82.80023781212842
377  79.64783653846153
378  78.18712753277711
379  78.41296518607443
380  78.58452380952382
381  78.88165680473372
382  79.36943441636582
383  79.5310262529833
384  79.9225181598063
385  80.18379685610641
386  80.49403341288783
387  80.56428571428572
388  80.9497005988024
389  81.29032258064517
390  81.41001191895113
391  81.64642857142857
392  81.90226460071514
393  82.38351254480287
394  82.5107398568019
395  82.73008323424494
396  83.02628434886499
397  83.38066825775657
398  83.56227758007117
399  83.51370679380214
400  80.87868080094229
401  80.3625450180072
402  80.52251184834124
403  80.76061320754717
404  81.1255980861244
405  81.35308056872037
406  81.54804270462634
407  81.86508875739645
408  82.26872770511297
409  82.37380952380953
410  82.87825059101655
411  83.05952380952381
412  83.30677764565993
413  83.47697756788666
414  83.72911694510739
415  84.0442054958184
416  84.33451957295374
417  84.54869358669833
418  84.71971496437055
419  83.34045077105576
420  80.65917159763313
421  80.65917159763313
422  80.92631578947369
423  81.26547619047619
424  81.52296819787986
425  81.71680376028202
426  82.1779359430605
427  82.33253873659118
428  82.82762691853601
429  83.14946619217082
430  83.30083234244947
431  83.48165680473373
432  83.66388557806913
433  84.06880189798339
434  84.29482551143201
435  84.51251489868892
436  84.69434416365824
437  85.22328931572629
438  85.33452807646356
439  85.474251497006
440  85.73397823458284
441  86.03026634382567
442  86.26196172248804
443  86.4476534296029
444  86.51022864019254
445  84.19614921780986
446  81.4958283671037
447  81.4958283671037
448  81.75392038600724
449  82.0947242206235
450  82.30372148859544
451  82.41536614645858
452  82.6938775510204
453  82.84844868735084
454  83.20652173913044
455  83.28297362110311
456  83.57706093189964
457  83.71274038461539
458  83.96480582524272
459  84.22328931572629
460  84.2464114832536
461  84.52455089820359
462  84.68072289156626
463  84.92952612393681
464  85.16987951807229
465  85.22328931572629
466  85.64663461538461
467  85.68072289156626
468  84.33013205282113
469  82.3577430972389
470  82.19832735961768
471  82.22634730538923
472  82.61620977353992
473  82.71445639187574
474  83.0963139120095
475  83.31971153846153
476  83.51190476190476
477  83.62796208530806
478  83.85322195704057
479  84.1909307875895
480  84.20908004778973
483  82.19880952380953
484  82.21692491060787
485  82.47686832740213
486  82.60047562425683
487  82.73365041617123
488  82.95078031212485
489  83.24970131421745
490  83.46318289786224
491  83.60047562425683
492  83.6984505363528
493  83.93990384615384
494  84.1779359430605
495  84.25417661097852
496  84.42266824085006
497  84.54437869822485
498  84.71702637889689
499  84.9975845410628
500  85.22142857142858
501  85.31904761904762
502  85.58971291866028
503  85.676293622142
504  85.96246973365618
505  86.1140456182473
506  86.1140456182473
507  83.57669441141498
508  81.52725118483413
509  81.65
510  82.15504807692308
511  82.23923444976077
512  82.48748510131108
513  82.62259615384616
514  83.08
515  83.27811366384522
516  83.45200486026731
517  83.88048780487804
518  83.998778998779
519  84.33778857837181
520  84.43680981595092
521  84.86202686202687
522  84.98533007334963
523  85.30731102850062
524  85.60880503144654
532  85.58736059479554
533  85.90671641791045
534  86.0377358490566
535  86.63682219419924
536  86.80276381909547
537  87.06641604010025
538  87.26641883519207
539  87.68221941992434
540  87.89401496259352
541  88.0832298136646
542  88.3708281829419
549  86.66019417475728
550  86.8768472906404
551  87.17661388550547
552  87.54764776839566
553  87.76670716889429
554  87.98778998778998
555  88.19024390243902
556  88.4228432563791
557  88.75705521472392
558  89.0158924205379
559  89.09325153374233
560  89.24422843256379
565  85.0876350540216
566  85.15338164251207
567  85.5947242206235
568  85.73444976076556
569  86.09415971394517
570  86.3373349339736
571  86.62379807692308
572  86.70419161676647
573  86.98300970873787
574  87.23923444976077
575  87.48259303721488
576  87.68540669856459
577  87.93236714975845
578  88.24550898203593
579  88.62740384615384
580  88.86077481840194
581  88.98300970873787
582  89.20697954271961
583  89.54004854368932
584  89.91616038882138
585  90.0679012345679
586  89.06821705426357
587  88.03916449086162
588  86.84045584045585
589  85.91701244813278
590  85.2954898911353
591  85.56066945606695
592  85.9609375
593  86.34653465346534
594  86.65659008464328
595  86.97469879518073
596  87.30492196878751
597  87.85973397823459
598  87.955042527339
599  88.32893157262905
600  88.58583433373349
601  88.90974729241877
602  89.26730310262529
603  89.40143369175627
604  89.85126964933495
605  90.04589371980677
606  90.43946731234867
607  90.74029126213593
608  91.06385542168675
609  91.43772672309552
610  90.4066985645933
611  87.06078665077473
612  84.87307236061685
613  85.2078853046595
614  85.55197132616487
615  86.13532934131736
616  86.27777777777777
617  86.53571428571429
618  86.84386174016687
619  87.19121140142518
620  87.41973840665874
621  87.72195704057279
622  88.10952380952381
623  88.47149643705463
624  88.75956937799043
625  89.10513739545998
626  89.26309523809523
627  89.5663082437276
628  87.68171021377673
629  83.94366197183099
630  80.86395348837209
631  80.89095127610209
632  81.43325526932084
633  81.78362573099415
634  82.11924439197166
635  82.4232121922626
636  82.70059171597633
637  83.1585798816568
638  83.40962441314554
639  83.59478672985782
640  84.02721893491125
641  84.42312276519667
642  84.71666666666667
643  85.17654028436019
644  85.41992882562278
645  85.6990407673861
646  86.08472553699283
647  86.3479809976247
648  86.53717026378897
649  87.04425837320574
650  87.42548076923077
651  86.52870813397129
652  83.55555555555556
653  83.17298578199052
654  83.19098457888494
655  83.50833333333334
656  83.90361445783132
657  84.28400954653938
658  84.45292014302741
659  85.05042016806723
660  85.25721153846153
661  85.57416267942584
662  85.83052884615384
663  86.2722891566265
664  86.53717026378897
665  86.81265206812652
666  87.2285368802902
667  87.41756919374248
668  87.83843329253367
669  88.25331724969843
670  88.44848484848485
671  88.82029339853301
672  89.19393939393939
673  88.09806295399515
674  84.31899641577061
675  81.50298685782556
676  81.7874852420307
677  82.3233173076923
678  82.75956937799043
679  83.28091236494598
680  83.525748502994
681  84.1688622754491
682  84.33413751507841
683  84.81763285024155
684  85.25511432009627
685  85.75238095238095
686  86.26932367149759
687  86.43184559710494
688  86.90481927710843
689  87.23913043478261
690  87.59352517985612
691  88.01094890510949
692  88.31971153846153
693  88.7090909090909
694  89.0672268907563
695  89.43855421686747
696  89.87941534713764
697  89.99515738498789
698  90.44444444444444
699  90.81378476420798
700  90.82439024390244
701  87.48684210526316
702  84.61393152302243
703  85.19024970273485
704  85.4249699879952
705  85.63733650416171
706  86.19880239520958
707  86.33930704898447
708  86.64004767580452
709  87.12128418549347
710  87.32100238663485
711  87.37245508982036
712  87.9481302774427
713  88.22009569377991
714  88.39015606242496
715  88.66067146282974
716  88.96518607442977
717  89.21901323706378
718  89.49635922330097
719  89.81652490887
720  89.94768856447689
721  90.04363636363637
722  87.32095808383234
723  84.68961352657004
724  84.47158403869408
725  84.5906362545018
726  84.81632653061224
727  85.28263473053892
728  85.55928143712575
729  85.80502392344498
730  86.34251497005988
731  86.45913461538461
732  86.81055155875299
733  87.06842737094838
734  87.3220747889023
735  87.65024038461539
736  87.93187347931874
737  88.28349282296651
738  88.43802647412755
739  88.8678787878788
740  89.1159420289855
741  89.3625450180072
742  89.56453558504222
749  88.22275449101797
750  88.42446043165468
751  88.63865546218487
752  88.9635922330097
753  89.19617224880383
754  89.37575030012005
755  89.65333333333334
756  90.00967351874245
757  90.35946924004826
758  90.69975490196079
759  90.86012269938651
760  91.21167883211679
761  91.4760736196319
762  91.87116564417178
763  92.0
764  92.41911764705883
765  92.95522388059702
766  92.84529702970298
767  90.58444714459296
768  89.90012180267966
769  90.11057108140947
770  90.47130647130648
771  90.82410824108241
772  90.94614443084456
773  91.19235511713933
774  91.87975460122699
775  92.08108108108108
776  92.54434993924666
777  91.66425120772946
778  90.15366146458584
779  88.8014440433213
780  88.82168674698795
781  88.95006090133982
782  89.0882708585248
783  89.52121212121212
784  89.78308823529412
785  89.94840294840294
786  90.08641975308642
787  90.4506329113924
788  90.71929824561404
789  90.82115869017632
790  91.05648267008986
791  91.30090791180285
792  91.67941952506597
793  91.85695187165776
794  91.99327052489906
795  92.44743935309972
796  92.62650602409639
797  92.72155287817938
798  92.93098782138024
799  93.17493112947659
800  93.53171390013495
801  93.79301075268818
802  94.01226158038148
803  94.16575342465754
804  94.24242424242425
805  91.3249001331558
806  88.29644268774703
807  85.90956072351422
808  85.79715762273902
809  86.02083333333333
810  86.69896640826873
811  87.00647668393782
812  87.45454545454545
813  87.84516129032258
814  88.20181112548512
815  88.55756791720569
816  88.86469072164948
817  89.15512820512821
818  89.63706563706563
819  90.06632653061224
820  90.35064935064935
821  90.88357050452781
822  90.99613402061856
823  91.50845253576072
824  91.78497409326425
825  92.10492227979275
826  92.55176933158585
827  92.4261658031088
828  87.2610340479193
829  83.34487021013597
830  83.52428393524283
831  83.90656565656566
832  84.35382685069008
833  84.89100126742713
834  85.16100628930818
835  85.72040302267003
836  86.1765447667087
837  86.7741116751269
838  87.03675538656528
839  87.66032953105197
840  88.00252844500632
841  88.42659974905897
842  88.77455919395466
843  89.0375939849624
844  89.57888040712469
845  90.01005025125629
846  90.47553324968632
847  90.92587939698493
848  91.21166032953106
849  91.86421319796955
850  92.20965692503177
851  92.52692307692308
852  92.55479452054794
853  88.5
854  88.5
855  88.5
856  88.5
857  88.5
858  88.5
859  88.5
860  77.65555555555555
861  77.77427821522309
862  78.76539101497504
863  79.84354628422425
864  80.31226765799256
865  80.90060606060607
866  81.44254278728606
867  81.96630565583634
868  82.48727272727272
869  83.02521008403362
870  83.58716707021792
871  84.19541616405307
872  84.9642431466031
873  85.43165467625899
874  86.00601684717208
875  86.39423076923077
876  86.84717208182911
877  87.40963855421687
878  87.78922155688623
879  88.39445114595898
880  88.63888888888889
881  89.37530266343826
882  89.56865127582017
883  90.18909090909091
884  90.53963838664812
885  89.93201133144476
886  89.93201133144476
887  89.93201133144476
888  89.93201133144476
889  89.93201133144476
890  89.93201133144476
891  89.93201133144476
892  75.5
893  75.95114006514657
894  76.37826086956522
895  77.24715447154472
896  77.77279102384291
897  78.26343381389253
898  79.08812729498165
899  79.45631067961165
900  80.15595238095239
901  80.48028673835125
902  80.95076201641267
903  81.39495798319328
904  81.91431924882629
905  82.39545997610514
906  82.73959571938168
907  83.39109506618531
908  83.91834319526627
909  84.41007194244604
910  84.88438617401668
911  85.3577430972389
912  85.75392038600724
913  86.3437876960193
914  86.67064439140812
915  87.02053140096618
916  87.75301204819277
917  88.04453441295547
918  88.16666666666667
919  88.16666666666667
920  88.16666666666667
921  88.16666666666667
922  88.16666666666667
923  88.16666666666667
924  88.16666666666667
925  88.16666666666667
926  88.16666666666667
927  88.16666666666667
928  88.16666666666667
931  71.86569872958258
932  72.37664233576642
933  73.14973958333333
934  73.85279805352798
935  74.44121212121212
936  75.04778972520909
937  75.35808383233532
938  75.81370192307692
939  76.31736526946108
940  76.73571428571428
941  77.31747919143876
942  77.87990487514864
943  78.48798076923077
944  78.91586538461539
945  79.52100840336135
946  80.01587301587301
947  80.49461077844312
948  80.87970838396112
949  81.39928057553956
950  81.79277108433735
951  82.32095808383234
952  83.16448152562575
953  83.53373493975904
954  84.16826923076923
955  84.62996158770807
956  84.91538461538461
957  84.91538461538461
958  84.91538461538461
959  84.91538461538461
960  84.91538461538461
961  84.91538461538461
962  84.91538461538461
963  84.91538461538461
964  84.91538461538461
965  84.91538461538461
966  85.39946380697052
967  85.87067395264117
968  86.73596358118361
969  87.75392670157068
970  88.11138923654568
971  88.4629404617254
972  89.0850546780073
973  89.41475211608223
974  89.95980511571254
975  90.26193390452876
976  90.91625
977  89.03667481662592
978  81.59610705596107
979  81.06731946144431
980  81.27636363636364
981  81.72969696969697
982  82.34750911300121
983  82.70537897310514
984  83.28380024360536
985  83.59877300613496
986  84.22478736330498
987  84.71779141104294
988  85.30996309963099
989  85.66831072749692
990  86.2432098765432
991  86.5
992  86.91228070175438
993  87.38613861386139
994  87.83790523690773
995  88.21098626716605
996  88.85642946317104
997  89.17919799498746
998  89.75124378109453
999  89.92821158690177
1000  87.40221402214023
1001  83.38461538461539
1002  82.67892156862744
1003  83.09215442092155
1004  83.48084054388133
1005  84.23703703703704
1006  84.57213930348259
1007  85.12577833125778
1008  85.51990049751244
1009  85.98494353826851
1010  86.4077306733167
1011  86.98106060606061
1012  87.35910224438902
1013  87.84130982367758
1014  88.47607052896726
1015  88.9280303030303
1016  89.3240506329114
1017  89.88931297709924
1018  90.21895006402049
1019  90.21895006402049
1020  86.12736443883985
1021  81.96319796954315
1022  78.29156010230179
1023  78.58673469387755
1024  79.10732323232324
1025  79.6390977443609
1026  80.04385964912281
1027  80.56413449564134
1028  81.05764411027569
1029  81.48702101359703
1030  81.85857321652065
1031  82.41891891891892
1032  83.04255319148936
1033  83.56024844720497
1034  83.97128589263421
1035  84.44845360824742
1036  84.84626436781609
1037  85.12026726057907
1038  85.12026726057907
1039  85.12026726057907
1040  85.12026726057907
1041  85.12026726057907
1042  85.12026726057907
1043  85.12026726057907
1044  85.12026726057907
1045  85.12026726057907
1046  85.12026726057907
1047  88.52768729641694
1048  90.03598971722366
1049  90.38376383763837
1050  91.08603896103897
1051  92.05727554179566
1052  92.27873563218391
1053  92.93886462882097
1054  93.21751412429379
1055  93.4851904090268
1056  94.06818181818181
1057  94.21397379912663
1058  94.72545757071548
1059  94.96703296703296
1060  94.1907894736842
1061  94.1907894736842
1062  94.1907894736842
1063  94.1907894736842
1064  94.1907894736842
1065  94.1907894736842
1066  94.1907894736842
1067  94.1907894736842
1068  94.1907894736842
1069  94.1907894736842
1070  94.1907894736842
1071  94.1907894736842
1072  94.1907894736842
1073  94.1907894736842
1074  94.1907894736842
1075  81.0
1076  80.72843450479233
1077  81.00516795865633
1078  81.85555555555555
1079  82.43703703703704
1080  83.09780775716695
1081  83.9113530326594
1082  84.31277533039648
1083  84.83381088825215
1084  85.46875
1085  86.45418848167539
1086  86.71447196870926
1087  87.23157894736842
1088  87.63459037711313
1089  88.01314060446781
1090  88.47422680412372
1091  88.9373368146214
1092  89.06374501992032
1093  89.61232876712329
1094  90.31818181818181
1095  90.47110332749563
1096  91.02262443438914
1097  88.19559228650138
1098  83.92857142857143
1099  83.92857142857143
1100  83.92857142857143
1101  83.92857142857143
1102  83.92857142857143
1103  83.92857142857143
1104  83.92857142857143
1105  83.92857142857143
1106  83.92857142857143
1107  83.92857142857143
1108  76.5
1109  76.49586776859505
1110  77.12137203166228
1111  77.71428571428571
1112  78.3237639553429
1113  78.9402332361516
1114  79.54329608938548
1115  80.10562414266118
1116  80.6313672922252
1117  81.1439894319683
1118  81.55078125
1119  82.08118556701031
1120  82.95454545454545
1121  83.35257214554579
1122  83.91645569620253
1123  84.48029556650246
1124  84.96491228070175
1125  85.45935960591133
1126  86.10972568578553
1127  86.50184956843403
1128  86.99259259259259
1129  87.77832512315271
1130  88.08663366336634
1131  88.51901840490798
1132  89.06483790523691
1133  89.28070175438596
1134  89.90125
1135  90.29396984924622
1136  90.88350785340315
1137  90.88927335640139
1138  90.88927335640139
1139  90.88927335640139
1140  90.88927335640139
1141  90.88927335640139
1142  90.88927335640139
1143  90.88927335640139
1144  90.88927335640139
1146  86.4927536231884
1147  87.82914572864321
1148  88.72714078374456
1149  89.16776750330251
1150  89.74780426599749
1151  90.12317073170732
1152  90.56646706586827
1153  91.06041923551172
1154  91.37331701346389
1155  91.94074074074074
1156  92.56985294117646
1157  93.07213930348259
1158  93.24283935242839
1159  91.21936274509804
1160  86.16483516483517
1161  81.44363636363636
1162  77.7524154589372
1163  77.83115338882283
1164  77.98194945848375
1165  78.86851628468034
1166  79.29040097205346
1167  79.60242424242425
1168  80.21020656136088
1169  80.5
1170  81.15
1171  81.50181818181818
1172  82.00966183574879
1173  82.35042735042735
1174  83.13235294117646
1175  83.44579780755177
1176  83.99138991389914
1177  84.1659125188537
1178  84.1659125188537
1179  84.1659125188537
1180  84.1659125188537
1181  84.1659125188537
1182  84.1659125188537
1183  84.1659125188537
1184  84.1659125188537
1185  84.1659125188537
1186  84.1659125188537
1187  84.1659125188537
1189  80.37333333333333
1190  81.18716577540107
1191  82.12034383954155
1192  82.64133333333334
1193  83.46114649681529
1194  83.74042027194066
1195  84.33537331701346
1196  84.59587378640776
1197  85.28258221680878
1198  85.70096852300242
1199  86.31203931203932
1200  86.8
1201  87.32558139534883
1202  86.08271604938271
1203  82.0
1204  80.63734939759036
1205  81.01597051597052
1206  81.41075794621027
1207  81.771567436209
1208  82.31901840490798
1209  82.71931956257595
1210  83.18849449204406
1211  83.36519607843137
1212  83.69756097560976
1213  84.0
1214  84.375
1215  84.67439024390244
1216  85.0309405940594
1217  85.24724602203182
1218  85.72298136645962
1219  85.91143911439114
1220  82.49088699878493
1221  78.48840048840049
1222  77.36529126213593
1223  77.44457978075518
1224  77.65450121654501
1225  78.13186813186813
1226  78.41880341880342
1227  78.81463414634146
1228  79.23926380368098
1229  79.59046454767726
1230  79.92988929889299
1231  80.28905289052891
1232  80.54054054054055
1233  81.01854140914709
1234  81.29099876695437
1235  81.74567901234568
1236  82.41523341523342
1237  82.74567901234568
1238  83.05276381909547
1239  83.33785450061653
1240  83.83208955223881
1241  84.23975155279503
1242  84.53325123152709
1243  84.94855708908406
1244  85.26335403726708
1245  85.44088669950739
1253  82.55337423312884
1254  83.10648714810281
1255  83.56638246041413
1256  83.80073349633251
1257  84.32600732600733
1258  84.6928746928747
1259  85.18635809987819
1260  85.55139056831922
1261  85.8135593220339
1262  86.56121212121212
1263  87.053152039555
1264  87.05697151424287
1265  87.05697151424287
1266  87.05697151424287
1267  87.05697151424287
1268  87.05697151424287
1269  87.05697151424287
1270  87.05697151424287
1272  84.12320916905445
1273  85.01890359168242
1274  85.41167434715821
1275  86.2153635116598
1276  86.54303797468354
1277  86.72872996300863
1278  87.32928311057108
1279  87.5954381752701
1280  88.25855962219599
1281  88.40794223826715
1282  88.7065868263473
1283  89.12621359223301
1284  89.42512077294685
1285  89.65467625899281
1286  90.03645200486027
1287  90.3869407496977
1288  90.77289377289377
1289  91.38841978287093
1290  91.60340632603406
1291  92.02554744525547
1292  92.38841978287093
1293  92.83863080684597
1294  93.11808118081181
1295  92.79458794587946
1296  88.13452380952381
1297  83.86288416075651
1298  82.49522673031026
1299  82.74204946996467
1300  83.29787234042553
1301  83.58125741399763
1302  84.23557126030624
1303  84.5526627218935
1304  85.12619047619047
1305  85.47405660377359
1306  85.91509433962264
1307  86.44431279620854
1308  86.74047619047619
1309  87.30455635491607
1310  87.56413301662708
1311  88.01447527141134
1312  88.33492822966507
1313  88.66267942583733
1314  89.0496368038741
1315  89.32048192771084
1316  89.94505494505495
1317  90.163215590743
1318  90.82603406326034
1319  90.96695226438189
1320  91.43430656934306
1321  91.86232790988736
1322  92.09840098400984
1323  92.36034912718205
1324  92.97128589263421
1325  93.32581453634086
1326  93.92201257861635
1327  94.02377972465582
1328  94.58089171974522
1329  94.8139240506329
1330  95.14875
1331  95.68553459119497
1332  95.69298245614036
1333  95.69298245614036
1334  95.69298245614036
1335  95.69298245614036
1336  95.69298245614036
1337  95.69298245614036
1338  95.69298245614036
1339  95.69298245614036
1340  95.69298245614036
1341  95.69298245614036
1342  95.69298245614036
1344  87.06112469437653
1345  87.64358108108108
1346  88.24320457796853
1347  88.892247043364
1348  89.4
1349  89.8014440433213
1350  90.22759433962264
1351  91.07109004739337
1352  91.41379310344827
1353  91.9081015719468
1354  92.20727272727272
1355  92.98408812729498
1356  93.29693251533742
1357  93.80853658536586
1358  94.1990231990232
1359  94.58663366336634
1360  95.35079171741778
1361  95.99756394640683
1362  96.43084455324357
1363  96.91906005221932
1364  96.90723562152134
1365  96.90723562152134
1366  96.90723562152134
1367  96.90723562152134
1368  96.90723562152134
1369  96.90723562152134
1370  96.90723562152134
1371  96.90723562152134
1372  96.90723562152134
1373  96.90723562152134
1374  96.90723562152134
1375  88.52970297029702
1376  90.58974358974359
1377  90.8762088974855
1378  91.92995529061103
1379  92.52861035422343
1380  93.24869109947645
1381  93.62658227848101
1382  94.11083437110834
1383  94.55652173913043
1384  94.94906832298136
1385  95.42214111922141
1386  95.77027027027027
1387  96.35128518971848
1388  96.80442804428044
1389  96.97901234567901
1390  97.61982434127981
1391  97.89343246592317
1392  98.13636363636363
1393  98.7450248756219
1394  98.84798994974875
1395  96.3390452876377
1396  93.32305795314427
1397  93.73551637279597
1398  94.06741573033707
1399  94.37688442211055
1400  94.83016476552598
1401  95.02010050251256
1402  95.55203045685279
1403  95.68702290076335
1404  96.33291298865069
1405  96.67560664112389
1406  96.8743654822335
1407  97.17684478371501
1408  97.66414141414141
1409  97.78481012658227
1410  97.92045454545455
1411  98.5253807106599
1412  98.64194373401534
1413  99.31105398457584
1414  99.55269922879177
1415  99.75286624203821
1416  100.2751937984496
1417  100.26338639652677
1418  96.66959064327486
1419  96.66959064327486
1420  96.66959064327486
1421  96.66959064327486
1422  96.66959064327486
1423  96.66959064327486
1424  96.66959064327486
1425  96.66959064327486
1426  96.66959064327486
1427  80.30962343096235
1428  81.01160092807424
1429  81.41554054054055
1430  81.8887262079063
1431  82.71736375158429
1432  83.22704714640199
1433  83.5079754601227
1434  83.9782345828295
1435  84.36529126213593
1436  84.79161528976572
1437  85.15337423312883
1438  85.40484848484849
1439  85.92733990147784
1440  86.36474908200735
1441  86.85643564356435
1442  87.09529702970298
1443  87.47160493827161
1444  87.97297297297297
1445  87.71649484536083
1446  87.71649484536083
1447  87.71649484536083
1448  87.71649484536083
1449  87.71649484536083
1450  87.71649484536083
1451  87.71649484536083
1452  87.71649484536083
1453  87.71649484536083
1454  87.71649484536083
1455  87.71649484536083
1456  82.978886756238
1457  83.7398753894081
1458  84.60657894736842
1459  85.07393483709274
1460  85.4564417177914
1461  85.84878048780487
1462  86.25696969696969
1463  86.64171779141104
1464  87.05773955773955
1465  87.57160194174757
1466  88.0752427184466
1467  88.60927960927961
1468  89.01835985312117
1469  89.41104294478528
1470  89.83436341161928
1471  90.17733990147784
1472  90.26687116564418
1473  90.26687116564418
1474  90.26687116564418
1475  90.26687116564418
1476  90.26687116564418
1477  90.26687116564418
1478  90.26687116564418
1479  90.26687116564418
1480  90.26687116564418
1481  90.26687116564418
1482  90.26687116564418
1483  90.26687116564418
1484  90.26687116564418
1485  90.26687116564418
1487  85.43894389438944
1488  86.03168044077135
1489  86.50190114068441
1490  87.05217391304348
1491  87.45145631067962
1492  87.91851851851852
1493  88.51810237203496
1494  88.95550061804697
1495  89.24783147459728
1496  89.78704856787049
1497  90.07911001236094
1498  90.20880503144654
1499  86.78914919852035
1500  84.40514075887393
