1  96.86206896551724
2  96.9845422116528
3  96.95221027479093
4  95.95704057279237
5  95.3755980861244
7  95.34657039711192
8  95.42174432497013
9  95.44576877234803
10  95.45238095238095
11  95.45238095238095
12  95.49406175771972
14  95.53003533568905
15  95.63583138173303
16  95.68315665488811
17  95.75710900473933
18  95.822695035461
19  95.85897435897436
20  95.9033760186263
21  95.93720930232558
22  95.3943661971831
23  93.92956120092379
24  94.03002309468822
25  94.08604651162791
27  94.15869311551926
28  94.30941176470589
29  94.33254994124559
30  94.44093567251463
31  94.49182242990655
32  94.51455180442375
33  94.51688009313155
34  94.60419091967404
36  94.69555035128806
37  94.86299765807962
38  94.9322429906542
39  94.9616724738676
40  95.01985981308411
41  95.05128205128206
42  95.21052631578948
43  95.38837209302325
44  95.51108518086347
45  95.51108518086347
46  95.76074332171893
47  95.79767441860466
48  95.81881533101046
49  95.89614935822637
50  95.95375722543352
51  95.99651162790698
52  96.27336448598132
53  96.27336448598132
54  96.42276422764228
55  96.58468677494199
56  96.71842410196987
57  96.77970011534026
58  97.05581395348838
59  97.14201877934272
60  97.0241116751269
61  96.06203007518798
62  92.5
63  92.5
64  92.5
65  92.5
66  92.5
67  92.5
68  85.71681415929204
69  86.60677083333333
70  87.31610337972167
71  88.06484641638225
72  88.3943028485757
73  88.82717678100263
74  88.92875
75  89.0433734939759
76  89.15602836879432
77  89.39669421487604
78  89.4605418138987
79  89.77633136094674
80  89.85290628706998
81  89.89716312056737
82  89.99289940828402
83  90.04898446833931
84  90.11890606420927
85  90.11890606420927
86  90.14868105515588
88  90.14213836477987
89  89.99014084507043
90  88.84444444444445
91  88.84444444444445
92  88.84444444444445
93  88.84444444444445
94  88.84444444444445
95  88.84444444444445
96  88.84444444444445
97  88.84444444444445
98  88.84444444444445
99  88.84444444444445
100  88.84444444444445
101  88.84444444444445
102  88.84444444444445
103  88.84444444444445
104  88.84444444444445
105  88.84444444444445
106  88.84444444444445
107  88.84444444444445
108  88.84444444444445
109  88.84444444444445
110  88.84444444444445
111  94.04385964912281
112  95.04054054054055
114  95.11764705882354
115  95.29818181818182
116  95.44186046511628
120  95.37853773584905
122  95.5314353499407
123  95.5453460620525
124  95.5491124260355
128  95.56117647058824
129  95.56117647058824
130  95.64497041420118
131  95.67899761336515
132  95.75796930342385
133  95.85493460166468
134  96.20381406436233
135  96.48051948051949
136  96.60786650774732
137  96.7205707491082
138  96.73118279569893
142  96.76877234803337
144  96.9049338146811
145  96.91445783132531
146  96.96630565583635
147  97.00240673886884
148  97.08363636363637
150  97.13260340632604
151  97.26207729468598
152  97.35011990407673
153  97.55822328931572
154  97.63397129186603
155  97.74700239808153
156  97.86570743405275
157  97.97836538461539
158  98.04562737642586
159  97.65517241379311
160  95.9247572815534
161  93.90090090090091
162  93.90090090090091
163  93.90090090090091
164  92.06153846153846
165  92.10833333333333
166  92.89390962671905
167  93.38994800693241
168  93.78402366863905
169  93.8716577540107
170  93.97657213316893
171  94.00244200244201
172  93.95848161328588
173  93.80327868852459
174  93.7116060961313
175  93.5011655011655
176  93.43735498839906
177  93.33060747663552
179  93.34109429569267
180  93.33566433566433
181  93.39580908032596
182  93.6561403508772
183  93.68464243845251
184  93.98354876615747
185  94.01172332942555
186  94.0732558139535
187  94.12163742690059
188  94.35472578763127
189  94.5076201641266
190  94.79599056603773
191  95.0139534883721
192  95.2039627039627
193  95.43313609467455
194  95.58913813459267
195  95.88954171562867
196  96.11812865497076
197  96.48061104582844
199  96.67924528301887
200  96.862837045721
201  97.03575547866205
202  97.16430260047281
203  97.30678851174935
204  97.0492700729927
205  94.63076923076923
206  94.63076923076923
207  94.63076923076923
208  94.63076923076923
209  94.63076923076923
210  94.63076923076923
211  94.63076923076923
212  94.63076923076923
213  94.63076923076923
214  94.63076923076923
215  94.63076923076923
216  94.63076923076923
217  94.63076923076923
218  91.39669421487604
219  91.65606936416185
220  92.744
221  93.24186046511628
222  93.64257028112449
223  93.86691086691087
224  94.18799546998868
225  94.26993166287016
226  94.31596828992072
227  94.41415313225058
228  94.72906976744186
229  94.77997671711292
230  95.00463499420626
231  95.39673278879813
232  95.56890459363957
233  96.13372093023256
234  96.35314685314685
235  92.83352337514253
236  87.75973303670746
237  82.66741321388578
238  78.27262569832402
239  76.71220604703248
240  77.18283166109254
241  77.75444444444445
242  78.48333333333333
243  79.11333333333333
244  79.53118040089088
245  80.19111111111111
246  80.53914988814317
247  81.25860155382908
248  81.44260485651215
249  81.95632698768198
250  82.41536748329621
251  82.50448430493273
252  82.83668903803132
253  83.04245810055866
254  83.22998872604285
255  83.2638731596829
256  83.39550264550265
257  81.81935483870967
258  81.81935483870967
259  81.81935483870967
260  81.81935483870967
261  81.81935483870967
262  81.81935483870967
263  81.81935483870967
264  81.81935483870967
265  81.81935483870967
266  81.81935483870967
267  81.81935483870967
268  81.81935483870967
269  81.81935483870967
270  81.81935483870967
271  81.81935483870967
272  81.81935483870967
273  81.81935483870967
274  81.81935483870967
275  81.81935483870967
276  81.81935483870967
277  81.81935483870967
278  81.81935483870967
279  81.81935483870967
280  81.81935483870967
281  81.81935483870967
282  81.81935483870967
283  81.81935483870967
284  81.81935483870967
285  81.81935483870967
286  81.81935483870967
287  81.81935483870967
288  81.81935483870967
289  81.81935483870967
290  81.81935483870967
291  81.81935483870967
292  81.81935483870967
293  81.81935483870967
294  81.81935483870967
295  81.81935483870967
296  81.81935483870967
297  81.81935483870967
298  81.81935483870967
299  81.81935483870967
300  81.81935483870967
301  81.81935483870967
302  81.81935483870967
303  81.81935483870967
304  81.81935483870967
305  81.81935483870967
306  81.81935483870967
307  81.81935483870967
308  81.81935483870967
309  81.81935483870967
310  81.81935483870967
311  81.81935483870967
312  81.81935483870967
313  81.81935483870967
314  81.81935483870967
315  81.81935483870967
316  81.81935483870967
317  81.81935483870967
318  81.81935483870967
319  81.81935483870967
320  81.81935483870967
321  81.81935483870967
322  81.81935483870967
323  81.81935483870967
324  81.81935483870967
325  81.81935483870967
326  81.81935483870967
327  81.81935483870967
328  81.81935483870967
329  81.81935483870967
330  81.81935483870967
331  81.81935483870967
332  81.81935483870967
333  81.81935483870967
334  81.81935483870967
335  81.81935483870967
336  81.81935483870967
337  81.81935483870967
338  81.81935483870967
339  81.81935483870967
340  81.81935483870967
341  81.81935483870967
342  81.81935483870967
343  81.81935483870967
344  81.81935483870967
345  81.81935483870967
346  81.81935483870967
347  81.81935483870967
348  81.81935483870967
349  82.63821138211382
350  83.749430523918
351  84.57833333333333
352  85.31182795698925
353  85.46933667083854
354  85.7277108433735
355  85.97836538461539
356  86.33090909090909
357  86.44214372716199
358  86.62056303549572
359  86.830900243309
360  87.00604594921403
361  87.17396593673966
362  87.45030674846626
363  87.55691554467565
364  87.58363858363859
365  87.79339853300733
366  88.2669126691267
367  88.31358024691357
368  88.47239263803681
369  88.57772337821298
370  88.74722564734896
371  88.82164821648216
372  89.22332506203475
373  89.24223602484471
374  89.39603960396039
375  89.64241676942046
376  89.75930521091811
377  89.86708074534161
378  90.07673267326733
379  90.20148331273177
380  90.39307787391841
381  90.39307787391841
382  87.16829268292683
383  83.89721886336154
384  83.88526570048309
385  83.99757575757576
386  84.2639902676399
387  84.31868131868131
388  84.44282238442823
389  84.5890243902439
390  84.83170731707317
391  84.96610169491525
392  85.32843137254902
393  85.49938800489596
394  85.63048780487804
395  85.74418604651163
396  85.97665847665847
397  86.27791563275434
398  86.29739776951673
399  86.50307503075031
400  86.5879458794588
401  86.97916666666667
402  87.14407814407815
403  87.25091799265606
404  87.43137254901961
405  87.45054945054945
406  87.64058679706602
407  87.78036809815951
408  88.0036496350365
409  88.25243902439024
410  88.46398046398046
411  88.59290953545232
412  88.75672371638142
413  88.86585365853658
414  88.79415347137638
415  86.49759615384616
416  86.35244922341697
417  86.41056422569028
418  86.43285371702638
419  86.65066026410564
420  86.77060931899642
421  87.04285714285714
422  87.08523409363745
423  87.2339393939394
424  87.4004854368932
425  87.43325242718447
426  87.65980629539952
427  87.67878787878787
428  87.87349397590361
429  87.94124700239809
430  88.3483556638246
431  88.48121212121212
432  88.53454545454545
433  88.64891041162228
434  88.68878166465622
435  89.02181818181818
436  89.03869407496977
441  86.28281622911695
442  86.50785973397824
443  86.6384522370012
444  86.73734939759036
445  86.92491060786651
446  87.40096038415366
447  87.44856459330144
448  87.61694510739856
449  87.83809523809524
450  87.81997533908755
451  87.76254180602007
452  86.50731707317073
453  86.50731707317073
454  86.50731707317073
455  86.50731707317073
456  86.50731707317073
457  86.50731707317073
458  85.15277777777777
459  85.71655328798185
460  86.48901098901099
461  86.78382581648522
462  87.23521320495186
463  87.64086294416244
464  87.86151960784314
465  88.01796407185628
466  88.16090584028605
467  88.2782401902497
468  88.55622732769045
469  88.62259615384616
470  88.66948130277443
471  88.73109243697479
472  89.17061611374407
473  89.33413173652694
474  89.47009569377991
475  89.54696789536267
476  89.68219832735961
477  89.7437125748503
478  90.05112960761
479  90.20763723150358
480  90.475
481  90.55702280912365
482  90.71411483253588
483  90.85731414868106
484  91.05721096543505
485  91.25659472422062
486  91.31812725090036
487  91.46973365617433
488  91.58091787439614
489  91.68848484848485
490  91.43013365735115
491  87.84389671361502
492  85.38506417736289
493  85.46189917936694
494  85.6553738317757
495  85.72027972027972
496  85.83178654292344
497  85.86961583236321
498  86.12835472578763
499  86.38117647058823
500  86.50526315789473
501  86.58026159334126
502  86.81625441696113
503  86.90414201183432
504  86.95744680851064
511  85.51001177856301
512  85.71812865497076
513  85.89848308051342
514  85.95081967213115
515  86.0469483568075
516  86.17717003567182
517  86.49526066350711
518  86.6073985680191
519  86.69110576923077
520  86.97494033412887
521  87.02741358760429
522  87.19335705812574
523  87.35714285714286
524  87.59833134684148
525  87.82685512367492
526  87.86016451233843
527  88.1304347826087
528  88.38790035587189
529  88.45670225385528
530  88.5112426035503
531  88.79289940828403
532  88.95518867924528
533  89.06139315230224
534  89.31227651966627
535  89.4324644549763
536  89.51017964071856
537  89.7937649880096
538  89.8954326923077
539  90.14097968936679
540  90.2915173237754
541  90.45574162679426
542  90.52168674698795
543  90.73220747889023
544  90.86434573829531
545  91.18922155688622
546  91.36670687575392
547  91.5126050420168
548  91.58777633289986
549  91.56550580431177
550  91.50268336314848
551  89.8676716917923
552  87.44558823529412
553  87.48678720445062
554  87.76923076923077
555  88.04878048780488
556  88.19346733668341
557  88.36117936117937
558  88.59096459096459
559  88.61519903498191
560  88.75329341317365
561  89.12099644128114
562  89.16765755053508
563  89.37873357228196
564  89.50778443113772
565  89.5702280912365
566  89.71599045346062
567  89.87485101311084
568  90.22641509433963
569  90.38388625592417
570  90.55542312276519
571  90.60952380952381
572  90.75417661097852
573  90.81481481481481
574  91.01902497027348
575  91.24052132701422
576  91.31785714285714
577  91.47136038186157
578  91.62709832134293
579  91.82671480144404
580  91.88129496402878
581  91.99517490952955
582  92.35946924004826
583  92.39735894357743
584  92.58203592814371
585  92.73614457831326
586  92.80406212664278
587  92.9868263473054
588  93.18016928657799
589  93.33131067961165
590  93.55077658303465
591  93.81752701080433
592  93.81752701080433
593  93.86706586826347
594  91.31087470449172
595  89.87853773584905
596  90.14097968936679
597  90.20143027413587
598  90.40166865315852
599  90.4934601664685
600  90.6409952606635
602  90.88397129186603
603  90.89820359281437
604  91.20913461538461
605  91.47418967587035
606  91.4891826923077
607  91.72101449275362
608  91.76541717049577
609  91.93599033816425
610  92.0964590964591
611  92.37651331719128
612  92.45223700120918
613  92.56727272727272
614  92.66625916870416
615  92.85609756097561
616  93.08518518518518
617  93.19434194341943
618  93.33333333333333
619  93.46642246642247
620  93.48533007334963
621  93.58557457212714
622  93.76137761377613
623  94.00490196078431
624  94.13844252163165
625  94.30684596577017
626  94.50980392156863
627  94.59046454767726
628  94.6478527607362
629  94.83980582524272
630  94.93939393939394
631  95.25273390036452
632  95.380195599022
633  95.67515151515151
634  95.7673568818514
636  95.90330477356181
637  96.1769801980198
638  96.24753694581281
639  96.29333333333334
640  95.07862903225806
641  95.07862903225806
642  95.07862903225806
643  95.07862903225806
644  95.07862903225806
645  95.07862903225806
646  95.07862903225806
647  95.07862903225806
648  85.92972972972973
649  86.77845528455285
650  87.3813169984686
651  87.6747311827957
652  88.06027060270603
653  88.25956937799043
654  88.3321513002364
655  88.79698375870069
656  88.86681974741676
657  89.05172413793103
658  89.16896551724138
659  89.60228571428571
660  89.61405529953917
661  89.93095512082854
662  89.99083619702176
663  90.1287356321839
664  90.28868360277136
665  90.49883720930232
666  90.79653179190751
667  90.86436781609196
668  91.15862068965517
669  91.26936416184971
670  91.5414235705951
671  91.67640186915888
672  91.81566820276498
673  92.08045977011494
674  92.22183507549362
675  92.34444444444445
676  92.13498098859316
677  90.58333333333333
678  90.58333333333333
679  90.58333333333333
680  90.58333333333333
681  90.58333333333333
682  90.58333333333333
683  90.58333333333333
684  90.58333333333333
685  90.58333333333333
686  90.58333333333333
687  90.58333333333333
688  90.58333333333333
689  90.58333333333333
690  90.58333333333333
691  90.58333333333333
692  90.58333333333333
693  90.58333333333333
694  90.58333333333333
695  90.58333333333333
696  90.58333333333333
697  90.58333333333333
698  85.5
699  85.82119205298014
700  86.55531914893616
701  87.35820895522389
702  87.60857538035961
703  88.20245398773007
704  88.38908659549229
705  88.66783625730994
706  88.76598173515981
707  88.93386545039908
708  89.00703399765533
709  89.12398609501739
710  89.36258660508084
711  89.49941520467836
712  89.78696158323632
713  89.97795823665894
714  90.14367816091954
715  90.25720876585929
716  90.54556074766356
717  90.68266978922716
718  90.86442641946698
719  90.9769053117783
720  91.14831981460023
721  91.45560747663552
722  91.45560747663552
723  91.68414918414918
724  91.68414918414918
725  92.01643192488262
726  92.07602339181287
727  92.36643026004728
728  91.997668997669
729  88.9758064516129
730  88.03456221198157
731  88.13757225433525
732  88.46860465116279
733  88.48135198135198
734  88.65
735  88.8092485549133
736  88.96631823461092
737  89.07359813084112
738  89.30117647058823
739  89.46470588235294
740  89.5480093676815
741  89.67768595041322
742  89.79811097992916
743  90.04122497055359
744  90.2085308056872
745  90.28486293206198
746  90.43764988009592
753  89.77553444180522
754  89.94117647058823
755  89.98701298701299
756  90.42789034564959
757  90.48986889153754
758  90.54502369668246
759  90.57719714964371
760  90.675
761  90.74673008323424
762  90.81481481481481
763  91.20738974970203
764  91.24282296650718
765  91.45011876484561
766  91.46373365041617
767  91.60096153846153
768  91.73596176821984
769  91.49106078665078
770  90.49524940617577
771  90.55331753554502
772  90.67220902612827
773  90.81807372175982
774  91.13674197384067
775  91.19668246445498
776  91.31391200951248
777  91.41260404280618
778  91.48803827751196
779  91.57572115384616
780  91.7391826923077
781  91.8545673076923
782  91.93003618817853
783  91.88848920863309
784  90.04513064133016
785  90.04513064133016
786  90.04513064133016
787  90.1961950059453
788  90.31823599523241
789  90.42330558858502
790  90.50835322195704
791  90.61933174224343
792  90.7497020262217
793  90.87218934911243
794  91.09904534606206
795  91.3098086124402
796  91.44338498212157
797  91.46967895362664
798  91.54988123515439
799  91.6527446300716
800  91.79256594724221
801  92.03712574850299
802  92.26190476190476
803  92.42685851318944
804  92.42685851318944
805  92.53661464585835
806  92.69119420989144
807  91.45597104945718
808  89.76498800959233
809  89.89749702026222
810  90.09964412811388
811  90.35603345280765
812  90.47002398081534
813  90.47002398081534
814  90.57363420427554
815  90.68370986920333
816  90.86004784688996
817  91.00716845878136
818  91.2957244655582
819  91.38690476190476
820  91.46586826347306
821  91.58343337334934
822  91.63100961538461
823  91.74820143884892
824  91.89238210399033
825  92.01571946795647
826  92.27878787878788
827  92.40291262135922
828  92.48536585365854
829  92.54501216545012
830  92.67071688942892
831  92.68932038834951
832  92.7876213592233
833  93.11002444987776
834  93.17380660954713
835  90.61333333333333
836  88.42185663924795
837  88.42185663924795
838  88.50531286894923
839  88.67895362663496
840  88.88416075650119
841  88.9869822485207
842  89.07464454976304
843  89.12366230677765
844  89.4677033492823
845  89.62304921968787
846  89.80884109916369
847  89.91824644549763
848  90.1353919239905
849  90.32777115613825
850  90.51923076923077
851  90.54241338112305
852  90.73715651135007
853  90.78571428571429
854  91.14608076009502
855  91.38415366146458
856  91.47836538461539
857  91.62440758293839
858  91.71957040572792
859  91.9437125748503
860  92.22673031026252
861  92.33652694610778
862  92.5179856115108
863  92.63189448441247
864  92.55582232893157
865  90.40898345153664
866  89.64546525323911
867  89.68957345971565
868  89.7327080890973
869  90.14119019836639
870  90.23543123543124
871  90.5035046728972
872  90.71613663133098
873  90.78317535545024
874  90.95804195804196
875  91.15276145710928
876  91.4685646500593
877  91.5924617196702
878  91.68155111633372
879  91.88823529411765
880  92.10545023696683
888  92.19269776876268
889  93.0829420970266
890  93.45013850415512
891  93.63376623376624
892  93.91228070175438
893  94.14129110840439
894  94.44377990430623
895  94.66155660377359
896  94.77039627039628
897  94.9427570093458
898  95.01415094339623
899  95.21428571428571
900  95.41247002398082
901  95.44191616766467
902  95.64755077658303
903  95.66587112171838
904  95.85560859188544
905  95.99280575539568
906  95.6978672985782
907  89.2635838150289
908  85.49885844748859
909  85.48022598870057
910  85.49886877828054
911  85.81192660550458
912  85.88607594936708
913  86.1448275862069
914  86.37942857142858
915  86.71889400921658
916  86.91657142857143
917  87.03207331042383
918  87.27917620137299
919  87.65028571428572
920  87.76896551724138
921  87.8719723183391
922  88.05828571428572
923  88.31077981651376
924  88.47531572904707
925  88.19632606199771
926  84.61371428571428
927  83.55328798185941
928  83.59318181818182
929  83.7825086306099
930  83.94057142857143
931  84.17084282460137
932  84.47112117780294
933  84.71657142857143
934  84.90080738177625
935  85.1341743119266
936  85.32534246575342
937  85.58304696449026
938  85.7923875432526
939  85.91425260718424
940  86.11111111111111
941  86.27505827505827
942  86.58632676709153
943  86.8962703962704
944  86.97435897435898
945  87.1144859813084
946  87.41148886283705
947  87.50352112676056
948  87.6245572609209
949  87.87995337995338
950  88.06286379511059
951  88.38117647058823
952  88.58166862514689
953  88.79205607476635
954  88.936694021102
955  89.05263157894737
956  88.65160523186682
957  86.06501182033097
958  85.86406619385343
959  85.87764705882353
960  86.05548996458087
961  86.23349056603773
962  86.50118764845605
963  86.6109785202864
964  86.9346016646849
965  87.01904761904763
966  87.20023837902265
967  87.328125
968  87.63888888888889
969  87.90865384615384
970  87.9988038277512
971  88.33574879227054
972  88.48907766990291
973  88.6339393939394
974  88.75332527206771
975  88.75695284159613
976  89.13164251207729
977  89.36829268292684
978  89.53113553113553
979  89.6626213592233
980  89.72627737226277
981  90.08567931456548
982  90.3361858190709
983  90.43627450980392
984  90.47432762836186
985  90.5796568627451
986  90.88054187192118
987  91.31411042944785
988  91.29901960784314
989  87.66424242424243
990  84.97020262216925
991  84.98210023866348
992  85.12336892052194
993  85.42601431980907
994  85.54251497005988
995  85.8450536352801
996  86.17183770883055
997  86.53485576923077
998  86.64148681055156
999  86.86618876941458
1000  87.0332541567696
1001  87.26594464500602
1002  87.54838709677419
1003  87.73222748815166
1004  87.94332939787485
1005  88.42376950780312
1006  88.59807460890494
1007  88.6989247311828
1008  89.0
1009  89.07305389221557
1010  89.43436754176611
1011  89.53125
1012  89.67788461538461
1013  89.90865384615384
1014  90.3289156626506
1015  90.41240875912409
1016  90.63349514563107
1017  90.74393203883496
1018  91.01212121212122
1019  91.21882640586797
1020  91.25425790754258
1021  91.65853658536585
1022  91.71236230110159
1023  91.99876998769987
1024  92.13399503722084
1025  92.27103960396039
1026  92.67493796526054
1027  92.72435105067986
1028  92.8689138576779
1029  93.15519399249061
1030  93.54591194968553
1031  93.73461538461538
1032  93.16726618705036
1033  93.16726618705036
1034  93.16726618705036
1035  93.16726618705036
1036  93.16726618705036
1037  93.16726618705036
1038  93.16726618705036
1039  93.16726618705036
1040  93.16726618705036
1041  83.1376811594203
1042  84.0
1043  84.63004484304933
1044  85.61020036429872
1045  86.0757341576507
1046  86.54016620498615
1047  86.99358974358974
1048  87.17189460476789
1049  87.60774818401937
1050  87.725
1051  88.12925969447708
1052  88.38370720188902
1053  88.42636579572446
1054  88.69304556354916
1055  88.84532374100719
1056  89.03493975903615
1057  89.46144578313253
1058  89.6710843373494
1059  89.89346246973366
1060  89.99879372738239
1061  90.44958481613286
1062  90.57125890736341
1063  90.84495192307692
1064  90.909200968523
1065  91.08143712574851
1066  91.45923261390887
1067  91.74787878787879
1068  91.77629987908101
1069  92.04273504273505
1070  92.02080783353733
1071  89.36473429951691
1072  88.12903225806451
1073  88.19281437125748
1074  88.36766467065868
1075  88.48979591836735
1076  88.75301204819277
1077  88.79036144578313
1078  89.25331724969843
1079  89.38303030303031
1080  89.50179640718562
1081  89.5416164053076
1082  89.73100120627262
1083  89.8680387409201
1084  89.92
1085  90.33049817739976
1086  90.39756097560975
1087  90.62606577344701
1088  90.7269372693727
1089  90.82818294190359
1090  91.0569306930693
1091  91.23029556650246
1092  91.43156596794081
1093  91.55665024630542
1094  91.76951672862454
1095  91.92643391521197
1096  92.0969773299748
1097  92.24337957124843
1098  92.51063829787235
1099  92.64713216957605
1100  92.9175
1101  93.06747638326586
1102  92.92407407407407
1103  92.92407407407407
1104  92.92407407407407
1105  92.92407407407407
1106  92.92407407407407
1107  92.92407407407407
1108  92.92407407407407
1109  92.92407407407407
1110  92.92407407407407
1111  92.92407407407407
1112  92.92407407407407
1113  92.92407407407407
1114  81.5
1115  81.4982332155477
1116  81.80320366132723
1117  82.4898336414048
1118  82.71191553544494
1119  83.06027397260274
1120  83.87954830614805
1121  84.07859733978235
1122  84.20665083135393
1123  84.81455399061034
1124  84.84444444444445
1125  84.90127758420441
1126  85.16821345707656
1127  85.46441073512253
1128  85.70911214953271
1129  86.0707656612529
1130  86.24009324009324
1131  86.548463356974
1132  86.76429404900817
1133  86.88720930232559
1134  87.0893271461717
1135  87.2360465116279
1136  87.63722025912838
1137  87.88208092485549
1138  88.25686977299881
1139  88.36246786632391
1140  88.39965986394557
1141  88.39965986394557
1142  88.39965986394557
1143  88.39965986394557
1144  88.39965986394557
1145  88.39965986394557
1146  88.39965986394557
1147  88.39965986394557
1148  88.39965986394557
1149  88.39965986394557
1151  80.69607843137256
1152  81.43023255813954
1153  81.92322097378278
1154  82.35058430717864
1155  82.87797619047619
1156  83.36446173800259
1157  83.73189326556543
1158  84.10827250608273
1159  84.32129963898917
1160  84.38157894736842
1161  84.84905660377359
1162  84.95411764705882
1163  85.26291079812206
1164  85.27348394768133
1165  85.76337693222354
1166  85.8692033293698
1167  86.08175355450237
1168  86.36374549819928
1169  86.60166468489894
1170  86.77342823250297
1171  86.96066746126341
1172  87.06168446026098
1173  87.22222222222223
1174  87.56954436450839
1176  87.91517323775388
1177  88.11750599520384
1178  88.1990407673861
1179  88.4987922705314
1180  88.60121212121211
1181  88.91866028708134
1182  89.05988023952096
1183  89.33253012048193
1184  89.503022974607
1185  89.62742718446601
1186  89.8863361547763
1187  89.99759903961585
1188  89.99759903961585
1190  87.58809523809524
1191  87.94299287410927
1192  88.02870813397129
1193  88.04778972520909
1194  88.41354292623942
1195  88.53827460510328
1196  88.60727272727273
1197  88.69660194174757
1198  88.93228536880291
1199  89.1452784503632
1200  89.41433778857837
1201  89.53105968331303
1202  89.61829268292684
1203  89.73062730627306
1204  88.56479217603912
1205  85.32448733413752
1206  84.18571428571428
1207  84.26904761904763
1208  84.53588516746412
1209  84.57296650717703
1210  84.8139255702281
1211  85.00958083832336
1212  85.11057692307692
1213  85.34251497005988
1214  85.53864447086801
1215  85.74554102259215
1216  85.98564593301435
1217  86.1435349940688
1218  86.56954436450839
1219  86.65906362545017
1220  86.98090692124104
1221  87.06586826347305
1222  87.4649446494465
1223  87.17910447761194
1224  84.50847457627118
1225  84.50847457627118
1226  84.50847457627118
1227  84.50847457627118
1228  84.50847457627118
1229  84.50847457627118
1230  84.50847457627118
1231  79.73162939297124
1232  80.50337078651685
1233  81.28363636363636
1234  81.48534201954398
1235  81.88730385164051
1236  82.56075949367089
1237  82.86633663366337
1238  83.07322929171669
1239  83.28947368421052
1240  83.65430622009569
1241  83.89252336448598
1242  84.05950991831972
1243  84.32903981264637
1244  84.48651817116061
1245  85.01160092807424
1246  85.1324736225088
1247  85.29764705882353
1248  85.58481613285883
1249  85.85005903187721
1250  86.01183431952663
1251  86.33096926713948
1252  86.64404761904763
1253  86.96930342384888
1254  87.04014167650531
1255  87.53626634958383
1256  87.73380447585394
1257  88.01058823529412
1258  88.24023668639053
1259  88.52085816448152
1260  88.80828402366863
1261  89.02725118483413
1262  89.39668367346938
1263  89.48095238095237
1264  87.93055555555556
1265  87.93055555555556
1266  87.93055555555556
1267  87.93055555555556
1268  87.93055555555556
1269  87.93055555555556
1270  87.93055555555556
1271  79.56344086021505
1272  80.18685121107266
1273  80.64253393665159
1274  80.86160108548168
1275  81.37341772151899
1276  81.88998763906056
1277  82.07655502392345
1278  82.38044758539458
1279  82.69447708578143
1280  83.01042873696407
1281  83.23321554770318
1282  83.50405561993047
1283  83.84364060676779
1284  84.01184834123222
1285  84.21688159437281
1286  84.69869513641756
1287  84.82680901542112
1288  85.01170960187353
1289  85.41371158392435
1290  85.61151079136691
1291  85.93594306049822
1292  86.16372202591283
1293  86.50600961538461
1294  86.81937799043062
1295  87.01538461538462
1296  87.16469194312796
1297  87.56902761104442
1298  87.88612099644128
1299  88.07302709069494
1300  88.34519572953737
1301  88.59928656361474
1302  88.79171597633136
1303  89.11904761904762
1304  89.31108462455303
1305  89.53301320528212
1306  89.76666666666667
1307  90.15238095238095
1308  90.53285543608125
1309  90.70883054892602
1310  90.84559710494572
1311  91.298224852071
1312  91.50956937799043
1313  91.69711538461539
1314  91.85283474065139
1315  92.21875
1316  92.7002457002457
1317  92.53703703703704
1318  90.24031007751938
1319  90.24031007751938
1320  90.24031007751938
1321  90.24031007751938
1322  90.24031007751938
1323  90.24031007751938
1324  90.24031007751938
1325  90.24031007751938
1326  83.13333333333334
1327  83.25513196480938
1328  83.59743040685225
1329  84.84
1330  85.01116427432217
1331  85.42209631728045
1332  85.88701298701298
1333  86.363073110285
1334  86.74756097560976
1335  87.09750297265161
1336  87.298224852071
1337  87.55844155844156
1338  87.61602870813397
1339  88.06382978723404
1340  88.26291079812206
1341  88.51590106007068
1342  88.79474940334129
1343  89.04127358490567
1344  89.42636579572446
1345  89.48867699642432
1346  89.80024067388689
1347  90.10823529411765
1348  90.36396181384248
1349  90.63975903614458
1350  90.8372921615202
1351  91.124246079614
1352  91.52004860267314
1353  90.16265060240964
1354  87.9828431372549
1355  87.26969292389853
1360  85.82905982905983
1361  83.10684273709484
1362  83.21686746987952
1363  83.21997621878715
1364  83.60529482551144
1365  83.62815884476534
1366  83.97971360381861
1367  84.23571428571428
1368  84.48387096774194
1369  84.83115338882283
1370  84.9167657550535
1371  85.30048076923077
1372  85.47272727272727
1373  85.73532934131737
1374  85.90453460620525
1375  86.14921780986764
1376  86.4280487804878
1377  86.66626213592232
1378  87.12033694344164
1379  87.21291866028709
1380  87.53714981729598
1381  87.76997578692495
1382  87.95678271308523
1383  88.23849878934625
1384  88.4580801944107
1385  88.61266747868453
1386  88.8118932038835
1387  89.36385836385837
1388  89.44160583941606
1389  89.6638036809816
1390  89.8130381303813
1391  90.32720588235294
1392  90.51770451770452
1393  90.68932038834951
1394  90.90342298288509
1395  90.92690513219284
1396  88.76059850374065
1397  88.76059850374065
1398  88.76059850374065
1399  88.76059850374065
1400  88.76059850374065
1401  88.76059850374065
1402  88.76059850374065
1403  81.04320987654322
1404  81.82702702702703
1405  82.51255230125523
1406  82.88372093023256
1407  83.4871382636656
1408  83.69855072463768
1409  84.0281879194631
1410  84.41558441558442
1411  84.91293532338308
1412  85.16152897657213
1413  85.45266990291262
1414  85.61864406779661
1415  85.97166469893743
1416  86.17964071856288
1417  86.45018007202881
1418  86.63240628778718
1419  86.87112171837708
1420  87.22511848341232
1421  87.50652431791222
1422  87.77396449704142
1423  87.96705882352941
1424  88.15976331360947
1425  88.55111633372503
1426  88.69539551357734
1427  88.90322580645162
1428  89.28250591016548
1429  89.62470308788599
1430  89.72426035502959
1431  90.09058402860548
1432  90.38782816229117
1433  90.53652694610778
1434  90.82395209580838
1435  90.90108564535585
1436  91.21863799283155
1437  91.43817527010805
1438  91.73081607795372
1439  91.87469879518072
1440  92.29426129426129
1441  92.53658536585365
1442  92.66301703163018
1443  92.91108404384896
1444  93.10674846625767
1445  90.87192118226601
1446  86.6997578692494
1447  84.5224787363305
1448  84.66183574879227
1449  85.02308626974484
1450  85.13365735115431
1451  85.50913520097443
1452  85.65850673194615
1453  85.89251207729468
1454  86.13422007255139
1455  86.39356435643565
1456  86.61764705882354
1457  86.67481662591688
1458  87.30172413793103
1459  87.3836784409257
1460  87.54100367197063
1461  87.70343137254902
1462  88.03667481662592
1463  88.38949938949939
1464  88.48711656441718
1465  88.67447595561036
1466  89.06495098039215
1467  89.36868064118373
1468  89.49443757725587
1469  89.79702970297029
1470  90.01104294478527
1471  90.31907090464547
1472  90.51668726823239
1473  88.30703883495146
1474  85.6719319562576
1475  85.49633251833741
1476  85.61585365853658
1477  85.86253041362531
1478  86.07857142857142
1479  86.23627684964201
1480  86.64388489208633
1481  86.76913875598086
1482  86.89536266349585
1483  87.18540669856459
1484  87.58083832335329
1485  87.77935943060498
1486  87.99880810488678
1487  88.11347517730496
1488  88.24468085106383
1489  88.65430622009569
1490  88.72759856630825
1491  88.96449704142012
1492  89.15248226950355
1493  89.46610169491525
1494  89.51518833535845
1495  88.22754491017965
1496  85.8313539192399
1497  85.15832363213039
1498  85.15832363213039
1499  85.28907168037603
1500  85.64060676779464
