1  106.93478260869566
2  107.4780487804878
3  107.4780487804878
4  107.77321603128055
5  108.00492125984252
6  108.0944333996024
7  108.21329365079364
8  109.09347614410905
9  109.16682832201747
10  109.80499519692603
11  110.10087293889427
12  110.17395529640427
13  110.17395529640427
14  110.82533197139938
15  110.006734006734
16  106.96959064327486
17  104.86514285714286
18  103.91703056768559
19  104.09625668449198
20  104.45198329853862
21  104.7090539165819
22  105.00511770726715
23  105.16666666666666
24  105.4655704008222
25  105.62029288702928
26  105.91974656810982
27  106.23554153522608
28  106.43280423280423
29  106.84227467811158
30  107.1353065539112
31  107.39512711864407
32  107.65615141955837
33  107.87434554973822
34  108.65137614678899
36  108.65005192107995
37  109.25382262996942
38  109.7817993795243
39  110.10564853556485
40  110.5304347826087
41  110.38042131350682
42  110.38042131350682
43  110.38042131350682
44  110.38042131350682
45  110.38042131350682
46  110.38042131350682
47  110.38042131350682
48  110.38042131350682
49  110.38042131350682
50  110.38042131350682
51  110.38042131350682
52  110.38042131350682
53  110.38042131350682
54  110.38042131350682
55  110.38042131350682
56  110.38042131350682
57  110.38042131350682
58  110.38042131350682
59  110.38042131350682
60  110.38042131350682
61  110.38042131350682
62  110.38042131350682
63  110.38042131350682
64  110.38042131350682
65  110.38042131350682
66  110.38042131350682
67  110.38042131350682
68  110.38042131350682
69  110.38042131350682
70  110.38042131350682
71  110.38042131350682
72  110.38042131350682
73  110.38042131350682
74  110.38042131350682
75  110.38042131350682
76  110.38042131350682
77  110.38042131350682
78  110.38042131350682
79  110.38042131350682
80  110.38042131350682
81  110.38042131350682
82  110.38042131350682
83  110.38042131350682
84  110.38042131350682
85  110.38042131350682
86  110.38042131350682
87  110.38042131350682
88  105.71892655367232
89  106.45207100591716
90  106.62314225053078
91  106.62314225053078
92  106.62314225053078
93  106.62314225053078
94  106.62314225053078
95  107.88784370477569
98  106.80702963473468
99  106.93491952414276
100  107.45556333100069
101  107.69464033850494
102  108.20195667365479
103  108.40404745289602
104  108.88717589348283
105  109.07883522727272
106  109.43069306930693
107  109.68555240793202
108  109.86344238975818
109  110.69333333333333
110  111.09135285913528
111  111.24478442280946
112  111.24478442280946
113  112.22222222222223
114  112.15550906555092
115  112.15550906555092
116  112.15550906555092
117  112.15550906555092
118  112.15550906555092
119  112.15550906555092
120  106.54539007092198
121  105.87976961843052
122  105.88775510204081
123  106.23099203475742
124  106.67872648335745
125  106.97667638483965
126  107.53607503607503
127  107.94884726224784
128  108.4424715909091
129  108.70169252468264
130  109.02980837473385
131  109.22269503546099
132  109.77437325905292
133  109.82228490832158
134  110.45473537604457
135  110.59930555555556
136  111.0934449093445
137  111.3238950276243
138  111.3238950276243
139  111.3238950276243
140  111.3238950276243
141  109.90730717185386
142  106.72104180945854
143  106.54346338124572
144  106.71617852161785
145  107.57955314827353
146  107.83683141503047
147  108.00069252077563
148  108.41528925619835
150  109.42196132596685
151  109.62768166089965
158  108.66620209059234
159  109.58955223880596
160  109.90034129692833
161  110.20341296928328
162  111.01692620176033
163  111.45399188092017
164  111.61543669600542
165  112.22289156626506
166  109.76038121170865
167  108.8005445881552
171  106.93599449415004
172  105.30123796423659
173  105.60249307479225
174  105.84695290858726
175  106.28492773571921
176  106.61813186813187
177  107.21649484536083
178  107.46680642907057
179  107.75918079096044
180  108.46671338472319
181  109.11220196353436
182  109.43046820405311
183  109.46967559943582
184  106.65776528460998
185  105.38091822094691
186  102.23123123123123
187  100.90333062550772
188  101.19349164467897
189  101.8567662565905
190  102.1965811965812
191  102.54324097397145
192  103.10245901639344
193  103.43396226415095
194  103.7664
195  104.3705743509048
196  104.6376582278481
197  105.24228395061729
198  105.24228395061729
199  105.24228395061729
200  106.59969558599695
201  107.47278150633855
202  107.47278150633855
203  107.47278150633855
204  108.58733624454149
205  108.58733624454149
206  108.58733624454149
207  108.58733624454149
208  108.58733624454149
209  108.58733624454149
210  108.58733624454149
211  108.58733624454149
212  108.58733624454149
213  108.58733624454149
214  106.2605633802817
215  100.94089068825912
216  99.73224489795919
217  99.63576158940398
218  99.92780968006562
219  100.67076167076166
220  101.03877221324717
221  101.2981162981163
222  101.82305194805195
223  102.16625716625717
224  102.81607290803646
225  103.31234465617233
226  103.72863070539418
227  104.13542526837324
228  104.77257799671594
229  104.85136251032205
230  105.38280616382806
231  105.80197206244864
232  106.36184210526315
233  106.36184210526315
234  106.36184210526315
235  107.32007233273056
236  107.33586337760912
237  107.6096096096096
239  108.41528925619835
240  108.93551587301587
241  108.93551587301587
242  108.93551587301587
243  106.18662674650699
244  103.37243735763099
245  103.37243735763099
246  103.37243735763099
247  103.37243735763099
248  103.37243735763099
249  103.37243735763099
250  103.37243735763099
251  103.37243735763099
252  101.22191400832178
253  101.39370078740157
254  101.89756722151088
255  102.50251256281408
256  102.68781725888326
257  103.19537275064268
258  102.93055555555556
259  102.93055555555556
260  102.93055555555556
261  102.93055555555556
262  102.93055555555556
263  102.93055555555556
264  102.93055555555556
265  102.93055555555556
266  102.93055555555556
267  102.93055555555556
268  102.93055555555556
269  102.93055555555556
270  102.93055555555556
271  102.93055555555556
272  102.93055555555556
273  102.93055555555556
274  102.93055555555556
275  102.93055555555556
276  102.93055555555556
277  102.93055555555556
278  102.93055555555556
283  103.98673100120627
284  100.98065296251511
285  101.66233766233766
286  101.96461071789687
287  102.47127555988315
288  102.87326549491212
289  103.43403093721565
290  103.89077887197851
291  104.53256021409456
292  104.90345438441099
293  105.15647482014388
294  105.73423423423424
295  106.02354048964219
296  106.84544618215271
297  107.00660377358491
298  107.14380952380952
299  107.36627906976744
300  107.62233009708737
301  107.86973180076629
302  108.74574669187146
304  109.34695817490494
305  109.70328638497654
306  109.977549111319
307  110.51694915254237
308  110.51694915254237
309  110.51694915254237
310  110.51694915254237
311  106.0495145631068
312  102.44532019704434
313  101.5553235908142
314  101.56466876971609
315  102.21734587251828
316  102.6795407098121
317  103.09185803757829
318  103.36105032822758
319  103.71861471861472
320  104.26975169300226
321  104.3758389261745
322  104.96292134831461
323  105.29082774049218
324  105.84227820372399
325  106.10210876803552
326  106.59036144578313
327  106.80154355016538
328  107.67864923747277
329  107.76811594202898
330  108.12200684150514
331  108.54196642685852
334  109.06072874493927
335  109.09366391184574
336  109.20441988950276
337  109.53966005665723
338  109.53966005665723
339  109.63689604685212
340  109.63689604685212
341  109.63689604685212
342  109.63689604685212
343  109.63689604685212
344  109.63689604685212
345  109.63689604685212
347  101.25255474452555
348  101.6943661971831
349  102.24728260869566
350  102.93557046979865
351  103.16124661246613
352  103.55810810810812
353  103.60646900269542
354  104.27260812581913
355  104.36753246753247
356  105.02523240371846
357  105.57816711590297
358  105.73521505376344
359  106.08843537414967
360  106.5
361  106.59401709401709
362  107.05270863836017
363  107.30208333333334
364  107.59665144596651
365  107.81959564541214
366  107.81959564541214
367  107.81959564541214
368  107.81959564541214
369  107.81959564541214
370  107.81959564541214
371  107.81959564541214
372  107.81959564541214
373  107.81959564541214
374  107.81959564541214
375  104.95982142857143
376  101.39889196675901
377  97.70277410832233
378  96.0288582183187
379  96.05522208883554
380  96.39753639417694
381  96.66815642458101
382  97.24017467248908
383  97.5
384  98.25050916496946
385  98.53861584754263
386  99.18532818532819
387  99.57417582417582
388  100.16010733452595
389  100.56073943661971
390  100.91029023746702
391  101.49513704686117
392  101.76215277777777
393  102.42437337942957
394  102.70214592274678
395  103.21724137931034
396  103.6043956043956
397  103.93021346469622
398  104.48345439870863
399  104.7211155378486
400  102.22585794094174
401  99.44094488188976
402  98.28078078078079
403  98.41476014760147
404  98.88546255506608
405  99.34737620103473
406  99.78493050475494
407  100.15816703621581
408  100.73407407407407
409  101.10953800298063
410  101.56467110125647
411  102.1552748885587
412  101.32864544781643
413  100.5010989010989
415  99.68664643399089
416  98.78846153846155
417  98.40465793304222
418  98.8726618705036
419  99.26008645533142
420  99.9433962264151
421  100.27239884393063
422  100.82067968185105
423  101.33092485549133
424  101.6948051948052
425  102.26521739130435
426  102.55933429811867
432  100.742774566474
433  101.18999274836838
434  101.77825773938085
435  102.19695872556119
436  102.72242249459265
437  103.38948884089274
438  103.79827089337175
439  104.3362381989833
440  104.76169906407488
441  105.21174764321972
442  105.62626262626262
443  105.67436823104694
451  103.42692584593232
452  103.7948350071736
453  104.45585068198133
454  104.72230215827338
457  101.7354001441961
458  102.1835260115607
459  102.75483870967741
460  103.30028943560058
461  103.86103151862464
462  104.40820734341253
463  104.88880866425993
464  105.61283345349676
465  106.12999273783588
466  106.58242556281772
467  107.04876273653566
468  107.61939218523878
469  108.03003663003663
470  108.46613255644574
471  108.99266862170089
472  109.49161196207149
475  107.82387190684133
476  108.21256391526663
477  108.84308131241085
478  108.85071428571428
479  104.53343023255815
480  100.7390988372093
481  98.40991976659373
482  99.10923753665689
483  99.5998547567175
484  100.15524781341108
485  100.66498194945848
486  101.1779722830051
487  101.73531544597535
488  102.19505094614266
489  102.49057971014493
492  99.72581818181818
493  100.18467153284672
494  100.7270094134685
495  101.20553935860059
496  101.61437908496731
497  102.11474219317357
498  102.3901018922853
499  103.01310043668121
500  103.67028199566161
501  104.1593567251462
502  104.48443157132513
503  105.14833574529666
504  105.61874105865522
505  106.08031272210377
506  106.68454481298518
507  107.23876404494382
508  108.15256588072123
509  108.35454545454544
510  108.9423347398031
511  109.51908396946564
512  109.2640722724114
513  105.22238267148015
514  101.59756969263759
515  97.14233841684822
516  93.75531135531135
517  93.81973293768546
518  94.18905109489052
519  94.65837600585223
520  95.27424023154848
521  95.69466764061359
522  96.32363636363635
523  96.6177972283005
524  97.30276564774381
525  97.67487328023171
526  98.42525399129173
527  98.89195068890501
528  99.33914306463326
529  99.85621387283237
530  100.31059506531204
531  100.80057595392368
532  101.31655725747629
533  101.77705627705627
534  102.20869565217392
535  103.15931721194879
536  103.5433854907539
537  103.86039886039886
540  101.71254480286738
541  102.05049786628734
542  102.60142857142857
543  103.04110559886605
544  103.6718972895863
545  104.57343640196768
546  105.20498614958449
547  105.73547935619314
548  106.31293463143254
549  106.67344078486335
550  107.40666204024983
551  107.73415977961432
552  107.68082191780822
553  101.70647482014388
554  98.49168474331165
555  97.53299492385787
556  97.76855895196506
557  98.29386281588447
558  98.88324873096447
559  99.5547391623806
560  100.16849015317287
561  100.8763557483731
562  101.6917510853835
563  101.9607843137255
564  102.71624548736463
565  103.00727802037846
566  103.68740849194728
567  104.10168251645939
568  104.8147337709701
569  105.37950937950939
570  106.16439339554918
571  106.72668579626972
572  107.43807501769285
573  107.60881934566146
574  108.56345885634589
575  107.44195804195803
576  105.29378531073446
577  104.4480111653873
578  104.74227528089887
579  105.14742698191932
580  105.75952875952876
581  106.43239533287577
582  107.19304229195089
583  107.57973990417523
584  108.46983914209116
585  108.8347943358058
586  109.79575596816977
588  110.56275303643724
589  110.80845262440354
590  111.10487144790257
594  109.57381429525718
595  109.87348586810228
596  110.93981481481481
597  111.54648829431437
598  111.66734555329259
599  112.4418762746431
600  112.23346828609986
601  108.05266853932585
602  105.26750700280112
603  102.22427253371185
604  99.71704871060172
605  96.09693877551021
606  93.77019089574155
607  94.3928035982009
608  94.89880952380952
609  95.34848484848484
610  95.9767616191904
611  96.46666666666667
612  96.99480712166172
613  97.5299777942265
614  98.11380323054331
615  98.80346820809248
616  99.408795962509
617  99.84025787965615
618  100.44802867383513
619  101.1283497884344
620  101.74612129760226
621  102.12123335669236
622  102.8008415147265
623  103.09887798036465
624  103.81959126145173
625  103.99857244825125
626  104.73016997167139
627  105.28292682926829
628  106.10555555555555
629  106.33194154488518
630  107.04255319148936
631  107.60726525017135
632  108.06387362637363
633  108.6354238456237
634  109.39658703071672
635  109.66113416320886
636  110.78527607361963
637  110.86932599724898
638  107.04813218390805
639  102.72916666666666
640  98.7239502332815
641  96.48394863563402
642  95.76437699680511
643  96.20659858601728
644  96.82311869666408
645  97.3562066306862
646  97.81587057010786
647  98.47103658536585
648  98.90999237223494
649  99.65109269027883
650  100.53706505295008
651  101.07542942494399
652  101.77221807318895
653  102.16194029850746
654  102.77584905660378
655  103.21239606953893
656  103.87206661619985
657  104.56296851574213
658  105.25037257824144
659  106.3172514619883
660  107.1065808297568
661  107.6002886002886
662  108.64893617021276
663  108.98425196850394
664  109.36161035226456
665  109.68745467730238
666  109.68745467730238
667  109.68745467730238
668  109.68745467730238
669  108.84579071597167
670  106.38131962296487
671  103.6543321299639
672  100.95959595959596
673  99.63888888888889
674  98.45627376425855
675  97.73481308411215
676  97.57217573221757
677  98.38951310861424
678  98.82089552238806
679  99.51079734219269
680  100.16931637519872
681  100.86821705426357
682  101.42923076923077
683  102.00300751879699
684  102.23152337858221
685  102.907132243685
686  103.93206720233746
687  104.20484581497797
688  104.97889374090246
689  105.40317919075144
690  106.2681883024251
691  106.68579426172148
692  107.4857341684064
693  107.83528600964851
694  108.67120490129341
695  109.84013377926422
696  109.2637741046832
697  107.50690607734806
698  107.40041637751561
701  106.15827862873815
702  103.14969604863222
703  100.83615384615385
704  100.1890243902439
712  100.4489477786438
719  101.11861743912019
720  101.20565149136578
721  101.85601888276948
722  102.365873015873
723  103.00856697819314
724  103.46906812842599
725  104.03125
726  104.65577689243028
727  105.19009584664536
728  105.87004754358162
729  106.54009433962264
730  107.39763779527559
731  108.06608280254777
732  107.8522906793049
733  105.86418755052546
734  105.86418755052546
739  105.56457242582897
740  103.53846153846155
741  103.43490054249548
742  103.91184327693678
743  104.43766816143497
744  105.10925110132158
745  105.7757731958763
746  106.30179028132991
747  106.84192730346577
748  107.83097418817653
749  108.68917819365338
750  109.23202614379085
751  110.00489396411092
752  110.14888337468983
753  110.61564059900167
754  110.61564059900167
755  110.61564059900167
756  110.61564059900167
757  110.61564059900167
758  110.61564059900167
763  111.26697892271662
764  111.26697892271662
771  109.94491854150505
772  109.94491854150505
773  111.07016191210485
774  111.07016191210485
779  110.18783679753656
780  152.0
781  111.40262751159196
782  111.40262751159196
783  111.40262751159196
784  111.40262751159196
785  109.73487348734874
786  108.02159827213822
787  105.93743693239152
788  104.38513513513513
789  104.45664206642067
790  104.94959495949595
791  105.36968085106383
792  106.33420138888889
793  106.81484641638225
794  107.37081545064378
795  108.05626598465473
796  108.76909871244635
797  109.24415584415584
798  110.11224489795919
799  110.11224489795919
800  110.11224489795919
801  110.11224489795919
802  110.11224489795919
807  108.74051724137931
808  109.23711340206185
809  110.21978021978022
810  111.11290322580645
811  111.11290322580645
812  111.11290322580645
813  111.11290322580645
814  109.90963855421687
815  108.09827586206896
816  108.22308354866495
817  108.22308354866495
818  108.22308354866495
819  108.22308354866495
820  108.22308354866495
821  108.22308354866495
822  108.22308354866495
823  108.22308354866495
824  109.17826825127335
826  107.1216795201371
827  107.33304647160068
828  108.63519313304721
829  108.91945158526136
830  109.41415929203541
831  110.20315236427321
832  110.91578947368421
833  110.91578947368421
834  110.91578947368421
835  110.91578947368421
836  110.91578947368421
837  110.91578947368421
838  110.91578947368421
839  110.91578947368421
840  110.91578947368421
841  110.91578947368421
842  110.91578947368421
843  110.91578947368421
844  109.99638989169675
845  105.99910071942446
846  104.1760299625468
847  104.37986704653372
848  105.29162746942615
849  105.52513966480447
850  106.37682481751824
851  106.9223125564589
852  107.85714285714286
853  108.368
854  108.77807250221043
855  109.63841298467088
856  110.1789375582479
857  110.2165948275862
858  108.57366362451108
859  106.61086637298091
860  104.73865199449793
861  103.25631313131314
862  103.01046511627908
863  103.62613981762918
864  104.42300380228137
865  104.7979890310786
866  105.45166959578208
867  106.1778350515464
868  106.55211024978468
869  107.37033898305086
870  107.965
871  108.42224080267559
872  109.19642857142857
873  109.71440261865794
874  110.47177419354838
875  110.99352750809061
876  112.03391167192429
877  112.00966962127316
878  112.00966962127316
879  112.00966962127316
880  112.00966962127316
881  108.46262458471762
882  104.0732538330494
883  102.47674418604652
884  102.80369127516778
885  103.25164473684211
886  103.74938775510205
887  104.4481361426256
888  104.99592833876221
889  105.93015873015872
890  106.83917197452229
891  107.49757281553397
892  107.98700243704306
893  108.74334140435835
894  109.20870265914584
895  110.18167330677291
896  110.5384
897  111.0048
898  111.0048
899  111.0048
900  111.0048
901  111.0048
902  111.0048
903  111.0048
904  111.0048
905  111.0048
906  111.0048
907  111.0048
909  109.93843594009984
910  110.25666666666666
911  110.25666666666666
912  111.89649415692821
913  111.89649415692821
914  111.89649415692821
915  111.89649415692821
916  111.89649415692821
917  111.89649415692821
918  111.89649415692821
919  111.89649415692821
920  111.89649415692821
921  111.89649415692821
922  111.89649415692821
923  111.89649415692821
924  111.89649415692821
925  111.89649415692821
926  111.89649415692821
927  111.89649415692821
928  111.89649415692821
929  114.30091533180777
930  109.84488448844886
931  106.56444906444906
932  104.79333986287952
933  105.135527589545
934  105.63076923076923
935  106.68386491557223
936  107.23156899810965
937  108.02990654205607
938  108.69739292364991
939  109.23177570093458
940  109.71533516988063
941  110.3336422613531
942  110.91223155929038
943  111.90228310502283
944  112.77248201438849
945  113.52740341419587
946  113.52740341419587
947  113.52740341419587
948  113.52740341419587
949  113.04402515723271
950  109.2896174863388
951  105.14555765595463
952  103.54708097928437
953  103.873786407767
954  104.29593810444874
955  105.14080459770115
956  105.59635666347076
957  106.20229007633588
958  106.96532333645736
959  107.24018691588785
960  108.15526802218115
961  109.32090909090908
962  109.36430542778288
963  110.3415750915751
964  110.78875793291024
965  111.48776065276519
971  110.44741532976826
972  110.90552584670232
973  110.90552584670232
974  110.90552584670232
975  110.90552584670232
976  110.90552584670232
977  110.90552584670232
978  110.90552584670232
979  110.90552584670232
980  110.90552584670232
981  110.90552584670232
982  110.90552584670232
983  110.90552584670232
984  110.90552584670232
985  110.90552584670232
986  110.90552584670232
987  110.90552584670232
988  110.90552584670232
994  107.2663043478261
995  107.95444015444016
996  108.34184068058778
997  109.5105900151286
998  110.44122023809524
999  111.23185185185184
1000  111.23185185185184
1001  111.23185185185184
1002  111.23185185185184
1009  110.27620504973221
1010  110.99074074074073
1011  152.22459893048128
1012  152.17989417989418
1013  109.76303317535545
1014  108.32561851556265
1015  108.62813257881973
1016  109.36813186813187
1017  109.36813186813187
1018  109.36813186813187
1019  111.21316614420063
1020  152.33160621761658
1022  152.6576086956522
1023  152.6576086956522
1024  152.6576086956522
1025  111.11633466135459
1026  107.72173215717723
1027  104.3988391376451
1028  102.13981244671783
1029  102.26827171109201
1030  102.73206568712186
1031  103.26324786324787
1032  104.24592973436161
1033  105.03719357565512
1034  105.61892797319933
1035  106.26208026208026
1036  107.06184738955824
1037  107.74960254372019
1038  108.86236391912908
1039  109.16884113584037
1040  110.19726858877087
1041  111.09704321455649
1042  152.09895833333334
1043  152.56906077348066
1044  152.07692307692307
1045  108.20979020979021
1046  106.31091772151899
1047  103.70118577075098
1048  102.60841938046067
1049  103.57795275590551
1050  103.94440093970243
1051  104.58786446020488
1052  105.05611847233047
1053  105.53228346456693
1054  106.45901639344262
1055  107.2797256097561
1056  107.83987915407855
1057  108.58489154824233
1058  109.14296241709653
1059  110.17659727207466
1060  110.93841847445766
1061  111.55226960110042
1062  111.47989093387866
1063  108.28832630098452
1064  107.52315134761577
1065  107.63991477272728
1066  108.11330049261085
1067  108.68127208480566
1068  109.79372822299652
1069  110.31695501730104
1070  110.80905923344947
1071  111.66529209621993
1072  112.30103092783506
1074  110.57014512785072
1075  111.23626373626374
1076  112.68519758874749
1077  113.84117647058824
1078  113.54127198917456
1079  113.54127198917456
1080  113.54127198917456
1081  111.65627118644068
1082  108.44
1083  104.92077831827658
1084  101.25829216654904
1085  96.52548456568557
1086  94.34679163662581
1087  94.82611832611832
1088  95.27384393063583
1089  96.05611510791367
1090  96.52737752161383
1091  97.30244252873564
1092  98.05430847212165
1093  98.43217893217894
1094  99.3193641618497
1100  98.48833819241983
1101  99.14619883040936
1102  99.64843180160466
1103  100.55289855072463
1104  101.16739766081872
1105  101.84676833696442
1106  102.40334302325581
1107  103.20581818181819
1108  103.69758948137326
1109  104.34623813002192
1110  105.0897810218978
1111  105.5389090909091
1112  106.5164594001463
1113  107.16484318016046
1114  107.75711159737418
1115  108.23494860499267
1116  105.2065693430657
1117  101.59677419354838
1118  98.11516034985422
1119  97.08447653429603
1120  97.48607038123167
1121  98.31941391941392
1122  98.99416484318016
1123  99.55927272727273
1124  100.26536514822848
1125  101.04862119013063
1126  101.47601744186046
1127  102.31675201170447
1128  103.05377906976744
1129  103.57860262008734
1130  104.57806826434278
1131  105.31359649122807
1132  106.17527272727273
1133  106.71501087744743
1134  107.3547915142648
1135  108.0922401171303
1136  108.78659868900218
1137  109.33333333333334
1138  109.15854545454545
1139  101.4035216434336
1140  96.61985294117648
1141  94.14074074074074
1142  94.51961509992599
1143  95.15113719735876
1144  95.8378978534419
1145  96.46617647058824
1146  97.13696612665686
1147  97.69558823529411
1148  98.6782032400589
1149  99.29542097488923
1150  100.01628423390082
1151  100.57047970479704
1152  101.25403817914831
1153  102.05247597930526
1154  102.46227106227107
1155  103.1899852724595
1156  104.16814159292036
1157  104.78839088905217
1158  105.41592920353983
1159  106.08598962194219
1160  106.58149779735683
1161  107.4438775510204
1162  108.31703810208484
1163  109.28761371588524
1164  109.74200426439232
1165  104.58643326039387
1166  100.35422740524781
1167  97.2659808963997
1168  97.87881040892194
1169  98.27654867256638
1170  99.02945508100147
1171  99.57258658806191
1172  100.27728613569322
1173  101.16666666666666
1174  102.08963997060985
1175  102.69919295671313
1176  103.40942562592048
1177  104.12536656891496
1178  104.90514120202752
1179  105.46573323507738
1180  106.28122717311906
1181  107.07070707070707
1182  107.64187725631768
1183  109.11657303370787
1184  109.98098591549297
1185  111.38524590163934
1187  112.18585298196949
1188  112.18585298196949
1189  112.18585298196949
1190  112.18585298196949
1191  112.18585298196949
1192  112.18585298196949
1193  112.18585298196949
1194  112.18585298196949
1195  112.18585298196949
1196  112.18585298196949
1197  112.18585298196949
1198  112.18585298196949
1199  109.07589599437807
1200  104.92682926829269
1201  104.83720930232559
1202  105.12154294032024
1203  105.96902017291066
1204  106.734375
1205  107.79709141274239
1206  108.41393728222997
1207  109.0445993031359
1208  109.96058091286307
1209  110.18311874105865
1210  110.18311874105865
1211  107.04792332268372
1212  105.15375854214123
1213  103.67948717948718
1214  102.34356435643565
1215  101.74834437086093
1216  102.40950639853747
1217  102.70026525198939
1218  103.40208877284596
1219  104.5
1220  104.8092386655261
1221  105.50422297297297
1222  106.44945697577276
1223  107.08423686405338
1224  107.80870279146141
1225  108.43708053691276
1226  109.05241264559069
1229  105.27433628318585
1230  105.91948051948052
1231  106.53637160385627
1232  107.13523131672598
1233  107.53734061930783
1234  108.70976491862568
1235  108.71035747021082
1236  109.56603773584905
1237  110.06364513018322
1238  110.78273244781784
1239  111.06903163950145
1240  111.06903163950145
1241  112.86516853932585
1242  112.86516853932585
1243  112.86516853932585
1244  112.86516853932585
1245  112.86516853932585
1246  110.41904761904762
1247  105.61767531219981
1248  100.9539748953975
1249  97.25581395348837
1250  97.25581395348837
1251  97.25581395348837
1252  93.39490445859873
1253  93.39490445859873
1254  93.39490445859873
1255  93.39490445859873
1256  96.55280528052805
1257  96.96960486322189
1258  97.72058823529412
1259  98.09308885754584
1260  98.82344827586206
1261  99.38987688098496
1262  99.96565934065934
1263  100.82670089858793
1264  101.4661558109834
1265  102.2518337408313
1266  102.63388625592417
1267  103.22314049586777
1268  103.8912037037037
1269  104.6944757609921
1270  105.10730088495575
1271  105.50898876404494
1272  106.60243632336656
1273  106.94559303590859
1274  107.82985729967069
1275  107.97374429223744
1276  108.3731527093596
1277  105.46322378716745
1278  105.46322378716745
1279  105.46322378716745
1280  105.46322378716745
1281  105.46322378716745
1282  105.46322378716745
1283  105.46322378716745
1284  98.7047913446677
1285  99.39724137931034
1286  100.08527131782947
1287  100.64907975460122
1288  101.17078916372202
1289  101.80637813211845
1290  102.93537787513691
1291  103.5761226725082
1292  104.15367483296214
1293  104.73725934314837
1294  105.51700680272108
1295  105.9231664726426
1296  106.67726161369194
1297  107.22704081632654
1298  107.22704081632654
1299  107.22704081632654
1300  107.22704081632654
1301  107.22704081632654
1302  107.22704081632654
1308  102.73841059602648
1309  103.37030995106036
1310  103.97244732576985
1311  104.41068447412354
1312  105.15886287625418
1313  105.90306946688207
1314  106.6629746835443
1315  107.20208023774146
1316  108.09695290858726
1317  108.63852242744063
1318  109.15295629820051
1319  109.68629961587709
1320  110.30434782608695
1321  110.84848484848484
1322  111.18673883626522
1323  111.67136812411849
1324  112.2022630834512
1325  113.27007299270073
1326  113.40588235294118
1327  114.41420118343196
1328  114.55571635311144
1329  115.31267605633803
1330  115.50485436893203
1331  112.19123505976096
1332  109.39504563233376
1334  104.66317016317016
1335  100.88150609080841
1336  100.92119275825345
1337  101.28033472803347
1338  101.93326592517695
1339  102.75848303393214
1340  103.50882352941176
1341  104.0794701986755
1342  104.77644894204232
1343  105.68229166666666
1344  106.52759197324414
1345  107.23102040816326
1346  108.12589073634204
1347  108.91417322834646
1348  109.36606441476826
1349  110.34708171206225
1350  109.42767295597484
1351  105.42603071948261
1352  99.50445344129554
1353  96.39810426540285
1354  93.48595943837753
1355  93.25210727969349
1356  93.85442073170732
1357  94.33734939759036
1358  95.03863636363636
1359  95.83942161339422
1360  96.43212669683257
1361  97.5274229902329
1362  98.16591591591592
1363  98.93937125748502
1364  99.63804589193191
1365  100.28444444444445
1366  101.03849000740192
1367  101.72893772893772
1368  102.3637713437268
1369  103.54074074074074
1370  104.28699551569507
1371  105.01934523809524
1372  105.66866566716641
1373  106.43801652892563
1374  107.29910044977511
1375  107.92905153099328
1376  108.63807373965388
1377  109.45263157894738
1378  106.65648854961833
1379  104.38794435857805
1380  103.1112828438949
1381  102.90739167374682
1383  102.57055214723925
1384  101.99900199600799
1385  102.33397129186602
1386  102.80263157894737
1387  103.9889705882353
1388  104.60197663971249
1389  105.23492907801418
1390  106.13157894736841
1391  107.0587219343696
1392  107.61144839549003
1393  108.28977777777777
1394  109.17114695340501
1395  109.7107438016529
1396  110.27291242362526
1397  108.87351778656127
1398  108.87351778656127
1399  108.87351778656127
1400  108.87351778656127
1401  108.87351778656127
1402  98.12954876273653
1403  98.34344660194175
1404  99.04333694474539
1405  99.76424361493125
1406  100.16905444126076
1407  100.75417439703153
1408  101.46146953405018
1409  102.37246248896734
1410  102.92400690846287
1411  103.57764995891537
1412  104.22303325223032
1413  104.96411483253588
1414  106.10641627543036
1415  106.68642745709829
1416  107.57638888888889
1417  108.05185758513932
1418  108.76699770817419
1419  109.69295558958652
1420  110.3272030651341
1421  111.0851226993865
1422  111.94495412844037
1423  107.67139479905438
1424  104.30591054313099
1425  101.826688364524
1426  98.90201005025125
1427  99.41079199303742
1428  99.71632471008029
1429  100.2910927456382
1430  100.87087378640777
1431  101.53956834532374
1432  102.8069105691057
1433  103.4024024024024
1434  104.17584541062803
1435  104.90471785383903
1436  105.70227670753064
1437  106.38389830508476
1438  107.34028356964137
1439  107.96989422294548
1440  108.75465587044535
1441  109.94122448979593
1442  110.60234899328859
1443  111.4079391891892
1444  111.7688219663419
1445  111.7688219663419
1446  111.7688219663419
1447  109.7542600896861
1448  105.84538878842676
1449  105.46324180690877
1450  105.52292768959435
1451  106.22569444444444
1452  107.1922099915326
1453  107.76754015215553
1454  108.61129568106313
1455  109.44098360655738
1456  109.44098360655738
1457  109.44098360655738
1458  109.44098360655738
1459  109.44098360655738
1460  109.44098360655738
1461  109.44098360655738
1462  109.44098360655738
1463  109.44098360655738
1464  106.24489795918367
1465  101.31255487269534
1466  99.00797872340425
1467  99.98825654923216
1468  100.42362344582594
1469  101.1604609929078
1470  101.92444444444445
1471  102.63572060123784
1472  103.41681109185441
1473  104.1853448275862
1474  104.91914893617022
1475  105.68456375838926
1476  106.90488006617039
1477  107.87458745874588
1478  108.64828738512949
1479  109.51823579304495
1480  110.30541012216405
1481  110.30541012216405
1482  110.30541012216405
1483  110.30541012216405
1484  110.30541012216405
1485  110.30541012216405
1486  110.30541012216405
1487  110.30541012216405
1488  110.30541012216405
1489  110.30541012216405
1491  108.51748878923766
1492  109.00446827524576
1493  109.00446827524576
1494  110.77656675749319
1495  110.77656675749319
1496  110.77656675749319
1497  110.77656675749319
1498  110.77656675749319
1499  110.77656675749319
1500  110.77656675749319
