1  78.51308411214953
3  78.06133828996282
4  79.61802973977696
5  79.15327102803738
6  78.97583643122677
7  78.65708989805375
8  78.56931608133087
9  78.23034227567068
10  77.94214876033058
11  77.60648148148148
12  77.33977900552486
13  77.0491651205937
14  76.81994459833795
15  76.62983425414365
16  76.09519408502773
17  75.93198529411765
18  75.74493554327809
19  75.51156336725255
20  74.98896044158234
21  74.77942539388323
22  74.5421686746988
23  74.1436515291937
24  73.87281105990783
25  73.70414746543779
26  73.30826369545032
27  73.03974121996303
29  74.94449583718779
30  74.76084949215144
31  74.6867469879518
32  74.55111524163569
33  74.37265917602996
34  74.30848089468779
35  74.05503731343283
36  73.92830540037244
37  73.76666666666667
38  73.66051660516605
39  73.36524163568774
40  73.24791859389454
41  72.99724264705883
42  72.8261269549218
43  72.70783410138249
44  72.52218114602587
45  72.22488479262672
46  71.7488457987073
47  71.66020313942752
48  71.04283054003724
49  70.74354243542436
50  70.70414746543779
51  75.38038496791934
52  80.35169880624426
53  85.34288354898337
54  89.6987951807229
55  90.83861940298507
56  90.6577243293247
57  90.25884543761639
58  89.95592286501378
59  89.67188940092166
60  89.00550964187327
61  88.74816176470588
62  88.28636779505948
63  87.82428702851885
64  87.19150858175249
65  86.88331814038287
66  86.58295142071493
67  85.92609489051095
68  85.67915904936015
69  85.27388535031847
70  84.80565693430657
71  84.49454545454546
72  83.95433789954338
73  83.41538461538461
74  82.9509090909091
75  82.73297002724796
76  82.26975476839237
77  81.85454545454546
78  81.42520398912058
79  81.01907356948229
80  80.79545454545455
81  80.49819168173599
82  79.82774252039891
83  79.7747502270663
84  81.62466487935657
85  83.17222723174031
86  83.15523465703971
87  82.88628158844766
88  82.76978417266187
89  82.43330349149508
90  82.33482142857143
91  81.64653641207815
92  81.50844444444445
93  81.19429590017825
94  80.8668453976765
95  80.52575488454707
96  80.37301587301587
97  79.98851590106007
98  79.66076173604961
99  79.29162995594713
100  79.31926121372031
101  82.65101860053144
102  85.54089709762533
103  88.75690115761354
104  90.2226179875334
105  89.92471213463241
106  89.51647373107747
107  89.26121372031662
108  88.70373665480427
109  88.41228070175438
110  88.04199475065617
111  87.47336244541485
112  87.35881841876629
113  86.9284467713787
114  86.52562988705473
115  86.14982578397212
116  85.81818181818181
117  85.22923875432527
118  85.07586206896552
119  84.0146551724138
120  81.89957081545064
121  81.70729613733906
122  81.39568965517242
123  80.98808510638298
124  80.55383290267011
125  80.38091143594153
126  79.88898377455166
127  79.51546391752578
128  79.27677806341046
129  79.25839793281654
131  80.52340425531915
132  80.20205479452055
133  80.01022146507665
134  79.66752136752137
135  79.28815004262574
136  79.10391822827938
137  78.85616438356165
138  78.4338172502135
139  77.45772843723313
140  76.49232081911263
141  76.17409948542024
142  75.47766323024055
143  75.01628106255356
144  74.5431993156544
145  74.46933560477002
146  74.43771331058021
147  74.33645655877342
148  74.2596071733561
149  74.28851063829788
150  74.74596431605778
151  75.45865302642797
152  76.42591024555462
153  77.2808798646362
154  77.32006773920406
155  79.52428810720268
156  81.87278854254423
157  83.15184563758389
160  83.48989898989899
161  85.46160337552743
162  89.27533783783784
163  92.50774526678141
164  95.80069324090121
165  99.2361720807726
166  102.84021543985637
167  105.88765088207985
168  107.28186046511628
169  107.05915492957746
170  106.63644773358001
171  105.7652495378928
172  104.76605504587155
173  102.75852782764812
174  100.10283687943263
175  98.51393728222996
176  95.50604490500864
177  92.12692967409949
178  88.72457627118644
179  85.6501677852349
180  85.0547138047138
181  84.47778709136631
182  83.96560402684564
183  83.00418410041841
184  80.50878661087866
185  78.8955223880597
186  78.53801169590643
187  77.99333888426311
188  77.46037099494097
189  77.03514644351465
190  76.6933445661331
191  76.98226351351352
192  80.17186183656277
193  82.00253378378379
199  84.38018628281118
200  87.33904109589041
201  87.33904109589041
206  88.84707903780068
207  88.49870129870129
208  88.17962003454231
209  87.98975234842015
210  87.44905008635578
211  87.16206896551724
212  86.86701208981002
213  86.48086956521739
214  86.19307359307359
215  85.67493584260052
216  85.23223570190642
217  85.03175965665235
218  84.62337662337663
219  84.31955211024979
220  83.9192439862543
221  83.66581196581197
222  83.30557939914164
223  83.06684027777777
224  82.4675885911841
225  82.14961306964746
226  81.84283246977547
227  81.46107266435986
228  81.2065687121867
229  80.86046511627907
230  80.37618636755823
231  80.16351118760757
232  79.84124245038826
233  79.30775862068965
234  79.01557093425606
235  78.67381974248927
236  78.38720829732065
237  78.03259005145797
238  77.63362068965517
239  77.39362618432386
240  78.17631806395852
241  80.86203941730933
242  80.40434782608696
243  80.16608996539793
244  79.7571305099395
245  79.40874035989717
246  79.33132530120481
247  78.9672131147541
248  78.7791095890411
249  78.45336787564767
250  78.21293103448276
251  77.95077720207254
252  78.40086206896552
253  79.55737704918033
254  79.62998266897748
255  79.43641114982579
256  79.26759339704604
257  79.17071057192375
258  78.86296617519514
259  78.45800865800865
260  78.47400346620451
261  78.47780678851174
262  78.47780678851174
263  78.47780678851174
264  78.63176265270506
265  79.86332179930795
266  80.33158813263525
267  80.24610051993068
268  80.01558441558441
269  79.71639202081526
270  79.50912250217202
271  79.3513986013986
272  79.28782608695653
273  79.01547721410147
274  78.94406196213426
275  78.81622088006903
281  79.47491349480968
282  79.29913043478261
283  79.22817631806396
284  79.05421686746988
285  79.13656006914434
286  80.33681462140993
287  81.95213228894691
288  82.29800173761946
289  82.20365535248042
290  81.84347826086956
291  81.52951388888889
292  81.46666666666667
293  81.16464471403813
294  80.93975903614458
295  80.49871023215822
296  80.3631669535284
297  80.16089965397924
298  80.00948275862069
299  79.72030981067125
304  80.0551724137931
305  79.75649913344887
306  79.50130095403296
307  79.41818181818182
308  79.10494362532523
309  78.55459272097053
310  77.47487001733103
311  77.02974628171478
312  76.47560975609755
313  76.31396357328708
314  75.99562937062937
315  75.65996503496504
316  75.32136602451838
317  75.17698343504794
318  74.6509186351706
319  74.51004366812226
320  74.13959613696225
321  73.6883230904302
322  73.36094158674804
323  72.90812720848056
324  72.50351493848858
325  72.45749342681859
326  72.17616126205083
327  71.90505767524401
328  71.56651982378854
329  71.40404929577464
330  73.06167400881057
331  74.35438596491228
332  75.71541850220264
333  77.25528169014085
334  78.28558875219683
335  79.44620811287479
336  80.06838365896981
337  79.66666666666667
338  79.4813829787234
339  79.24077328646749
340  79.20826010544816
341  78.6954986760812
342  78.51097453906937
343  78.41176470588235
344  78.19449378330373
345  77.8104517271922
346  77.51578947368421
347  77.40864960282435
348  77.49252418645558
349  81.31019332161686
350  84.25441696113074
351  84.25616197183099
352  83.88193202146691
353  83.36282394995531
354  83.10837004405286
355  82.53900709219859
356  82.2482269503546
357  81.51825467497774
358  81.33658104517272
359  80.8572710951526
360  80.51385165326184
361  80.21257750221434
362  79.67555555555556
363  79.38591800356507
364  79.00893655049151
365  78.62099644128114
366  78.1
367  77.82278481012658
368  77.49510240427426
369  77.07851985559567
370  76.83605072463769
371  76.54054054054055
372  76.16803652968036
373  76.0091575091575
374  75.62820512820512
375  75.08387096774193
376  75.81759853345555
377  77.92777777777778
378  78.88022284122563
379  78.86481481481482
380  78.63940520446097
381  78.25912067352667
382  78.0515947467167
383  77.73389355742297
384  77.45206766917293
385  77.21374764595103
386  77.0253045923149
387  77.04143126177024
388  78.90197926484448
389  79.88638497652582
397  80.52443609022556
398  82.17156398104265
399  83.1778618732261
402  82.94007490636704
403  83.40586565752129
404  83.18087121212122
405  82.87535410764872
406  82.74859287054409
407  82.33143939393939
408  82.12582159624414
409  81.88330170777989
410  81.35943396226415
411  80.07403936269915
412  78.08419083255379
413  77.8
414  77.53084112149533
415  77.18494423791822
416  76.96355140186915
417  76.89719626168224
418  76.63500931098696
419  76.15413184772517
420  75.97953488372093
421  75.85464581416743
422  75.691042047532
423  75.34099264705883
424  75.13901760889712
425  75.70539798719122
426  77.59761686526123
427  78.61446886446886
433  78.16348773841962
434  78.81686310063463
435  79.82331511839709
436  80.8094804010939
437  82.79395604395604
438  83.9384756657484
439  84.12511499540018
440  84.00183318056828
441  83.8137614678899
442  83.45045871559633
443  83.25596330275229
444  82.84692942254811
445  82.61369863013698
446  82.02667893284269
447  81.75
448  81.40528233151184
449  81.12569316081331
450  80.97344322344323
451  80.82034830430797
452  80.63519706691109
453  80.55868971792539
454  79.98897058823529
455  79.98897058823529
463  80.69795539033457
464  80.5755329008341
465  80.43530499075786
466  80.37523105360444
467  80.36540240518039
468  80.67627906976745
469  81.65302325581395
470  81.78264925373135
471  81.78264925373135
472  81.79240037071362
473  81.79240037071362
474  81.79758588672237
478  81.85753931544866
479  82.63308687615528
480  82.75553505535055
483  82.65840220385675
484  82.78729281767956
485  82.83948339483395
486  83.15327793167128
487  83.40888066604995
493  83.30147058823529
494  83.57077205882354
495  83.37419945105215
496  83.16635859519408
497  83.06071757129715
498  82.90127970749543
499  82.70322580645161
505  82.63636363636364
506  82.4940855323021
507  82.46363636363637
508  82.41879562043796
513  82.40036396724295
514  82.39071038251366
515  82.05311355311355
516  81.98534798534799
519  82.67765567765568
520  82.52051048313582
521  82.52051048313582
522  82.43949044585987
523  82.48263254113346
524  82.49954254345838
525  82.6429889298893
526  82.6429889298893
527  82.6429889298893
529  82.63075506445672
530  82.78937728937728
531  82.78937728937728
532  82.8045871559633
533  82.74633699633699
534  82.54545454545455
536  82.54445462878094
537  82.47483989021043
538  82.12832263978002
539  82.11192660550459
540  81.90725436179982
541  81.79048490393413
544  81.78774016468435
545  81.71846435100548
546  81.45521023765997
547  81.21362799263352
548  81.01289134438306
549  80.86968576709796
550  80.79926335174954
551  80.71586715867159
552  80.93928242870285
553  81.79354838709678
554  81.79354838709678
555  81.79354838709678
561  81.74311926605505
562  81.72685609532539
563  81.48124428179322
564  81.33977900552486
565  81.13493530499076
566  81.10424354243543
567  80.87441860465117
568  80.76048462255359
569  80.32437442075997
570  79.55297397769517
571  78.5385329619313
572  77.90680335507922
573  77.65181058495821
574  77.19793621013133
575  77.04655493482309
576  76.68744186046511
577  76.32986767485822
578  76.05125815470643
579  75.62394761459308
580  75.2596789423985
581  75.09532710280374
582  74.82535211267606
583  74.52079395085066
584  74.34336782690498
585  74.12206572769954
588  74.12476370510397
595  73.91871455576559
596  73.5577841451767
597  73.12109744560075
598  72.05372290292178
599  70.65196548418025
600  68.74782608695652
601  66.4652981427175
602  64.14556331006979
603  62.23006134969326
604  61.12320328542094
605  60.31134020618556
606  60.12538860103626
607  59.98869475847893
608  60.23746161719549
609  61.22769230769231
610  61.91113381001021
611  63.03313253012048
612  63.40182186234817
613  64.62760675273088
614  66.75712881022615
615  68.36549707602339
616  69.40213178294573
617  70.25608568646544
618  71.18375241779498
619  72.23988439306359
620  73.58800773694391
621  75.54046242774567
622  77.16730401529637
623  78.31153846153846
624  79.21332046332046
625  80.12859884836853
626  80.63051823416507
627  80.80152671755725
628  81.18173076923077
629  81.49711538461538
630  81.89805825242719
631  82.18725868725869
632  82.23188405797102
633  82.24903474903475
634  82.28034682080924
635  82.49180327868852
636  83.45708775313405
637  85.15794573643412
638  86.64494163424125
639  87.61365853658536
640  88.63081395348837
641  90.1343137254902
642  90.10905550146056
643  90.05283757338552
644  89.61396702230844
645  89.37657308809294
647  89.48054474708171
648  89.26699029126213
649  88.89581304771178
650  88.36328502415459
651  88.20193236714975
652  87.65697674418605
653  87.46220930232558
654  87.21566731141199
655  86.66152362584378
656  84.80938697318008
657  83.59500959692899
658  83.57813998082455
659  83.31739961759082
660  83.2502387774594
661  82.74573055028463
662  82.53218059558117
663  82.38117870722434
664  82.1332694151486
665  81.85700757575758
666  81.52091254752851
667  80.61494796594134
668  79.69412878787878
669  79.46168401135289
670  79.25908221797323
671  79.0047619047619
672  78.58699808795411
673  78.39443378119002
674  78.04019138755982
675  77.75285171102662
676  77.21153846153847
677  76.94354066985646
678  76.5338491295938
679  76.29026036644166
680  76.16522574447646
681  75.58630665380906
682  75.32304725168756
683  75.04514889529298
684  74.52651880424301
685  74.20559845559846
686  73.67504835589942
687  73.45744680851064
688  73.24854932301741
689  72.75628626692456
690  72.50916104146577
691  72.20833333333333
692  71.87609756097561
693  71.49273959341723
694  71.11423039690223
695  71.00681596884128
696  71.93907156673114
697  74.32427184466019
698  75.53644314868805
699  76.03664416586307
703  76.79178605539637
704  77.73563218390805
705  78.48080614203455
706  79.41730769230769
707  80.18497109826589
708  80.6385426653883
709  80.77416267942584
710  80.77459407831901
711  80.77459407831901
712  80.77459407831901
714  81.11854684512429
715  81.39864864864865
716  81.38187078109932
717  81.20981713185756
718  81.1625
719  81.00095147478592
720  80.87655502392344
721  80.510556621881
722  80.43996157540826
723  80.30783938814531
724  80.16999050332383
725  79.85920925747348
726  79.50625601539942
727  79.49136276391555
728  79.282982791587
729  78.57101727447217
730  77.4326923076923
731  77.23552123552123
732  76.82375478927203
733  76.34001910219675
734  76.30813397129187
735  75.88432122370936
736  75.53441682600382
737  75.40439770554494
738  74.87737642585552
739  74.68922783603432
740  74.4392789373814
741  74.343779677113
742  74.24762808349146
743  73.93060836501901
744  73.78557874762808
745  73.60418648905804
746  73.48903717826501
747  73.31558935361217
748  73.23333333333333
749  72.9592803030303
750  72.5549188156638
751  71.73397129186603
752  71.24522900763358
753  70.70114942528735
754  70.54879227053141
755  70.40751445086705
757  70.44594594594595
758  70.74443368828655
759  71.13429951690821
760  71.24904214559388
761  71.41658630665381
762  71.57511961722489
763  71.68536121673004
764  72.14065510597302
765  72.378612716763
766  72.3953712632594
767  72.43725868725869
768  72.58252427184466
769  73.07684824902724
770  73.49951219512195
771  74.16747809152872
772  74.88682926829269
773  75.23727185398656
774  76.23727185398656
775  76.97137404580153
776  77.13684210526316
778  77.16826003824092
780  77.12959381044487
781  77.15028901734104
782  77.05656759348035
783  76.72779369627507
784  76.57403846153846
785  76.49230769230769
786  76.37679769894535
787  76.27237728585177
788  76.0673076923077
789  75.1298076923077
790  72.64779270633397
791  72.29468599033817
792  72.08695652173913
793  71.9090909090909
794  71.61441090555014
795  71.47665369649805
796  71.4001937984496
797  71.22757955641273
798  72.22405431619786
799  72.47674418604652
800  72.94525904203323
807  73.31980676328503
808  73.494140625
809  73.43121951219513
810  73.16650246305419
811  72.98230088495575
812  72.86896551724138
813  72.7147087857848
814  72.4744094488189
815  72.34543670264965
816  72.09000989119683
817  71.94637537239325
818  71.86179664363277
823  72.29521016617791
824  71.9960396039604
825  71.94169960474308
826  71.75198412698413
827  71.39411764705882
828  71.31182795698925
829  71.10882352941177
830  70.99016715830875
831  70.83070866141732
832  70.65141187925998
833  70.48886737657308
834  70.34365924491772
835  70.09223300970874
836  69.82312925170068
837  69.53875968992249
838  69.29892891918209
839  68.94352482960078
840  68.55145631067961
841  68.27334630350195
842  67.92975609756098
843  67.61733203505355
844  67.37658536585366
845  66.8214990138067
846  66.75173095944609
847  66.60355029585799
848  66.5299901671583
849  66.28250244379277
850  66.08251473477407
851  65.9003984063745
852  65.76388888888889
853  65.62475049900199
854  65.05994005994006
855  64.88140703517588
856  64.87025948103792
857  64.30581039755351
858  64.16751787538304
859  64.05816326530612
860  63.88049029622063
861  63.77096114519428
862  63.46288659793814
863  63.206577595066804
864  63.23897435897436
865  63.31600831600832
866  63.827368421052626
867  65.23116615067079
868  66.61382113821138
869  68.32755102040817
870  70.11122448979592
871  71.8191056910569
872  73.87817258883248
873  75.50762970498474
874  77.70736629667003
875  79.68126272912424
876  81.67979797979798
877  83.69907881269191
878  84.60122075279756
879  83.99383983572895
880  83.25127681307457
881  82.82117163412127
882  82.62079510703364
883  82.0599593495935
884  81.79429735234216
885  81.5182555780933
886  80.53077699293642
887  77.71862348178138
888  76.94489795918368
889  76.73662966700303
890  76.62386248736097
891  76.35246727089627
892  76.10685483870968
893  75.8820564516129
894  75.744702320888
895  75.38138138138139
896  75.19
897  74.88922457200403
898  74.3469591226321
899  73.96562184024268
900  73.68181818181819
901  73.41389728096676
902  72.68250758341759
903  71.29187562688064
904  70.36831483350151
905  69.88719512195122
906  69.4702868852459
907  68.8118006103764
908  68.53013278855975
909  68.0408580183861
910  67.80327868852459
911  66.83954451345755
912  66.34511434511434
913  65.45052631578947
914  64.89468085106382
915  64.2132196162047
916  63.58892438764643
917  63.39786096256684
918  63.36102236421725
919  63.418875927889715
920  63.88781014023732
921  64.2657417289221
922  64.92545260915868
923  65.84199584199584
924  66.87136929460581
925  70.09455292908531
926  72.06160164271047
927  73.96728016359918
928  75.94720812182742
929  77.75763747454175
930  79.697461928934
931  81.41566265060241
932  83.05858585858586
933  84.75151515151515
934  87.51576805696847
935  88.90040650406505
936  89.84584178498986
937  89.94444444444444
938  89.9304435483871
939  89.65615462868769
940  88.99492900608519
941  88.82657200811359
942  88.79494949494949
943  88.5866935483871
944  88.04660587639312
945  87.88306451612904
946  87.66933867735472
947  87.40881763527054
948  87.16416416416416
949  86.82222222222222
950  86.46184738955823
951  85.9090909090909
952  85.75830815709969
954  85.83015075376885
955  85.6900702106319
956  85.4780876494024
957  85.138
958  84.81507537688442
959  84.558
960  84.08008008008008
961  83.76315789473684
962  83.338
963  82.92408906882591
964  82.455
965  82.06471183013144
966  81.4407960199005
967  80.81187122736418
968  80.06461232604374
969  78.86088709677419
970  77.429718875502
971  76.73205257836199
972  76.2570281124498
973  75.74949494949495
974  75.34202607823471
975  74.94303153611393
976  74.80102040816327
977  74.48181818181818
978  74.16297786720322
979  73.9643947100712
980  73.85801838610827
981  73.71881390593047
982  73.71881390593047
984  74.11794871794872
985  74.03818369453045
986  73.87332646755922
987  73.65262076053443
988  73.34472049689441
989  73.09597523219814
990  72.94306418219462
991  72.62083333333334
992  72.27434554973821
993  72.01871101871102
994  71.79454926624737
995  71.7133891213389
996  71.31865828092243
997  70.94099051633299
998  70.69510926118626
999  70.05678233438486
1000  69.62248144220572
1001  69.24921135646687
1002  68.85744234800839
1003  68.3095744680851
1004  67.95970307529163
1005  67.16613076098606
1006  66.79852320675106
1007  66.31715210355988
1008  65.91416309012875
1009  65.70638297872341
1010  65.2442996742671
1011  65.0456026058632
1012  65.05825242718447
1013  65.48
1014  67.55944798301486
1015  68.77905759162303
1016  68.83594566353187
1017  68.95602094240837
1018  68.98326359832636
1019  68.98326359832636
1020  68.99265477439664
1024  69.45253164556962
1025  70.46462513199577
1026  71.01465968586388
1027  71.01465968586388
1028  71.04721930745016
1036  71.32620320855615
1037  71.62699256110521
1038  71.63230605738576
1039  71.52173913043478
1040  71.4456289978678
1041  71.32762312633832
1042  71.16470588235295
1043  70.9119830328738
1044  70.58628081457664
1045  70.3778014941302
1046  70.31623931623932
1047  70.25965665236052
1048  70.22257720979766
1049  70.82875264270614
1050  71.28877005347593
1051  71.30128205128206
1052  71.33085106382978
1053  71.33085106382978
1058  71.56256572029443
1059  71.72679324894514
1060  71.71458551941238
1061  71.69706498951781
1062  71.6521287642783
1063  71.53563941299791
1064  71.42154811715481
1065  71.26785714285714
1066  71.2507869884575
1071  71.62043795620438
1072  71.577685088634
1073  71.36
1074  71.08559498956159
1075  70.99582463465553
1076  70.7098121085595
1077  70.62421711899792
1078  70.34279705573081
1079  70.08967674661105
1080  70.05741127348644
1086  70.47028154327424
1087  70.47028154327424
1088  70.56016597510373
1089  70.78193146417445
1090  71.30680628272252
1091  72.27453027139875
1092  73.0813347236705
1093  74.6493236212279
1094  75.56918238993711
1095  76.6054279749478
1096  77.59749739311783
1097  78.45929018789144
1098  79.4162330905307
1099  79.99269311064718
1100  80.6804979253112
1101  80.9261186264308
1102  81.67735263702171
1103  81.84710743801652
1104  81.94306418219462
1105  82.04140786749483
1106  81.9896694214876
1107  81.94135802469135
1108  81.92687950566426
1109  81.86659772492244
1110  81.80701754385964
1111  81.61380020597322
1112  81.49843587069864
1113  81.43962848297214
1114  81.31822863027806
1115  81.23760330578513
1116  80.94747682801236
1117  80.89907312049434
1118  80.7693898655636
1119  80.7425025853154
1120  80.38508682328907
1121  80.17198764160659
1122  80.01031991744065
1123  79.83694530443756
1124  79.69721936148301
1125  79.40816326530613
1126  79.2059123343527
1127  79.00102249488752
1128  78.83694530443756
1129  78.7410071942446
1130  78.72381930184805
1131  78.56517311608961
1134  78.80040941658137
1136  78.72448979591837
1137  78.53846153846153
1138  78.2234693877551
1139  78.17689161554192
1140  78.09441624365482
1141  78.05112474437628
1142  77.87268993839835
1143  77.72950819672131
1145  77.4795918367347
1146  77.02373581011352
1147  76.81622176591375
1148  76.73511293634498
1149  76.5437693099897
1150  76.32061855670104
1151  76.19650205761317
1152  75.90466321243524
1153  75.80185758513932
1154  75.60968074150361
1155  75.51384615384616
1156  75.25720164609054
1157  75.21752577319587
1158  75.11458333333333
1159  75.06334371754933
1160  75.84287200832466
1161  76.57600827300931
1162  76.66252587991718
1163  76.54460580912863
1164  76.48343685300208
1165  76.32717948717949
1166  76.20696721311475
1167  75.99687174139729
1168  75.89676746611053
1169  75.78963730569949
1170  75.76470588235294
1171  75.71044467425025
1172  75.66459627329192
1173  75.28305785123968
1174  75.10423116615067
1175  75.02691511387164
1176  74.7952430196484
1177  74.59175257731958
1178  74.16165803108808
1179  73.9503619441572
1180  73.70907194994786
1181  73.50157068062828
1182  72.90729166666667
1183  72.73569198751301
1184  72.37945492662473
1185  72.02694300518135
1186  71.87019730010384
1187  71.48366701791359
1188  71.05130890052357
1189  70.89386056191468
1190  70.62421711899792
1191  70.10208333333334
1192  69.77315296566077
1193  69.69832985386222
1194  69.28436516264428
1195  68.95958549222797
1196  68.7817993795243
1197  68.40918580375782
1198  68.11832460732984
1206  69.36392075078207
1207  69.26041666666667
1208  69.98864809081527
1209  74.51871101871102
1210  74.02886597938145
1211  73.71488033298647
1212  73.51030927835052
1213  73.36131013306039
1214  73.0672877846791
1215  72.82608695652173
1216  72.7958762886598
1217  72.60905349794238
1218  72.3062054933876
1219  71.99076923076923
1220  71.82153846153847
1221  71.78542094455852
1222  71.4501018329939
1223  71.10369609856262
1224  70.94989775051124
1225  70.7204081632653
1226  70.56952965235173
1227  69.98784194528875
1228  69.82860040567951
1229  70.33937562940584
1230  71.78498985801217
1231  71.58717434869739
1232  71.35956175298804
1233  71.27569169960475
1234  71.05143422354105
1235  70.73611111111111
1236  70.50344149459194
1237  70.34254689042449
1238  70.22365805168987
1239  69.91144278606966
1240  69.69215491559086
1241  69.44400396432111
1242  69.22135161606268
1243  68.9065606361829
1244  68.49655172413793
1245  68.37635467980296
1246  68.03846153846153
1247  67.81709741550696
1248  68.76347305389221
1249  69.77591312931885
1250  69.5614552605703
1251  69.51565557729941
1252  69.31318136769079
1253  69.20939334637964
1254  69.07992202729045
1255  68.82068965517242
1256  68.74753451676528
1257  69.22628458498023
1258  70.44066147859922
1259  72.19651500484026
1260  72.55899419729207
1268  72.78476190476191
1269  73.49570200573066
1270  73.3377990430622
1271  73.19468186134853
1272  72.89319470699432
1273  72.74453941120608
1274  72.52980132450331
1275  72.38651471984805
1276  72.34637404580153
1277  72.15362595419847
1278  71.91856060606061
1279  71.31024667931689
1280  70.26878612716763
1281  70.14354066985646
1282  69.85047619047619
1283  69.6977186311787
1284  69.50142721217888
1285  69.3152380952381
1286  69.19502868068834
1287  69.01623686723973
1288  68.91193181818181
1289  69.18043684710351
1290  69.32003798670465
1291  69.35327635327636
1292  69.37630331753554
1293  69.83000949667617
1294  70.12320916905445
1295  71.33680227057711
1296  72.49056603773585
1297  73.42641509433962
1298  74.10580524344569
1299  74.34655335221908
1300  75.022450888681
1301  75.71977507029054
1302  76.08936970837253
1303  76.3721590909091
1304  76.67696629213484
1305  76.80876865671642
1308  76.73220973782772
1309  77.54759660697455
1310  78.07988721804512
1311  78.03286384976526
1312  77.92358490566038
1313  77.77558685446009
1314  77.64816556914393
1315  77.41564561734214
1316  77.33617424242425
1317  77.3112582781457
1318  77.26509433962264
1319  77.11173708920188
1320  77.05727699530516
1321  76.91596638655462
1322  76.88630009319664
1323  76.81460674157303
1331  76.79719626168225
1332  76.75
1333  76.66041275797373
1334  76.46502835538752
1335  76.1928504233302
1336  76.07048872180451
1337  75.86804901036757
1338  75.70405278039586
1339  74.73446327683615
1340  74.35456273764258
1341  73.99337748344371
1342  73.5033428844317
1343  73.30190476190477
1344  72.92307692307692
1345  72.70293282876064
1346  72.47904761904762
1347  72.1155682903534
1348  71.88783269961978
1349  71.48091603053435
1350  71.32822966507177
1351  71.0324118207817
1352  70.73128598848369
1353  70.65580057526367
1354  70.44850818094322
1355  70.09602327837051
1356  69.68905950095969
1357  69.36573628488932
1358  68.95942028985507
1359  68.71980676328502
1360  69.5923076923077
1361  70.4
1362  71.84971098265896
1363  73.8426103646833
1364  76.37236084452975
1365  78.97235462345091
1366  81.02003816793894
1367  82.3407550822846
1368  83.35192307692307
1369  84.60134486071085
1370  85.2478386167147
1371  85.18094321462945
1372  84.50770712909441
1373  84.09353905496624
1374  83.46878001921229
1375  82.80133715377268
1376  82.09187620889749
1377  81.18436293436294
1378  80.47327502429543
1379  79.68334937439846
1380  79.35562015503876
1381  78.93653846153846
1382  78.61256038647343
1383  78.36337209302326
1384  78.25096525096525
1385  78.30851063829788
1386  78.40737148399612
1387  78.94249512670565
1388  79.65825242718446
1389  79.65825242718446
1390  79.87124878993224
1398  79.71690821256038
1399  80.33268482490273
1400  80.34365924491772
1401  80.36585365853658
1402  80.57450980392157
1403  80.58203125
1404  80.70126091173618
1405  80.85354025218234
1406  80.80426356589147
1407  80.73643410852713
1408  80.57461240310077
1409  80.44970986460348
1410  80.44970986460348
1414  80.53268292682927
1415  80.50146627565982
1416  80.40621963070943
1417  80.34723569350146
1418  80.33009708737865
1419  80.17595307917888
1420  80.1591796875
1421  80.1466275659824
1424  80.23454367026497
1425  80.18503937007874
1426  80.08823529411765
1427  79.89698736637511
1428  79.60333006856024
1429  79.021484375
1430  77.60790598290598
1431  76.32347140039448
1432  75.8567335243553
1433  75.8567335243553
1434  75.8567335243553
1435  75.8567335243553
1436  75.8567335243553
1437  75.8567335243553
1438  75.8567335243553
1439  75.8567335243553
1440  71.31839622641509
1441  69.61936560934892
1443  68.89348500517063
1444  68.46146245059289
1445  68.10160965794769
1446  67.96464646464646
1447  67.78963414634147
1448  67.40818363273453
1449  68.82293762575453
1450  72.24203187250995
1451  72.62222222222222
1459  72.07492507492508
1460  75.17681728880157
1461  75.85240963855422
1462  75.28825271470879
1463  74.92921236291127
1464  74.75769612711022
1465  74.49112426035504
1466  73.9940417080437
1467  73.85314685314685
1468  73.75624375624376
1469  73.52338308457712
1470  73.27299703264094
1471  73.12524654832347
1472  72.74650698602794
1473  72.48469891411649
1474  72.33562315996075
1475  71.8863409770688
1476  71.67425742574257
1477  71.39546351084813
1478  71.02485089463221
1479  70.82638888888889
1480  70.62412060301507
1481  70.2280876494024
1489  72.07831325301204
1490  71.85929648241206
1491  71.79011099899091
1492  71.55983772819472
1493  71.00910931174089
1494  70.91793313069908
1495  70.71515151515152
1496  70.48787878787878
1497  70.07878787878788
1498  69.90091001011122
1499  69.75708502024291
1500  69.53775510204082
