1  100.36641929499072
2  100.77666362807656
3  101.27583025830259
4  101.65806451612903
5  102.06330275229358
6  102.52446906740536
7  102.96114708603145
8  103.41977611940298
9  103.45767441860465
10  98.92007266121708
11  96.58166969147005
12  94.22252252252252
13  93.38447814451382
14  93.90243902439025
15  94.13125
16  94.5695067264574
17  94.85315315315316
18  95.17647058823529
19  95.75581395348837
20  96.1154879140555
21  96.51431127012523
22  96.8381037567084
23  97.26447016918968
24  97.65045045045045
25  98.08214285714286
26  98.36639857015192
27  98.81719457013574
28  99.60826594788858
29  100.17009847806625
30  100.61951656222024
31  101.0667870036101
32  101.65166516651665
33  101.98475336322869
34  102.64266426642664
35  103.07630161579893
36  103.89464285714286
37  104.40377697841727
38  104.90467625899281
39  105.43772563176896
40  105.68083182640144
41  106.0655737704918
42  106.28635953026196
43  103.4625
44  100.51632833186231
45  95.56414762741652
46  92.52622222222222
47  90.63259911894274
48  89.74035087719298
49  89.88704028021016
50  90.05263157894737
51  90.36994727592267
52  90.74003466204506
53  90.8978354978355
54  91.56521739130434
55  91.71182053494391
56  91.94741379310345
57  92.18537859007833
58  92.45446584938703
59  92.77941176470588
60  92.88831168831169
61  93.30182133564614
62  93.57019810508183
63  94.24226804123711
64  94.44743701129453
65  94.87852865697177
66  95.25391304347826
67  95.78719723183391
68  96.2088772845953
69  96.72342264477095
70  94.37989778534923
71  90.10692899914457
72  84.66807076663858
73  84.80824222035324
74  85.10252100840336
75  85.64214046822742
76  86.02106149957876
77  86.54987426655491
78  86.9077834179357
79  87.2098251457119
80  87.74077181208054
81  88.42416666666666
82  88.85475792988314
83  89.27009113504556
84  89.71867219917013
85  90.135
86  90.61801501251043
87  90.95659432387312
88  91.58955223880596
91  91.22572614107884
92  91.6271748135874
93  91.99253731343283
94  92.55804311774462
95  92.87196652719665
96  93.21398834304746
97  93.7045643153527
98  93.99252491694352
99  94.69314381270902
100  94.81916666666666
101  93.72373862696443
102  91.0265780730897
103  90.06850459482038
104  89.20600500417014
105  88.97051390058972
106  89.29908103592314
107  89.52689075630252
108  89.93383584589614
109  90.0251256281407
110  90.2210175145955
112  90.08655462184873
113  90.22651006711409
114  90.33891213389121
115  90.80387205387206
116  91.55054302422724
117  91.67455621301775
118  91.84037162162163
119  91.88474576271186
120  91.97145256087322
122  92.04857621440536
123  91.95836802664446
124  91.44855967078189
125  90.52052545155993
126  90.20293398533008
127  89.9160554197229
128  89.5874183006536
129  88.91336633663366
130  87.92775041050903
131  87.45602605863192
132  86.83238405207486
133  86.28273092369479
134  85.56184316895715
135  85.53852392538523
136  85.60323886639677
137  85.61569579288026
138  85.68654311039484
139  85.69592976855547
140  86.11370967741935
141  86.25700560448358
142  86.50917797286512
143  87.11155378486056
144  87.39008792965627
145  87.75518341307814
146  88.18705035971223
147  88.51159072741807
148  89.00479233226837
149  89.34726688102894
150  89.74020783373301
151  90.21216973578863
152  90.76232821341956
153  91.26150121065375
154  91.59821428571429
155  92.0804224207961
156  92.44074675324676
157  92.9405052974735
158  93.3132137030995
159  93.75878986099755
160  94.06786590351595
161  94.87244480784955
162  95.6003276003276
163  95.96059113300493
164  93.31695331695332
165  90.55118755118755
166  87.6532456861134
167  85.60215053763442
168  86.12113821138212
169  86.59868421052632
170  87.35773710482529
171  87.90049751243781
172  88.39752066115703
173  88.80346820809248
174  89.3676834295136
175  89.78156146179403
176  90.26955074875208
177  90.72485453034082
178  90.31234465617233
179  86.7917695473251
180  83.71109271523179
181  80.8473597359736
182  78.98009950248756
183  79.27093596059113
184  79.64876033057851
185  80.24694376528117
186  80.42691990090835
188  79.93447993447994
189  80.24025974025975
190  79.88687035507844
191  79.36674816625917
194  78.43066884176183
195  76.55990220048899
196  74.0569306930693
197  73.92244224422443
198  74.40916530278233
199  74.73459326211997
200  75.08731466227347
201  75.66148814390843
202  75.83688524590164
203  76.8531810766721
204  77.2843137254902
205  77.91869918699187
206  78.30105777054516
207  78.76642335766424
208  79.2711182622687
209  79.9543973941368
210  81.7080291970803
211  82.68663967611336
212  83.36944219886823
213  84.28987854251012
214  85.41943319838056
215  86.28559870550161
216  86.91571194762685
217  87.9795584627964
218  90.66502866502867
219  93.58064516129032
220  94.97520661157024
221  95.63515754560531
222  96.24435146443514
223  96.94073455759599
224  97.16919191919192
225  95.64285714285714
226  93.57860082304526
227  92.24813895781638
228  91.89218106995885
231  91.32703368940017
232  86.75225594749794
233  84.23716381418093
234  82.1421608448416
235  80.12356792144026
236  79.8976248976249
242  79.14239218877135
243  79.04122011541632
244  79.51183673469387
245  79.82328654004955
246  80.16446280991735
247  80.5860655737705
248  80.68646864686468
249  81.36170212765957
250  81.54306808859721
251  81.90841584158416
252  82.33224489795919
253  82.8039376538146
254  84.50081967213114
255  87.09098428453267
256  88.565
257  89.02581182348044
258  89.83860232945092
259  90.20854271356784
260  90.80453020134229
261  91.11260504201681
262  91.74080267558529
263  92.08103592314119
264  92.57956448911223
265  93.06005004170142
266  93.01005867560771
267  90.03088480801335
268  90.44778613199666
269  90.96571906354515
270  91.26006711409396
271  91.825
272  92.20640269587194
273  92.74728940783987
274  93.17830109335576
275  93.7020920502092
276  94.39159663865546
277  94.8982338099243
278  95.38696020321761
279  95.94162436548223
280  96.4156064461408
288  95.15469146238377
289  95.49405772495756
290  95.64551607445009
291  92.4920634920635
292  89.43587594300084
293  86.12427022518766
294  82.42043551088777
295  81.84060402684564
296  82.11577181208054
297  82.63324979114452
298  83.00503355704699
299  83.69095477386935
300  83.99750415973378
301  84.60971524288107
302  85.01332223147377
303  85.88186356073211
304  86.19099249374479
305  86.82279534109817
306  87.27856547122602
307  87.89074228523769
308  88.30474604496253
309  88.87061769616027
310  89.08256880733946
312  88.75227085053675
313  89.05183946488295
314  89.72591362126246
315  90.0929648241206
316  90.72493786246893
317  91.08583333333333
318  91.69077306733168
319  92.3404605263158
320  92.74193548387096
322  93.26523887973642
323  94.00666666666666
324  94.04722452361226
325  93.8798353909465
326  92.94789081885857
327  92.48160261651677
328  91.96128500823723
329  90.89135802469136
330  90.16940789473684
331  89.53022875816994
332  89.17570850202429
333  88.24352750809061
334  86.9134693877551
335  85.95187601957586
336  85.11191626409018
337  84.40177133655395
338  83.19664268585132
339  82.34301856335755
340  82.30627615062761
341  82.2982283464567
342  81.46811819595645
343  81.46811819595645
344  81.46811819595645
345  81.46811819595645
346  81.46811819595645
347  81.46811819595645
348  81.46811819595645
349  81.46811819595645
350  81.46811819595645
351  81.46811819595645
352  81.46811819595645
353  81.46811819595645
354  81.46811819595645
355  81.46811819595645
356  81.46811819595645
357  81.46811819595645
358  81.46811819595645
359  81.46811819595645
360  81.46811819595645
361  81.46811819595645
362  81.46811819595645
363  81.46811819595645
364  79.09205020920503
369  80.37057877813506
370  78.82003257328991
371  79.59644874899112
372  80.24193548387096
373  80.73517465475223
374  81.60177705977382
375  82.07798537774167
376  82.7630293159609
377  83.2867469879518
378  83.78378378378379
379  84.34144363341444
380  84.79459901800327
381  85.38235294117646
382  85.88916256157636
383  86.77577741407529
384  87.28314238952537
385  87.75757575757575
386  88.20939818631493
387  88.82809917355372
388  89.10521955260978
389  89.81188118811882
390  90.18039538714991
391  91.0517666392769
392  91.65865782932892
393  92.03073089700996
394  92.7826810990841
395  93.08187134502924
396  93.75041736227045
397  94.38474576271186
398  94.8887952822241
399  95.42431972789116
400  96.38599487617421
401  96.75959079283888
402  97.42991452991453
403  97.82556131260795
404  98.27194492254733
405  98.83868169991327
406  99.27029360967185
407  99.81266261925413
408  100.32380952380953
409  100.57849089332177
410  95.65345699831366
411  90.79391891891892
412  87.69661016949152
413  88.25817267393127
414  88.7760814249364
415  89.2771186440678
416  89.80050505050505
417  90.2937181663837
418  91.03529411764706
419  91.68892645815723
420  92.08732157850545
421  92.58129738837405
422  93.06861924686193
423  93.67086481947943
424  94.14165261382799
425  93.63788767812238
426  88.7256046705588
427  82.08132780082988
428  80.66638935108153
429  80.92957746478874
430  81.56115702479339
431  81.98181818181818
432  82.5762572135202
433  83.06085526315789
434  83.66225165562913
435  83.99590163934427
436  84.89581624282198
437  85.4910277324633
438  85.90653432588917
439  86.60266001662511
440  87.06135986733001
441  87.64039408866995
442  88.29859387923904
443  88.84292763157895
444  89.40515806988353
445  90.3010752688172
446  90.85595337218984
447  91.53355426677713
448  92.03778337531486
449  92.67272727272727
450  93.1163757273483
451  93.77
452  93.64912280701755
453  89.62057613168724
454  83.99917627677101
455  80.91707717569787
456  79.55428571428571
457  80.04571428571428
458  80.4938775510204
459  81.05319148936171
460  81.60309698451508
461  82.02459016393442
462  82.8893409275834
463  83.45373376623377
464  83.93425324675324
465  84.56275635767022
466  82.39271255060729
467  79.19724025974025
468  79.43581357318071
469  79.83333333333333
470  80.39967637540452
471  80.97532894736842
472  81.48006509357201
473  81.90277777777777
474  82.43113284433578
475  82.92182410423453
476  83.45588235294117
477  83.91619202603744
478  84.34142394822007
479  84.92206726825266
480  85.7927927927928
481  86.16884176182708
482  86.69661995053586
483  87.39087947882736
484  87.83333333333333
485  88.52800658978583
486  88.94180327868852
487  89.57803468208093
488  89.94876033057851
489  90.89044481054366
490  91.44
491  92.013256006628
492  92.65285832642917
493  93.0233918128655
494  90.94352159468438
495  87.97100248550124
496  85.94347464671654
497  83.76669414674362
498  82.80870279146141
499  83.32234130255564
500  83.63993453355155
501  84.05020576131687
502  84.63800163800164
503  85.10344827586206
504  85.5440329218107
505  86.0049751243781
506  86.4954657873042
507  87.27242798353909
508  87.78647980214345
509  88.12644628099173
510  88.73606557377049
511  89.19071310116087
512  89.83705541770058
513  90.29253981559094
514  90.86479802143447
515  91.35779816513761
516  92.30041841004184
517  92.76079734219269
518  93.3211009174312
519  93.95095594347465
520  94.47381756756756
521  95.12489522212908
522  94.7760067114094
523  92.74833333333333
524  90.546965918537
525  87.69597989949749
526  86.24043261231282
527  84.77133388566695
528  83.78493723849373
529  84.00830564784053
530  84.62645590682196
531  85.01748542880932
532  85.61454849498328
533  86.46589018302829
534  86.70671085335543
535  87.25459098497495
536  87.7743288590604
537  88.1241610738255
538  88.59966358284272
539  87.52448132780083
540  85.79163179916318
541  85.29002514668902
542  84.73294509151414
544  84.71906976744187
545  84.08075370121131
546  84.08075370121131
547  84.08075370121131
548  84.08075370121131
549  84.08075370121131
550  84.08075370121131
551  84.08075370121131
552  84.08075370121131
553  84.08075370121131
554  84.08075370121131
555  84.08075370121131
556  84.08075370121131
557  84.08075370121131
558  84.08075370121131
560  82.20055452865064
561  80.48295926849543
562  78.93656093489149
563  78.4878661087866
564  78.91812865497076
565  79.56521739130434
566  79.9539363484087
567  80.51661129568106
568  80.97508305647841
569  81.75418060200668
570  82.10451505016722
571  82.57202331390508
572  83.05583333333334
573  83.60382059800665
574  84.0325271059216
575  84.5563847429519
576  86.72848788638262
577  89.95735785953177
578  90.9949494949495
579  91.88383838383838
580  92.39100932994063
581  92.96528365791701
582  93.52037351443124
583  94.09710391822829
584  94.60512820512821
585  95.13784246575342
586  93.31569965870307
587  90.47707979626486
588  89.01683501683502
591  88.25850340136054
592  86.10169491525424
593  84.84608915054667
594  85.37691001697793
595  85.70688190314358
596  86.19237288135594
597  86.57872340425531
598  87.02640545144804
599  87.41438356164383
600  87.92242114237
601  88.3082191780822
602  88.76555839727195
603  89.22527944969906
604  88.89536878216124
605  85.0771208226221
606  82.84840654608097
607  83.48618307426598
608  83.88832054560955
609  84.38712446351931
610  84.8062015503876
611  85.25150214592274
612  85.65030146425495
613  86.27288428324698
614  86.86070507308685
615  87.32752613240419
616  87.67387543252595
617  88.213298791019
618  88.12131715771231
619  84.81849315068493
620  81.95438898450946
621  80.60981912144703
622  81.44711951848667
623  81.83333333333333
624  82.25643224699829
625  82.83419243986255
626  83.26094420600859
627  83.72664952870609
628  84.18771626297578
629  84.67811158798283
630  85.13013698630137
631  85.90034071550255
632  86.33765112262522
633  86.76390076988879
634  87.27690972222223
635  87.75106564364876
640  87.29145299145299
641  87.69479965899403
642  88.21994884910485
643  88.46963216424294
644  89.14078498293516
645  89.47224594363792
646  90.07791095890411
650  89.46775580395528
651  90.01965811965812
652  90.38540772532188
653  90.83319076133448
654  91.35811965811966
660  90.75234842015371
661  91.12085106382979
667  91.2901861252115
668  91.52247667514843
669  91.10668924640136
670  90.61162594776748
671  90.43587594300084
673  90.29258010118043
674  89.30252100840336
675  88.09121338912134
676  88.29545454545455
677  88.70962343096234
678  88.9949281487743
679  89.25316455696202
681  88.85151006711409
682  89.20271416454622
683  89.6619007569386
684  90.2642310960068
685  90.57738095238095
686  91.09276595744682
687  91.36293766011956
688  92.0230179028133
689  92.30730050933786
690  92.84550084889644
691  93.27763496143959
692  93.72006890611542
693  94.54227156276687
694  95.14248927038626
695  95.61892361111111
696  96.29508196721312
697  96.74112554112554
698  97.42819843342036
699  97.96035242290749
700  98.63461538461539
701  99.14061135371179
702  100.02726473175022
703  100.71201413427562
704  101.23839285714286
705  101.84377758164166
706  102.54375
707  103.03038427167112
708  103.85435168738898
709  104.3677536231884
710  105.13211009174313
711  107.65668849391955
712  109.78424015009381
713  110.70837253057385
714  111.25190114068441
715  112.03901046622263
716  112.6852394916911
717  113.0283203125
718  112.68975609756097
719  111.74732750242954
720  106.53896713615023
721  101.3293795620438
722  95.80339588918677
723  90.66431095406361
724  85.77408056042032
725  81.30324276950044
726  77.71353251318102
727  75.36157205240174
728  73.41593695271453
729  72.86040386303775
736  72.1798245614035
737  71.88038698328936
738  72.66405570060923
739  73.18547681539808
740  73.63406113537118
741  74.05336832895888
742  74.63620386643234
743  75.1764192139738
744  75.63628396143733
745  76.28135888501743
746  77.06929824561404
747  77.46288209606988
748  77.86853637160385
749  78.41379310344827
750  79.03295750216826
751  79.46233766233766
752  80.13656006914434
753  80.51691240242845
754  81.16420503909644
755  82.00515463917526
756  82.49220103986136
757  83.05017301038062
758  84.125
759  88.23387790197765
760  90.12434782608696
761  90.74869109947645
762  91.46864111498257
763  92.16069868995633
764  93.18859649122807
765  93.74402125775022
766  94.30319148936171
767  94.89047195013357
768  95.5704099821747
769  96.11524822695036
770  96.70635631154879
771  98.59476534296029
772  100.21826484018266
773  101.39742410303589
774  102.18430656934306
775  102.8458748866727
776  103.48336414048059
777  104.3985171455051
778  104.91728624535315
779  105.54460093896714
780  106.75517890772127
781  108.55673076923077
782  109.51538461538462
783  110.28281853281854
784  110.61111111111111
785  111.23416506717851
786  111.65880039331367
787  112.29990167158309
788  112.72967678746326
789  113.26930693069306
790  113.79443892750746
791  114.38693467336682
792  113.98712871287128
793  113.25196078431372
794  113.06407766990291
795  112.69103313840156
796  111.70490196078431
797  109.5662188099808
798  106.85349716446125
799  106.72394366197183
800  106.88367729831145
801  107.14881516587678
802  107.75402081362347
803  107.91912464319695
804  108.50095238095238
805  108.67457305502846
806  109.0329457364341
808  109.09108341323106
816  109.28265107212476
817  110.05374280230326
818  110.32846003898635
819  110.84824902723736
820  111.12512218963832
821  111.5101842870999
822  111.91386138613862
823  111.61051606621227
824  110.40403071017275
825  110.2869481765835
832  109.84556720686368
833  109.27729468599034
834  108.24688995215311
835  107.42264150943396
838  107.49248120300751
839  106.92717086834733
840  106.75936329588015
841  106.54162768942938
842  106.54162768942938
844  105.99349442379182
845  105.92506938020352
846  106.04907407407407
847  106.40900562851783
848  106.68480300187618
849  107.0255924170616
850  107.48056872037915
851  107.84710351377018
852  108.34315589353612
853  106.8135593220339
854  105.67291471415183
855  103.1419413919414
856  100.77848101265823
857  98.57871198568873
858  95.97939068100358
859  92.80909901873328
860  89.35657546337158
861  86.48806366047745
862  82.55358724534987
863  80.26283185840708
864  79.10526315789474
865  78.71592920353983
866  79.14840989399293
867  79.91150442477876
868  80.752
869  81.2993799822852
870  82.75513851653263
871  83.40780141843972
872  84.05263157894737
873  84.31117021276596
875  84.48754448398577
876  85.03568242640499
877  85.43532560214095
878  85.77075812274369
879  86.24010791366906
880  86.36083408884859
881  86.82828282828282
882  87.30650994575045
883  87.75414364640883
884  88.21715328467154
885  88.48168498168498
886  89.29616087751371
887  89.87476635514018
888  90.45211786372008
889  91.09276437847866
890  91.60093023255814
891  92.12476894639556
892  92.61517113783533
893  93.1890639481001
894  93.71629213483146
895  93.97665732959851
896  94.42358490566038
897  96.18694362017804
898  96.80527383367141
899  97.46288659793814
900  98.19813278008299
901  98.52012383900929
902  99.3381443298969
903  99.82536382536382
904  100.20435684647302
905  100.60883280757098
906  100.64465408805032
907  101.1900212314225
908  101.22635494155153
909  101.4755838641189
910  102.00738396624473
911  102.27919320594481
912  102.87660944206009
913  102.99786096256685
914  103.43586956521739
915  104.34640522875817
916  104.8505376344086
917  105.16866158868335
918  105.64705882352942
919  106.11459459459459
920  106.57405405405405
921  106.69945945945946
922  107.00108577633009
923  107.491926803014
924  108.18554476806904
925  108.47821350762527
926  108.8468176914779
927  109.13062098501071
928  109.22977346278317
929  109.85368536853684
930  110.36572052401746
931  110.39737991266375
932  110.47986942328617
933  111.01754385964912
934  111.07834602829162
935  111.26086956521739
936  111.6396103896104
937  111.82570806100219
938  112.27094668117519
939  112.27094668117519
940  112.27094668117519
941  112.27094668117519
942  112.27094668117519
943  112.27094668117519
944  112.27094668117519
945  112.27094668117519
946  112.27094668117519
947  112.27094668117519
948  112.27094668117519
949  112.27094668117519
950  112.27094668117519
951  112.27094668117519
952  112.27094668117519
953  112.27094668117519
954  112.27094668117519
955  112.27094668117519
956  112.27094668117519
957  112.27094668117519
958  112.27094668117519
959  112.27094668117519
960  112.27094668117519
961  112.27094668117519
962  112.27094668117519
963  112.27094668117519
964  112.27094668117519
965  112.27094668117519
966  112.27094668117519
967  112.74949698189135
968  109.49058473736372
969  109.2764705882353
970  109.1829745596869
971  107.26103646833013
972  105.9448669201521
978  104.71055088702147
979  102.804788213628
985  101.26800364630812
986  95.76888489208633
987  93.36752899197145
991  93.60711111111111
992  90.28952042628775
993  88.90467784642541
994  89.33716814159293
995  89.75264084507042
996  90.15255731922399
997  90.44933920704845
998  90.87367491166077
999  91.17631578947369
1002  90.01234567901234
1003  90.29679144385027
1004  90.89143865842895
1005  91.35288888888888
1006  91.72711111111111
1007  92.11586452762923
1008  92.6130473637176
1012  91.65566458519179
1013  92.31489741302408
1014  92.59785522788204
1015  93.07637655417406
1016  93.47751798561151
1017  93.99018733273863
1018  94.50134770889488
1019  94.91517857142857
1020  95.45716862037872
1021  95.94614003590664
1022  96.64726947179946
1023  97.16515426497278
1024  97.70635631154879
1025  98.1896551724138
1026  98.75700090334237
1027  99.23710407239818
1028  99.81752484191509
1029  100.34001823154057
1030  101.21435059037239
1031  101.28947368421052
1032  99.37466307277629
1033  97.74133333333333
1034  95.6917626217892
1035  93.96545615589017
1036  92.38706820194862
1037  90.69856887298748
1038  89.33599290780141
1039  88.19520851818989
1040  87.61840929401251
1041  86.73131672597864
1042  86.50747581354442
1043  86.36081560283688
1044  86.44876325088339
1045  86.9141592920354
1046  87.2778761061947
1047  88.42719298245613
1048  93.67319679430098
1049  95.2626892252894
1050  95.98193315266487
1051  96.60396039603961
1052  97.000904159132
1053  97.46545454545455
1054  97.77056672760511
1055  97.84375
1056  98.40604949587535
1057  98.99447513812154
1058  99.45
1059  100.28663594470046
1060  101.59644194756555
1061  103.62332695984703
1062  104.58925143953934
1063  105.48191593352884
1064  105.9615763546798
1065  106.53883972468043
1066  107.57114427860697
1067  107.93608652900689
1068  108.9111549851925
1069  110.33532338308459
1070  111.22817460317461
1071  111.69513406156901
1072  112.39662027833002
1073  113.0190380761523
1074  113.51533135509396
1075  114.26278836509528
1076  114.79959100204499
1077  115.2502522704339
1078  115.94331983805668
1079  116.45074626865672
1080  116.751
1081  116.751
1082  116.751
1083  116.751
1084  116.751
1085  116.751
1086  116.751
1087  116.751
1088  116.751
1089  116.751
1090  117.54776422764228
1091  116.36983240223464
1092  115.50632911392405
1093  114.11730205278593
1094  112.42617960426179
1095  111.29967426710098
1096  109.87027914614121
1097  108.87230514096186
1098  108.16333333333333
1099  106.81566820276498
1100  105.43555555555555
1101  102.10574412532637
1102  99.59364358683314
1103  98.49474789915966
1104  96.9272183449651
1105  95.48279158699809
1106  93.9493908153702
1107  92.35579514824798
1108  91.18832891246684
1109  90.31996512641673
1110  88.37065972222223
1111  88.37065972222223
1114  87.46133796698523
1115  86.27777777777777
1116  86.4622067767159
1117  87.06938421509106
1118  87.16594265855778
1119  87.63431542461005
1120  88.05749128919861
1121  88.80138768430182
1122  90.31010452961672
1123  91.16242317822652
1124  91.88199300699301
1125  92.31190269331016
1126  92.68739054290718
1127  93.52260869565217
1128  96.31926121372032
1129  98.06216696269982
1130  98.75133214920072
1131  99.32704402515724
1132  99.97948260481712
1133  100.56238859180036
1134  101.05845881310896
1135  101.49151027703306
1136  102.05871886120997
1137  102.99911268855368
1138  103.55085508550854
1139  104.21589882565493
1140  104.60091324200914
1141  104.53133514986376
1142  102.97029702970298
1143  101.32107623318386
1144  101.49459459459459
1145  101.98199819981998
1146  102.50226654578422
1147  102.98467087466186
1148  103.46690843155031
1149  103.85222121486854
1150  104.40256175663312
1151  104.6590909090909
1152  105.39396709323583
1153  105.56880733944953
1154  106.2245088868101
1155  107.14954128440367
1156  107.42407407407407
1157  107.3170955882353
1158  104.1471663619744
1159  101.18464351005485
1160  98.5496866606983
1161  95.75627240143369
1162  94.68307967770815
1164  94.95093666369313
1165  93.15602836879432
1166  91.20210896309315
1167  89.34482758620689
1168  87.72053571428572
1169  86.51499118165785
1170  86.42605633802818
1171  86.35413005272407
1172  86.79591836734694
1173  87.3794014084507
1174  88.30660792951542
1175  89.27510917030568
1176  90.12334801762114
1177  90.56084656084656
1178  91.07073386383732
1179  91.71985815602837
1180  92.13274336283186
1181  92.76148409893993
1182  93.2424511545293
1183  93.43489813994685
1184  93.7888198757764
1185  93.82978723404256
1186  93.87444345503117
1187  94.41895482728079
1188  94.18727915194346
1189  92.92990239574091
1190  89.25795053003533
1191  86.7335701598579
1192  84.613074204947
1193  82.67198581560284
1194  80.90248226950355
1195  79.92641843971631
1196  79.61816578483246
1197  79.31741821396994
1198  78.43992932862191
1199  77.47173144876325
1200  77.35632183908046
1201  77.4726148409894
1202  78.05235137533275
1203  78.41622574955909
1204  78.72413793103448
1205  79.42175066312997
1206  81.36619718309859
1207  83.05039787798408
1208  84.12587412587412
1209  84.4256993006993
1210  85.19772528433946
1211  85.63453111305871
1212  86.27003484320558
1213  86.57218777679363
1214  87.24255691768826
1215  88.23647469458987
1216  88.7732506643047
1217  89.3641975308642
1218  90.12511091393078
1219  90.83571428571429
1220  93.09831709477413
1221  95.2386464826358
1222  96.32171581769437
1223  97.21062106210621
1224  97.76805054151625
1225  98.52493200362647
1226  99.43818181818182
1227  99.80345768880801
1228  100.22752293577982
1229  100.02346570397111
1230  99.0171325518485
1231  97.2981199641898
1232  95.38577777777778
1233  94.96520963425513
1234  93.31443755535872
1235  89.28759894459102
1236  86.11130587204207
1237  82.70327723649247
1238  80.24288256227759
1239  77.86905829596412
1240  75.49686660698299
1241  73.16335740072202
1242  71.35140018066848
1243  69.08340971585702
1244  67.47813953488372
1245  65.58294283036551
1246  64.45617342130066
1247  63.65484180249281
1248  63.46241674595623
1255  62.49126213592233
1256  61.9735294117647
1257  62.42829457364341
1258  62.72265625
1259  63.327237728585175
1260  63.658252427184465
1261  63.9189453125
1262  64.40637065637065
1263  64.96990291262136
1264  65.52636625119847
1265  66.04947668886774
1266  66.08045977011494
1267  66.37033492822967
1268  66.83076923076923
1269  67.42816091954023
1270  68.35227272727273
1271  68.86660359508042
1272  69.65507518796993
1273  71.89095992544269
1274  75.40346083788707
1275  76.98431734317343
1276  77.65808823529412
1277  78.25776965265082
1278  78.77330895795247
1279  79.65296803652969
1280  80.74540441176471
1281  83.84389348025712
1282  86.77666362807658
1283  87.86417502278942
1284  88.78447488584474
1285  89.4053064958829
1286  89.97247706422019
1287  90.66666666666667
1288  91.56330275229358
1289  92.86397058823529
1290  95.24160447761194
1291  96.50508788159112
1292  97.26679104477611
1293  97.86985018726591
1294  98.60245514636449
1295  99.13055818353831
1296  99.382797731569
1297  97.9576816927323
1298  95.4811753902663
1299  92.3199268738574
1300  88.62522851919562
1305  86.96666666666667
1312  86.418458781362
1313  81.28900709219859
1314  76.00359066427289
1315  76.27837837837838
1316  76.79132791327913
1317  77.29500891265597
1318  77.72317403065826
1319  78.18716577540107
1320  78.59103139013453
1321  79.09212880143113
1322  79.54529147982063
1323  80.25577264653641
1324  80.50134288272157
1325  81.18482142857142
1326  81.57180851063829
1327  82.04509283819628
1328  82.43097345132743
1329  83.06583629893238
1330  83.21985815602837
1331  79.35221238938053
1332  73.78923766816143
1333  72.91472172351885
1334  73.37309417040359
1335  73.84968496849685
1336  74.36379928315412
1337  74.8001800180018
1338  75.38324420677363
1339  75.85201793721973
1340  76.30817051509769
1341  77.08510638297872
1342  77.48071748878924
1343  78.07610619469027
1344  78.59502664298401
1345  79.06471631205673
1346  79.55178571428571
1347  80.1606033717835
1348  80.51063829787235
1349  81.18101933216168
1350  82.05221238938053
1351  82.336
1352  83.06802120141343
1353  83.40812720848056
1354  84.01950354609929
1355  84.46861184792219
1356  85.07808340727595
1357  85.54070796460176
1358  86.24580017683466
1359  87.1323918799647
1360  87.44316163410302
1361  88.2221231043711
1362  88.65174574753804
1368  88.50534759358288
1369  89.05871886120997
1370  89.39487632508833
1371  90.02654867256638
1372  90.38010657193605
1373  91.03008849557523
1374  91.39840283939662
1375  92.0246913580247
1383  92.27055702917772
1384  92.59163701067615
1385  93.46017699115045
1386  93.6607460035524
1388  92.47914818101154
1389  93.04711111111111
1390  93.43655723158828
1391  93.89667565139263
1392  94.29946524064171
1393  94.82792792792793
1394  95.56115107913669
1395  96.14937388193202
1396  96.59660107334525
1397  97.13484162895928
1398  97.74293527803098
1399  98.08874656907594
1400  98.61060329067641
1401  95.19488536155202
1402  91.52724077328647
1403  86.34974093264249
1404  84.62899050905953
1408  84.4295592048401
1409  83.36614853195164
1411  83.43733794295592
1412  81.17733564013841
1413  80.2863321799308
1414  80.59178321678321
1415  80.94487510766581
1416  81.33128834355828
1417  81.60139251523063
1418  82.02424242424243
1419  82.42894280762565
1420  82.9094865100087
1422  83.24585876198779
1423  83.61242344706912
1424  84.17013888888889
1425  84.51919720767889
1426  85.05235602094241
1427  85.41811846689896
1428  85.98944591029024
1429  86.47465034965035
1430  89.32543859649122
1431  89.76283185840708
1432  90.30484581497798
1433  90.76245551601423
1434  91.25886524822695
1435  91.7457627118644
1436  92.26696035242291
1437  92.72832886505809
1438  92.78933333333333
1441  89.25634295713036
1442  89.7125328659071
1443  90.13093145869948
1444  90.51451187335093
1445  91.09700176366843
1446  91.4261862917399
1447  91.90017667844523
1448  92.5219298245614
1449  92.82051282051282
1452  91.2410166520596
1453  91.41448516579406
1454  91.85752448797862
1455  92.24407374890255
1456  92.82666666666667
1457  93.2343059239611
1458  93.68928571428572
1459  94.20499108734403
1460  94.70169189670526
1461  95.07275953859805
1462  95.58738738738738
1463  96.13303571428571
1464  96.67713004484304
1465  94.90803571428572
1466  93.0070796460177
1472  92.03283052351375
1473  90.27408056042032
1474  87.10070052539405
1475  84.83637946040035
1476  83.31206293706293
1477  83.20593368237347
1480  82.37771975630983
1481  82.30695652173912
1482  82.52276707530648
1483  83.37137840210711
1484  84.03514938488577
1485  85.06151142355009
1486  87.42456140350878
1487  88.77767857142857
1488  89.69299023957409
1489  90.28596646072374
1490  90.67352415026834
1491  91.24137931034483
1492  91.8132854578097
1493  92.4178445229682
1494  92.97591436217662
1495  93.56110615521855
1496  94.28077945084145
1497  94.82718271827183
1498  95.81418312387791
1499  96.85429864253393
1500  97.31956912028726
