1  74.35033050047214
3  74.16995305164319
4  73.75532900834105
5  73.19254658385093
6  73.09819121447029
7  68.96033402922755
9  71.96469685341519
10  68.13667711598747
12  67.49666464523953
14  67.43486469477659
15  66.15757575757576
16  65.22531046717918
18  63.953996549741234
21  63.831797235023046
22  62.49692221600448
23  62.03159645232816
24  61.582930756843794
25  61.14686825053995
26  60.86935483870968
27  60.2813829787234
30  59.331728196896734
31  59.16826411075613
33  58.633387010198604
34  58.42748917748918
35  57.50482315112541
36  57.21580063626723
37  57.15409658166034
38  56.18789473684211
39  55.64708966963818
41  54.93955461293743
42  54.81832711774108
43  54.47997864388681
44  53.76712328767124
45  53.760086067778374
46  53.17254273504274
47  52.53936797000536
49  52.73917869034406
50  51.404685835995735
51  51.276630434782604
53  51.05672969966629
54  50.976953344575605
55  49.682687056253414
56  49.3869918699187
57  48.23221757322176
58  48.169230769230765
59  51.4871931696905
60  59.58489461358313
61  65.62214411247803
62  70.41581342434584
63  73.99778270509978
64  74.3597855227882
65  73.9740328563858
66  73.66491043203372
67  73.17183394640043
68  72.71570161711007
69  72.365597054182
70  71.68970893970894
71  71.41889763779528
72  71.00312662845232
73  70.55363683935113
74  70.0334553058024
75  69.76673640167364
76  71.18634496919918
77  77.67131062951496
78  83.29076224129227
79  87.7044433349975
80  88.71660916707738
81  88.43272548053228
82  88.19833496571988
83  87.88353808353808
84  87.54296875
85  87.04142300194931
86  86.62602409638554
87  86.07585213634181
88  85.7024154589372
89  85.29315332690453
90  84.4694364851958
91  84.02917264466763
92  83.5852380952381
93  83.09273422562141
94  82.75725844835793
95  82.29442591710338
96  81.74762808349146
97  81.39563567362428
98  80.79724596391263
99  79.84345351043643
100  79.76478939895883
101  79.08195949128591
102  78.65596979707409
103  78.35873166114528
104  78.11580446131941
105  77.67121997173811
106  77.40104662226452
107  77.02168788307402
108  76.45841209829868
109  76.17613903240958
110  75.64474929044465
111  75.11837121212122
112  74.63627730294397
113  74.21344060577378
114  73.94538606403013
122  77.68854018069425
123  77.4985741444867
124  77.16476733143399
125  76.82882882882883
126  76.23607805806759
127  75.96879432624114
128  75.51765267175573
129  75.18315191670611
130  74.9031950405341
131  74.3755935422602
132  74.04709800190295
133  73.57379375591296
134  73.14407988587732
135  72.64367269267365
136  72.29422985216976
137  71.98145506419401
138  71.56538278649548
139  71.29899856938484
140  70.84195538680588
141  70.55946717411989
142  70.0968809073724
143  69.78676122931442
144  69.13883587786259
145  68.81412991939308
146  68.44180522565321
147  68.00475511174513
148  67.63195435092724
149  67.21465968586388
150  66.88646080760095
151  66.41282660332541
152  65.77524893314367
153  65.52988614800759
154  65.12720343020486
155  64.76126558005753
156  64.43992340832935
157  64.01852731591448
158  63.611590038314176
159  63.209999999999994
160  62.82355746304245
161  62.1125890736342
162  61.79465138490926
163  61.45250596658711
164  61.055317119694806
165  61.08652007648183
166  64.42616642616643
167  64.56650717703349
168  64.22673031026252
169  64.05943889681407
170  63.357850070721355
171  63.17516525023608
172  62.83652007648183
173  62.51927653498335
174  62.17318702290076
175  61.91069723018147
176  61.53860819828408
177  61.10292728989613
178  60.00780891134589
180  59.82527525131641
181  59.52459016393442
182  59.0062082139446
183  57.762829403606105
185  57.34542884071631
186  56.71942778034149
187  56.38265306122449
188  55.824871914299024
189  57.81627906976745
190  63.811008280565034
191  67.48051948051948
192  67.51819923371647
193  67.17621776504298
194  66.8830242510699
195  66.50047664442326
196  66.14823641563393
197  65.57218225419665
198  65.23428571428572
199  64.95031055900621
200  64.59559175850504
201  64.21621621621621
202  63.920627376425855
203  63.51328273244782
204  63.19212523719165
205  63.01998097050428
206  62.39352072415436
207  62.07706945765938
208  61.52410501193317
209  61.1729755630091
210  60.92189746046958
211  60.434824434824435
212  60.16059443911793
213  58.45438121047877
215  58.70782693242586
216  58.41589917595735
217  57.52410207939508
218  56.77829747427502
219  56.623188405797094
220  56.207511737089206
221  55.64069062062529
222  55.16304849884527
223  54.596662030598054
224  54.43407613741876
225  53.949509116409544
226  53.83302151543499
227  53.45527306967985
228  53.303546099290784
229  52.64601769911505
230  52.44315004659832
231  51.8306976744186
232  51.3053613053613
233  50.886731391585755
234  50.52609699769053
235  50.04733178654293
236  49.48096101541252
237  49.152542372881356
239  48.62084870848709
240  48.292761641309355
241  47.68186046511627
242  46.97904328018224
243  46.11472448057813
245  45.55251141552512
246  44.967875172097294
247  43.94115024520731
248  43.26607142857142
250  42.09790832220739
251  41.898936170212764
252  41.82377428307123
254  41.36804901036757
256  42.111442786069645
257  41.83610690872416
258  41.61911987860394
259  41.41615853658537
263  40.725671918443
264  40.51412691060676
266  41.58077503774534
267  39.75932835820896
268  39.18378887841659
270  39.32233502538071
271  38.07345420734542
272  38.058851004203646
273  38.300975609756094
274  40.04899673355109
275  40.18219366681964
276  42.022047244094495
278  39.916500994035786
280  40.076962283384304
281  41.979855371900825
282  42.883215369059656
289  42.79674060660932
290  49.03003625064733
291  51.835046500244744
292  56.83367037411527
293  61.66273352999016
294  67.53891050583658
295  71.72789115646259
296  75.79336857280154
297  77.72761904761904
298  77.35768500948767
299  76.72319319792159
300  76.4368520263902
301  75.77574047954866
302  75.33629976580796
303  74.62652869238006
304  74.28611632270169
305  73.7683615819209
306  73.33864915572232
307  72.93705965241898
308  72.49129411764706
309  72.09796497870326
310  71.70477090222012
311  71.22839506172839
312  70.54890788224121
313  70.19555975436938
314  69.83167848699763
315  70.4983498349835
316  74.65977895242672
317  75.81972628598396
318  75.29378531073446
319  75.0014137606032
320  74.45825426944971
321  73.95242581252944
322  73.52484619025083
323  73.19192399049881
324  72.81792183031459
325  72.44768275203057
326  72.20696232713401
327  74.87173396674584
328  76.24773269689737
329  77.03765490943756
330  76.81027104136948
331  76.4227294341417
332  76.19448407037565
333  75.76831588962892
334  75.27337786259542
335  75.02714285714286
336  74.57962697274031
337  74.46781940441883
338  74.37099090473912
339  74.23109843081312
340  73.89438629876308
341  73.49043062200957
342  73.05178147268408
343  72.77661097852028
344  72.38835877862596
345  72.67746545974273
346  75.23900573613767
347  77.5033428844317
348  78.28341232227488
349  77.93074003795067
350  77.77188831045906
351  77.23996221067549
352  76.91120607787275
353  76.6069391634981
354  76.11089957163256
355  75.86141433317513
356  75.5701378982406
357  74.9739336492891
358  74.77989518818485
359  74.28809523809524
360  73.98334126606377
361  73.54829408938011
362  73.23535016674607
363  73.03873744619798
364  72.5959595959596
365  71.92337164750958
366  71.58078393881453
367  71.34534101825169
368  70.92713326941515
369  70.50360057609217
370  70.17726396917148
371  69.81766109785202
372  69.51106833493743
373  69.43695861405197
377  73.2823359073359
378  73.01634615384616
379  72.71669884169884
380  72.24915172079496
381  72.07055365017149
383  72.34071885770557
384  72.21736997055937
385  71.85098039215686
386  71.7786445636275
387  71.23675255226057
388  71.05204280155642
389  70.7414800389484
394  72.5600388915897
395  72.29936923823387
396  71.90237979601748
397  71.71734892787525
398  71.36988304093568
399  71.10439024390244
400  70.68995633187772
408  70.61590688651795
409  70.319592628516
410  69.67600193143409
411  69.45454545454545
412  69.14167879670063
413  69.14167879670063
414  72.22709551656921
415  73.46504854368932
416  73.79121951219513
419  74.28301886792453
420  76.02908385845855
421  77.8257281553398
422  79.27123552123552
423  81.02608695652174
424  81.90780487804878
430  82.41826003824092
431  82.88492629576795
432  82.52804182509506
433  82.26111636707664
434  82.06543385490754
435  81.77399527186762
436  81.04045692527367
437  79.55967665240134
438  77.79752262982373
439  77.43253588516747
440  77.322009569378
441  76.92183031458532
442  76.60449545671928
443  76.22966507177034
444  76.0004816955684
449  75.87530207829869
450  75.55866731047803
451  75.28550794415021
452  75.28338136407301
453  76.43522561863173
454  78.35557720409157
455  78.39589442815249
456  78.17695673310646
457  77.8363370677058
458  77.54052734375
459  77.17006802721089
460  76.98139079333987
461  76.6910609037328
462  76.265495363592
463  75.79803921568627
464  75.54238118569329
465  75.21253672869736
466  76.41748526522593
467  78.30218687872764
468  78.29786176031826
469  78.05704365079364
470  77.59671805072104
471  77.31777557100298
472  76.78325859491778
473  76.49525711432851
474  76.43219076005961
475  76.32456575682382
476  77.07238472979672
477  79.04386839481555
478  79.56268656716418
479  79.2380009896091
480  78.89058649581074
481  78.35268076733891
482  78.10555004955401
483  77.62271604938272
484  77.2685093780849
485  77.10014800197337
486  76.58954119388258
487  76.27576054955838
488  76.02705361534677
489  75.48593981253083
490  74.96862745098039
491  74.62879529872674
492  74.0711175616836
493  73.75244140625
494  73.39236790606654
495  72.94208494208495
496  72.51400966183574
497  72.2000968992248
498  71.59352344127598
499  71.07411019015115
500  70.61911693352741
501  70.18406993686256
502  69.83847637415622
503  69.47568093385215
504  69.06699029126213
505  68.58965683905268
506  68.31271310277643
507  67.59187620889749
508  67.09917355371901
509  66.70703125
510  66.36742607852642
511  65.93780135004822
512  65.54076218041486
513  65.22771317829458
514  64.74477394263491
515  64.36081474296799
516  62.36392548841435
517  62.288950531668974
518  61.852886405959026
519  66.49759384023099
520  72.74852652259332
521  77.48401162790698
522  78.77078327727054
523  78.54168651738924
524  78.14983404457088
525  77.54532577903683
526  77.07797087834665
527  76.61003312825366
528  76.19023015500235
529  75.67152255639098
530  75.33915918752952
531  74.80246913580247
532  74.50377714825306
533  73.94114877589453
534  73.36757013789824
535  72.93811998110533
536  72.53005205868433
537  72.21394910461828
538  71.71118452100048
539  71.35812411179536
540  70.83191287878788
541  70.51867612293144
542  70.16420752022846
543  69.55187115111322
544  69.14974019839396
545  68.80947867298578
546  68.38817966903073
547  68.1388625592417
548  67.70042796005706
549  67.36969985707479
550  66.88518342067651
551  66.60105112279025
552  66.00662565073355
553  65.72145902415916
554  65.33824228028503
555  66.82476635514018
556  73.20182604517059
557  79.12824207492795
558  80.79866412213741
559  80.49404478323011
560  80.22148603880738
561  79.52473834443387
562  79.17052432687765
563  78.74741298212606
564  78.3322383857344
565  78.00942951438
566  77.56660412757974
567  77.13809300140912
568  76.7764705882353
569  76.32534085566526
570  75.71683913452493
571  75.33505639097744
572  75.01656412683388
573  74.47353497164461
574  74.23829787234042
575  73.92708333333333
576  73.43812233285918
577  73.04599336178283
578  72.54528212422949
579  72.17710786622703
580  71.78551136363636
581  71.42586451918523
582  70.99715370018976
583  70.72111742424242
584  70.28788598574822
585  69.99336178283546
586  69.53327041057102
587  69.0418648905804
588  68.75452812202097
589  68.44306812767985
590  73.05890736342043
591  76.49712368168744
592  75.97068557919621
593  75.75035460992908
594  75.28753541076487
595  75.0873053327041
596  74.38476100331283
597  74.09039280643634
598  73.72525918944392
599  73.27281323877068
600  72.9399243140965
601  72.56478405315615
602  71.99341176470588
603  71.7081362346263
604  71.38625592417061
605  70.70758293838863
606  71.53529686769518
607  77.59010936757014
608  81.92840208629683
609  81.93911007025761
610  81.71207865168539
611  81.3012104283054
612  80.97392923649907
613  80.54558074965294
614  79.95384615384616
615  79.53265400648448
616  79.02701443875175
617  78.67749419953596
618  78.35146443514644
619  77.92161410018552
620  77.53255813953488
621  77.0803156917363
622  76.8887859128823
623  76.17797397769517
624  75.85661424606846
625  75.32495344506518
626  75.04662004662005
627  75.03130841121495
628  79.8437061300889
629  84.25294950448324
630  84.96538821328345
631  84.73100233100233
632  84.21698553429772
633  83.85441860465116
634  83.36524988323214
635  82.98290993071593
636  82.52001862197393
637  81.92020295202953
638  81.58853444290338
639  81.19713095788987
640  80.69561200923788
641  79.95646132468735
642  79.57914167051223
643  79.1381548446917
644  78.71186440677967
645  78.29814814814814
646  77.95710332103322
647  77.49609554432706
648  77.17619711761971
649  76.431281813975
650  76.01808905380334
651  75.6604823747681
652  75.1652739090065
653  74.83920296570899
654  76.38355535140101
655  82.25187969924812
656  86.2143522833178
657  86.14133456904541
658  85.71698113207547
659  85.39391143911439
660  84.98166819431714
661  84.47399907961344
662  84.11427260211106
663  83.73693858845097
664  83.20211786372008
665  82.74067250115154
666  82.25744388456253
667  81.5281207133059
668  81.18089990817263
669  80.59269406392694
670  80.16859122401847
671  79.62368058742543
672  79.09103512014788
673  78.50711988975655
674  77.98659269533056
675  77.52159926470588
676  76.6657433056325
677  76.26777469990766
678  75.91348366313852
679  75.52772643253235
680  75.12494215640908
681  74.68515950069349
682  74.27571825764596
683  73.92164179104478
684  73.46527777777777
689  78.07123034227567
690  77.79567418315692
691  77.36460752438458
692  77.06007751937985
693  77.23859041016753
694  77.23859041016753
695  77.23859041016753
696  77.23859041016753
697  77.23859041016753
698  77.23859041016753
699  77.23859041016753
700  77.23859041016753
701  77.23859041016753
702  77.23859041016753
703  82.3260700389105
704  81.84170375079466
705  81.4116985376828
706  80.73074908328968
707  80.2347913524384
708  79.54229828850856
709  79.17564966313763
710  78.6581560283688
711  78.13480507280413
712  77.51922186197314
713  76.98931723176962
714  76.53422756706753
715  76.14140948871488
716  75.63447319778189
717  75.18034306907742
718  74.75520592318371
719  74.38538812785389
720  73.80709023941068
721  73.30184331797236
722  72.96215966774342
723  72.38631143775838
724  72.57493061979649
725  77.99860724233983
726  83.11699164345404
727  87.04408352668213
728  89.90661118816459
729  89.83004134129536
730  89.30558096980786
731  89.00550964187327
732  88.44961240310077
733  87.97124600638978
734  87.53154788924195
735  87.04879160966712
736  86.37026903784769
737  86.08705560619872
738  85.19570187471422
739  84.82886972310486
740  84.25616438356164
741  83.72901459854015
742  83.27268602540835
743  82.66923774954628
744  82.22870159453304
745  81.70532060027286
746  81.27140255009107
747  80.52329262777025
748  80.1565934065934
749  79.67137005006828
750  79.22836095764272
751  78.7262340036563
752  78.3029197080292
753  77.71820677035682
754  77.39360730593607
755  76.92279579716765
756  76.15338827838828
757  75.74382433668802
758  78.17983651226157
759  82.04176334106728
760  82.64730100640439
761  82.1875
762  81.77239488117002
763  81.34858188472096
764  80.82064220183486
765  80.10667271901951
766  79.75216007276035
767  79.23650503202195
768  78.74897307165678
769  78.22191655204035
770  77.81041571493833
771  77.39138405132906
772  76.94390804597701
773  76.38119036801454
774  75.69125683060109
775  75.20201096892139
776  74.7045143638851
777  74.20632737276479
778  75.67390321121664
779  80.74443413729128
780  82.36405318661164
781  81.85454545454546
782  81.49633363886343
783  80.72855197458011
784  80.27899543378996
785  79.79387568555758
786  79.27131072410633
787  78.75388127853881
788  78.22059496567506
789  77.75685557586837
790  77.2218148487626
791  76.43119266055047
792  76.02423411065386
793  75.51448275862069
794  75.70173833485819
795  80.28657407407407
796  82.49632690541782
797  82.16951501154735
798  81.6800731261426
799  81.13892709766162
800  80.2446371519854
801  79.72868927589367
802  79.1827664399093
803  78.52199546485261
804  78.05191256830601
805  77.47198177676538
806  77.00874769797421
807  76.3953488372093
808  75.73388203017832
809  74.94959128065395
810  74.57084095063985
811  74.00684306569343
812  73.53996366939147
813  73.01425287356322
814  72.53888130968622
815  72.07780320366133
816  71.66910086718393
817  71.18712643678161
818  70.34686346863468
819  70.33934350439205
827  73.85844748858447
828  73.47839927239654
829  72.99679487179488
830  72.47834017327861
831  72.0554283096656
832  71.54263565891473
833  71.06278643446379
834  70.57442922374429
835  70.07699358386802
836  69.27676120768527
837  68.79063360881543
838  68.2940366972477
839  70.6470588235294
840  75.92771639042357
841  80.14010105649977
842  83.67443987197073
843  84.95541401273886
844  84.5740072202166
845  83.90753270184935
846  83.51174345076784
847  82.90471910112359
848  82.31685393258427
849  81.77508960573476
850  81.20361173814898
851  80.68501805054152
852  80.13276327632764
853  79.53182844243793
854  78.65640561339973
855  78.28777627424448
856  76.78833107191316
857  76.55741410488245
858  75.94046008119079
859  75.35575620767494
860  74.87833559475351
861  74.32985953783417
862  73.46657571623466
863  73.0846994535519
864  72.42506811989101
865  71.9644484958979
866  71.46884947703502
867  71.00457247370828
868  70.26712328767124
869  69.7579908675799
870  69.23639689071788
871  73.50321100917431
872  77.11529521152953
873  79.44661095636026
874  80.56737918215613
875  80.27118644067797
876  79.85772727272727
877  79.27704244637152
878  78.86450729927007
879  78.45865692096848
880  77.56928668786915
881  76.95721438324989
882  76.533150434385
883  75.89396709323583
884  75.50751708428245
885  74.90151168117269
886  74.50138248847927
887  75.54678899082569
888  78.96558139534883
889  80.2869850187266
890  80.11131811830461
891  79.97437092264678
892  79.63653222067687
893  79.14147018030513
894  78.85435086086552
895  78.640522875817
899  79.03990384615385
900  78.74701099952176
901  78.1763862332696
902  77.68717463322291
903  77.31006647673314
904  76.83003766478343
905  76.54992967651195
906  75.92080599812559
907  75.16705444392741
908  74.64694923148579
909  74.41319606925596
910  73.83504193849022
911  73.55368814192343
912  72.93867041198502
913  72.55128805620609
914  72.01032863849765
915  73.00046772684752
916  76.81306199716043
917  76.73220179160774
918  76.34988290398127
919  75.89118198874296
920  75.50821982151244
921  74.95739700374531
922  74.6067415730337
923  74.22677982083923
924  73.68879472693033
925  73.01364705882352
926  72.57540056550424
927  72.57041587901702
933  75.08015087223008
934  74.50117757889778
935  74.2372005636449
936  73.53035294117647
937  73.00378787878788
938  72.52443609022556
939  71.93134049509575
940  71.36577338975083
941  70.89456419868792
942  70.06
943  69.48375116063139
944  69.02419730107026
945  68.4165890027959
946  67.83566108007449
947  67.45079662605436
948  65.70035460992908
949  65.36654804270462
950  64.4761487964989
951  63.837086092715225
953  62.93987621573828
954  62.313100436681225
955  61.3398888413852
956  60.56614867702646
957  59.874895046179674
958  59.62447078746824
959  63.861545138888886
960  74.17841726618705
961  77.70706106870229
962  79.5839210155148
963  79.28219432821943
964  78.67935034802784
965  78.16565562295847
966  77.72152487215249
967  77.15079365079364
968  76.60018552875695
969  75.76717381281696
970  75.39647985178323
971  74.83217431617987
972  74.35624709707385
973  73.8008337193145
974  73.38626809901915
975  72.91306369130636
976  72.41187384044527
977  72.03874883286647
978  71.30484988452656
979  70.95559666975024
980  70.3730378578024
981  69.99165507649514
982  69.36162361623616
983  68.89328426862926
984  68.47954022988506
985  68.27046918123276
986  73.21851851851852
987  80.64936290703162
988  81.45724907063197
989  80.86750348675035
990  80.56441149212233
991  80.10130111524164
992  79.63308687615528
993  79.12488436632748
994  78.71825764596849
995  78.17516218721038
996  77.54042750929368
997  77.08667588750576
998  76.51803885291397
999  76.17391304347827
1000  75.62685873605948
1001  75.30762124711316
1002  74.75302889095992
1003  74.4133582438113
1004  73.66946386946387
1005  73.3218984962406
1006  72.75897435897436
1007  72.35804786485218
1008  71.81651806663538
1009  71.30826716487623
1010  70.82518796992481
1011  72.98827392120074
1012  76.40220517737296
1013  77.38138424821003
1014  77.05941064638783
1015  76.56995788488535
1016  76.12245862884161
1017  75.7131417804993
1018  75.26594237128012
1019  74.6657223796034
1020  74.35183443085607
1021  73.71354656632172
1022  73.16603773584906
1023  72.64871194379391
1024  72.32801501642422
1025  71.73255269320843
1026  71.45002346316284
1027  70.80667920978362
1028  70.4045944678856
1029  70.25875758991126
1037  74.31145251396649
1038  73.78908072795147
1039  73.54380242311277
1040  72.60130718954248
1041  72.25941422594143
1042  71.87048334115438
1043  71.26274328081557
1044  70.98030942334739
1045  70.47135537959944
1046  69.93342644320298
1047  69.57276119402985
1048  69.11367837338263
1049  68.41348837209303
1050  68.1678289167829
1051  67.67586529466791
1052  67.14100785945446
1053  66.78401122019635
1054  66.28630897317299
1055  65.70279069767442
1056  65.47505827505827
1057  64.91022674687645
1058  64.38881183541378
1059  62.836180464301364
1061  62.206835330670216
1062  61.42558746736293
1063  60.95079844626673
1064  60.32933104631218
1065  60.314943527367504
1066  59.57847341337907
1067  58.82696436238729
1068  58.71572052401747
1069  57.93096054888508
1070  57.61938018332606
1071  57.02931034482759
1072  57.48429541595925
1073  65.5278810408922
1074  70.90084586466165
1075  71.19972067039106
1076  70.76531089294063
1077  70.15716272600835
1078  69.78142329020332
1079  69.11269549218031
1080  68.77782909930716
1081  68.31554737810488
1082  67.78740157480316
1083  67.35990783410138
1084  66.61013824884793
1085  66.19135234590617
1086  65.75069252077563
1087  65.17951084448546
1088  64.75310344827587
1089  67.06795224977043
1090  72.52512916862376
1091  77.59173246632605
1092  82.39600742804086
1093  87.52597402597402
1094  87.6963133640553
1095  87.45625286303252
1096  87.01182893539581
1097  86.66923774954628
1098  86.00908265213442
1099  85.61364663352914
1100  85.03537414965986
1101  84.60804701627487
1102  83.65565610859728
1103  83.34965986394558
1104  82.66335291459558
1105  82.2498870311794
1106  81.66154541346589
1107  81.2263300270514
1108  83.95067873303168
1109  87.27222982216142
1110  87.91807780320366
1111  87.47304032623471
1112  86.89755213055304
1113  86.39359783588819
1114  85.7501129688206
1115  85.1859003143242
1116  84.51107094441934
1117  83.76441441441442
1118  83.34894191805493
1119  83.70013386880856
1120  84.70237561631555
1121  85.5583596214511
1122  85.79579041648007
1126  86.94982078853046
1127  88.94542174109156
1128  89.67207207207207
1129  89.23983739837398
1130  88.89374155785683
1131  88.45966651644885
1132  87.91891891891892
1133  87.48471223021583
1134  86.89383715699505
1135  86.44782803403493
1136  85.86948694869487
1137  85.33883928571429
1138  84.44479213232007
1139  83.98206278026906
1140  83.52678176184152
1141  82.94020526550646
1142  82.50089285714286
1143  81.93470483005366
1144  81.36546184738955
1145  80.8691169878978
1146  80.46008968609866
1147  79.71166741171211
1148  84.39095387371249
1149  90.13202375513933
1150  94.55886458818055
1151  97.48127600554784
1152  97.26989935956084
1153  97.10310218978103
1154  96.73120728929385
1155  95.84359325125399
1156  95.34671532846716
1157  94.80727272727273
1158  94.15440840566468
1159  93.63603275705186
1160  93.0875512995896
1161  92.4818676337262
1162  91.855
1163  91.22232304900182
1164  90.24079963652885
1165  89.77278911564626
1166  89.06063348416289
1167  88.52600633197648
1168  87.86864597390912
1169  87.2619477006312
1170  86.71101123595506
1171  86.13758992805755
1172  85.54385171790236
1173  84.62533692722371
1174  84.00315599639315
1175  83.55745062836625
1176  82.8510067114094
1177  82.43980233602875
1178  81.83798379837984
1179  81.2983798379838
1180  80.7581227436823
1181  80.3423790140208
1182  79.61350249207068
1189  83.22462787550744
1190  82.63093622795115
1191  81.92921960072596
1192  81.50858175248419
1193  80.79440937781786
1194  80.43233424159855
1195  79.81227436823104
1196  79.36639492753623
1197  78.75990888382688
1198  78.29674796747967
1199  77.72826581702321
1200  76.86320109439124
1201  76.40646335912608
1202  75.7701722574796
1203  75.30272727272727
1204  74.66272189349112
1205  74.13619744058501
1206  73.63719234275297
1207  73.04981549815498
1208  72.53330291970804
1209  73.51994560290117
1210  79.38822447102116
1211  83.04843173431735
1212  83.09174311926606
1213  82.65521978021978
1214  82.07935779816513
1215  81.6651418115279
1216  81.078125
1217  80.57692307692308
1218  79.69817351598174
1219  79.15550458715596
1220  78.65521978021978
1221  78.1717032967033
1222  77.64517604023777
1223  77.1440366972477
1224  76.54766269477544
1225  76.03216911764706
1226  75.22038567493112
1227  76.04047838086477
1228  81.10538532961931
1229  85.21952358710882
1230  88.13593603010348
1231  88.56562354040169
1232  88.19134078212291
1233  87.86346863468634
1234  87.26139534883721
1235  86.39935064935065
1236  85.89058171745152
1237  85.40241635687732
1238  84.82616736014795
1239  84.14080592867069
1240  83.58464384828862
1241  82.98849516797054
1242  82.51547344110854
1243  81.90716911764706
1244  80.94487827285255
1245  80.66528925619835
1246  79.91874422899353
1247  79.45837187789084
1248  78.84547970479704
1249  78.28248847926267
1250  79.37070938215103
1251  83.45918367346938
1252  85.87314814814815
1253  86.98068965517241
1254  86.52691605839416
1255  86.01563937442502
1256  85.52370100273473
1257  84.93524514338576
1258  84.48662361623616
1259  83.89764868603042
1260  83.29153169828783
1261  82.6889093419236
1262  81.85977011494253
1263  81.30719853278313
1264  80.81630783325699
1272  83.63095238095238
1273  83.16160220994475
1274  85.73489010989012
1275  88.21825764596849
1276  89.19071925754061
1277  89.05462962962963
1278  88.62650046168052
1279  88.09158186864015
1280  87.32259549010584
1281  86.88294930875576
1282  86.28959484346224
1283  85.84725426857406
1284  85.24457775726812
1285  86.33547204399633
1286  88.41577726218098
1287  89.21898148148148
1288  89.0581449007845
1289  88.3539741219963
1290  87.91080459770114
1291  87.37229636447307
1292  86.86994485294117
1293  86.45362718089991
1294  85.92926045016077
1295  87.83065626434144
1296  90.09402501157943
1297  90.63771481653507
1298  90.03964960811435
1299  89.7879907621247
1300  89.17947537965945
1301  88.7286176606565
1302  88.16391941391942
1303  87.67402298850574
1304  87.13911845730027
1305  86.65381083562902
1306  85.803127874885
1307  85.26088950022925
1308  84.88286632981166
1309  84.19165520403484
1310  83.62431444241317
1311  85.10779816513761
1312  88.65659851301115
1313  90.26725335803613
1314  90.69320297951583
1315  90.09695290858726
1316  89.6580286904211
1317  89.19056429232192
1318  88.5462494247584
1319  88.00780174391923
1320  87.4196060467247
1321  86.93683725218995
1322  86.2779053743684
1323  84.75974323704723
1324  81.21262002743484
1325  81.10311640696608
1326  80.84106568672485
1327  80.52061139416396
1334  80.42327306444136
1335  80.01669758812616
1336  79.65816326530613
1337  79.11240130051091
1338  78.6513249651325
1339  78.0830626450116
1340  77.59721577726218
1341  77.0446511627907
1342  77.90469549046955
1343  80.90310442144873
1344  82.8838193791157
1345  84.28173666823973
1346  84.87505849321478
1347  84.5398313027179
1348  84.1000935453695
1349  83.66306390977444
1350  83.05563347358579
1351  82.2576112412178
1352  81.74531835205993
1353  81.22425952045134
1354  80.73890705277907
1355  81.23048153342684
1356  83.70541176470589
1357  85.79192399049882
1358  87.2827849308536
1359  88.01857142857143
1360  88.14957264957265
1361  87.9024045261669
1362  87.44281663516068
1363  87.02074493163602
1364  86.41014698909436
1365  85.92457305502846
1366  85.41547958214625
1367  85.26467803030303
1368  83.15464403583215
1369  82.27238275698721
1370  82.07695939565627
1371  81.81294284364667
1372  81.1813031161473
1373  81.85287138111059
1374  83.28374524714829
1375  85.19164265129683
1376  87.17669715936447
1377  88.28807785888078
1378  88.02775073028238
1379  87.5758603974794
1380  87.1409200968523
1381  86.5634419056879
1382  86.02846116739026
1383  85.42199612403101
1384  84.87095215079749
1385  84.33317284545016
1386  83.42595272551857
1387  82.9189448441247
1388  82.504816955684
1389  82.70198355104016
1390  83.25832930951232
1391  83.70411622276029
1392  83.99757986447241
1393  84.06806028196402
1394  84.20455647115851
1396  84.27361246348588
1397  84.07994186046511
1398  84.04065827686351
1399  84.01256645722572
1401  83.77195536147501
1402  83.4421206225681
1403  83.03292978208232
1404  82.89728682170542
1412  82.99464198733561
1413  82.31145935357493
1414  81.87645914396887
1415  81.37073170731708
1416  80.99216837983357
1417  81.01223690651004
1418  82.93346476096599
1419  83.96580361504641
1420  83.8153395212506
1421  83.20460107684778
1425  83.54625984251969
1426  83.11638141809291
1427  82.69438976377953
1428  82.32579852579853
1429  82.12457254518807
1431  82.6234084231146
1432  82.30180399804973
1433  81.83113714006832
1434  81.30765480253535
1435  81.0319922443044
1436  80.49197080291971
1437  80.0146771037182
1438  79.54328793774319
1439  78.81125667151868
1440  78.31507513330102
1441  77.81589147286822
1449  79.56960784313725
1450  79.09086468001954
1451  78.56308296514482
1452  78.13710073710074
1453  77.58489634748273
1454  77.24876604146101
1455  78.76009852216748
1456  81.00299401197604
1457  82.32366183091546
1464  82.97478567826525
1465  83.83054287163876
1466  83.31539235412475
1467  82.89294647323662
1468  82.33016508254127
1469  81.8963963963964
1470  81.38189955246146
1471  80.80629056415377
1472  80.28429915799902
1473  79.71492537313434
1474  79.25804853888063
1475  78.23427439326399
1476  77.9633300297324
1477  77.2397226349678
1478  76.82814814814814
1479  76.16410510659395
1480  75.62780269058295
1481  75.11177052423344
1482  74.47117296222665
1483  73.89037698412699
1484  72.9960258320914
1485  72.40558046836074
1486  71.7886546184739
1487  71.20161290322581
1488  70.52136752136752
1489  70.00201207243461
1490  69.30428211586901
1491  68.71071428571429
1492  68.09285714285714
1493  67.08895705521472
1497  67.9453085800301
1498  67.50829562594268
1499  67.09939759036145
1500  68.2445109780439
