1  84.08986175115207
2  84.08986175115207
3  84.08986175115207
4  84.08986175115207
5  84.08986175115207
6  84.08986175115207
7  84.08986175115207
8  84.08986175115207
9  84.08986175115207
10  84.08986175115207
11  84.08986175115207
12  84.08986175115207
13  84.08986175115207
14  84.08986175115207
15  84.08986175115207
16  84.08986175115207
17  84.08986175115207
18  84.08986175115207
19  84.08986175115207
20  84.08986175115207
21  84.08986175115207
22  84.08986175115207
23  84.08986175115207
24  84.08986175115207
25  84.08986175115207
26  84.08986175115207
27  84.08986175115207
28  84.08986175115207
29  84.08986175115207
30  84.08986175115207
31  84.08986175115207
32  84.08986175115207
33  84.08986175115207
34  84.08986175115207
35  84.08986175115207
36  84.08986175115207
37  84.08986175115207
38  83.25454545454545
39  82.97257383966245
40  82.46997929606626
41  82.38356164383562
42  81.9515503875969
43  81.73251028806584
44  81.73251028806584
45  81.73251028806584
46  81.73251028806584
47  81.73251028806584
48  81.73251028806584
49  81.73251028806584
50  81.73251028806584
51  81.73251028806584
52  81.73251028806584
53  81.73251028806584
54  81.73251028806584
55  81.73251028806584
56  81.73251028806584
57  81.73251028806584
58  81.73251028806584
59  81.73251028806584
60  81.73251028806584
61  81.73251028806584
62  81.73251028806584
63  81.73251028806584
64  81.73251028806584
65  81.73251028806584
66  81.73251028806584
71  83.83712784588441
72  83.4224
73  83.36324167872648
74  82.92005610098177
75  82.70664928292047
76  82.4280303030303
77  81.80565805658057
78  79.20460358056266
79  76.8445945945946
80  76.19010416666667
81  76.06575682382135
82  75.77645659928656
83  75.59837019790454
84  75.51927437641723
85  75.36040044493882
86  75.20131291028446
87  74.98255179934569
88  74.57967914438503
89  74.50369588173179
90  74.11789038262668
91  73.99896694214875
92  73.74608150470219
93  75.43297872340426
94  77.34988962472406
95  77.59337016574585
96  77.55592105263158
97  77.41309012875537
98  77.30212765957447
99  77.26989247311828
100  77.24038461538461
101  77.01621621621622
102  76.69825708061002
103  76.69825708061002
104  76.36695278969957
105  76.36501079913607
106  76.11216931216931
107  76.03181336161188
108  75.6207627118644
109  76.06190975865687
110  78.70742358078603
111  79.91648351648351
112  79.81331877729258
113  79.80043149946063
114  79.74137931034483
115  79.54082714740191
116  79.32247899159664
117  79.14
118  78.98755186721992
119  78.86687631027253
120  78.64699683877767
121  78.53507853403141
122  79.37095088819227
123  81.94402583423036
124  82.88247863247864
125  82.88115631691649
126  82.61027837259101
127  82.60148777895856
128  82.30526315789474
129  82.21316614420063
130  82.17972831765935
131  82.0678496868476
132  81.93153526970954
133  81.5875
134  81.29045643153528
135  82.20020855057352
136  84.46730975348339
137  85.04925053533191
138  84.92177589852008
139  84.68631578947368
140  84.57158119658119
141  84.46581196581197
142  84.20969441517387
143  84.18967334035827
144  84.0031512605042
145  83.92291446673707
146  82.19553666312433
147  81.08467309753483
148  80.93276414087514
149  80.77311827956989
150  80.45347593582888
151  80.3860962566845
152  80.17330462863293
153  80.27472527472527
154  81.12921348314607
155  82.03683035714286
156  82.0
157  81.93064876957494
158  81.77988826815643
159  81.74164810690424
160  81.34821428571429
161  81.20066152149946
163  81.07658157602664
164  80.9966592427617
165  80.22533632286995
166  78.45361990950227
167  78.39661016949152
168  78.05707762557077
169  77.9714937286203
170  77.64244521337947
171  78.26846424384526
172  80.37336504161712
173  81.54047322540474
174  82.15822784810126
176  82.12155388471177
181  82.54545454545455
183  82.51297898640297
189  82.98559423769508
190  85.2459826946848
191  86.38452088452088
199  86.69221105527639
200  86.9225888324873
201  87.42820512820512
202  88.36093143596378
203  89.03153745072274
204  89.4743935309973
209  90.19847328244275
210  91.36260978670012
212  91.40099626400996
213  91.34444444444445
214  91.26477832512315
215  90.92665036674816
216  90.8345588235294
217  90.66056166056165
218  90.54933008526187
219  90.453125
220  90.31585220500595
221  89.0615199034982
222  86.40190249702735
223  85.52267303102626
224  85.52267303102626
225  85.28453364817001
226  85.16529894490036
227  84.96085409252669
228  84.81700118063755
229  84.52004716981132
230  84.48218527315915
231  84.36545240893066
232  83.89125295508275
233  83.82994011976048
240  84.24444444444444
241  83.29797979797979
242  82.72045743329097
243  82.67046894803549
244  82.25190839694656
245  82.05633802816901
246  81.92376111817026
247  81.37113402061856
248  79.31531531531532
249  77.72763157894737
250  76.60105680317041
251  76.356
252  76.0496644295302
253  76.0496644295302
254  76.01615074024227
255  75.85714285714286
256  75.81955922865014
257  75.76190476190476
258  75.53804347826087
259  76.4041095890411
260  79.12275862068965
261  80.82869080779945
262  80.68975069252078
263  80.51095890410959
264  80.3972972972973
265  80.23473541383989
266  80.20161290322581
267  79.9331514324693
268  79.85909712722298
269  79.58774373259052
270  78.65126050420169
271  77.12428571428572
272  76.79855072463768
273  76.55797101449275
274  76.45348837209302
275  76.47314949201741
276  76.8026706231454
277  77.00753012048193
278  77.34703196347031
279  77.3619344773791
280  77.87183544303798
281  78.23417721518987
282  78.40619902120717
284  78.49597423510467
285  79.18840579710145
286  81.01973684210526
287  81.39933444259567
288  81.55115511551155
294  82.4192546583851
295  83.74090909090908
296  84.26686656671664
298  84.02608695652174
306  83.856093979442
307  83.82507288629738
308  83.80819912152269
309  83.50145348837209
310  83.46947674418605
311  83.25287356321839
312  83.0117302052786
313  82.87518355359765
314  82.72888888888889
316  82.49704142011835
317  82.46508172362556
318  82.53432835820895
319  84.15701219512195
320  84.5
322  84.06060606060606
323  83.82857142857142
324  83.81072555205047
325  83.59011164274322
326  83.46763754045307
327  83.24628099173553
328  81.78730703259005
329  81.47652173913043
330  81.4620811287478
331  81.33451957295374
332  81.20811287477954
333  81.1719298245614
334  80.96991150442477
335  82.36234458259325
336  83.2554347826087
337  83.23688969258589
338  82.96969696969697
339  82.70175438596492
340  82.6451048951049
341  82.4795918367347
342  82.4795918367347
343  82.42784380305602
344  82.09844559585493
345  81.80994671403197
346  79.93474426807761
347  79.56576576576576
348  79.54059040590406
349  79.25475285171103
350  79.19694072657744
352  78.93724696356276
353  78.9381443298969
354  78.9381443298969
355  78.96436058700209
357  78.97835497835497
358  78.97835497835497
359  78.97835497835497
360  78.97835497835497
361  78.97835497835497
362  79.60180995475113
363  79.60180995475113
364  79.60180995475113
365  79.60180995475113
366  79.60180995475113
367  79.60180995475113
368  79.60180995475113
369  79.60180995475113
370  79.60180995475113
371  79.60180995475113
372  79.60180995475113
373  79.60180995475113
374  79.60180995475113
375  79.60180995475113
376  79.60180995475113
377  79.60180995475113
378  79.60180995475113
379  79.60180995475113
380  79.60180995475113
381  79.60180995475113
382  79.60180995475113
383  79.60180995475113
384  79.60180995475113
385  79.60180995475113
386  79.60180995475113
387  79.60180995475113
388  72.53648068669528
389  72.53648068669528
390  72.4
391  72.4
392  72.4
393  72.4
394  72.4
395  72.4
396  72.4
397  72.4
398  72.4
399  72.4
400  62.53924914675768
401  61.48844884488449
402  60.87735849056604
404  60.30116959064327
405  59.48579545454545
406  58.36467236467236
407  57.95467422096317
409  57.670212765957444
410  59.11458333333333
411  61.246153846153845
412  62.94216867469879
413  63.88915662650602
414  64.27923627684964
415  64.58765432098765
417  64.86848635235732
419  64.72292191435768
420  64.72292191435768
421  64.93908629441624
422  64.93908629441624
423  64.93908629441624
424  64.93908629441624
425  64.93908629441624
426  69.87557603686636
427  69.67567567567568
428  69.35129310344827
429  69.35129310344827
430  69.32848232848232
431  69.2638036809816
432  69.03206412825651
433  68.79920477137176
434  68.43548387096774
435  68.30434782608695
436  67.99607843137255
437  67.46245059288538
438  67.470703125
439  67.73972602739725
440  70.04563492063492
441  71.08754863813229
447  71.85955056179775
448  72.71266540642722
449  74.12761904761905
450  75.12801484230056
451  75.11851851851851
452  74.72413793103448
453  74.69620253164557
455  74.77777777777777
456  74.56106194690265
458  74.32590051457976
459  74.18197278911565
461  74.07300509337861
462  75.77926421404682
463  77.69622331691298
464  77.39907550077042
465  77.3604826546003
466  77.20411160058737
467  77.1726618705036
468  76.7784090909091
469  76.5819209039548
470  76.56726768377254
471  76.39226519337016
472  78.21698113207547
473  80.78911564625851
474  82.53404539385848
475  82.48010610079575
476  82.3979057591623
477  82.36258064516129
478  82.17396907216495
479  81.9551282051282
480  81.83269961977186
481  81.5006435006435
482  81.49615384615385
483  81.55012853470437
484  84.01679586563307
485  85.21121251629727
486  85.23146944083226
487  85.02313624678663
488  84.77918781725889
489  84.60981912144703
490  84.34928848641655
491  84.32253886010362
492  84.06306306306307
493  83.86760925449872
494  83.86760925449872
495  85.284
496  86.65013404825737
497  87.1875
498  87.02635046113306
499  86.76802096985583
500  86.5203679369251
501  86.27532467532467
503  86.1348897535668
504  86.03350515463917
505  85.73469387755102
506  85.62967741935483
508  84.45654993514916
509  83.43172951885566
510  83.28754813863928
511  83.26248399487837
512  83.05619412515965
513  83.0076433121019
514  82.81491002570694
515  82.77319587628865
517  82.97615894039735
518  82.95358090185677
519  82.83109919571045
520  82.83624161073826
521  83.35182679296346
522  84.76190476190476
523  85.40298507462687
524  85.37449118046133
525  85.07277628032345
526  84.90159574468085
527  84.8273092369478
528  84.4993288590604
529  84.49265687583444
530  84.37466666666667
531  84.19418758256275
532  83.99869791666667
533  83.9195849546044
534  83.66492146596859
535  83.38311688311688
536  83.2079081632653
537  83.18343949044586
538  82.75253807106598
539  82.48992443324937
540  82.3767209011264
541  82.01
542  81.78090575275398
543  81.4577723378213
544  81.17174177831912
545  80.80023923444976
546  80.7217598097503
547  80.4521841794569
548  80.03537735849056
549  79.77726218097447
550  79.61781946072685
551  79.46666666666667
552  79.02816901408451
553  78.82830626450117
554  78.76763005780347
555  79.64539007092199
556  80.64206642066421
557  80.68101265822784
558  80.56257901390644
559  80.12236842105263
560  79.82172701949861
561  79.70534351145038
562  79.69453376205787
564  79.6768
565  79.36990595611286
566  79.248833592535
567  79.10608424336974
568  77.92541856925419
569  76.19444444444444
570  75.63046757164405
571  75.54814814814814
572  75.33381712626996
573  75.39424460431654
574  76.32040229885058
575  78.09773371104816
576  79.36312056737589
577  79.99290780141844
584  79.93442622950819
585  80.0860655737705
589  80.02225312934631
590  80.24011299435028
591  81.22285714285714
592  81.73127753303964
593  81.77910447761194
596  81.74647887323944
604  81.7937062937063
605  82.22953736654804
606  82.43639575971731
608  82.9462962962963
609  83.00183823529412
610  83.31423290203327
611  83.68888888888888
613  84.0
614  85.96901893287435
615  86.37651122625216
621  86.16534181240064
622  87.49464012251148
623  88.26212121212122
624  88.11094674556213
625  87.82908545727136
626  87.8108108108108
627  87.80597014925372
628  87.39028213166144
629  87.07281553398059
630  85.49679487179488
631  84.51298701298701
632  84.30247933884297
633  84.11467116357504
634  83.91833333333334
635  83.87959866220736
636  83.52782462057336
637  82.41196581196581
638  81.45500848896435
639  80.08812949640287
640  79.24645390070921
641  78.6341911764706
642  78.61313868613139
643  78.5139146567718
646  78.54720616570327
647  78.529296875
651  78.54130434782608
652  78.54130434782608
653  78.54130434782608
654  78.54130434782608
655  78.54130434782608
661  80.39065817409767
662  80.3641975308642
663  80.22388059701493
664  80.15301724137932
665  80.21841541755889
666  80.21841541755889
667  82.81720430107526
668  82.75536480686695
669  82.71428571428571
670  82.17409766454352
672  81.95824175824175
673  81.95824175824175
674  81.95824175824175
675  81.95824175824175
676  82.05373831775701
677  82.05373831775701
678  83.11627906976744
679  83.67048054919908
680  83.37357630979498
681  83.20222222222222
682  83.02882483370288
683  82.89845474613686
684  82.79130434782608
685  82.5272331154684
686  82.26419213973799
687  82.18085106382979
688  81.83225806451613
689  81.76282051282051
690  81.73958333333333
691  79.8046218487395
692  79.8046218487395
693  79.8046218487395
694  79.8046218487395
695  76.9661733615222
696  76.61702127659575
697  76.47169811320755
698  76.24844720496894
699  75.39876033057851
700  75.39876033057851
701  75.39876033057851
702  75.39876033057851
703  75.39876033057851
704  70.3035343035343
705  70.19917864476386
706  69.77032520325203
707  69.43
708  69.08982035928143
709  68.70769230769231
710  68.67432950191571
711  68.25751879699249
712  67.9812382739212
713  67.4890909090909
714  67.35507246376811
715  67.18894830659536
716  66.7638640429338
717  66.36823734729494
718  66.21243523316062
719  65.66836734693878
720  65.50420168067227
721  64.96694214876032
722  64.61421319796955
723  64.49581239530988
724  64.31056910569106
725  64.06535947712419
726  63.61652892561983
727  63.619601328903656
728  64.57638888888889
729  67.328
730  69.64549180327869
731  70.88983050847457
732  70.88983050847457
733  70.88983050847457
734  70.88983050847457
735  70.88983050847457
736  70.88983050847457
737  70.88983050847457
738  70.88983050847457
739  70.88983050847457
740  70.88983050847457
741  70.88983050847457
742  70.88983050847457
743  70.88983050847457
744  70.88983050847457
745  70.88983050847457
746  70.88983050847457
747  70.88983050847457
748  70.88983050847457
749  70.88983050847457
750  70.88983050847457
751  70.88983050847457
752  70.88983050847457
753  70.88983050847457
754  72.74841437632135
755  72.74841437632135
756  72.74841437632135
757  72.74841437632135
758  72.74841437632135
759  71.33403361344538
760  70.59619450317125
761  70.38398357289527
763  70.18129770992367
764  70.18129770992367
765  69.71621621621621
766  69.30413223140496
768  69.13036809815951
769  68.64660493827161
770  68.37423312883436
772  68.03945371775417
773  67.37795275590551
774  67.13161875945536
775  68.40791476407915
776  72.02321981424149
777  75.34235668789809
778  79.2515923566879
779  81.22926829268293
787  83.19213973799127
788  85.75679758308156
789  86.91479820627802
792  87.45120226308345
793  89.65759312320917
794  92.04239766081871
795  94.43065693430657
796  96.30734632683658
797  97.1899852724595
799  97.05077574047955
800  96.53940217391305
801  96.3763440860215
802  95.86666666666666
803  95.73636363636363
804  95.53071895424837
805  95.22265122265122
812  95.45140664961637
813  95.28607594936709
814  94.87730061349693
815  94.74661746617465
816  95.46520618556701
817  96.45778364116094
818  98.38670284938942
819  98.26315789473685
820  98.03973509933775
821  97.72346002621232
822  97.40235910878113
823  97.16559691912708
824  96.81552162849873
825  96.5507614213198
826  96.26625
827  95.84474327628362
828  95.7094017094017
829  95.62531645569621
836  95.02097902097903
837  93.04255319148936
838  90.71862068965517
839  89.86823855755894
840  89.6944065484311
841  89.35762483130904
842  89.16291390728477
843  88.93498049414825
844  88.51030927835052
845  88.0920716112532
846  87.87212276214834
847  87.28535031847134
848  86.62204724409449
849  85.14479025710419
850  84.26051560379919
851  83.94059405940594
852  83.56737588652483
853  83.57078986587183
854  83.77901430842607
855  83.95221843003414
856  84.34649910233394
857  84.6641366223909
858  84.97379032258064
859  84.97379032258064
860  84.97379032258064
861  84.97379032258064
862  85.94635193133047
863  85.94635193133047
864  87.36550308008214
865  87.69296375266525
866  88.24301075268818
867  88.24301075268818
868  88.91983122362869
869  89.40936863543789
870  89.76679841897233
871  89.77307692307693
873  89.67403314917127
874  90.05892547660312
875  91.15282392026577
876  91.62300319488818
877  91.23222748815166
878  91.16429699842023
879  90.97435897435898
880  90.41329479768787
881  90.22910662824208
882  88.37025796661608
883  87.2056277056277
884  87.2056277056277
885  87.2056277056277
886  87.2056277056277
887  87.2056277056277
888  87.2056277056277
889  87.2056277056277
890  87.2056277056277
891  87.2056277056277
892  87.2056277056277
893  87.2056277056277
894  87.2056277056277
895  87.2056277056277
896  87.2056277056277
897  78.26627218934911
899  79.70461538461538
900  79.59342301943198
901  79.27011494252874
902  79.16994382022472
903  79.06094182825485
904  78.98907103825137
905  78.86497326203208
906  78.36085219707057
907  75.15234375
908  74.71666666666667
909  74.52738853503185
910  74.3894472361809
911  74.29726368159204
912  73.3913043478261
913  70.41592920353982
914  68.76395939086295
915  67.90102827763496
916  66.76606683804627
917  65.85714285714286
918  65.08213820078227
919  64.80443285528031
920  64.60471204188482
921  64.47470817120623
922  65.4656290531777
923  67.74151436031332
924  70.98704663212435
925  75.01898734177215
926  75.62814070351759
933  75.70897435897436
934  76.6472972972973
935  77.70661157024793
936  79.0296191819464
937  80.86291486291486
938  82.59971098265896
939  83.9094890510949
940  84.94721407624634
941  84.95820895522388
942  85.56818181818181
943  85.47518796992482
944  85.36119402985075
945  85.27299270072993
946  85.13997113997114
947  85.0241134751773
948  84.88748241912799
949  84.56666666666666
950  84.42365887207703
951  83.96621621621621
953  83.86605981794538
954  83.71963824289406
955  83.49743589743589
956  83.11573472041613
957  82.97674418604652
958  82.83268983268984
959  82.51413881748071
960  82.33417721518987
961  82.04677623261693
962  81.9735516372796
963  81.49687890137328
964  81.37763975155279
965  80.94769613947696
966  80.88861386138613
967  80.6399506781751
968  80.43863912515188
969  79.88588957055215
970  79.60242424242425
971  79.31021897810218
972  78.97929354445797
973  78.87301587301587
974  78.6078914919852
975  79.19470198675496
976  80.25501432664757
977  80.47155688622755
978  80.41068702290076
979  80.27465857359635
980  80.2072072072072
981  79.9188790560472
982  79.84279475982532
983  79.43215339233038
984  79.36417033773861
985  79.15728715728716
986  79.07449856733524
987  78.79
988  78.61396011396012
989  78.14735336194563
990  77.94436519258203
991  77.812324929972
992  77.56962025316456
993  77.19409282700423
994  76.96213183730715
1002  79.21793103448276
1003  79.0387275242047
1004  78.933242506812
1005  78.58854860186418
1006  78.28666666666666
1007  78.01621621621622
1008  77.8509485094851
1009  79.47913862718708
1010  81.30758620689654
1011  81.50477489768076
1013  81.41216216216216
1014  81.26907630522088
1015  80.9384203480589
1016  80.77376171352076
1017  80.61835106382979
1018  80.32797858099063
1019  80.148849797023
1020  80.10626702997276
1021  80.86401098901099
1022  83.3177966101695
1023  83.28349788434414
1024  83.15020862308762
1025  82.89329685362517
1026  82.7103825136612
1027  82.44864864864864
1028  82.39491298527443
1029  82.18473895582329
1030  81.84718498659518
1031  81.61170212765957
1032  81.47625329815304
1033  81.12483399734396
1034  80.95345744680851
1035  80.8993288590604
1038  81.38639455782312
1039  81.29919137466307
1040  81.10190217391305
1041  80.98221614227086
1047  81.23144104803494
1048  81.52249637155298
1049  83.77809798270893
1050  83.88150289017341
1051  83.76813655761025
1052  83.50924608819345
1053  83.36797752808988
1054  83.20534458509142
1055  82.87005649717514
1056  82.78389830508475
1057  82.5980528511822
1058  79.74894810659187
1059  79.08498583569406
1060  78.83829787234042
1061  78.57063711911357
1062  78.4945205479452
1063  78.27371273712737
1064  78.04246575342465
1065  77.8829931972789
1066  77.79431664411366
1070  80.50474898236092
1071  80.32244897959184
1072  80.16782246879335
1073  79.88826025459689
1074  79.77009873060649
1075  79.65223665223665
1076  79.65197568389058
1077  79.85758513931889
1078  80.73708920187794
1079  81.87735849056604
1080  81.91975308641975
1081  81.97527047913447
1082  81.88473520249221
1083  81.70326409495549
1084  81.26008968609865
1085  81.12369597615499
1086  81.09658246656761
1087  80.29850746268657
1088  78.5813953488372
1089  78.04797601199401
1090  77.98170731707317
1091  77.847533632287
1092  77.46107784431138
1093  77.09379727685325
1094  76.87915407854985
1095  76.9939393939394
1096  79.33731343283583
1097  79.95195195195195
1098  79.83259911894272
1099  79.60377358490567
1100  79.55297532656023
1101  79.04597701149426
1102  78.81922525107603
1103  78.7316715542522
1104  78.59679767103349
1105  78.44028776978418
1106  78.72448979591837
1107  79.08630952380952
1108  80.19393939393939
1109  80.9223602484472
1110  80.79134466769706
1111  80.64945226917058
1112  80.49367088607595
1114  80.53228346456693
1115  80.37996820349761
1117  79.30645161290323
1118  78.52741935483871
1119  78.25490196078431
1120  77.92245557350566
1121  77.78830963665087
1122  77.57686212361331
1123  77.35852090032154
1124  77.1468189233279
1125  76.7216
1126  75.55392156862744
1127  74.49423393739704
1128  74.1948717948718
1129  74.13787085514834
1130  74.28333333333333
1131  74.66729678638941
1132  75.02357563850687
1133  75.02357563850687
1134  75.96957403651116
1135  76.21383647798743
1136  76.21383647798743
1137  76.21383647798743
1138  76.21383647798743
1139  76.21383647798743
1140  76.21383647798743
1141  76.21383647798743
1142  76.21383647798743
1143  76.21383647798743
1144  76.21383647798743
1145  76.21383647798743
1146  76.21383647798743
1147  76.21383647798743
1148  76.21383647798743
1149  76.21383647798743
1150  76.21383647798743
1151  76.21383647798743
1152  76.21383647798743
1153  76.21383647798743
1154  76.21383647798743
1155  76.21383647798743
1156  76.21383647798743
1157  76.21383647798743
1158  76.21383647798743
1159  76.21383647798743
1160  76.21383647798743
1163  72.25497287522604
1164  72.57070707070707
1165  73.8202614379085
1166  75.34658187599364
1167  76.06319115323855
1168  75.91525423728814
1169  75.79506933744221
1171  75.62857142857143
1172  75.55854430379746
1173  73.04013377926421
1174  71.95439189189189
1175  71.67465753424658
1176  71.64906303236798
1177  71.68729096989966
1178  72.14429530201342
1179  72.49913344887348
1180  72.65156794425087
1181  72.81076388888889
1182  74.95104895104895
1183  75.93728222996516
1184  75.95621716287215
1185  75.99133448873484
1187  76.16843971631205
1189  76.30714285714286
1190  76.83508771929824
1191  77.63963963963964
1192  77.74280575539568
1193  78.54676258992805
1194  78.8882882882883
1195  79.625
1196  79.67513611615244
1198  79.61621621621622
1199  79.67818181818181
1202  79.34622823984526
1204  79.44067796610169
1205  79.59827213822894
1210  80.22155688622755
1211  81.3006012024048
1212  81.78612716763006
1213  81.87265917602996
1214  81.87867647058823
1216  81.75524475524476
1218  81.52453468697124
1219  81.52453468697124
1220  82.33001658374793
1221  83.49918962722853
1222  83.5024154589372
1230  83.55271084337349
1231  83.57910447761193
1232  83.54017857142857
1233  83.31381381381381
1234  83.20474777448071
1235  83.04277286135694
1236  82.91044776119404
1237  82.78138847858197
1238  82.65832106038292
1239  82.64243323442136
1240  82.90949554896143
1241  83.65915915915916
1242  84.2128935532234
1243  84.30551415797318
1247  84.06163328197226
1248  84.77424483306837
1249  84.8076923076923
1250  85.02450980392157
1251  85.25301204819277
1252  85.80173913043478
1253  85.8236331569665
1254  85.83449477351917
1257  85.93675213675213
1258  86.02405498281787
1263  86.4968944099379
1264  87.58258258258259
1265  87.64424514200299
1266  87.48892171344166
1267  87.43649635036496
1268  87.43002915451895
1269  87.13074712643679
1270  86.95545977011494
1271  86.63609898107714
1272  86.56477438136827
1273  86.51814223512336
1274  86.24925373134329
1275  86.1583850931677
1277  85.10482529118137
1278  83.56271186440678
1279  83.26949152542373
1280  83.21283783783784
1281  82.86963696369637
1282  82.67164179104478
1284  82.40916530278233
1285  82.36952998379255
1286  82.2730210016155
1287  82.10142630744849
1288  81.86862442040186
1294  84.5007215007215
1295  84.13258110014104
1296  83.95827538247566
1297  83.73184357541899
1298  83.72307692307692
1299  83.5280112044818
1300  83.44744318181819
1301  83.03868194842407
1302  82.85488505747126
1303  82.84704184704185
1304  82.46064139941691
1305  82.41751824817518
1306  81.9247159090909
1307  81.86657101865136
1308  81.4943342776204
1309  81.27374301675978
1310  81.00137931034483
1311  80.8383152173913
1312  80.41711229946524
1313  80.184350132626
1314  79.95714285714286
1315  79.31282722513089
1316  79.07918263090677
1317  78.83964646464646
1318  78.56979695431473
1319  78.12468193384224
1320  78.03176620076239
1321  77.75808538163001
1322  77.33866666666667
1323  78.04022191400833
1324  80.22893481717011
1325  81.07920792079207
1326  81.00980392156863
1327  80.96513470681458
1328  80.8
1329  80.79283489096574
1330  80.48902821316615
1331  80.25460122699387
1332  80.01192250372578
1333  79.75222551928783
1334  79.56868537666175
1335  79.20991253644316
1336  79.03708987161198
1337  78.61527581329561
1338  78.26160337552743
1339  78.12762973352034
1340  77.945301542777
1341  77.43960674157303
1342  76.97759103641457
1343  76.7949790794979
1344  76.52891396332863
1345  76.06284153005464
1346  75.91895604395604
1347  75.66621983914209
1348  75.14577656675749
1349  74.956
1350  74.6952506596306
1351  73.99605263157895
1352  73.59114583333333
1353  73.53576072821846
1354  73.16494845360825
1355  73.57359009628611
1356  76.37205651491365
1357  79.005291005291
1358  79.4309090909091
1359  79.44268077601411
1360  79.35871404399323
1361  79.16129032258064
1362  78.6612641815235
1363  78.59394904458598
1364  78.31055900621118
1365  78.17908082408874
1366  77.82288401253919
1367  77.66919575113809
1368  76.9745889387145
1369  76.76479514415782
1370  76.69760479041916
1371  76.26716417910448
1372  75.78592814371258
1373  75.51492537313433
1374  75.09687034277198
1375  74.88575667655786
1376  74.41184971098266
1377  73.93576642335766
1378  73.73274596182085
1379  73.19089574155653
1380  72.9418777943368
1381  72.72164948453609
1382  72.34121122599704
1383  71.98650674662669
1384  71.51908396946565
1385  71.12048192771084
1386  70.68065967016491
1387  70.65820895522388
1388  70.18035190615836
1389  70.10557184750733
1390  69.52388059701492
1392  69.5
1393  69.5
1394  75.7984934086629
1395  77.94569288389513
1396  77.78402903811252
1397  77.7693661971831
1398  77.63103448275862
1400  77.19407894736842
1401  77.17948717948718
1402  76.8875
1403  76.86963190184049
1404  76.47239263803681
1405  76.07910447761193
1406  75.71764705882353
1407  75.53070175438596
1408  75.38856304985337
1409  75.08333333333333
1410  74.68045649072754
1411  74.45504840940525
1412  74.24475524475524
1413  73.77138849929874
1414  74.72167832167833
1415  78.29394387001477
1416  80.3132530120482
1417  81.44113029827315
1418  81.26860841423948
1419  81.1968253968254
1420  80.93396226415095
1421  80.86244204018547
1422  79.83771251931994
1423  76.81638846737481
1424  75.83359013867488
1425  75.53566009104703
1426  75.23467862481316
1427  74.99116347569955
1428  74.72876304023845
1429  74.29558823529412
1430  74.21190130624093
1431  73.59677419354838
1432  73.16100443131462
1433  73.06104651162791
1434  72.78129496402877
1435  72.21810089020771
1436  72.11600587371512
1437  71.29420289855072
1438  71.1903409090909
1439  70.65905848787446
1440  70.1690340909091
1441  70.05034965034965
1442  69.5849582172702
1443  69.36708860759494
1444  69.50780141843971
1445  73.1620029455081
1446  74.72741194486983
1447  74.75
1448  74.3716814159292
1449  74.27672035139092
1450  74.0850144092219
1451  73.99571428571429
1452  73.36028368794327
1453  73.22566995768689
1454  73.02624309392266
1455  72.81718963165075
1456  72.51951547779274
1457  72.01333333333334
1458  71.7782152230971
1459  71.49933774834437
1460  70.94652406417113
1461  70.83905013192611
1462  70.53047989623865
1463  70.24278215223097
1464  69.87126137841352
1465  69.73555840821567
1466  69.32233502538071
1467  69.32120451693852
1468  73.3751617076326
1469  76.03576158940398
1470  76.35549525101764
1471  76.39731543624161
1472  76.11181702668361
1473  76.06982543640898
1474  75.97799511002445
1475  75.60963855421687
1476  75.52215568862276
1477  75.18448883666275
1478  74.81065088757397
1479  74.76463560334528
1480  74.77857142857142
1481  74.77857142857142
1482  77.61313868613139
1483  77.61313868613139
1484  77.61313868613139
1485  77.61313868613139
1486  77.61313868613139
1487  77.61313868613139
1488  77.61313868613139
1489  77.61313868613139
1490  82.72251308900523
1491  82.14346895074947
1492  81.78476190476191
1493  81.34551495016612
1494  81.11800302571861
1495  81.06367583212734
1496  80.63208852005532
1497  80.58253751705321
1498  80.42420212765957
1499  80.26274509803922
1500  79.98188874514877
