1  90.72932816537468
2  90.44437215354587
3  90.40363400389357
4  90.14045307443365
5  90.03177691309988
6  89.70868713259307
7  89.64663618549967
8  89.46339869281046
9  89.42212041884817
10  88.94753886010362
11  88.84309895833333
12  88.67384213959556
13  88.39470284237726
14  88.37240932642487
15  88.01993569131832
16  87.98967741935483
17  87.67312661498708
18  89.10045074050225
19  91.57152145643693
20  91.44321868916288
21  91.41509433962264
22  91.16807268007787
23  90.94866796621183
24  90.73086900129702
25  90.59869706840391
26  90.42050616482804
27  90.16397675919949
28  89.81278244028405
29  89.67076326002588
30  89.37944408532644
31  89.35206718346254
32  88.98643410852713
33  88.84760051880674
34  88.58698453608247
35  88.51612903225806
36  88.3663430420712
37  88.10431423052157
38  87.78229974160207
39  87.7469335054874
40  87.60917312661499
41  87.5460399227302
42  87.33354838709677
43  87.15958815958815
44  86.83505821474773
45  86.7411003236246
46  86.30700064226076
47  89.05660377358491
48  91.61498371335504
49  92.20974025974026
50  92.19361147327248
51  92.08268733850129
52  91.95568400770713
53  91.83333333333333
54  91.51480051480051
55  91.43838254172016
56  91.1159793814433
57  90.97501601537476
58  90.80823680823681
59  90.66880204996797
60  90.50832266325224
61  90.38368387507967
62  90.17208413001912
63  89.97960484384959
64  89.80345710627401
65  89.64074550128535
66  89.48368522072937
67  89.35500318674315
68  89.10723350253807
69  88.84203821656051
70  88.65320512820513
71  88.38711734693878
72  88.01970756516211
73  87.85395408163265
74  87.53559974342527
75  87.2632587859425
76  87.11813537675607
77  86.92916400765795
78  86.8508883248731
79  86.5785046728972
80  86.5785046728972
81  86.5785046728972
82  86.5785046728972
83  86.5785046728972
85  96.35303265940902
86  95.79638637943016
87  95.7114006514658
88  95.38672622846202
89  95.06439393939394
90  94.6635101010101
91  94.50918302723242
92  94.23003802281369
93  94.08380952380952
94  93.7836630504148
95  93.5874840357599
96  93.34556962025316
97  93.1506329113924
98  92.96516782773908
99  92.72446406052964
100  92.4006309148265
101  92.22446406052964
102  91.95583596214512
103  91.78584846587351
104  91.4955808080808
105  91.21761006289309
106  91.07557776389757
107  91.07375
109  93.19320327249842
110  93.13484562066793
111  92.95420326223338
112  92.80390920554855
113  92.66624843161857
114  92.42032622333751
115  92.1520650813517
116  92.106608478803
117  91.78852152214597
119  91.61490294301817
120  91.46388542963885
121  91.25265791119449
122  91.10896637608967
123  90.97126795752655
124  90.87
125  90.60238693467336
126  90.4021263289556
127  90.21280602636534
128  90.1036432160804
129  89.96536523929471
130  89.86750788643533
131  89.84270372710044
132  89.53641545281823
133  89.38762626262626
134  89.10725552050474
135  89.10725552050474
136  88.9007585335019
137  88.7882797731569
138  88.61835443037975
139  88.43442622950819
140  88.26974099810487
141  88.09068010075566
142  88.03969754253308
143  87.96122633002705
144  87.96122633002705
145  87.96122633002705
146  87.96122633002705
147  87.96122633002705
148  87.96122633002705
150  92.9603112840467
151  92.79732582688247
152  92.35746901500326
153  92.20380952380953
154  92.00945775535939
155  91.84375
156  91.73997493734336
157  91.5670426065163
158  91.4812030075188
159  91.35082174462705
160  91.24667931688805
161  90.96030245746692
162  90.89197725837019
163  90.80557314756174
164  90.70517676767676
165  90.43028391167192
166  90.2714013950539
167  90.11928934010152
168  90.02709514807813
169  89.92249527410208
170  92.21934260429836
171  92.96934865900383
172  92.95350318471337
173  92.79531051964511
174  92.74397972116603
175  92.59033078880407
176  92.38885370487651
177  92.25557680050989
178  92.09171410499684
179  91.89009584664537
180  91.76102236421725
181  91.55222929936306
182  91.30984126984127
183  91.12285168682368
184  91.01592356687898
185  90.83608640406608
186  90.74442319949011
187  90.43220878421387
188  90.14031746031746
189  90.06785034876347
190  89.86607142857143
191  92.36160714285714
192  93.6613007083065
193  93.31329923273657
194  93.26386233269598
195  93.0536398467433
196  92.8388746803069
197  92.74296675191816
198  92.60359204618345
199  92.33610755441741
200  92.12507977026165
201  92.00064061499039
202  91.84472843450479
203  91.83545918367346
204  91.47974276527331
205  91.21419437340154
206  91.004455760662
207  90.95674300254453
208  90.79270633397313
209  90.53162939297124
210  92.12595419847328
211  93.66472868217055
212  93.34401024983984
213  93.20460358056266
214  93.00510204081633
215  92.83578274760383
216  92.6459268762027
217  92.47445721583652
218  92.24267515923567
219  92.06734434561626
220  91.88732394366197
221  91.71035805626599
222  91.54574536148432
223  91.12874442319949
224  91.02731893265566
225  90.89587301587302
226  90.78330146590184
227  90.61135928525846
228  92.84942820838627
229  94.81378865979381
230  94.62893890675241
231  94.55878552971576
232  94.18216805644644
233  94.03772378516624
234  93.7741522712732
235  93.61776061776062
236  93.44007731958763
237  93.15448717948718
238  92.93405889884762
239  92.6911196911197
240  92.45594855305467
241  92.14102564102564
242  92.02879078694818
243  91.84516954574536
244  91.59871382636656
245  91.47560975609755
246  91.0895713371721
247  90.8682021753039
248  90.68693982074264
249  90.44145873320538
250  90.14548919949173
251  90.01086956521739
252  89.66152858060373
253  89.63239074550128
254  89.29362524146812
255  89.12818877551021
256  88.93622448979592
257  88.72090032154341
258  88.52215799614643
259  89.4996796925048
260  93.52199223803363
261  93.63001293661061
265  95.96507115135834
266  98.5687296416938
267  98.47196870925684
268  98.2892670157068
269  98.01639344262296
270  97.7745289148798
271  97.50977835723599
272  97.40494791666666
273  97.23116883116883
274  96.94845360824742
275  96.69916074887024
276  96.44818652849742
277  96.27154893065457
278  95.91827541827541
279  95.73983214977405
280  95.54880413703943
281  95.3692704970949
282  95.22466107165914
283  94.9825918762089
284  94.71788250484184
285  94.31844660194174
286  94.11984536082474
287  93.94851994851994
288  93.63354838709678
289  93.47175866495508
290  93.28992944194997
291  92.92277992277992
292  92.67396907216495
293  92.66666666666667
294  92.4151065203357
295  92.10718870346598
296  91.99163987138263
297  91.71640826873384
298  91.61612903225806
299  91.36862491930277
300  91.17321313586606
301  90.91329479768787
302  90.63689320388349
303  90.39093851132687
304  90.22143318269852
305  90.01225016118633
306  89.75919948353777
307  89.66064516129032
308  89.4300451321728
309  89.230179028133
310  88.99483537766301
318  91.5620957309185
319  91.44925662572722
320  91.14938828074695
321  90.84987113402062
322  90.72380336351875
323  90.5077519379845
324  90.3603896103896
325  90.04372990353697
326  90.73007712082263
327  94.29182879377431
328  95.42088197146563
329  95.31841763942931
330  95.1258064516129
331  94.97554697554698
332  94.77211103938025
333  94.59832366215345
334  94.5
335  94.42115384615384
336  94.15015974440895
337  93.97058823529412
338  93.63110539845758
339  93.50225080385852
340  93.29385403329066
341  93.19260204081633
342  92.98279158699809
343  92.89776357827476
344  92.67431485022307
345  92.48560460652591
346  92.32525510204081
347  91.95979578813018
348  91.92943420216147
349  91.73893805309734
350  91.54828462515883
351  91.26944971537002
352  91.07974683544303
353  91.02083333333333
354  90.80050987890377
355  90.70453095086152
356  90.21587301587302
357  90.13101265822785
358  90.0410094637224
359  89.85977157360406
360  89.8061433447099
361  89.74120956399437
362  89.74120956399437
363  89.74120956399437
364  89.74120956399437
365  89.74120956399437
366  89.74120956399437
367  89.74120956399437
369  92.50773195876289
370  92.06017830609213
371  91.6263812154696
372  91.37804076265614
373  91.11344805608668
374  90.63802905874921
375  90.5464824120603
376  90.22912743251726
377  89.975625
378  89.82156368221942
379  89.64416403785489
380  89.3709575142676
381  89.19721871049305
382  89.00443318556049
383  88.65698041692988
384  88.44655281467426
385  88.22882427307206
386  88.05979643765903
387  87.83375634517766
388  87.57523809523809
389  87.31408629441624
390  87.19556962025317
391  86.95356234096693
392  86.57881301850671
393  88.30778974034199
394  90.07864450127877
395  89.66538461538461
396  89.64634146341463
397  89.45355541319667
398  89.1699680511182
399  89.00448717948719
400  88.855321861058
401  88.49008317338452
402  88.12866242038217
403  88.11231652839821
404  87.79286169534736
405  87.61292386436341
406  87.6105060858424
412  90.74294871794872
413  90.58804627249357
414  90.43943298969072
415  90.24791800128123
416  89.95621377978107
417  89.76952872821175
418  89.57806451612903
419  89.48514211886305
420  89.3579766536965
421  89.07865892972276
422  89.05035506778567
423  88.68936446173801
424  88.61035598705502
425  88.3820078226858
426  88.32335718932987
427  87.84535412605588
428  87.80559167750324
429  87.55857605177994
430  87.42736705577173
431  87.24902470741222
432  86.87694300518135
433  86.77713178294573
434  86.55447470817121
435  86.48124191461837
436  90.46982478909798
437  92.37377690802349
438  92.21155094094743
439  92.00130039011704
440  91.81959766385464
441  91.64514024787998
442  91.54071661237785
443  91.35152696556206
444  91.14239482200647
445  90.74869451697128
446  90.61738002594034
447  91.9889466840052
448  94.37262606417812
449  94.17068403908794
450  94.01368970013039
451  93.73725490196078
452  93.55613577023499
453  93.48044328552803
454  93.24041585445094
455  93.00194426441996
456  92.76230569948187
457  92.69036845507433
458  92.51945525291829
459  92.39703034215623
460  92.13200257566001
461  91.90212491951063
462  91.66429495472187
463  91.44774193548388
464  91.32881136950904
465  91.06542655548428
466  90.9463601532567
467  90.66323245331617
468  90.55269922879178
469  90.25112107623319
470  90.09281627463446
471  89.84448693435309
472  89.62011531069827
473  89.39820742637644
474  89.1890166028097
475  89.02763496143959
476  88.80204996796925
477  88.56794871794872
478  88.39782190903267
479  88.15930902111324
480  87.97956577266922
481  87.77735368956743
482  87.51953875720692
483  87.46828955797565
484  87.06993006993007
485  86.91182108626198
486  86.79438058748404
487  86.58729139922978
488  86.43132220795893
489  86.22052262587636
490  85.95335463258786
491  85.95335463258786
492  85.63296844816485
493  85.60154738878143
494  85.34443021766965
495  85.26687898089172
496  85.06892150606254
497  85.03946530872057
498  84.7001287001287
499  84.59755312298776
500  84.55441741357234
501  84.4370179948586
502  84.17263427109974
503  84.14897698209718
504  83.98466453674122
505  83.90990415335463
506  83.90990415335463
507  89.32472562943835
508  89.94974226804123
512  90.42513020833333
513  95.4294996751137
514  98.78440366972477
515  98.71335078534031
516  98.64078947368421
517  98.57444005270092
518  98.49342105263159
519  98.2490118577075
520  98.05636604774536
521  97.78647214854112
522  97.6034255599473
523  97.46622950819672
524  97.29795649307844
525  96.91197882197221
526  96.76065573770492
527  96.53986928104575
528  96.44320420223244
529  96.26098360655737
530  96.05270092226614
531  95.78077682685978
532  95.69776609724047
533  95.57058047493403
534  95.30360655737705
535  95.28964613368284
536  95.0125
537  95.97834645669292
538  97.83333333333334
539  98.17557755775577
540  98.1525312294543
541  98.06229290921141
542  98.01654533421575
543  97.77470355731225
544  97.6502624671916
545  97.51545036160421
546  97.46662303664922
547  97.32437745740498
548  97.2096985583224
549  98.34122287968441
550  99.97216699801193
551  99.82738095238095
552  99.56973684210527
553  99.56740837696336
554  99.42979002624672
555  99.24785194976867
556  98.9659239842726
557  98.82114882506528
558  98.70137524557957
559  98.61060209424085
560  98.2788844621514
561  98.15567282321899
562  97.89650626235992
563  97.72685489166119
564  97.59973666886108
565  97.50849673202615
566  97.37418086500655
567  97.05225342913128
568  96.7976346911958
569  96.56290956749672
570  96.40524590163935
571  96.16480630334866
572  95.96723460026212
573  95.77733860342556
574  95.60700132100396
575  95.46057818659658
576  95.73273273273273
577  95.73273273273273
578  95.73273273273273
579  95.73273273273273
580  97.72827804107425
581  97.27965284474445
582  96.84335443037975
583  96.6508279337653
584  96.29652351738241
585  95.92511597084162
586  95.71830065359477
587  95.55684754521964
588  95.31754161331627
589  95.04041051956382
590  94.86564299424184
591  94.75979447655749
592  94.7033462033462
593  94.49227799227799
594  94.17650834403081
595  94.00257731958763
596  93.75935483870968
597  93.61212516297262
598  93.30909090909091
599  93.11125485122898
600  92.98903932946486
601  92.659961064244
602  92.42272727272727
603  92.24903474903475
604  91.98059508408797
605  95.39348534201955
606  97.58311518324606
607  97.72005208333334
609  97.6887159533074
610  97.60323624595469
611  97.34957764782325
612  97.14221073044602
613  96.91672046481601
614  96.55158987670345
615  96.3699870633894
616  96.08155339805825
617  95.92193548387097
618  95.57652399481194
619  95.37508111615834
620  95.09832904884318
621  94.96907216494846
622  94.56994818652849
623  94.45601552393273
624  94.12772785622593
625  93.84417256922086
626  93.64591439688716
627  93.4948051948052
628  93.08097686375321
629  92.92327530625403
630  92.51328580686973
631  92.14156431803491
632  92.0083870967742
639  94.6534717715769
640  94.3407022106632
641  94.14637305699482
642  94.01228978007762
643  93.64131147540984
644  93.48271363339856
645  93.15284974093264
646  93.05745642349903
647  92.67185473411155
648  92.55013020833333
649  92.14378238341969
650  92.02903225806452
651  91.83516483516483
652  91.61603102779573
653  91.55246113989638
654  91.45812455261274
655  91.45812455261274
656  91.45812455261274
657  91.45812455261274
658  91.45812455261274
659  91.45812455261274
661  95.8484251968504
662  95.34339314845025
663  94.7830258302583
664  94.65931034482759
665  94.45886287625419
666  94.00065659881813
667  93.55735580038885
668  93.40413169786959
669  93.09575835475579
670  92.95602294455067
671  92.6873798846893
672  92.67350865939704
673  92.57261676263596
674  92.41815856777494
675  92.12965340179717
676  91.81290322580645
677  91.6881443298969
678  91.54055807916937
679  91.43311688311688
680  91.28979857050032
681  91.05451005840364
682  90.86339869281046
689  93.76968894771674
690  93.59313077939234
691  93.35610079575596
692  93.23533289386948
693  92.88126649076517
694  92.66732026143791
695  92.56225425950197
696  92.31785480706344
697  92.20182291666667
698  91.85386631716906
699  91.62999345121153
700  91.53276539973788
701  91.2961992136304
702  90.80289093298292
703  90.67498358502955
704  90.60052562417872
705  90.42305173542894
706  90.22736285525446
707  89.95
708  89.71108179419525
709  89.57651715039577
710  89.38558201058201
711  89.21230158730158
717  92.32692307692308
718  92.23010610079575
719  91.95695364238411
720  91.70424403183024
721  91.52708058124175
722  91.45863666446063
723  91.35539377895434
724  90.85969556585043
725  90.69749009247028
726  90.659195781147
727  90.44047619047619
728  90.32140490390988
729  89.76664469347396
730  89.73895847066579
731  89.52185430463577
732  89.31407702523241
733  89.18820410868125
734  88.86252478519498
735  89.83453709783322
736  93.22847682119205
737  93.25479814692257
738  93.1429512516469
739  92.79271523178808
740  92.63582286847323
741  92.56237623762377
742  92.44107965766952
743  92.33421052631579
744  92.0879048248513
745  91.80539119000657
746  91.70343461030383
747  91.3452380952381
748  91.30753968253968
749  91.01909150757076
750  90.71023102310231
751  90.68824306472919
752  90.34304635761589
753  90.32142857142857
754  90.10678971654582
755  89.81566820276498
756  89.54043392504931
757  89.4584432717678
758  89.39868421052631
759  89.11354581673307
760  88.91915175612989
761  88.90290620871863
769  92.6449900464499
770  92.41074983410749
771  92.28978779840848
772  91.99867899603699
773  91.58652575957728
774  91.51342501637197
775  91.39511873350924
776  91.22354497354497
777  90.93350888742594
778  90.78034300791556
779  90.62351387054161
780  90.4805793285056
781  90.32806324110672
782  89.90686922060766
783  89.79444811632519
784  89.650363516193
785  89.48184818481849
786  89.27777777777777
787  89.02176781002639
788  88.8233355306526
789  88.69428007889546
790  88.51443569553805
791  88.25957727873184
792  88.10439921208142
793  89.17906517445688
794  93.981345769487
795  94.59919839679358
796  94.57515030060121
797  94.39347536617844
798  94.14105960264901
799  94.06112956810631
800  93.6258234519104
801  93.3723544973545
802  93.23031105228326
803  93.0603448275862
804  92.8441215323646
805  92.59696569920844
806  92.52770448548813
807  92.41029023746702
808  92.2328947368421
809  91.83819628647215
810  91.72992700729927
811  91.558940397351
812  91.49767441860465
813  91.30277044854881
814  91.00860927152318
815  90.78303747534517
816  90.69685039370079
817  90.44829842931937
818  90.33311561071196
819  90.17631578947369
820  89.84358638743456
821  89.66753755715219
822  89.54361979166667
823  89.38732854343566
824  89.32963446475196
825  89.06501950585175
826  88.86945169712794
827  88.59725848563968
828  88.55237475601822
829  88.33203125
830  88.28283485045513
831  88.04361979166667
832  88.03188028627196
833  91.38461538461539
834  93.42518127883982
842  95.50109409190372
843  95.13168724279835
844  94.48398328690807
845  94.11481975967958
846  93.75226977950713
847  93.53667953667954
848  93.44765574823379
849  93.08990944372574
850  92.82727272727273
851  92.59271307742355
852  92.49967595593
853  92.39805825242719
854  92.11852331606218
855  92.06056701030928
856  91.82543802725503
857  91.64373783257625
858  91.49772283669486
859  91.3595068137573
860  91.03090792015453
861  90.86269430051813
862  90.52795838751625
863  90.44170984455958
864  90.44170984455958
871  94.1399870382372
872  94.00129282482224
873  93.75535366645036
874  93.67857142857143
875  93.50355987055016
876  93.4300451321728
877  93.16720464816011
878  92.85741935483871
879  92.7509702457956
880  92.41883116883118
881  92.33829236739975
882  92.00838168923275
883  91.96260477111541
884  91.52140077821012
885  91.47020725388602
886  91.07221147646679
887  90.9368556701031
888  90.77943078913324
889  90.49386701097482
890  90.3743556701031
891  90.1046511627907
892  89.71142672692059
893  89.63847643641058
894  89.39780077619663
895  89.22193548387096
896  89.02129032258064
897  88.70938511326861
898  88.5220207253886
899  88.38076673164393
900  88.0475884244373
901  88.00644745325596
902  87.65369649805447
903  87.54686489980608
904  87.375
905  90.17937219730942
906  92.3
907  92.2990291262136
908  92.06221646143875
909  91.76783398184176
910  91.66925566343042
911  91.63501291989664
912  91.43133462282398
913  91.38670109748224
914  91.05174644243208
915  90.93458549222798
916  90.71660181582361
917  90.60621761658031
918  90.53866146848603
919  90.42810880829016
920  90.1661279896574
921  90.14027149321267
922  89.9967700258398
923  89.74254215304799
924  89.54337899543378
925  89.51530944625407
926  89.24417098445596
927  89.03634003893576
928  88.9604153147307
929  88.66601689408706
930  88.64150943396227
931  89.52077922077922
932  93.1960655737705
933  93.4601186552406
934  93.4601186552406
938  96.03815789473684
939  97.09169435215946
940  96.77395902181098
941  96.68783068783068
942  96.34722222222223
943  96.24867724867724
944  95.92481703260147
945  95.64233576642336
946  95.50695825049702
947  95.35013262599469
948  95.18061088977424
949  94.80118890356671
950  94.57740863787376
951  94.32582781456954
952  94.0336856010568
953  93.76810631229236
954  93.61372812920592
960  92.9007561436673
961  92.0
962  91.79875518672199
963  91.52289316522894
964  91.22504892367905
965  90.88054830287206
966  90.7187704381949
967  90.55059132720105
968  90.31914893617021
969  89.95841584158416
970  89.72721268163805
971  89.56735235567352
972  89.36050364479787
973  89.23280423280423
974  88.92739273927393
975  88.81349206349206
978  91.56982131039047
979  91.4254327563249
980  91.14648829431438
981  90.9305740987984
982  90.66245006657789
983  90.59190444591904
984  90.47603195739015
985  90.33311170212765
986  89.80917553191489
987  89.71968190854871
988  89.58792302587923
989  89.47371922821024
990  89.34834437086093
991  89.19694960212202
992  88.92120814182535
993  88.84036939313984
994  88.7335092348285
995  88.44121532364598
996  90.11960784313726
997  93.29722589167767
998  93.51489080079418
999  93.50066137566138
1000  93.41820580474933
1001  93.29100529100529
1002  93.07565789473684
1003  92.83672131147542
1004  92.57918848167539
1005  92.52
1006  92.43606557377049
1013  95.28392621870883
1014  95.08246073298429
1015  94.74755381604696
1016  94.53629823413996
1017  94.32832898172323
1018  94.15898767034393
1019  93.86540962288687
1020  93.68872870249017
1021  93.54131424853611
1022  93.34550195567145
1023  93.26140808344198
1024  92.985103626943
1025  92.73691014867485
1026  92.66343669250647
1027  92.56411917098445
1028  92.34799482535576
1029  92.05738233397808
1030  91.97684887459808
1031  91.54863813229572
1032  91.47922077922078
1033  91.16634429400386
1034  91.07776349614396
1035  90.71057754704738
1036  90.52574002574002
1037  90.41672067401167
1038  90.07405022537026
1039  89.88144329896907
1040  89.6602192134107
1041  89.46203763789747
1042  90.10889175257732
1043  93.90665796344648
1044  94.38608010505581
1045  94.35784635587656
1046  94.04895561357702
1047  93.85500650195058
1048  93.69451697127937
1049  93.38151041666667
1050  93.16796875
1051  93.0246913580247
1052  92.61724363161332
1053  92.55172413793103
1054  92.35496430889033
1055  92.15509409474367
1056  91.94856770833333
1057  91.66254071661238
1058  91.49119373776908
1059  91.12915851272015
1060  90.95830618892508
1061  90.98760600130463
1062  94.43672131147541
1063  95.23556430446195
1064  95.00785340314137
1065  94.75424836601307
1066  94.42408376963351
1067  94.20546163849154
1068  93.94022092267706
1069  93.6818477553676
1070  93.48300653594771
1071  93.27171783148269
1072  93.10966904607398
1073  92.78129117259552
1074  92.63254593175853
1075  92.30065359477125
1076  92.11703511053317
1077  91.89364461738002
1079  92.61637653127015
1080  92.57483870967742
1081  92.44948186528498
1082  92.25564880568109
1083  91.99162371134021
1084  91.57751937984496
1085  91.42940038684719
1086  91.16129032258064
1087  90.79406068431246
1088  90.6255648805681
1089  90.48671419313027
1090  90.25016160310278
1091  89.95568400770713
1092  89.64018087855297
1093  89.37968952134541
1094  91.34298584298584
1095  94.48958333333333
1100  96.53333333333333
1101  97.23280423280423
1102  96.7566862361383
1103  96.54223968565816
1104  96.36601307189542
1105  96.12540822991508
1106  95.76190476190476
1107  95.62394822006472
1108  95.38831168831169
1109  95.16612589227775
1110  94.92387096774193
1111  94.55103359173127
1112  94.3883495145631
1113  94.14294913071474
1114  93.95565552699229
1115  93.64922480620154
1116  93.52883992222942
1117  93.1984251968504
1118  93.1984251968504
1119  93.1984251968504
1120  93.1984251968504
1122  96.43253373313343
1123  95.87023411371237
1124  95.47522816166884
1125  94.94523195876289
1126  94.69947848761409
1127  94.43342036553524
1128  93.92903225806451
1129  93.6750645994832
1130  93.3922077922078
1131  93.07073954983923
1132  92.94276527331189
1133  92.56020605280104
1134  92.22014202711426
1135  91.99484536082474
1136  91.67295188556567
1137  91.26804123711341
1138  92.74021808851828
1139  95.6795865633075
1140  95.73354838709677
1141  95.69954867827208
1142  95.46770025839793
1143  95.13706563706563
1144  94.80707395498392
1145  94.54263565891473
1146  93.98969072164948
1147  93.64569961489089
1148  93.24405908798973
1149  92.99871794871795
1150  92.63636363636364
1151  92.40809768637533
1152  92.03134996801023
1153  91.848271446863
1154  91.5167525773196
1155  91.0019267822736
1156  90.86153846153846
1157  90.65269042627533
1158  90.65269042627533
1159  90.65269042627533
1160  90.65269042627533
1161  90.65269042627533
1162  90.65269042627533
1163  90.65269042627533
1165  96.53312548713951
1166  95.93008474576271
1167  95.69277108433735
1168  95.05266579973993
1169  94.71282051282051
1170  94.25824873096447
1171  93.98612862547289
1172  93.57814485387547
1173  92.99104859335038
1174  92.75335463258786
1175  92.45985870263327
1176  92.05111821086263
1177  91.75675675675676
1178  91.47138263665595
1179  91.23889246619446
1180  90.81981981981981
1181  90.61821705426357
1182  90.15038560411311
1183  89.90534449452672
1184  89.64188752424046
1185  89.4104381443299
1186  89.14561855670104
1187  88.93939393939394
1188  88.66752910737387
1189  88.47344559585493
1190  88.18573264781492
1191  87.83848133848134
1192  87.64511958629606
1193  87.39586028460543
1194  87.14726688102894
1195  86.95112540192926
1196  86.63106796116504
1197  86.38780804150454
1198  86.19444444444444
1199  85.77207792207793
1200  85.57013574660634
1201  85.3849614395887
1202  85.02895752895753
1203  84.95677419354838
1204  84.59767891682786
1205  84.45207253886011
1206  84.22689075630252
1207  83.94641704325372
1208  83.93918053777209
1209  88.9304403318443
1210  92.31233595800525
1211  92.1290531776913
1212  91.94205729166667
1213  91.64547837483617
1214  91.5
1215  91.28571428571429
1216  90.96596858638743
1217  90.56442119032047
1218  90.44335297969876
1219  90.41557591623037
1226  94.43564356435644
1227  94.2729676140119
1228  93.92444152431011
1229  93.6
1230  93.39184746877055
1231  93.15121630506246
1232  92.81620553359684
1233  92.54330708661418
1234  92.40879265091864
1235  91.88065573770491
1236  91.65045992115637
1237  91.45029624753127
1238  91.36441234405778
1239  90.80933596318212
1240  90.64388961892247
1241  90.3927868852459
1242  90.11411609498681
1243  89.81011826544021
1244  89.46552856204859
1245  89.19658119658119
1246  89.00065530799476
1247  88.73955613577023
1248  88.49640757674723
1249  88.25998690242305
1250  88.45359477124182
1251  91.5294502617801
1252  91.48078175895766
1253  91.37090432503277
1254  91.10959792477303
1255  90.93640493186243
1256  90.56499020248204
1257  90.38802083333333
1258  90.06874189364461
1259  89.8780964797914
1260  89.65774003919007
1261  89.4543063773833
1262  89.02535760728219
1263  88.92153047989623
1264  88.6220064724919
1265  88.47337662337662
1266  88.26520051746442
1267  88.11283043197936
1268  87.96967741935484
1269  91.66881443298969
1270  95.90731070496084
1271  95.77756033920417
1272  95.67987012987012
1273  95.45123537061119
1274  95.24755062050947
1275  94.92012987012987
1276  94.59596616785947
1277  94.38968668407311
1278  94.0984555984556
1279  93.59425962165689
1280  93.44480731548008
1281  93.1608527131783
1282  92.92487046632124
1283  92.57550226830848
1284  92.43717616580311
1285  92.14239482200647
1286  91.82527401676337
1287  91.57411003236246
1288  91.19004524886878
1289  90.9471308833011
1290  90.68936446173801
1291  90.41553398058252
1292  90.1349257585539
1293  89.87234042553192
1298  91.83354838709677
1299  91.56892067620286
1300  91.38336582196231
1301  91.06843124596514
1302  90.65282284231019
1303  90.48246753246754
1304  90.3294498381877
1305  90.07101355713364
1306  89.70903225806451
1307  89.55584247901872
1308  89.28367875647669
1309  89.04715762273902
1310  88.90070921985816
1311  88.79716677398584
1312  88.59534583063994
1313  88.44832041343669
1314  88.25983236621535
1315  88.05996131528046
1316  87.9153199741435
1317  87.8757281553398
1318  87.55541153596889
1319  87.50422352176739
1320  87.36688311688312
1321  87.10058403634004
1322  88.91386010362694
1323  91.42156862745098
1324  91.26597131681878
1325  91.01038286826736
1326  90.9622641509434
1327  90.69960732984293
1328  90.56825604180274
1329  90.45121152586772
1330  90.38210320052254
1331  90.17012987012987
1332  90.00391644908616
1333  89.64033942558747
1334  89.61408083441982
1335  89.45270711024136
1336  89.26975832789027
1337  90.63612565445027
1338  92.5619295958279
1339  92.47361563517916
1340  92.2124183006536
1341  91.78645833333333
1342  91.59489528795811
1343  91.49148099606815
1344  91.39947609692207
1345  91.1346278317152
1346  90.90284974093264
1347  90.66427640156454
1348  90.50227125243349
1349  90.35347628330085
1350  90.06270200387847
1351  89.93886743886743
1352  89.89023467070402
1353  89.89023467070402
1354  89.89023467070402
1355  89.89023467070402
1356  89.89023467070402
1357  89.89023467070402
1359  93.95527859237536
1360  93.54686446392448
1361  93.30604288499025
1362  92.80448717948718
1363  92.56604977664327
1364  92.30193548387096
1365  92.0721649484536
1366  91.79228295819935
1367  91.41575209812783
1368  91.16944801026958
1369  90.95744680851064
1370  90.8005148005148
1371  90.54480519480519
1372  90.3462783171521
1373  90.06885456885458
1374  89.84308681672026
1375  89.42671854734111
1376  91.4105534105534
1377  94.3624031007752
1378  94.15300193673338
1379  93.83604424202993
1380  93.6051948051948
1381  93.33507511430437
1382  93.0638852672751
1383  92.78981723237598
1384  92.50260078023408
1385  92.24869791666667
1386  91.79870967741935
1387  91.529296875
1388  91.26601941747573
1389  90.96059431524547
1390  90.82082794307891
1395  92.88002594033722
1396  92.5371687136393
1397  92.50610932475884
1399  93.36666666666666
1401  93.10876519513755
1402  92.7997432605905
1403  92.55433376455369
1404  92.11325611325611
1405  92.00963391136801
1406  91.5984555984556
1407  91.41661300708307
1408  91.13910256410256
1409  90.90885416666667
1410  90.71076642335767
1411  90.71076642335767
1412  90.71076642335767
1413  90.71076642335767
1414  90.71076642335767
1415  90.71076642335767
1417  95.45541125541125
1418  94.98582677165355
1419  94.68111682586334
1420  94.18500350385423
1421  93.51208053691275
1422  93.12786885245902
1423  92.66493168510084
1424  92.4705501618123
1425  92.05619412515965
1426  91.71034039820167
1427  91.45977011494253
1428  91.1631746031746
1429  90.76571428571428
1430  90.69216182048041
1436  93.74015247776366
1437  93.54942965779468
1438  93.21711768407803
1439  92.8297604035309
1440  92.41919191919192
1441  92.10094043887148
1442  91.925625
1443  91.5352644836272
1444  91.24404015056462
1445  90.97040302267003
1446  90.65072372561359
1447  90.32916926920674
1448  89.8980490874764
1449  89.70717884130983
1450  89.35921717171718
1451  89.1025641025641
1452  88.77812895069532
1453  88.54395951929159
1454  88.13619167717529
1455  87.97924528301887
1456  89.28795483061481
1457  94.26017811704834
1458  93.97350157728707
1459  93.80876747141042
1460  93.43698543381888
1461  93.02929936305732
1462  92.71474358974359
1463  92.4093529788597
1464  92.06598984771574
1465  91.70982142857143
1466  91.1434034416826
1467  90.91018342820999
1468  90.45787781350482
1469  90.16126984126984
1470  89.86160714285714
1471  89.45849297573436
1472  89.10038119440915
1473  89.83280557314757
1474  93.55375647668394
1475  94.4909793814433
1476  94.3131443298969
1477  93.94087403598972
1478  93.67374517374517
1479  93.30448717948718
1480  92.978886756238
1481  92.6388174807198
1482  92.39640795381655
1483  91.76829268292683
1484  91.41394753678823
1485  91.12771392081737
1486  90.85522959183673
1487  90.46213093709885
1488  90.06037251123956
1489  89.86496815286624
1490  89.40874035989717
1491  89.13674121405751
1492  88.66603174603175
1493  88.28200253485424
1494  88.05199746353837
1495  87.75765306122449
1496  87.50446428571429
1497  87.25490196078431
1498  87.17703045685279
1499  87.05569620253165
1500  87.01392405063291
