1  101.52927536231884
2  101.92944606413994
3  102.19181286549707
4  102.43488372093023
5  102.7906432748538
6  103.11531741409435
7  103.37856726849157
8  103.83895348837208
9  104.03538283062645
10  104.41497388276262
11  104.71029668411867
12  105.01044083526682
13  105.17102966841188
14  105.81624423963135
15  106.18228279386713
16  106.31246442800227
17  106.3970251716247
18  101.99304750869061
19  97.80528981429376
20  98.1665731912507
21  98.52634529147983
22  98.7723623853211
23  99.2279792746114
24  99.5581797235023
25  99.83449074074073
26  100.24913693901036
27  100.68213457076567
28  100.993567251462
29  101.28803716608596
30  101.57549361207899
31  101.87580550673697
32  102.21688159437281
33  102.6013986013986
34  102.95137668424135
35  103.2332361516035
36  103.8060141509434
37  104.00940070505288
38  104.16372202591285
39  104.74121779859485
40  104.90726520968695
41  105.23027090694936
42  105.94073647871116
43  106.02900232018561
44  106.34014002333723
45  106.92494226327945
46  106.98600583090379
47  107.36989498249707
48  107.5846422338569
49  107.76815804764672
50  108.21570926143025
51  108.4049295774648
52  108.72902097902099
53  108.83323546682325
54  109.46650998824913
55  109.71697005284791
56  109.87005316007088
57  110.32590855803048
58  110.53878034339846
59  110.47638724911452
60  105.31158142269254
61  103.75128351397603
62  103.99308357348704
63  104.42023121387282
64  104.8652198743575
65  105.25225733634312
66  105.48579545454545
67  105.51310425160163
68  106.11954674220962
69  106.27793533749292
70  106.57948717948719
71  106.68066743383199
72  106.90484429065744
73  107.23611111111111
74  107.5587044534413
75  107.67576990122022
76  107.8134110787172
77  108.32004689331771
78  108.5061295971979
79  108.78713450292398
80  108.9135294117647
81  109.4250295159386
82  109.6121965660154
83  109.95597858417608
84  110.13217703349282
85  110.48358208955224
86  110.84803337306317
87  111.13285457809695
88  111.16444981862152
89  110.63195691202873
90  104.44300954519932
91  102.6804469273743
92  103.20753655793027
93  103.27831531018782
94  103.5854628052243
95  104.1307042253521
96  104.38133181559476
97  104.51972555746141
98  105.14857142857143
99  105.53243090806544
100  105.95110858442297
101  106.24266365688487
102  106.5541690300624
103  106.80963172804533
104  107.0204081632653
105  107.19145299145299
106  107.58044343376919
107  108.03247863247864
108  108.2147344374643
109  108.52543352601157
110  108.79398148148148
111  109.0317735413056
112  109.2953488372093
113  109.5329830706363
114  109.66921269095182
115  109.83969465648855
116  110.10096735187425
117  110.17090909090909
118  110.8833922261484
119  111.0743162901308
120  111.15246098439376
121  111.18337408312959
122  111.814463544754
123  112.08756038647343
124  112.53492647058823
125  108.54458598726114
126  106.69713589274832
127  105.24370240187463
128  105.25704427832088
129  105.59425287356322
130  105.84561810795125
131  106.44413092550789
133  107.02203389830508
134  107.58826815642459
135  107.7171201814059
136  108.07826576576576
137  108.10154905335628
138  108.69562748438386
139  109.03861442362293
140  109.19384264538198
141  109.63044708545557
142  109.91235059760956
143  110.0115074798619
144  110.46712802768167
145  110.65297860034701
146  110.81665702718334
147  110.84051978735971
148  111.14148681055156
149  111.635663507109
150  111.7673590504451
151  111.92284688995215
152  112.32164449818622
153  112.51944943147817
154  112.70730235365119
155  113.03560651780326
156  113.43223880597014
157  113.6305125148987
158  113.6305125148987
159  108.763723150358
160  104.70618264322178
161  105.06613454960092
162  105.28849456210648
163  105.87393526405452
164  106.2790039615167
166  106.4820809248555
167  106.828125
168  107.05336426914153
169  107.4575389948007
170  107.93689596361568
171  108.1641876430206
172  108.32107983917288
173  108.79100227790433
174  108.99312714776633
175  109.34015927189989
176  109.34119677790564
177  109.80137378362909
178  110.12485615650172
179  110.39616055846423
180  110.65726043503821
181  110.8417945690673
182  111.09432835820895
183  111.18776499091459
184  111.2940108892922
185  111.78562945368171
186  111.97252090800478
187  112.38315539739028
188  112.49582338902148
189  112.67469135802469
190  112.79950495049505
191  112.960024600246
192  113.05188387893762
193  113.16604938271604
194  111.46235294117648
195  108.07217090069284
197  108.41111754487551
198  108.71122685185185
199  109.12157534246575
200  109.39196832579185
201  109.64124293785311
202  109.93097547062179
203  109.93721461187215
204  110.04672364672365
205  110.23993193420307
206  110.25255391600453
207  109.59657142857142
208  104.41203438395416
209  100.93922341024198
210  100.96317280453258
211  101.3496862521392
212  101.6545768566494
213  102.13884107860011
214  102.7522988505747
215  103.33679354094579
216  103.65777262180976
217  104.24321201617562
218  104.45028901734105
219  104.84335260115607
220  105.16656993615786
221  105.26172553561088
222  105.39453805926786
223  105.78323699421966
224  105.8864426419467
225  106.1402192729371
226  106.39397450753187
227  106.61610268378064
228  107.03656413232733
229  107.33967704728951
230  107.63228438228438
231  107.92090069284065
232  108.24782356355195
233  108.5458768873403
234  108.72447795823666
235  108.79813845258872
236  109.03434225844005
237  109.08874709976797
238  109.19488074461896
239  109.13747099767981
240  103.06482525366403
241  102.69643866591295
242  102.79314221472737
243  103.21102982554868
244  103.54906409529212
245  103.97102272727273
246  104.42075578116187
247  104.72054638588503
248  105.25128205128206
249  105.74985656913367
250  105.99942954934397
251  106.26480637813212
252  106.66628766344513
253  106.87931034482759
254  107.04123711340206
255  107.21064682312536
256  107.47187141216992
257  107.59437751004016
258  108.00341491178145
259  107.77504393673111
260  107.69579081632654
261  104.72571050892267
262  100.98227383863082
263  99.26825028968713
264  98.79833333333333
265  98.99779249448125
266  99.3179598480738
268  99.38960313024036
270  99.4625352112676
271  99.66197183098592
272  100.15617977528089
273  100.33201133144476
274  100.58281161070005
275  101.12061155152888
276  101.5260148656375
277  101.81171067738232
278  102.34445083381254
279  102.54409221902017
280  103.04362801377727
281  103.47441058079356
282  103.8860759493671
283  104.23298731257208
284  104.46547756041427
285  105.17569124423963
286  105.35768115942028
287  104.93662790697675
288  98.54132712456345
289  96.02039660056657
290  96.48801369863014
291  96.78453666856169
292  97.15587392550142
293  97.52776187750429
294  98.01014656144307
295  98.36409395973155
296  98.63033707865168
297  98.73096737263882
298  98.83667621776505
299  99.36836158192091
300  99.41590389016018
301  99.8976823063878
302  100.40112359550562
303  100.65949008498583
304  101.01912260967379
305  101.3986409966025
306  101.58873239436619
307  101.95732734418866
308  102.21818181818182
309  102.50256702795208
310  102.82589033352176
311  103.56492411467116
312  103.83719615602035
313  104.07317073170731
314  104.31193181818182
315  104.50886220697541
316  104.75988538681949
317  105.03561171740378
318  105.12085996513655
319  101.18732314657612
320  96.49220489977728
321  96.7549889135255
322  96.97833333333332
323  97.13262451035254
324  97.496115427303
325  97.64682981090101
326  97.8615127919911
327  98.11457174638488
328  98.27988826815643
329  98.68370786516854
330  98.93861607142857
331  99.2206625491297
332  99.66517607602012
333  99.82779966235228
334  100.17408231368188
335  100.49212598425197
336  100.64079320113314
337  100.94318181818181
338  99.06587837837839
339  96.07769703745109
340  95.42744656917885
341  95.80760626398211
342  96.03923766816143
343  96.30422691879866
344  96.5946990612921
345  96.92097941012798
346  97.16675962074734
347  97.5890563930765
348  97.89915966386555
349  98.15187046342825
350  98.48536036036036
351  98.7914317925592
352  99.28364042434394
353  99.5175683212493
354  99.70891755468313
355  99.9434806939004
356  100.57094594594594
357  100.74151583710407
358  100.96188340807174
359  101.29448550312678
360  101.51023890784984
361  101.6422902494331
362  101.93193420306295
363  102.30782410051398
364  102.6565366972477
365  99.16647597254004
366  96.19289340101523
367  96.5191011235955
368  96.93975225225225
369  97.38623751387348
370  97.68984856982613
371  98.02686066032456
372  98.27323943661972
373  98.73766816143498
374  99.28233970753655
375  99.62076749435666
376  100.11532033426184
377  100.50195858981533
378  100.82686902754357
379  101.43827859569649
380  101.54923547400611
381  100.94886731391585
382  96.2548330404218
383  95.18838127467569
384  95.39844184752366
385  95.70455793520044
386  95.99176728869374
387  96.48966267682263
388  96.52753303964758
389  96.56881243063263
390  97.06792873051225
391  97.535654126895
392  97.80460415496913
393  98.10240626748741
394  98.42205965109736
395  98.62182023742227
396  98.90368271954674
397  99.32281690140846
398  99.69707207207207
399  100.08850056369786
400  100.71641791044776
401  101.40147225368064
402  101.69061085972851
403  101.85536018150879
404  102.20195065978199
405  101.04206935758954
406  95.74971815107102
407  95.29483620210993
408  95.33389355742297
409  95.5940366972477
410  95.99035734543392
411  96.31873198847262
412  96.92009132420091
413  97.43125
414  97.71598639455783
415  98.06875
416  98.38757906843014
417  98.69540229885058
418  99.03218256290228
419  99.30434782608695
420  100.10989643268124
421  100.3275462962963
422  100.48132780082987
423  101.0381861575179
424  101.32856290995826
425  101.89591957421644
426  102.01542111506524
427  102.54439252336448
428  102.88359788359789
429  103.03812316715542
430  101.82435597189695
431  95.97440372309482
432  94.0327868852459
433  94.34350282485876
434  94.80238500851789
435  95.14188422247446
436  95.69471290505969
437  95.96479273140261
438  96.33030130756111
439  96.89106145251397
440  97.15160022459293
441  97.50482680295286
442  97.68887634105025
443  98.0427927927928
444  98.35913488901537
445  98.90446579988694
446  99.42398648648648
447  99.69801699716714
448  100.26250702641934
449  100.57118834080717
450  100.85989790130459
451  101.41473087818696
452  101.7271702367531
453  102.06081468732071
454  102.4733829421866
455  102.87305251009809
456  103.24512055109071
457  103.644
458  104.01497695852535
459  101.67784090909092
460  97.1211111111111
461  97.30117122141661
462  97.73009599096557
463  98.0600566572238
464  98.55031267765776
465  98.77397260273972
466  99.31792559188276
467  99.58177702320316
468  99.80679886685553
469  100.18562535370685
470  100.5952380952381
471  101.12699316628701
472  101.43207762557077
473  101.68469505178365
474  99.56827195467423
475  96.15904017857143
476  96.00733220530175
477  96.34811903425043
478  96.64128595600677
479  97.00393479482855
480  97.54077010192526
481  97.76914350538854
482  98.43421795595708
483  98.68799546998868
484  98.92556818181818
485  99.35710211066743
486  99.63641552511416
487  99.83476272155517
488  100.28505747126437
489  100.85632183908046
490  101.17098445595855
491  101.61525229357798
492  101.87405687753918
493  102.32274826789839
494  102.62507221259388
495  102.92728330424666
496  103.28137769994163
497  103.69455822118198
502  98.65329512893983
503  98.9873708381171
504  99.44703872437358
505  99.86355884025014
506  100.22993119266056
507  100.77023945267959
508  101.07200460829493
509  101.48045977011495
510  101.794134560092
511  102.24325874928284
512  102.5221902017291
513  102.97106481481481
514  103.21849710982659
515  103.5988603988604
516  102.95096921322691
517  100.25687044307347
519  100.20975609756098
520  99.2299771167048
521  99.04430734716769
522  99.24066852367687
523  99.65077605321508
524  100.03861003861005
525  100.46268656716418
526  100.78349944629014
527  100.98825503355704
528  101.42114093959731
529  101.71758737316799
530  102.01977401129943
531  102.33371040723982
532  102.71751412429379
533  103.16523727844483
534  103.48913043478261
535  103.88582903040734
536  104.26788780767029
537  104.23107569721115
538  99.80904522613065
539  98.93207126948775
540  99.16526138279932
541  99.69031531531532
542  100.1463963963964
543  100.44150731158605
544  100.73705179282868
545  101.15541690300624
546  101.6708004509583
547  101.81916099773242
548  102.24801362088536
549  102.5266439909297
550  102.8438576349024
551  103.24914089347078
552  103.65848086807539
553  103.97080709788209
554  104.1366245694604
555  104.47173043974871
556  104.83687535898909
557  105.15801614763552
558  105.54113557358053
559  106.01156737998843
560  106.70717919728659
561  101.04140669313671
562  96.44357541899441
563  96.74874090654728
564  97.02895322939867
565  97.43609865470853
566  97.69516310461192
567  98.18989450305386
568  98.42238470191226
569  99.11982082866741
570  99.38882618510158
571  99.69139297848244
572  100.22315907813379
573  100.53333333333333
574  100.75226244343892
575  101.26133786848072
576  101.50682593856655
577  101.78929384965832
578  102.42971428571428
579  102.72623790552078
580  102.91681009753299
581  103.46118980169972
582  103.64746149458071
583  104.0
584  104.41357672561324
585  104.83505154639175
586  105.06336405529953
587  105.80293619424054
588  106.40256839754326
589  106.71986607142857
590  107.05351170568562
591  102.94570135746606
592  98.79833333333333
593  99.08347245409016
594  99.63646470261256
595  99.89285714285714
596  100.24831460674157
597  100.47963800904978
598  100.94035674470457
599  101.35005636978579
600  101.6169971671388
601  101.94422535211268
602  102.43064876957494
603  102.66178953292065
604  103.17640385706183
612  100.33765501691093
613  100.83907396950875
614  101.27360090446581
615  101.5231296402056
616  101.67050691244239
617  102.04794916233391
618  102.31923522595596
619  102.56918604651162
620  102.94240837696336
621  103.29456018518519
622  103.87363584147042
623  104.06423611111111
624  104.39193083573487
625  104.75868055555556
626  105.39671760045275
627  105.63461538461539
628  106.23632261703327
629  106.39943502824859
630  106.7901023890785
631  106.92661619103086
632  107.47187141216992
633  108.02744425385936
634  108.15588914549653
635  108.85258964143426
636  107.48381502890173
637  100.78826237054085
638  98.30730050933786
639  98.60422615648201
640  99.39016018306637
641  99.59210526315789
642  99.88171428571428
643  100.43361823361823
644  100.73910550458716
645  101.0306712962963
646  101.38202898550725
647  101.92432120161756
648  102.23090277777777
649  102.84939411425273
650  102.98600583090379
651  103.27091866588648
652  103.8053613053613
653  104.05851375073142
654  104.21403301886792
655  104.70705882352942
656  104.98479532163742
657  105.14849734826163
658  105.79929370217775
659  106.02302243211335
660  106.75014459224985
661  106.91178177597214
662  107.32520325203252
663  107.80335454019664
664  108.04169079328315
665  108.48364888123925
666  109.0245995423341
667  109.21526980482204
668  109.58891454965358
669  109.8
670  110.07055393586006
671  110.48665893271462
672  110.99079930994824
673  111.30893371757925
674  111.51637426900585
675  111.81828908554573
676  111.59633569739952
677  105.58885630498534
678  100.79020172910663
679  100.8603577611079
680  101.34950895436164
681  101.68641114982579
682  102.04431486880466
683  102.43232205367562
684  102.95690157251019
685  103.31695906432748
686  103.62860506180107
687  104.04032729398013
688  104.27283441367118
689  104.7019906323185
690  104.9587750294464
691  105.23592175459396
692  105.68144208037825
693  106.09858323494687
694  106.51360946745562
695  106.767082590612
696  107.53348729792148
697  107.72209302325581
698  108.09318578916715
699  108.50348027842227
700  108.85541474654377
701  109.16839080459769
702  109.67784846732215
703  109.91942028985508
704  110.10403272939801
705  110.27839905826957
706  106.57900874635568
707  102.17021276595744
708  102.22766570605188
709  102.6068129330254
710  102.94834590829947
711  103.30791788856305
712  103.71144859813084
713  103.99587020648968
714  104.20035356511491
715  104.68698710433763
716  104.91474245115452
717  105.22084073416222
718  105.5986920332937
719  105.99408633944412
720  106.78842781998831
722  107.75173210161662
723  107.91564863292612
724  108.23484848484848
725  108.51764705882353
726  108.82893966022262
727  108.96641131408367
728  109.71529411764706
729  109.91494388659186
730  110.19976076555024
731  110.51954976303318
732  110.17041420118343
733  103.48841354723709
734  99.01728110599078
735  99.45181765724178
736  99.59418604651162
737  100.15962441314554
738  100.54821741671537
739  101.09143855562027
740  101.48838559814169
741  101.73745624270711
742  102.10922897196261
743  102.4479348458406
744  102.91114982578398
745  103.04553415061295
746  103.63160952934341
747  103.92594752186588
748  104.10193321616872
749  104.72341661824521
750  104.88324576765908
751  105.1222810111699
752  105.60105448154658
753  105.85849056603774
754  106.04532077692761
755  107.07833047455689
756  107.21579851173439
757  107.58701895462377
758  107.83014492753622
759  107.99593967517401
760  108.5306712962963
761  108.84326200115675
762  109.17555938037866
763  109.55322862129145
764  110.15344827586208
765  110.19510774606871
766  110.44935217903415
767  110.90399074609601
768  111.1140350877193
769  111.49033391915641
770  111.02836879432624
771  104.93793503480279
772  100.59852774631936
776  98.5781512605042
777  96.18736017897092
778  96.01245048104131
779  96.40261958997722
780  96.72024816694866
781  96.97105561861521
782  97.73068181818182
783  97.97085714285714
784  98.37996545768567
785  98.84349827387803
786  99.20551090700344
787  99.51841196777906
788  99.91008018327605
789  100.33065902578797
790  100.69420539300057
791  101.37420840529649
792  101.6864553314121
793  102.04789382573571
794  102.44979919678715
795  102.66168009205984
796  103.22514285714286
797  103.3579676674365
798  103.83131138070479
799  104.33391003460207
800  104.65910413030832
801  104.94121071012805
802  105.33256484149857
803  105.68176538908247
804  106.00698893418755
805  106.23284457478006
806  106.74869413813116
807  107.20754716981132
808  103.03337169159954
809  100.03102086858432
810  100.22133938706017
811  100.47475893363585
812  100.655133295519
813  101.29501698754247
814  101.5715909090909
815  101.83979475484607
816  102.32933789954338
817  102.68896512292739
818  103.24928693667998
819  103.51396011396011
820  103.84712643678161
821  104.03231390652049
822  104.53344768439108
823  104.93467048710602
824  104.10051694428489
825  101.30878186968839
826  100.55668358714044
827  100.73442808607021
828  101.13644115974986
829  101.41776504297994
830  101.75441595441595
831  102.13344887348353
832  102.42494226327945
833  102.78040345821326
834  103.1461716937355
835  103.77977919814062
836  104.11130334486737
837  104.41389207807119
838  104.94779116465864
839  105.1531375935521
840  105.71623155505108
841  105.88269120184015
842  106.09682997118156
843  106.93254637436763
844  107.69531680440771
845  107.85875706214689
846  108.25437112239143
847  108.44104308390023
848  108.80998298355077
849  108.90608992601025
850  103.99485420240137
851  100.19248035914703
852  100.51160158460668
853  101.1868945868946
854  101.41766381766382
855  101.71412365286443
856  102.12006861063465
857  102.4626354820308
858  102.78665899942496
859  103.15852958070074
860  103.41547277936962
861  103.98907418056353
862  104.38646788990826
863  104.93696275071633
864  105.17757541263518
865  105.70833333333334
866  106.14148816234498
867  106.52732394366197
868  107.05393258426966
869  107.11212293682414
870  107.82070135746606
871  107.94838343732275
872  108.36493432324386
873  108.73569794050343
874  109.18295454545455
875  109.3984962406015
876  109.48323699421965
877  105.24108170310703
878  101.16467236467236
879  100.83845278725825
880  101.14018161180476
881  101.54037267080744
882  101.75386376645679
883  102.15234822451318
884  102.4247990815155
885  102.7949162333911
886  103.28171428571429
887  103.59428571428572
888  104.10951834862385
889  104.24740484429066
890  104.72292626728111
891  104.92704111175449
892  105.58993212669682
893  105.82386363636363
894  106.13499716392514
895  106.51665725578769
896  106.9593220338983
897  107.32203389830508
898  107.553480475382
899  107.82697780307342
900  108.43316412859559
901  108.50824332006822
902  108.84261363636364
903  109.1
904  109.32287507130633
905  109.66014951121335
906  110.04781105990784
907  110.30720092915215
908  110.48419203747073
909  110.84678362573099
910  111.27630805408583
911  111.45438493231313
912  111.63663307646709
913  112.27480916030535
914  112.49204478491455
915  112.87860931054803
916  112.91872366044552
917  113.50856467808623
918  113.75463794135248
919  114.01511487303506
920  114.29620710415412
921  114.62913907284769
922  114.97104945717732
923  115.04110429447853
924  115.27739938080495
925  115.56411837237978
926  115.97941359950093
927  116.14773432650529
928  116.46231155778895
929  116.82080200501252
930  116.91372795969772
931  117.27434754933164
932  113.39744370054777
933  101.96406513194835
934  95.82787810383748
935  94.56285390713477
936  95.0672748004561
937  95.68205128205128
938  95.94577625570776
939  96.4284084426697
940  97.1054402692092
941  97.60482481332568
942  98.05561926605505
943  98.59044368600684
944  98.82177650429799
945  99.43076049943247
946  99.87113111986494
947  100.32974504249292
948  100.64786324786326
949  101.06931818181818
950  101.55726495726495
951  101.85755148741418
952  102.23424971363116
953  102.57494279176201
954  102.96924829157174
955  103.2012614678899
956  103.58485193621868
957  103.95259851513421
958  104.31846769582619
959  104.89110604332953
960  105.1101598173516
961  105.4137334102712
962  105.73174971031287
963  106.05254140491148
964  106.58946772366932
965  107.05188945290467
966  107.19840364880274
967  107.4223245109321
968  108.04052511415526
969  108.30504587155963
970  108.74426605504587
971  109.19762174405436
972  109.2512908777969
973  109.53706946876824
974  109.74767981438515
975  110.2533179457588
976  110.41083916083916
977  110.96941719561454
978  111.19696084161309
979  111.39379754242248
980  111.58585858585859
981  111.79289940828403
982  111.91103202846975
983  112.49643705463183
984  112.55938242280286
985  112.80856123662306
986  113.31670673076923
987  113.53850710900474
988  113.8889555822329
989  114.07973621103118
990  114.41597139451729
991  113.30960854092527
992  105.60511033681766
993  100.58944444444444
994  100.87019498607242
995  101.55333333333334
996  101.75292153589317
997  102.2682379349046
998  102.5990990990991
999  103.00734878462407
1000  103.27097505668934
1001  103.5874363327674
1002  103.9737142857143
1003  104.17001723147617
1004  104.79101899827288
1005  104.99769452449567
1006  105.25908828620888
1007  105.57741559953433
1008  105.92551963048498
1009  105.04563835932987
1010  97.99828080229227
1011  94.6054114994363
1012  95.20249574588769
1013  95.66249288560046
1014  96.01189127972819
1015  96.460661345496
1016  96.7998866213152
1017  97.2153055396916
1018  97.65529010238907
1019  97.87371428571429
1020  98.4718590108016
1021  98.99204997160703
1022  99.41032917139614
1023  99.65694682675814
1024  100.01314285714287
1025  100.34817813765181
1026  100.64104046242775
1027  101.07443739180611
1028  101.42123485285632
1029  101.64997121473806
1030  102.26655052264809
1031  102.58386535113175
1032  103.03070683661645
1033  103.34610917537748
1034  103.56993006993007
1035  103.90228203627854
1036  104.22909305064782
1037  104.6412213740458
1038  104.92406542056074
1039  105.46771378708551
1040  105.85988372093024
1041  106.02792321116928
1042  101.93598615916954
1043  98.20365088419851
1044  98.6867816091954
1045  98.8948275862069
1046  99.23866896156053
1047  99.59116972477065
1048  100.1810888252149
1049  100.59331797235023
1050  100.95055264688773
1051  101.36596471257826
1052  101.67029816513761
1053  101.97356321839081
1054  102.37249283667622
1055  102.57258064516128
1056  103.03268348623854
1057  103.45902578796561
1058  103.84513529073115
1059  104.19146482122261
1060  104.45397008055235
1061  104.8112128146453
1062  105.06137811233353
1063  105.7938202247191
1064  106.0623936471923
1065  106.57795100222717
1066  107.11439732142857
1067  107.40401785714286
1068  107.63707426018985
1069  108.01571268237936
1070  108.1804932735426
1071  108.35081782289905
1072  108.96629213483146
1073  109.22937853107345
1074  109.51580135440182
1075  109.94003426613364
1076  107.63979416809605
1077  101.55844155844156
1078  100.02197183098592
1079  100.33238797504254
1080  100.74674957603165
1081  101.28974069898534
1082  101.47365439093485
1083  102.01369863013699
1084  102.34037692747002
1085  102.5065601825442
1086  102.95535203205495
1087  103.32495716733295
1088  103.52957906712173
1089  103.88184438040346
1090  104.22222222222223
1091  104.59391154508903
1092  105.21457257601836
1093  105.70760563380281
1094  105.80753623188406
1095  105.97911832946636
1096  106.47494305239181
1097  107.07709750566893
1098  107.17408675799086
1099  107.71259175607003
1100  107.7827346465817
1101  108.37321121923297
1102  108.74797687861272
1103  108.85855072463768
1104  109.16036655211913
1105  104.22906976744187
1106  97.92436489607391
1107  97.32152894884766
1109  97.49084858569051
1110  96.24422442244224
1111  96.07482993197279
1112  96.41052029731276
1113  96.79485714285714
1114  97.31153184165233
1115  97.4970828471412
1116  97.84606413994169
1117  98.30587557603687
1118  98.7334878331402
1119  99.39860546194073
1120  99.90826727066818
1121  100.60778443113773
1122  100.52170283806345
1123  100.52170283806345
1124  99.73959938366718
1125  97.21470836855453
1126  95.61479591836735
1127  94.63027151935297
1128  94.30951041080473
1129  94.52737752161383
1130  94.79306358381503
1131  95.40832851359167
1132  95.8653409090909
1133  95.96793002915452
1134  96.42007001166861
1135  96.83788495061012
1136  97.06959064327486
1137  97.78139534883721
1138  98.08386721025045
1139  98.45072886297376
1140  98.8513986013986
1141  99.21316249271986
1142  99.49883313885647
1143  100.02800466744458
1144  100.36242001163467
1145  100.69365171811299
1146  101.30150462962962
1147  101.597588978186
1148  101.94567757009347
1149  102.42774566473989
1150  102.8352534562212
1151  103.0167824074074
1152  103.44006948465548
1153  103.80558789289873
1154  104.29726585223968
1155  104.94848311390956
1156  105.16561242093157
1157  105.51775486827033
1158  105.78928987194412
1159  106.00058616647128
1160  106.7852233676976
1161  107.01440092165899
1162  107.49546485260771
1163  107.97357840321655
1164  108.22183708838821
1165  108.72952710495963
1166  109.09012131715771
1167  109.38315060588575
1168  110.33651685393258
1169  110.36440202133633
1170  104.81969089868346
1171  100.78387650085763
1172  101.55126728110599
1173  101.98722415795586
1174  102.30260869565217
1175  102.63848396501459
1176  103.0587550901687
1177  103.19659624413146
1178  103.73961380924517
1179  104.03214494447691
1180  104.30534351145039
1181  104.99303944315545
1182  105.5869191049914
1183  105.9684633027523
1184  106.38179736691471
1185  106.91085714285714
1186  107.13447293447294
1187  107.546901648664
1188  107.88568129330254
1189  108.0703079604881
1190  109.0342270393611
1191  109.14846909300982
1192  109.31410256410257
1193  109.60482921083627
1194  108.18402777777777
1195  101.05346650998825
1196  96.24247685185185
1197  96.50987224157956
1198  96.9837775202781
1199  97.45107122177185
1200  97.87623474723998
1201  98.28121353558927
1202  98.74709302325581
1203  99.11033274956216
1204  99.44704505558806
1205  99.97659449970743
1206  100.24186046511628
1207  100.62116830537883
1208  101.32827988338192
1209  101.5865889212828
1210  102.13337182448038
1211  102.43528728961115
1212  102.78984238178634
1213  103.16840882694541
1214  103.44476914085331
1215  103.99711149624494
1216  104.6125
1217  105.14326160815402
1218  105.49349179400113
1219  106.04735062006765
1220  106.39305711086226
1221  106.72600446428572
1222  107.29401900503075
1223  107.4009009009009
1224  107.97261039686975
1225  108.6043405676127
1226  108.50840807174887
1227  103.13083048919226
1228  97.41657077100115
1229  97.53436426116838
1230  97.97876004592422
1231  98.35487593768033
1232  98.70828538550057
1233  99.1890634089587
1234  99.84453535943892
1235  100.26137689614936
1236  100.57428068115091
1237  101.23310023310023
1238  101.52613240418118
1239  101.9965075669383
1240  102.36651053864168
1241  102.84192037470726
1242  103.06476079346558
1243  103.65845070422534
1244  103.96352941176471
1245  104.4338192419825
1246  104.79988228369629
1247  105.142689371697
1248  105.58951707891637
1249  106.16475315729048
1250  106.4739281575898
1251  107.12278697886921
1252  107.68099547511312
1253  104.1012585812357
1254  96.85472578763128
1255  95.43194925028835
1256  95.81419503750722
1257  96.24682080924856
1258  96.63625866050808
1259  97.07002314814815
1260  97.32332563510393
1261  98.07368421052632
1262  98.44633431085043
1263  98.91695906432749
1264  99.20987654320987
1265  99.62820512820514
1266  100.07176470588234
1267  100.49737302977232
1268  101.07678780773739
1269  101.3697429906542
1270  102.0904317386231
1271  102.37184750733138
1272  102.63706335109532
1273  103.03642773207991
1274  103.37507314218841
1275  103.64061574896388
1276  103.96176470588236
1277  104.29863985807215
1278  104.68219339622641
1279  105.57612456747404
1280  105.82462253193961
1281  106.00930773705643
1282  106.08397397989356
1283  106.637162954279
1284  106.98131932282544
1285  107.21918604651162
1286  107.38479809976246
1287  107.6497005988024
1288  108.55568378534333
1289  108.09766081871345
1290  102.65672514619882
1291  100.90378006872852
1292  101.252331002331
1293  101.49235294117648
1294  101.8707765263782
1295  102.30877192982456
1296  102.87164527421237
1297  103.16998827667058
1298  103.48271821909783
1299  103.82665094339623
1300  104.1394258933802
1301  104.39846517119244
1302  104.90389150943396
1303  105.04507710557533
1304  105.85921205098494
1305  106.43585337915235
1306  106.47563805104409
1307  107.0516647531573
1308  107.2646383467279
1309  107.70051340559041
1310  107.89982728842833
1311  107.08175014392631
1312  102.02141203703704
1313  101.03076030179919
1314  101.56113033448673
1315  101.98550724637681
1316  102.26001160766106
1317  102.5953488372093
1318  103.02845528455285
1319  103.2561260210035
1320  103.75128644939966
1321  103.8913043478261
1322  104.12463083284112
1323  105.10849598163031
1324  105.34599884858952
1325  105.5840554592721
1326  105.67569158328428
1327  105.86781268524007
1328  106.70201729106628
1329  106.9602534562212
1330  107.5408163265306
1331  107.8310502283105
1332  108.22740193291642
1333  108.2420382165605
1334  108.2593471810089
1335  108.48064324002382
1336  109.12133645955451
1337  109.48525943396226
1338  106.9934872705743
1339  100.08633944411591
1340  97.38216560509554
1341  98.0064139941691
1342  98.41836141778036
1343  98.80706836616454
1344  99.20725995316158
1345  99.56224667052692
1346  100.04775771694815
1347  100.41865889212828
1348  100.86114352392065
1349  101.23745624270711
1350  101.7936694021102
1351  102.12433706540955
1352  102.52858809801634
1353  102.82872277810478
1354  103.21893147502904
1355  103.55626822157434
1356  103.88856304985337
1357  104.30948225712623
1358  104.65923753665689
1359  105.18720657276995
1360  105.60257159555815
1361  105.89675516224189
1362  106.4192992533027
1363  106.90872328134026
1364  107.196089706728
1365  107.62789351851852
1366  107.86755349913244
1367  108.35414235705952
1368  108.9613196814562
1369  109.2012614678899
1370  109.5034762456547
1371  109.81621936989498
1372  110.2681660899654
1374  110.56268221574345
1375  105.41337907375643
1376  99.60884749708964
1377  100.07231040564375
1378  100.34490876986462
1379  100.87573270808909
1380  101.25895478567234
1381  101.594862813777
1382  102.18384074941451
1383  102.47744581136496
1384  102.79448032883147
1385  103.49678925861062
1386  103.66331360946745
1387  104.00646678424457
1388  104.42296426479203
1389  104.81220379146919
1390  105.57949308755761
1391  105.92577675489068
1392  106.24652777777777
1393  106.44114219114219
1394  107.1909143185739
1395  107.48469093009821
1396  107.92400690846287
1397  108.1727898966705
1398  108.63437139561708
1399  108.82762623331399
1400  109.10237131289763
1401  108.35058139534884
1402  101.74956011730205
1403  97.65977011494253
1404  98.04447045055588
1405  98.37251461988305
1406  98.85747527632344
1407  99.1779213153259
1408  99.5014679976512
1409  100.00117785630152
1410  100.29712272460364
1411  100.67688679245283
1412  101.32943925233644
1413  101.61655011655012
1414  102.06511627906977
1415  102.48903002309468
1416  102.88064889918888
1417  103.04742388758783
1418  103.42480983031012
1419  101.43833236826868
1420  94.58674351585015
1421  90.91444759206799
1422  91.33050367855121
1423  91.70504821327283
1424  92.16713562183455
1425  92.53684807256236
1426  92.88555240793201
1427  93.27066817667044
1428  93.7134735645253
1429  93.93031161473088
1430  94.62257696693273
1431  94.90249433106575
1432  95.31802525832377
1433  95.7412906910337
1434  96.02468427095292
1435  96.37197231833909
1436  96.78083763625932
1437  97.15588914549653
1438  97.61409589832468
1439  98.10905943450663
1440  98.3050259965338
1441  98.77502876869966
1442  99.07014492753623
1443  99.46149392009264
1444  99.86376811594204
1445  100.18970503181029
1446  100.44412275622466
1447  101.11727325245522
1448  101.3961716937355
1449  101.69695227142036
1450  102.09202096680256
1451  102.44861431870669
1452  102.87064965197216
1453  103.13723219455704
1454  103.40289017341041
1455  103.73723897911833
1456  104.13728912158231
1457  104.51826086956521
1458  104.87448920023351
1459  105.29575828006972
1460  105.65501165501166
1461  106.25056818181818
1462  106.51589103291714
1463  106.95415472779369
1464  107.2422324510932
1465  107.75389948006932
1466  108.09059633027523
1467  108.58086560364464
1468  108.83974727168294
1469  109.06811677160847
1470  109.48066935949221
1471  109.68546511627906
1472  110.07200929152148
1473  110.56286043829297
1474  110.96136101499422
1475  111.32391930835735
1476  111.42815758980302
1477  111.89745075318656
1478  112.30308318789994
1479  112.57027183342973
1480  112.77615429573349
1481  113.05709240729841
1482  113.25265017667844
1483  113.82011834319528
1484  113.90524433849822
1485  114.42158018867924
1486  114.69868735083531
1487  114.96662693682956
1488  115.18757467144565
1489  115.6736276849642
1490  116.17322372284204
1491  116.24208009563658
1492  116.78947368421052
1493  114.70035252643947
1494  107.87196841511562
1495  105.7167310877968
1496  106.34181415929203
1497  106.59113573407203
1498  106.91025641025641
1499  107.29254727474972
1500  107.52266368214885
