1  77.22099447513813
2  77.57894736842105
3  77.30810810810812
4  77.14903846153847
5  76.81188118811882
7  76.80952380952381
8  76.80660377358491
9  75.94420600858369
16  76.06405693950178
18  75.8881118881119
19  75.87456445993031
21  75.70666666666666
22  75.25625
24  75.29490616621985
25  75.11263736263736
27  75.66480446927375
28  75.93726937269372
29  76.09604519774011
30  76.10117647058823
31  76.60808080808081
32  76.64716981132075
33  76.83393501805054
35  76.65694682675814
37  76.61214165261383
38  76.56040268456375
39  76.52941176470588
41  76.45500848896435
42  76.33047945205479
43  76.19420783645656
44  76.17808219178082
45  76.1448275862069
46  76.10344827586206
47  76.07944732297064
48  75.9541595925297
50  75.87707641196013
52  75.64511041009463
53  76.28382838283828
54  77.52099236641222
55  79.54663774403471
56  81.15681818181818
57  81.5051975051975
58  81.6608527131783
59  81.88930581613508
60  81.88342440801458
61  81.88020833333333
62  81.76329331046313
64  81.6947194719472
65  81.63576158940397
67  81.6
68  81.6
69  81.49025974025975
70  81.48543689320388
71  81.47172859450727
72  81.47172859450727
73  81.37720706260032
75  81.336
76  81.336
79  81.336
80  81.3338683788122
81  81.15645161290323
82  81.00981996726678
83  80.98852459016393
86  80.98974358974358
90  80.76329331046313
91  80.49263502454991
92  80.51948051948052
93  80.66396103896103
94  80.70569105691057
95  80.6661316211878
96  80.6661316211878
97  80.61066235864297
98  80.61066235864297
99  80.5814332247557
100  80.5742251223491
101  80.49013157894737
102  80.35254237288136
103  80.24528301886792
104  80.0728241563055
105  80.02545454545455
107  80.27422303473492
109  80.41467889908257
111  80.41818181818182
112  80.40471869328493
113  80.40471869328493
115  80.36021505376344
116  80.27648114901257
117  80.17934782608695
118  80.14801444043322
119  80.07181328545781
120  80.04301075268818
121  79.85326086956522
122  79.84095063985374
123  79.73684210526316
124  79.64791288566244
125  79.58876811594203
126  79.56057866184449
127  79.4336917562724
128  79.41144901610018
129  79.8909426987061
130  81.1966911764706
131  81.22586520947176
132  81.23007246376811
133  81.21518987341773
134  81.04107142857143
135  81.04107142857143
136  81.03180212014134
138  80.90812720848056
139  80.5831873905429
140  80.47795414462081
141  80.39824561403509
143  80.37122557726465
144  81.9171270718232
145  82.26438848920863
146  82.31842576028623
147  82.32562277580071
148  82.325
149  82.325
150  82.22816399286988
151  82.22361359570662
152  82.17025089605735
153  82.09747292418773
155  82.02540834845735
157  81.98550724637681
158  81.98550724637681
159  81.95660036166365
160  81.82238010657194
161  81.7575221238938
162  82.81261595547309
163  83.20964749536178
169  83.07118055555556
170  82.99827288428325
171  82.91252144082333
172  82.65076660988075
173  82.65076660988075
174  82.60647359454855
175  82.3972366148532
176  82.25261324041811
177  82.10507880910683
178  82.0141592920354
179  81.98181818181818
180  81.74851485148515
181  81.1731843575419
182  79.91208791208791
183  79.91208791208791
184  79.91208791208791
185  79.91208791208791
186  79.91208791208791
187  79.91208791208791
188  79.91208791208791
189  79.91208791208791
190  79.91208791208791
191  79.91208791208791
192  79.91208791208791
193  79.91208791208791
194  79.91208791208791
195  79.91208791208791
196  79.91208791208791
197  78.81603773584905
199  79.11075949367088
200  78.99723756906077
202  79.31761786600497
203  79.28125
204  79.08215962441315
206  79.00923787528869
208  78.78666666666666
210  78.77582417582417
211  79.03448275862068
212  79.03448275862068
213  80.37012987012987
215  80.56025369978859
216  80.45299145299145
217  80.38308457711443
218  79.83006535947712
219  79.83006535947712
220  79.83006535947712
221  79.83006535947712
222  79.83006535947712
223  79.83006535947712
224  79.83006535947712
225  79.83006535947712
226  79.83006535947712
227  79.83006535947712
228  79.83006535947712
229  79.83006535947712
230  79.83006535947712
231  81.34355828220859
232  82.14566929133858
235  81.88861985472155
237  81.63736263736264
240  81.64344262295081
241  81.32485322896282
242  81.29615384615384
243  81.1868978805395
244  81.14942528735632
245  80.96718146718146
246  80.89807692307693
247  80.62476547842401
248  80.5749063670412
249  80.32527881040892
250  80.29643527204503
251  80.1939736346516
252  80.09227871939737
253  79.88888888888889
254  79.79343629343629
255  79.42105263157895
256  79.30654205607476
257  79.18761726078799
258  79.1026119402985
259  79.02973977695167
260  79.00739371534196
262  79.01296296296296
263  79.00747663551402
264  78.9683426443203
265  78.84460694698355
266  78.6983842010772
267  78.68336314847943
268  80.28171641791045
269  82.67209775967413
270  85.2108695652174
271  87.03930131004367
272  87.0693641618497
273  87.62782608695652
274  87.63875205254516
275  87.83619344773791
277  87.76681614349776
278  87.74446085672082
279  87.70103092783505
280  87.50439882697947
281  87.4787701317716
282  87.4043795620438
283  87.38517441860465
284  87.28901734104046
285  86.9090909090909
286  86.73533619456366
288  86.81702127659574
289  86.6502808988764
290  86.44289693593315
292  86.32596685082873
293  86.11650485436893
294  86.08333333333333
295  86.04005524861878
296  85.97510373443983
297  85.86269070735091
298  85.65789473684211
299  85.61538461538461
300  85.5925925925926
301  85.440329218107
302  85.28729281767956
303  85.06777316735823
304  85.05509641873279
305  85.03571428571429
307  84.88630136986302
308  84.68606224627875
309  84.68606224627875
310  84.46730245231608
311  84.37414965986395
312  84.36698499317872
313  83.99034482758621
315  83.85909712722298
316  82.82782369146005
317  82.76699029126213
318  82.75310344827587
319  82.52472527472527
320  82.52472527472527
321  82.3878954607978
322  82.11966987620357
323  81.88098495212039
324  81.74862637362638
325  81.62916666666666
326  81.27209944751381
327  81.25997248968363
328  80.86713286713287
329  80.73595505617978
330  80.14872521246458
331  80.10169491525424
332  79.7886524822695
333  79.6958393113343
334  79.16834532374101
335  79.15866084425036
336  78.9956204379562
337  78.85486211901306
338  77.22332859174965
339  76.63203463203463
340  76.53587115666178
341  76.53587115666178
342  76.51541850220265
343  76.46989720998532
344  76.43851851851852
346  76.18814814814814
347  76.00147492625369
348  75.8044776119403
349  75.72631578947369
351  75.69817073170732
352  75.47846153846154
353  75.45300462249615
354  75.39258114374034
355  75.35403726708074
356  75.18053375196233
357  75.08620689655173
358  74.85780525502318
359  75.76875
360  76.97133757961784
361  77.01740506329114
362  77.06708268330733
370  78.3563579277865
371  80.77049180327869
372  83.19277108433735
375  83.30555555555556
376  83.34634146341463
383  84.6
384  86.92184724689166
385  89.04981549815498
386  89.09927797833934
388  89.08551483420594
389  89.1448275862069
390  89.10034013605443
391  89.03030303030303
393  88.74471544715448
394  88.61378205128206
395  88.6
396  88.46190476190476
397  88.42610062893081
398  88.52614896988906
399  90.13093289689034
400  90.33333333333333
401  90.2467105263158
402  90.2467105263158
403  90.2467105263158
404  90.14262560777958
405  89.86473429951691
406  89.83118971061093
407  89.72452229299363
408  89.68910256410257
409  89.45682888540031
410  89.38871473354232
411  89.3640625
413  89.67294520547945
414  89.65582191780823
415  89.60876897133221
416  89.60876897133221
417  89.60876897133221
418  89.50915141430949
419  89.22857142857143
420  89.17922948073702
421  89.11336717428088
422  89.11336717428088
423  88.98141891891892
424  88.89864864864865
425  88.63590604026845
426  88.58793969849246
427  88.58793969849246
428  88.21273031825795
429  88.18561872909699
430  88.16139767054908
431  88.07859531772576
432  87.9040404040404
433  87.88344594594595
434  87.58053691275168
435  87.52086811352254
436  87.13175675675676
437  86.9864406779661
438  85.2828618968386
439  83.42130365659777
440  83.35238095238095
441  83.30830670926518
442  83.05681818181819
443  82.97560975609755
444  82.7443729903537
445  82.73194221508828
446  82.54093097913322
447  82.50801282051282
448  82.24227642276423
449  82.15559157212317
450  82.14077669902913
451  81.76366559485531
452  81.69131832797427
453  81.61526232114467
454  81.55134281200633
455  81.37301587301587
456  81.36133122028527
457  81.23259493670886
458  81.0304
459  80.74803149606299
460  80.68818897637796
461  80.52996845425868
462  80.50393700787401
463  80.38291139240506
464  80.03508771929825
465  80.00158227848101
466  79.88871224165342
467  79.78357030015798
468  79.69255150554675
469  79.50393700787401
470  79.50393700787401
471  79.3849765258216
472  78.93267651888341
473  78.93267651888341
474  78.7001620745543
475  78.63295269168026
476  78.51869918699187
477  78.51869918699187
478  78.43719412724306
479  78.3284789644013
480  78.29383116883118
481  78.1029411764706
482  78.01475409836065
483  77.73743922204214
484  77.67967479674796
485  77.5622950819672
486  77.5279605263158
487  77.48026315789474
488  77.37479270315092
489  77.09411764705882
490  77.06879194630872
491  77.01178451178451
492  76.98991596638655
493  76.81605351170569
495  77.17211703958692
496  77.08547008547009
497  77.08532423208192
500  77.0665529010239
501  76.90893470790378
502  76.56282271944923
503  76.53012048192771
504  76.53012048192771
505  76.24525043177893
506  76.22758620689655
507  76.1473136915078
508  76.03270223752152
509  76.03270223752152
510  76.03270223752152
511  76.5280701754386
512  77.28900709219859
513  77.17345132743363
514  77.05043478260869
515  77.05043478260869
517  76.91304347826087
518  76.89965397923875
519  76.85
520  76.56282271944923
521  76.31972789115646
522  76.3157894736842
523  76.23809523809524
524  76.21052631578948
525  76.17376490630323
526  76.12563667232598
527  76.04230118443317
528  75.9966611018364
530  75.98319327731092
531  75.95644891122278
537  76.59359190556492
539  76.58404074702887
540  76.56734006734007
541  76.52341137123746
542  76.37099494097808
543  76.29623287671232
544  76.24699828473413
545  76.16836734693878
547  76.1409168081494
548  76.00513698630137
549  75.92190152801358
550  75.8703071672355
551  75.70797962648557
552  75.60744500846023
553  75.55817875210792
554  75.54865771812081
556  76.59863945578232
557  76.58263772954925
558  76.545
559  76.545
560  76.39562289562289
561  76.3
562  76.28476821192054
563  76.25785123966942
564  76.16940789473684
565  75.99170812603649
566  75.73563218390805
567  75.7063621533442
568  75.65853658536585
569  75.65422077922078
570  76.22350993377484
571  76.95904436860069
572  77.01858108108108
573  76.97972972972973
574  76.86522462562397
575  76.74177631578948
576  76.70163934426229
577  76.66612111292963
578  76.66339869281046
579  76.36497545008183
580  76.23014586709887
581  76.23014586709887
582  76.18064516129033
583  76.107544141252
584  76.05152979066023
590  76.82736156351791
591  76.7389885807504
592  76.53646677471637
593  76.53646677471637
594  76.35409836065574
595  76.35409836065574
596  76.2288961038961
597  76.1396103896104
598  76.02431118314425
599  75.81948881789137
600  75.77229299363057
601  75.637519872814
602  75.4952229299363
603  75.39020537124803
610  76.13387096774194
611  76.04313099041534
612  76.04313099041534
613  75.78322784810126
614  75.7244094488189
615  75.70597484276729
617  75.52380952380952
618  75.2218649517685
619  75.1550888529887
620  75.1437802907916
621  75.1437802907916
622  75.1437802907916
623  74.71904761904761
624  74.63968253968254
625  74.62123613312203
626  74.53259141494435
627  74.4176
628  74.31179321486267
629  74.14355628058728
630  74.14355628058728
631  74.0698051948052
633  73.7952
634  73.7952
635  73.67619047619047
636  73.5814696485623
637  73.4481658692185
638  73.36900958466454
639  73.30414012738854
640  73.10950080515298
641  72.8362760834671
642  72.10210696920583
643  72.10210696920583
644  72.00810372771475
645  72.00810372771475
646  71.97068403908794
647  71.93181818181819
648  71.76575121163167
649  71.58870967741936
650  71.32516339869281
651  71.29885057471265
652  71.11986863711002
653  71.09666666666666
654  71.09666666666666
655  71.07081174438687
656  71.00515463917526
657  70.83159722222223
658  70.72790294627383
663  72.25252525252525
664  72.20367278797997
666  72.18624161073825
668  72.19392917369309
669  72.08629441624366
670  72.01515151515152
671  71.78929765886288
672  71.71932773109243
673  71.68465430016863
674  72.2808798646362
675  75.17565217391305
676  79.40325497287523
677  81.812734082397
678  82.25045372050816
679  82.29602888086643
680  82.29411764705883
681  82.09473684210526
684  82.07758620689656
685  81.8043844856661
686  81.8043844856661
687  81.6383701188455
688  81.51520270270271
689  81.50927487352445
690  81.42737896494157
691  81.19256756756756
692  81.1371237458194
693  81.06655574043262
694  80.73300165837479
695  80.67103109656301
696  80.5615763546798
697  80.5
698  80.14192495921696
699  80.07491856677524
700  80.05357142857143
701  79.94363929146537
702  80.892797319933
703  83.30335097001763
704  83.28896672504378
705  83.26388888888889
706  83.1118760757315
708  83.18057921635435
709  83.0848896434635
710  82.78305084745763
711  82.62203389830509
712  82.49915682967959
714  82.49246231155779
715  82.415
716  82.17229729729729
717  82.15410385259632
718  81.9090909090909
719  81.83388157894737
720  81.76655629139073
721  81.44867549668874
722  81.37232289950576
723  81.33772652388798
724  81.3069306930693
725  81.02192242833053
726  80.8786231884058
727  80.12429378531074
728  80.12429378531074
729  80.12429378531074
730  80.12429378531074
731  80.12429378531074
732  80.12429378531074
733  80.12429378531074
734  80.12429378531074
735  80.12429378531074
736  80.12429378531074
737  80.12429378531074
738  79.20833333333333
739  78.63424124513618
747  78.6710775047259
749  78.47935368043088
750  79.57220216606498
751  80.90943396226415
752  82.0433962264151
753  82.14181818181818
755  82.07130124777184
756  81.80656303972366
757  81.69296740994854
758  81.63760683760684
759  81.6295025728988
760  81.60787671232876
761  81.48305084745763
762  81.44067796610169
763  81.19322033898305
764  81.00854700854701
765  80.84940778341793
766  80.65299145299146
767  82.47602739726027
768  82.84722222222223
769  82.69759450171821
770  82.64212328767124
771  82.63760683760684
772  82.5365025466893
773  82.5365025466893
774  82.48561759729273
775  82.30952380952381
776  82.15423728813559
777  82.0952380952381
778  81.66271186440677
779  81.62074829931973
780  81.52033898305085
781  81.49746192893402
782  81.47297297297297
783  82.1342512908778
784  83.67361111111111
785  83.80836236933798
786  83.83275862068966
787  83.83648881239243
788  83.66780238500851
789  83.59044368600682
790  83.5665529010239
791  83.18556701030928
792  83.04835924006909
793  83.04835924006909
794  82.90608695652173
795  82.85615251299826
796  82.65180102915951
797  82.61709401709402
798  82.49659863945578
799  82.41737649063032
800  82.15025906735751
801  82.07452339688042
802  81.94290657439447
803  81.84575389948007
804  81.69137931034483
805  81.60137457044674
806  81.58662092624357
807  81.41278065630397
808  81.11111111111111
809  80.76553106212425
810  80.13531353135313
811  80.13531353135313
812  80.13531353135313
813  80.13531353135313
814  80.13531353135313
815  80.13531353135313
816  80.13531353135313
817  80.13531353135313
818  80.13531353135313
819  80.13531353135313
820  80.13531353135313
821  80.13531353135313
822  80.13531353135313
824  80.84864864864865
825  80.66530612244898
826  80.62587412587412
827  80.35109717868339
828  80.2601880877743
829  79.79470198675497
830  79.37768240343348
831  79.37768240343348
832  79.37768240343348
833  79.37768240343348
834  79.37768240343348
835  79.37768240343348
836  79.37768240343348
837  79.37768240343348
838  79.37768240343348
839  79.37768240343348
840  79.37768240343348
841  79.37768240343348
842  79.37768240343348
843  79.37768240343348
844  82.0
845  82.34728033472804
847  82.23142857142857
848  82.53470437017995
849  82.53731343283582
850  82.3810623556582
851  82.33258426966292
852  82.16557734204792
853  82.13135593220339
854  81.99195171026157
855  81.89221556886227
856  81.68039215686275
857  81.55938697318008
858  81.45454545454545
859  81.21851851851852
860  81.26286764705883
861  81.29795158286778
862  83.02330097087379
863  83.49612403100775
864  83.52862595419847
865  83.48
866  83.23220973782772
867  83.23062730627306
868  83.21178637200737
869  83.0954128440367
870  82.98021582733813
872  82.96892138939671
873  84.22141560798548
874  85.51717557251908
875  85.91094619666048
876  85.91773308957953
877  85.84021543985638
878  85.78994614003591
879  85.57142857142857
880  85.33451957295374
881  85.33451957295374
882  85.09574468085107
883  85.01243339253996
884  84.98233215547704
885  84.84014209591474
886  84.70318021201413
888  84.59469026548672
889  85.67476635514019
890  86.85343228200371
891  86.86531365313652
892  86.92124542124542
893  86.9328493647913
894  86.60583941605839
895  86.44165170556553
896  86.28801431127013
897  86.23561151079137
898  86.14490161001788
899  86.0088809946714
900  85.96028880866426
901  85.88848920863309
902  85.73139745916515
903  85.4
904  85.26039783001808
905  85.12522686025409
906  84.92252252252253
907  84.8876811594203
909  84.7202166064982
910  84.6514598540146
911  84.24770642201835
912  84.05871559633027
914  84.02048417132217
915  84.02037037037037
916  83.99270072992701
917  83.88333333333334
918  83.71028037383178
919  83.62359550561797
920  83.55028462998102
921  83.46679316888046
922  83.3735632183908
923  83.1151631477927
924  82.78571428571429
925  82.70769230769231
926  82.62426614481409
927  82.50968992248062
928  82.44854368932039
929  82.392578125
930  81.91456310679612
931  81.74081237911025
932  81.73552123552123
933  81.67961165048544
934  81.50873786407767
935  81.35077519379846
936  81.321083172147
937  81.17307692307692
938  80.75097276264592
940  80.7514450867052
941  80.61417322834646
942  80.4106090373281
943  80.11683168316831
944  80.09163346613546
945  80.35860655737704
946  81.0448717948718
947  81.14830508474576
948  81.01455301455302
949  80.99173553719008
950  80.96701030927835
951  80.78004073319755
953  80.67280163599182
955  80.48185483870968
956  80.23517382413088
957  80.06981519507187
958  80.04742268041237
959  79.97302904564316
961  80.14736842105263
962  80.14736842105263
963  80.14435146443515
964  79.85102040816327
965  79.81873727087576
966  79.79183673469387
967  79.69153225806451
968  79.39837398373983
969  79.17004048582996
970  79.09572301425662
971  79.02862985685071
972  78.81854838709677
973  78.76814516129032
974  78.72525252525253
975  78.70161290322581
976  78.64112903225806
977  78.24137931034483
978  78.16032064128257
979  78.11871227364185
980  78.00811359026369
981  77.4758064516129
982  77.4758064516129
983  77.39
984  77.2879684418146
985  76.87128712871286
986  76.85685884691848
987  76.70238095238095
988  76.66666666666667
989  76.60433070866142
990  76.57843137254902
991  76.54150197628458
992  76.0996015936255
993  75.79330708661418
995  75.79330708661418
996  75.66469428007889
997  75.58284600389864
998  75.31360946745562
999  75.001953125
1000  74.97270955165692
1001  74.85106382978724
1002  74.84351145038168
1003  74.74095238095238
1004  74.71863117870723
1005  74.56166982922201
1006  74.4007561436673
1007  74.39772727272727
1008  74.2518656716418
1009  73.90925925925926
1010  73.89219330855019
1012  72.91992551210429
1013  72.87265917602996
1014  72.71985157699443
1016  72.6
1017  72.57971014492753
1018  72.39177101967799
1019  72.39177101967799
1020  72.27629233511587
1021  72.1829484902309
1022  72.0375
1023  71.83451957295374
1024  71.65770609318996
1025  71.65770609318996
1026  71.58185053380782
1027  71.58185053380782
1034  72.58781362007169
1035  72.51891891891891
1036  72.46
1037  72.39433962264151
1038  72.0300925925926
1039  71.24056603773585
1040  71.24056603773585
1041  71.24056603773585
1042  71.24056603773585
1043  71.24056603773585
1044  71.24056603773585
1045  71.24056603773585
1046  71.24056603773585
1047  71.24056603773585
1048  71.24056603773585
1049  71.24056603773585
1050  71.24056603773585
1051  71.24056603773585
1053  81.78835978835978
1054  81.48972602739725
1056  81.3768472906404
1057  81.23059360730593
1059  81.31893004115226
1060  81.28484848484848
1061  81.24254473161034
1062  81.22485207100591
1063  81.00388349514563
1064  80.89904761904762
1065  80.72641509433963
1067  80.51107011070111
1068  80.34328358208955
1069  80.31902985074628
1070  80.07608695652173
1072  80.07360861759426
1073  79.95315315315315
1074  79.65573770491804
1075  79.55415162454874
1076  79.53873873873874
1077  79.15492957746478
1078  79.04761904761905
1079  80.17527675276753
1080  81.09141791044776
1081  81.06864564007421
1082  80.97257769652651
1084  80.90161001788908
1085  80.85204991087345
1086  80.76301615798923
1087  80.22924187725631
1088  80.22924187725631
1089  80.07913669064749
1090  80.06093189964157
1091  80.03770197486536
1092  79.97491039426524
1093  79.9103690685413
1094  80.98161764705883
1095  81.50996015936255
1096  82.55555555555556
1097  83.83108108108108
1098  84.01694915254237
1099  84.18163265306123
1101  84.32162661737523
1102  84.84274193548387
1103  85.06666666666666
1104  85.0954356846473
1105  85.23983739837398
1106  84.9724409448819
1107  84.8152380952381
1108  84.8152380952381
1109  84.73384030418251
1110  84.70888468809073
1111  84.33783783783784
1113  84.06130268199233
1114  84.04826254826254
1115  83.837890625
1117  83.796875
1118  83.74124513618678
1119  83.66276803118909
1120  83.426614481409
1121  83.37281553398059
1122  83.00395256916995
1123  82.97435897435898
1124  82.67572815533981
1125  82.61252446183953
1126  82.560546875
1127  82.44618395303327
1128  82.1301775147929
1129  82.09145129224652
1130  82.82026768642447
1131  83.08974358974359
1132  83.15985130111524
1134  83.29026217228464
1135  82.93584905660377
1136  82.90095238095238
1137  82.8912213740458
1138  82.66412213740458
1139  82.64750957854406
1140  82.57662835249042
1141  82.45576923076923
1142  82.39499036608863
1143  81.91489361702128
1144  81.80353634577604
1145  81.66536964980544
1147  81.39878542510121
1148  81.3366935483871
1149  81.10082304526749
1150  82.13967611336032
1151  82.9412955465587
1152  83.08686868686868
1153  83.16024340770791
1154  83.17034068136273
1155  83.17034068136273
1156  83.04426559356136
1157  83.00996015936255
1158  82.72763419483101
1159  82.624
1160  82.3567134268537
1161  82.33400402414487
1162  82.0929292929293
1163  81.97967479674797
1164  81.95334685598377
1165  81.72929292929292
1166  81.61770623742454
1167  81.57630522088354
1168  81.52631578947368
1169  81.06085192697769
1170  81.0
1171  80.86895161290323
1172  80.6350806451613
1173  80.53212851405623
1174  80.4950495049505
1175  80.114
1176  80.05168986083498
1177  79.8167641325536
1178  79.81496062992126
1179  79.60826771653544
1180  79.51277013752456
1181  79.25396825396825
1182  79.05118110236221
1183  78.84600389863547
1184  78.77087378640776
1185  78.74806201550388
1189  79.556640625
1191  79.53682170542636
1192  79.43570057581574
1193  79.32
1194  79.14772727272727
1195  78.86923076923077
1196  78.71785028790786
1197  78.71264367816092
1198  78.69024856596559
1199  78.49425287356321
1200  78.3102119460501
1201  78.04474708171206
1202  77.85518590998043
1203  77.70793036750483
1204  77.70370370370371
1205  77.69066147859922
1206  77.56751467710372
1207  77.15247524752475
1208  77.07753479125249
1209  76.75546719681908
1210  76.68063872255489
1211  76.63762376237624
1212  76.55268389662028
1213  76.33333333333333
1215  77.07484407484408
1216  77.07322175732217
1217  77.01867219917013
1218  76.92402464065708
1219  76.80824742268041
1220  76.60243407707911
1221  76.36082474226804
1222  76.30184804928132
1223  76.19507186858316
1224  76.05112474437628
1225  75.97708333333334
1226  75.71698113207547
1227  75.38736842105263
1228  75.55602536997885
1229  76.99566160520607
1230  77.02178649237473
1231  77.02391304347826
1232  77.09649122807018
1233  77.11563169164883
1234  77.11563169164883
1235  76.70806100217865
1236  76.46895074946467
1237  76.43347639484979
1238  76.3792372881356
1239  76.35434782608695
1240  76.07327586206897
1241  75.79741379310344
1243  75.81400437636762
1244  75.34056399132321
1245  75.31497797356828
1246  75.18984547461369
1247  75.04395604395604
1248  75.04565217391304
1249  76.60648148148148
1250  77.04215456674473
1251  77.01401869158879
1252  76.96279069767442
1253  76.86206896551724
1254  76.84792626728111
1255  76.78220140515222
1256  76.73317865429235
1257  76.69020501138952
1258  76.64530892448512
1259  76.36384439359267
1260  76.14685314685315
1261  76.03424657534246
1262  75.96976744186047
1263  77.22524752475248
1264  77.31203931203932
1265  77.44976076555024
1267  77.61084905660377
1270  77.56603773584905
1271  77.56603773584905
1277  78.29876543209876
1278  78.63065326633166
1280  78.66508313539192
1281  78.68899521531101
1282  78.1073985680191
1283  78.00478468899522
1284  77.89952153110048
1285  77.81279620853081
1286  77.71158392434988
1287  77.69882352941177
1288  77.56603773584905
1289  77.05263157894737
1290  76.96208530805687
1291  76.78486997635933
1292  76.93704600484261
1293  77.8586118251928
1294  78.26424870466322
1295  78.31362467866325
1296  78.28205128205128
1297  77.9425
1298  77.5989847715736
1299  77.57393483709274
1300  77.4675
1301  77.36363636363636
1302  77.32390745501286
1303  77.13010204081633
1305  76.65394402035624
1306  76.57692307692308
1307  76.44416243654823
1308  76.41666666666667
1309  76.40458015267176
1310  76.0886075949367
1311  75.86304909560724
1317  76.64030612244898
1318  76.64030612244898
1319  76.50757575757575
1320  76.46268656716418
1322  76.39800995024876
1323  76.33
1324  76.32920792079207
1325  76.2975
1326  76.28571428571429
1328  76.53316326530613
1329  76.53316326530613
1331  76.47989949748744
1332  76.41813602015114
1333  76.37531486146096
1334  76.37531486146096
1335  76.35572139303483
1336  76.29528535980148
1337  76.21588089330025
1338  76.13022113022113
1339  76.1029411764706
1340  75.68192771084337
1341  75.69544364508393
1342  77.38860103626943
1343  77.43669250645995
1345  77.44845360824742
1346  77.33333333333333
1347  77.30272952853598
1348  77.26550868486352
1349  77.2587064676617
1350  77.17206982543641
1351  76.6302729528536
1352  76.4812030075188
1353  76.4925
1354  76.90673575129534
1355  77.28101265822785
1356  77.30050505050505
1357  77.17283950617283
1358  77.17283950617283
1359  77.15802469135802
1360  76.91747572815534
1361  76.6256157635468
1362  76.51732673267327
1363  76.39506172839506
1364  76.35960591133005
1365  76.35960591133005
1366  76.23716381418093
1367  76.17936117936118
1368  76.14004914004914
1369  75.67487684729063
1370  75.6593137254902
1371  75.56174334140435
1372  76.36069651741293
1373  77.50127877237851
1374  77.50127877237851
1375  77.62531645569621
1376  77.4675
1377  77.30143540669856
1378  77.30143540669856
1379  77.29550827423168
1380  77.03480278422273
1381  76.94212962962963
1382  76.86744186046512
1383  76.84562211981567
1384  76.82870370370371
1385  76.82870370370371
1386  76.35962877030163
1387  76.32710280373831
1388  76.32710280373831
1389  76.11238532110092
1390  75.97228637413394
1391  75.91284403669725
1392  75.8110599078341
1393  75.80831408775981
1394  75.78654292343387
1397  76.56908665105387
1398  76.55971896955504
1399  76.51162790697674
1400  76.46543778801843
1402  76.03809523809524
1403  76.03809523809524
1404  75.84272300469483
1405  75.7764705882353
1406  75.75348837209302
1407  75.7039627039627
1408  75.54712643678161
1409  75.54712643678161
1410  75.29508196721312
1411  75.16190476190476
1412  75.01428571428572
1413  74.78454332552693
1414  74.75934579439253
1415  74.74882629107981
1416  74.6903073286052
1417  74.62206572769954
1418  74.30048076923077
1424  75.11510791366906
1425  74.89150943396227
1426  74.87294117647059
1428  74.70138888888889
1429  74.6189376443418
1430  74.5848623853211
1431  74.15420560747664
1432  74.15313225058004
1433  73.80410022779043
1434  73.79726651480638
1435  73.76363636363637
1436  73.69772727272728
1437  73.28639618138425
1438  73.0976253298153
1439  73.15865384615384
1440  73.15865384615384
1441  73.15865384615384
1442  73.15865384615384
1443  73.15865384615384
1444  73.15865384615384
1445  73.15865384615384
1446  73.15865384615384
1447  73.15865384615384
1448  73.15865384615384
1449  73.15865384615384
1450  76.91208791208791
1451  75.9940119760479
1452  75.58695652173913
1453  75.39840637450199
1455  75.32228915662651
1457  75.46310432569975
1458  75.35858585858585
1460  75.39119804400978
1461  74.70120481927711
1462  74.621103117506
1463  74.55896226415095
1464  74.55896226415095
1465  74.45093457943925
1466  74.1867881548975
1467  74.05681818181819
1468  74.05681818181819
1469  73.88195991091314
1470  73.64823008849558
1471  73.64823008849558
1472  73.57142857142857
1473  73.2751677852349
1474  73.12527472527472
1475  72.84946236559139
1476  72.86422413793103
1477  74.59865470852019
1478  75.5382932166302
1479  75.49671772428884
1480  75.22995780590718
1481  75.19532908704883
1482  75.12210526315789
1483  75.03164556962025
1484  74.97894736842105
1485  74.51666666666667
1486  74.44142259414225
1487  74.44142259414225
1488  74.27916666666667
1489  74.22315789473684
1491  74.00613496932516
1492  73.67782426778243
1493  73.60751565762004
1494  73.40534979423869
1495  73.38702928870293
1496  73.34583333333333
1497  73.04477611940298
1498  72.79668049792531
1499  72.7536534446764
1500  72.62947368421052
