1  97.91452991452991
2  98.02890173410404
4  98.03125
5  98.03125
6  98.66076696165192
7  98.74626865671641
10  98.66363636363636
12  99.00657894736841
13  99.00657894736841
14  99.00657894736841
15  99.00657894736841
16  99.00657894736841
17  99.00657894736841
18  99.00657894736841
19  99.00657894736841
20  99.00657894736841
21  99.00657894736841
22  99.00657894736841
23  99.00657894736841
24  99.00657894736841
25  99.00657894736841
26  99.00657894736841
27  99.00657894736841
28  99.00657894736841
29  99.00657894736841
30  99.00657894736841
36  99.37078651685394
37  99.37078651685394
38  99.81012658227849
40  99.8134110787172
41  99.8134110787172
42  100.01392757660167
43  100.08563535911603
44  100.35752688172043
48  100.89162561576354
49  100.94403892944038
51  101.05116279069767
52  101.36542669584244
53  101.3913043478261
61  101.38551859099805
62  101.47953216374269
63  101.498046875
64  101.61493123772102
65  101.61493123772102
66  101.72904483430798
67  101.75482625482626
68  101.75482625482626
69  101.98841698841699
70  102.06990291262136
71  102.36310679611651
72  102.40388349514564
73  102.50877192982456
74  102.50877192982456
75  102.66135458167331
76  102.69322709163347
77  102.76984126984127
78  102.88
79  103.07551020408164
80  103.53118712273641
82  103.39658848614073
84  103.7176220806794
85  104.0
86  103.85144124168514
87  103.73883928571428
88  101.5576923076923
89  99.72803347280335
91  99.79330708661416
92  99.75638506876228
93  99.75638506876228
94  99.63883495145632
95  99.63883495145632
96  99.51669941060904
98  99.50984251968504
99  99.47920792079208
100  99.54653465346534
101  99.712
103  99.82599580712788
104  99.91608391608392
105  99.91608391608392
106  99.91608391608392
107  99.91608391608392
108  99.91608391608392
109  99.91608391608392
110  99.91608391608392
111  99.91608391608392
112  99.91608391608392
113  99.91608391608392
114  99.91608391608392
115  99.91608391608392
116  99.91608391608392
117  99.91608391608392
118  99.91608391608392
119  104.0
122  101.89030612244898
123  102.09859154929578
124  102.59784946236559
125  102.7780082987552
126  103.0880503144654
127  103.2195652173913
128  103.21978021978022
129  103.48131868131868
131  103.5349344978166
133  103.83783783783784
134  103.90534979423867
135  104.23874755381604
137  104.40642722117202
140  104.02469135802468
141  104.0721649484536
142  104.2379367720466
143  104.30228758169935
144  104.6724960254372
145  104.75236593059937
146  105.16260162601625
147  105.20840064620356
149  105.23327895595432
150  105.53191489361703
151  105.57446808510639
152  105.64085667215815
153  105.66831683168317
154  105.79061976549414
155  105.89833333333334
156  105.92512479201332
157  105.93311036789298
159  106.0299003322259
160  106.04983388704319
162  106.09579831932774
163  106.1224832214765
164  106.25589225589226
167  106.2896551724138
168  106.50524475524475
169  106.54448398576513
170  105.03087478559178
171  104.30494037478705
172  104.55067567567568
173  104.75429553264604
175  104.7211703958692
176  104.91252144082333
177  105.0
179  105.09154929577466
180  105.14260249554367
182  105.20216606498195
183  105.44712430426716
184  105.57037037037037
186  105.72433460076046
189  105.78289473684211
191  105.3265306122449
192  105.3265306122449
193  105.3265306122449
194  105.3265306122449
195  105.3265306122449
196  105.3265306122449
197  105.3265306122449
198  105.3265306122449
199  105.3265306122449
200  105.3265306122449
201  105.3265306122449
202  105.3265306122449
203  105.3265306122449
204  105.3265306122449
205  105.3265306122449
206  105.3265306122449
207  105.3265306122449
208  105.3265306122449
209  105.3265306122449
210  105.3265306122449
211  105.3265306122449
212  105.3265306122449
213  105.3265306122449
214  105.3265306122449
215  105.3265306122449
216  105.3265306122449
217  105.3265306122449
218  105.3265306122449
219  105.3265306122449
220  105.3265306122449
221  105.3265306122449
222  105.3265306122449
223  105.3265306122449
224  105.3265306122449
225  105.3265306122449
226  105.3265306122449
227  105.3265306122449
228  105.3265306122449
231  101.63157894736841
232  101.6417445482866
233  101.6417445482866
234  101.6417445482866
235  101.6417445482866
236  101.6417445482866
237  101.6417445482866
238  101.6417445482866
239  101.6417445482866
240  101.6417445482866
241  101.6417445482866
242  101.6417445482866
243  101.6417445482866
244  101.6417445482866
245  101.6417445482866
246  101.6417445482866
247  101.6417445482866
248  101.6417445482866
249  101.6417445482866
250  101.6417445482866
251  101.6417445482866
252  104.58549222797927
253  104.59107806691449
254  104.59107806691449
255  104.61855670103093
256  104.97647058823529
257  105.33966244725738
259  105.52430555555556
260  105.648
268  104.67436208991495
269  104.84830805134189
270  104.92815758980302
271  104.82062780269058
272  104.61469933184856
273  104.4857456140351
274  102.34038054968288
275  98.0491299897646
276  93.8295566502463
277  90.78524743230625
278  90.84517304189436
279  90.98109810981099
280  91.09866666666667
281  91.20855148342059
282  91.41217391304347
283  91.44242424242424
284  91.78902229845626
285  91.80462724935732
286  89.84701815038893
287  87.77932232841007
288  88.02995594713656
289  88.42793196060877
290  88.56549232158989
291  88.85688405797102
292  89.0846994535519
293  89.4328493647913
294  89.56029011786038
295  89.82214156079854
296  89.93153153153153
297  90.2316742081448
298  90.3456678700361
299  90.62982929020664
300  90.85188509874327
301  90.9094982078853
302  91.14885844748858
303  91.32968036529681
304  91.4454628780935
305  91.57436856875584
306  91.68558139534883
307  91.82768361581921
308  92.15148609779482
309  92.25986525505293
310  92.41947926711669
311  92.60153994225216
312  92.73051010587103
313  93.24134615384615
314  93.37022900763358
315  92.12244897959184
316  91.04747774480713
317  91.19667318982387
318  91.23278370514063
319  91.38201160541585
320  91.42553191489361
321  91.61315280464217
322  91.78557692307692
323  92.12573099415205
324  92.2258064516129
325  92.38035019455253
326  92.38424124513618
327  92.5880626223092
328  92.98423645320197
329  93.17472852912142
330  93.40634291377602
331  93.42027559055119
332  93.53624627606753
333  93.7314629258517
334  94.1361829025845
335  94.25694444444444
336  94.38415245737211
337  94.486
338  94.53312945973497
339  94.96625766871166
340  95.0994923857868
341  95.23194303153612
342  95.41632653061224
343  95.45979381443298
344  95.78504672897196
345  96.06971904266389
346  96.15094339622641
347  96.20062370062371
348  96.51643690349947
349  96.67518636847711
350  96.72561629153269
351  96.99251336898396
352  97.02391304347826
353  97.08762322015335
354  97.2701793721973
355  97.29666666666667
357  97.03389830508475
358  97.20638540478905
359  97.54038680318544
360  97.71004566210046
361  97.91369390103567
362  98.01744186046511
363  98.08830275229357
364  98.47552447552448
365  98.57907253269917
366  98.85476190476192
367  99.02731591448932
368  99.10551558752998
369  99.25595238095238
370  99.68382352941177
371  99.77111383108935
372  99.87822878228782
373  100.01113861386139
374  100.1725
375  100.67002518891687
376  100.75502512562815
377  100.98348157560355
378  101.1015037593985
379  101.22653316645807
380  101.39948783610755
381  101.54394904458599
382  101.76883780332057
383  101.82776349614396
384  102.22036082474227
385  102.38181818181818
386  102.47012987012987
388  102.74448767833982
390  102.97218543046358
391  103.30596026490066
392  103.54485488126649
393  103.7328947368421
395  103.85695538057743
396  104.07343124165554
402  102.91688654353561
403  103.00786369593709
404  103.35931307793923
405  103.47643979057591
406  103.55190538764784
407  103.77014531043594
408  103.78324468085106
409  103.88203753351206
410  104.23346828609986
411  104.32930107526882
412  104.43994601889338
413  104.47035040431267
414  104.61975642760487
415  104.81392235609104
416  104.9702300405954
417  105.20765027322405
418  105.22908093278463
419  105.2375
420  105.23756906077348
421  105.5735900962861
422  105.65650969529085
423  106.20495185694635
424  106.20551724137931
425  106.24137931034483
426  106.36588720770288
427  106.44951590594744
428  106.8326359832636
429  106.84195804195804
430  107.09623430962344
431  106.9172510518934
432  105.49789621318374
434  105.51381215469613
435  105.71567267683773
436  105.97622377622378
437  106.05307262569832
438  106.1137309292649
439  106.23669467787116
440  106.27832167832167
441  106.3758765778401
442  106.4002808988764
443  106.76734104046243
444  106.88338192419826
446  107.00439238653001
447  107.05735294117648
449  107.0506512301013
450  107.35064935064935
451  107.40177252584934
453  107.47747747747748
454  107.5812220566319
456  107.58893871449925
457  107.70030120481928
458  107.91127819548872
459  108.10741301059002
460  108.16413373860183
461  108.40390390390391
462  108.53484848484848
463  108.68817204301075
465  108.9074074074074
466  108.93188854489165
467  108.93788819875776
468  109.21102362204724
469  109.26782884310617
470  109.32227488151659
471  109.34865293185419
472  109.565560821485
474  109.72929936305732
475  109.95799676898223
476  110.14331723027375
477  110.14331723027375
478  110.2520325203252
479  110.34690553745929
480  110.48939641109298
481  110.64909390444811
482  110.73666666666666
483  110.17520661157025
484  109.07941653160454
485  109.08885298869143
486  109.15458937198068
487  109.3495145631068
488  109.3495145631068
489  109.39967637540454
490  109.40194489465154
491  109.5343137254902
492  109.96677740863788
493  109.9801652892562
494  110.06965174129354
495  110.0865224625624
496  110.21487603305785
497  110.23675496688742
498  110.25289256198347
499  110.47906197654942
500  110.69543147208122
501  110.77966101694915
502  110.77966101694915
503  110.85160202360876
504  110.92087542087542
505  111.23728813559322
506  111.3015332197615
507  111.3617747440273
508  111.83797909407666
509  112.03979238754326
512  112.00173310225304
513  112.16955017301038
514  112.33041958041957
515  112.48226950354609
516  112.49203539823009
517  112.70608695652174
518  112.87852112676056
519  112.96779964221824
520  112.96779964221824
521  112.98204667863556
528  112.0421052631579
529  112.31922398589066
530  112.47864768683274
531  112.51075268817203
532  112.53141831238779
533  112.7377938517179
534  112.86605504587156
535  112.99453551912569
536  113.05484460694699
537  113.07962962962964
538  113.25665399239543
539  113.17021276595744
540  110.6139705882353
541  106.22871452420702
542  103.82664526484751
543  104.24590163934425
544  104.49273021001616
545  104.49273021001616
546  104.54119547657513
548  104.67149758454107
549  104.79742765273312
550  104.92096774193548
551  105.13562091503269
552  105.33169934640523
553  105.37520391517128
554  105.46688741721854
555  105.64774624373956
556  106.0
557  106.13448275862069
559  106.16550522648083
560  106.1941391941392
561  106.11529933481154
562  105.37362637362637
563  102.19341563786008
564  100.45540796963947
565  100.55495495495495
566  100.6416083916084
567  100.71649484536083
568  100.72431506849315
569  100.84760273972603
570  101.24319727891157
571  101.25510204081633
572  101.51932773109243
573  101.68027210884354
574  101.86757215619694
576  101.9073756432247
577  102.37328767123287
578  102.43418803418803
579  102.625
580  102.79830508474576
581  102.94727891156462
582  103.20543293718166
583  103.4914675767918
584  103.55536626916525
585  103.77094017094018
586  103.77319587628867
587  103.99652173913043
588  104.19633027522936
589  103.912
590  103.912
591  103.912
592  103.912
593  97.51578947368421
594  97.51578947368421
595  97.51578947368421
596  97.51578947368421
597  89.32975871313673
599  89.93617021276596
600  89.97235023041475
601  90.07692307692308
602  90.52967032967032
603  90.95338983050847
604  91.1207627118644
612  91.18312757201646
613  91.29313929313929
614  91.6195652173913
615  91.63736263736264
616  91.77111111111111
617  92.12641083521444
618  92.13394919168591
619  90.8963133640553
620  89.83411214953271
621  89.83411214953271
622  89.83411214953271
623  89.83411214953271
624  89.83411214953271
625  89.83411214953271
626  89.83411214953271
627  89.83411214953271
629  91.58064516129032
631  92.03248259860788
632  92.12616822429906
633  92.31235431235432
634  92.31235431235432
635  92.31235431235432
636  92.31235431235432
637  92.31235431235432
638  93.40425531914893
639  93.50714285714285
640  93.50714285714285
641  93.50714285714285
642  93.50714285714285
643  93.50714285714285
644  93.50714285714285
645  93.50714285714285
646  93.50714285714285
647  93.50714285714285
648  93.50714285714285
649  93.50714285714285
650  93.50714285714285
651  93.50714285714285
652  93.50714285714285
653  93.50714285714285
654  93.50714285714285
655  93.50714285714285
656  93.50714285714285
657  93.50714285714285
658  93.50714285714285
659  93.50714285714285
660  93.50714285714285
661  93.50714285714285
662  93.50714285714285
663  93.50714285714285
664  93.50714285714285
665  93.50714285714285
666  93.50714285714285
667  93.50714285714285
668  93.50714285714285
669  93.50714285714285
670  93.50714285714285
671  93.50714285714285
672  93.50714285714285
673  93.50714285714285
674  93.50714285714285
675  93.50714285714285
676  93.50714285714285
677  93.50714285714285
678  93.50714285714285
679  93.50714285714285
680  93.50714285714285
681  93.50714285714285
682  93.50714285714285
683  93.50714285714285
684  93.50714285714285
685  93.50714285714285
686  93.50714285714285
687  93.50714285714285
688  93.50714285714285
689  93.50714285714285
690  93.50714285714285
691  93.50714285714285
692  93.50714285714285
693  93.50714285714285
694  93.50714285714285
695  93.50714285714285
696  102.61519607843138
697  102.68038740920096
698  102.68038740920096
699  102.68038740920096
700  102.68038740920096
701  102.68038740920096
702  102.68038740920096
703  102.68038740920096
704  102.68038740920096
705  102.68038740920096
706  102.68038740920096
707  102.68038740920096
708  102.68038740920096
709  102.68038740920096
710  102.68038740920096
711  102.68038740920096
712  102.68038740920096
713  102.68038740920096
714  102.68038740920096
715  102.68038740920096
716  102.68038740920096
717  102.68038740920096
718  102.68038740920096
719  102.68038740920096
720  102.68038740920096
721  102.68038740920096
723  92.59408602150538
724  93.35714285714286
725  93.69217081850533
726  94.84419713831478
727  95.39701492537313
730  95.44074567243675
731  95.76640419947506
732  96.21683673469389
733  96.54452926208651
734  97.00253485424588
735  97.22779922779924
736  97.3780332056194
738  97.49871134020619
739  97.5437908496732
741  97.71616294349539
742  97.91040843214756
743  98.28833551769333
744  98.32503276539974
745  98.3509234828496
746  98.3641160949868
747  98.85978835978835
748  99.02248677248677
749  99.19710906701708
750  99.29290322580644
751  99.34447300771208
752  99.46623376623376
753  99.35771276595744
754  99.13117283950618
755  99.13117283950618
756  99.13117283950618
757  99.13117283950618
758  99.13117283950618
759  99.13117283950618
760  99.13117283950618
761  99.13117283950618
762  99.13117283950618
763  99.13117283950618
764  99.13117283950618
765  99.13117283950618
770  104.3140350877193
771  99.42372881355932
772  95.40353697749197
773  91.48722316865417
774  90.72093023255815
775  91.03208556149733
776  91.36991150442478
777  91.67372134038801
778  92.28330522765599
779  92.562197092084
780  93.05900621118012
781  93.53512705530643
782  93.84457478005865
783  94.34210526315789
784  94.7038567493113
785  94.94190871369294
786  95.17762237762238
787  93.8898678414097
788  91.86453576864535
789  91.47703703703704
790  91.94900849858357
791  92.44157608695652
792  92.99863760217984
793  93.41261498028909
794  93.51837270341207
795  94.02390438247012
796  94.34941329856584
797  94.55013192612137
798  95.19528178243775
799  95.40234375
800  95.69240669240669
801  96.29808917197452
802  96.5774278215223
803  96.71205673758865
804  97.13746223564954
805  97.3609375
806  98.07429420505201
807  98.73235294117647
808  99.28323699421966
809  99.45100864553314
810  100.22416302765649
811  100.37337192474675
812  101.01472754050073
813  101.08931185944363
814  101.34654919236417
815  101.96731054977712
816  102.06537890044576
817  102.14094955489614
818  102.77878787878788
819  102.89529590288316
820  102.93181818181819
821  103.50462962962962
822  103.6501547987616
823  103.80337941628264
824  103.83204930662558
825  104.55760368663594
826  104.57910906298002
827  105.1065830721003
828  105.32063492063492
829  105.57075471698113
830  105.82888540031396
831  106.13853503184714
832  106.2704
833  106.5
834  106.67623604465709
835  107.01777059773829
836  107.13268608414239
837  107.6172638436482
838  108.03839732888147
839  108.11500000000001
840  108.27166666666668
842  108.97796610169492
843  109.03716216216216
844  109.12671232876713
848  108.29137931034484
849  108.6
850  108.6549295774648
851  108.70973451327433
852  108.86371681415929
853  109.3128390596745
854  109.65280289330923
855  109.67941712204006
856  109.82720588235294
857  110.09074074074074
858  110.23251417769376
859  110.27619047619048
860  110.4622823984526
861  110.8234126984127
862  111.1851106639839
864  111.33183856502242
865  109.0391304347826
866  104.60455486542443
867  100.3198458574181
868  95.90781563126252
869  95.70179372197309
871  95.7423887587822
873  96.61961722488039
874  96.78743961352657
875  97.09045226130652
876  97.47058823529412
877  97.5995085995086
878  97.70197044334975
879  98.11989795918367
880  98.25454545454545
881  98.51570680628272
882  98.77506775067751
883  99.16577540106951
884  99.19073569482289
885  99.48618784530387
886  99.79142857142857
889  100.3913043478261
890  100.49526813880126
891  100.60759493670886
892  100.60759493670886
893  100.60759493670886
894  100.60759493670886
895  100.60759493670886
896  100.60759493670886
897  100.60759493670886
898  100.60759493670886
899  100.60759493670886
900  102.76449275362319
904  104.05791505791507
905  104.16205533596838
908  102.38039215686274
909  102.38039215686274
910  103.25296442687747
911  103.30677290836653
912  103.3132530120482
913  103.3132530120482
914  103.3132530120482
915  103.3132530120482
916  104.34482758620689
917  104.73333333333333
918  104.78099173553719
919  104.78099173553719
920  104.78099173553719
921  104.78099173553719
922  104.78099173553719
923  104.78099173553719
925  103.77672955974842
926  103.953125
927  104.2452229299363
928  104.2452229299363
929  104.2452229299363
930  104.2452229299363
931  104.2452229299363
932  104.2452229299363
933  104.2452229299363
934  104.2452229299363
935  104.2452229299363
936  104.2452229299363
939  104.20634920634922
940  104.20717131474103
941  104.20717131474103
942  104.20717131474103
943  104.20717131474103
944  104.20717131474103
945  104.20717131474103
946  106.16363636363636
947  106.16438356164383
950  106.08878504672897
951  106.41791044776119
955  107.2962962962963
956  107.2962962962963
957  107.2962962962963
958  107.2962962962963
959  107.2962962962963
960  109.03278688524591
968  110.5632183908046
969  110.5632183908046
970  111.03205128205128
971  111.52727272727273
973  111.5340909090909
974  111.00540540540541
975  111.00540540540541
976  110.40721649484536
977  110.03174603174602
978  110.44554455445544
979  110.44554455445544
980  110.97652582159625
981  110.97652582159625
982  110.97652582159625
983  110.97652582159625
984  111.55555555555556
985  111.55555555555556
986  111.55555555555556
987  111.66834170854271
988  111.66834170854271
989  111.66834170854271
990  112.63546798029557
991  112.63546798029557
992  112.63546798029557
993  112.63546798029557
994  112.63546798029557
995  112.63546798029557
996  112.63546798029557
997  112.63546798029557
998  112.63546798029557
999  112.63546798029557
1000  112.63546798029557
1001  112.63546798029557
1002  97.61398176291793
1003  95.05833333333334
1007  94.39690721649484
1008  90.13311688311688
1009  86.45800316957211
1010  83.17241379310344
1011  82.94167852062589
1012  83.22222222222223
1013  83.2958500669344
1014  84.04509283819628
1015  84.1743119266055
1016  84.34469200524246
1017  84.70052083333333
1018  85.13570487483531
1019  85.25260416666667
1020  85.48821989528795
1021  85.64220183486239
1022  86.13748378728924
1023  86.37648612945839
1024  86.58388375165126
1025  87.08959156785244
1026  87.3103448275862
1027  87.48598130841121
1028  87.98404255319149
1029  88.13430851063829
1030  88.41875825627477
1031  88.66533333333334
1032  89.0686406460296
1033  89.24932975871313
1034  89.54666666666667
1035  89.96782841823057
1036  90.13806970509384
1037  90.46567967698519
1038  90.57123655913979
1039  91.1455525606469
1040  91.45917001338688
1041  91.63404825737265
1042  92.18302387267904
1043  92.3242542153048
1044  92.57106918238993
1045  92.89159561510353
1046  93.04789719626169
1047  93.22435174746336
1048  93.43497267759562
1049  93.93790149892934
1050  94.03695881731785
1051  94.25678496868476
1052  94.58324382384532
1053  94.96939890710382
1054  95.1951219512195
1055  95.55945639864099
1056  96.00114810562572
1057  96.14564220183486
1058  97.27494199535963
1059  97.36928487690504
1060  97.83075089392133
1061  98.3061224489796
1062  98.57837181044957
1063  98.92156862745098
1064  99.06740196078431
1065  99.6015037593985
1066  99.75918884664131
1067  100.1793893129771
1068  100.58151476251604
1069  100.75416133162612
1070  101.02086049543676
1071  101.4559585492228
1072  101.64713541666666
1073  101.96547144754317
1074  102.01604278074866
1075  102.48871181938911
1076  102.91939890710383
1077  103.09426229508196
1078  103.2242090784044
1079  103.69359331476323
1080  103.8787023977433
1081  104.00709219858156
1082  104.32369942196532
1083  104.56534508076359
1084  104.73372781065089
1085  105.22072072072072
1086  105.59304084720121
1087  105.6793893129771
1088  105.71493902439025
1089  106.0765625
1090  106.343653250774
1091  106.65571205007825
1092  106.7890625
1093  107.22815533980582
1094  107.31150159744409
1095  107.5598086124402
1096  107.99174917491749
1097  108.10855263157895
1098  108.24212271973465
1099  108.36560934891486
1100  108.99333333333334
1101  109.24668874172185
1102  109.445
1103  109.68686868686868
1104  110.08305647840533
1106  110.08443708609272
1107  110.3019801980198
1108  110.44243421052632
1109  110.636815920398
1110  111.01833333333333
1111  111.27980132450331
1112  111.6420168067227
1113  111.76936026936028
1114  111.83724832214764
1115  112.21812080536913
1116  112.71016949152542
1117  112.81375838926175
1118  112.84033613445378
1119  112.9831081081081
1120  113.7286432160804
1121  113.90133779264214
1122  113.93421052631578
1129  113.19414483821264
1130  113.38569206842924
1131  113.69983948635634
1132  113.78972712680579
1133  113.896331738437
1134  114.10243902439024
1135  114.20065789473685
1136  114.74749163879599
1138  114.92114093959731
1139  115.24914675767917
1140  115.52951388888889
1141  115.62303664921467
1142  115.84521739130435
1143  115.95096322241682
1144  116.33097345132742
1145  116.4108108108108
1146  116.51531531531532
1147  113.45439469320067
1148  108.84720121028744
1149  105.76744186046511
1150  105.83188405797102
1151  106.05722460658083
1152  106.4376811594203
1153  106.46569343065693
1154  106.5
1155  106.83694083694084
1156  107.32116788321167
1157  107.32357247437776
1158  107.56065088757396
1159  107.72647058823529
1160  108.10151515151514
1161  108.2481089258699
1162  106.36632200886262
1163  101.79668049792531
1164  96.99612903225807
1165  93.33538083538083
1166  93.49570552147239
1167  93.79141104294479
1168  93.86829268292684
1169  94.24815724815724
1170  94.4278728606357
1171  94.5442092154421
1172  94.8089330024814
1173  95.36645962732919
1174  95.49125
1175  95.81852315394242
1176  95.99498117942284
1177  96.3007614213198
1178  96.41139240506328
1179  96.5147247119078
1180  96.8380829015544
1181  97.13541666666666
1182  97.48181818181818
1183  97.6151832460733
1184  97.72266666666667
1185  98.23230974632844
1186  98.35127860026918
1187  98.55209742895805
1188  98.80357142857143
1189  99.05226960110042
1190  99.31432545201669
1191  99.53651685393258
1192  99.94460227272728
1193  100.05028735632183
1194  100.58428571428571
1195  100.83673469387756
1196  101.01157742402316
1197  101.19331395348837
1198  101.31004366812226
1199  101.7125748502994
1200  102.03776435045317
1201  102.20820668693008
1202  102.50925925925927
1203  102.98167938931297
1204  103.07596899224806
1205  103.23052464228934
1206  103.61093247588425
1207  103.88617886178861
1208  103.92220421393841
1209  104.38666666666666
1210  104.52684563758389
1211  104.86301369863014
1212  104.98456260720411
1213  105.44148936170212
1215  105.65585585585586
1216  106.20109689213893
1217  106.22527472527472
1218  106.59266055045872
1219  106.93005671077505
1220  107.3201506591337
1221  106.97254901960784
1222  105.67061143984222
1223  105.67061143984222
1224  105.63654223968567
1225  105.82121807465619
1226  105.88690476190476
1227  106.16297786720321
1229  106.2119341563786
1230  106.31446540880503
1231  106.67903930131004
1232  106.89823008849558
1233  106.67272727272727
1234  106.67272727272727
1235  106.67272727272727
1236  106.67272727272727
1237  106.67272727272727
1238  106.67272727272727
1239  106.67272727272727
1240  106.67272727272727
1241  106.67272727272727
1242  106.67272727272727
1243  106.67272727272727
1244  106.67272727272727
1245  106.67272727272727
1246  106.67272727272727
1247  106.67272727272727
1248  106.67272727272727
1249  106.67272727272727
1250  106.67272727272727
1251  106.67272727272727
1252  106.67272727272727
1253  106.67272727272727
1254  106.67272727272727
1255  106.67272727272727
1256  106.67272727272727
1257  106.67272727272727
1258  106.67272727272727
1259  106.67272727272727
1260  106.67272727272727
1261  106.67272727272727
1262  106.67272727272727
1263  106.67272727272727
1264  106.67272727272727
1265  106.67272727272727
1266  106.67272727272727
1267  106.67272727272727
1268  106.67272727272727
1269  106.67272727272727
1270  106.67272727272727
1277  105.11377245508982
1278  100.38691322901849
1279  96.37687074829932
1280  95.54817708333333
1285  94.35421412300683
1286  90.717674970344
1287  87.622009569378
1288  86.34080717488789
1289  87.05538140020899
1290  87.48815653964985
1291  87.93380855397149
1292  88.32343909928352
1293  88.47076923076924
1294  89.0606372045221
1295  89.22830578512396
1296  89.51390319258496
1297  90.06943005181347
1298  90.36116910229646
1299  90.62148070907195
1300  91.04113924050633
1301  91.28800856531049
1302  91.69967707212056
1303  91.98144104803494
1304  92.20538720538721
1305  92.51497695852535
1306  92.94002306805075
1307  94.62736373748609
1308  95.4125
1309  96.35307781649246
1310  96.73207990599295
1311  97.16784037558685
1312  97.66627358490567
1313  98.02272727272728
1314  98.42891566265061
1315  98.78658536585365
1316  99.33048780487805
1317  99.74815724815724
1318  99.9320987654321
1319  100.37995049504951
1320  100.79119496855347
1321  101.04636591478697
1322  101.43663739021329
1323  101.76864728192162
1324  102.24129353233832
1325  102.71839799749688
1326  102.8125786163522
1327  103.15297092288242
1328  103.5525641025641
1329  103.64
1330  104.10362694300518
1331  104.36801040312093
1332  105.23342175066313
1333  105.77718120805369
1334  106.10583446404343
1335  106.33743169398906
1336  106.52368064952638
1337  106.99453551912569
1338  107.27459016393442
1339  107.51432469304228
1340  107.92468619246861
1341  108.17278911564625
1342  108.61171662125341
1343  108.92181069958848
1344  109.06394557823128
1345  110.06151645207439
1346  110.63770250368188
1347  110.76923076923077
1348  111.0850439882698
1349  111.5408618127786
1350  111.7295690936107
1351  112.38230884557721
1352  112.62556390977443
1353  112.76807228915663
1354  112.95639097744362
1355  113.38368580060423
1356  113.62783661119516
1357  113.70928462709284
1358  114.13036809815951
1359  114.34094368340944
1360  114.7530303030303
1361  115.07776049766719
1362  115.32724505327245
1363  115.47465437788019
1364  115.80669710806697
1365  116.02914110429448
1366  116.37461773700306
1367  116.48461538461538
1368  116.87441860465117
1369  117.15325077399382
1370  117.42367601246106
1371  117.69206349206348
1372  117.85423197492163
1373  118.04437400950872
1374  118.25949367088607
1375  118.54781199351702
1376  118.57443365695792
1377  118.83550488599349
1378  119.2892561983471
1379  119.31456953642385
1380  119.64900662251657
1381  119.80928689883913
1382  120.29491525423728
1384  120.30323679727428
1385  120.57191201353638
1386  120.96891191709844
1387  121.09326424870466
1388  121.36752136752136
1395  120.24161073825503
1396  120.2672268907563
1397  120.6594684385382
1398  120.9932318104907
1399  121.10374149659864
1400  121.48287671232876
1402  121.86404293381037
1403  121.89964157706093
1404  122.1025641025641
1405  122.14889705882354
1406  122.39439252336449
1407  122.48490566037736
1408  122.50654205607476
1409  120.32124352331607
1410  119.23927392739273
1411  119.47666666666666
1412  119.47666666666666
1413  119.57191201353638
1414  119.6984667802385
1415  119.76672384219555
1416  119.98239436619718
1417  120.0701754385965
1418  120.10460992907801
1419  120.64768683274022
1420  120.93624772313296
1422  121.14126394052045
1424  121.64783427495291
1425  121.72519083969465
1426  121.72519083969465
1427  121.8042226487524
1428  122.0381679389313
1429  122.57410881801125
1430  122.59885931558935
1431  120.77675276752768
1432  117.1484794275492
1433  112.49659863945578
1434  108.2588424437299
1435  103.72072072072072
1436  101.4525447042641
1437  101.65691489361703
1438  101.88381201044386
1439  102.36082474226805
1440  102.52806122448979
1441  102.77734877734878
1442  103.09196891191709
1443  103.31406044678056
1444  103.66106080206985
1445  100.44887780548629
1446  95.38434579439253
1447  90.20309050772627
1448  85.78486486486487
1449  84.06066945606695
1450  84.22280887011615
1451  84.68756641870351
1452  85.00630914826499
1453  85.23554153522608
1454  85.77388535031847
1455  85.94117647058823
1456  86.35244161358811
1457  86.61464968152866
1458  87.10895361380798
1459  87.43379978471475
1460  87.84268426842684
1461  88.11283185840708
1462  88.45182724252491
1463  88.71815107102593
1464  89.05955056179775
1465  89.4771689497717
1466  89.86558516801854
1467  90.11744186046512
1468  90.61520467836257
1469  90.86283704572098
1470  91.10107015457788
1471  91.72129186602871
1472  91.8958837772397
1473  92.15523465703971
1474  92.64390243902439
1475  93.13530135301353
1476  93.33167701863354
1477  93.80100125156446
1478  94.21166032953106
1479  96.68469656992085
1480  98.54407713498622
1481  99.04795486600847
1482  99.40974212034385
1483  99.87887323943661
1484  100.328125
1485  100.87290502793296
1486  101.3
1487  101.47229916897507
1488  101.85714285714286
1489  102.23055555555555
1490  102.56077348066299
1491  102.95384615384614
1492  103.31063829787234
1493  103.8565340909091
1494  104.1283880171184
1495  104.23076923076923
1496  104.67349926793557
1497  104.85443959243085
1498  105.23289665211063
1499  105.64626865671642
1500  105.7976011994003
