1  80.52702702702703
2  80.68227424749163
3  80.7589485458613
4  80.92656950672645
5  81.12324929971989
6  81.2417459429211
7  81.39113355780023
8  81.59253065774804
9  81.61817168338908
10  81.83567021873247
11  82.00895856662935
12  82.12717086834733
13  82.26595744680851
14  80.71626106194691
15  79.31970884658455
16  79.31546275395034
18  79.02105896510228
19  78.64971023824855
20  78.31818181818181
21  77.71084337349397
22  76.9009900990099
23  76.84865196078431
25  76.83905325443787
26  77.07633587786259
27  77.08275058275058
28  77.3199079401611
29  77.3828932261768
30  77.51487414187643
31  77.5541547277937
32  77.74110218140069
33  77.80309101316543
34  78.01770416904625
35  78.16114285714286
36  78.23806818181818
37  78.44545973729298
38  78.46978335233752
39  78.68675383740762
40  78.83466362599772
41  78.96393817973669
42  78.98402738163149
43  79.18832283915283
44  79.40616086708499
45  79.46992054483542
46  79.64261363636363
47  79.69077448747153
48  80.00058207217695
49  79.85912101143889
50  79.66645489199492
52  79.44452662721893
53  78.4007874015748
54  76.37602927721866
55  76.3558648111332
57  76.25922887612798
58  75.49329569513056
59  75.08628461043142
60  75.075
61  75.15500603136309
62  75.42390670553935
64  75.45802816901409
65  75.63421496904895
66  75.65280898876405
67  75.85061315496098
68  75.96696528555431
69  76.08286674132138
70  76.2707399103139
71  76.50615212527964
72  76.55145413870247
73  76.7021873247336
74  76.82826576576576
75  77.10633484162896
76  77.30080831408776
78  77.34832904884318
79  76.96870925684485
80  76.29593810444874
81  74.66445383222691
82  73.10911201392919
83  71.84734133790738
84  71.82210998877666
92  71.7329295154185
93  71.8297520661157
94  71.96688741721854
95  72.23098125689084
96  72.3322277501382
97  72.4646408839779
98  72.59734513274336
99  72.87374301675978
100  72.95208913649024
101  73.13898117386489
102  73.47895902547066
103  73.50276548672566
104  73.5952248750694
105  73.79833333333333
106  74.03839732888147
107  74.24394273127753
108  74.55714285714286
109  74.56013179571664
110  74.91280353200882
111  75.00442233278054
112  75.0646408839779
113  75.31195175438596
114  75.4319300164024
115  75.57814207650273
116  75.82520547945205
120  74.96663019693655
121  75.09568069983598
122  75.20251091703057
123  75.50027100271002
124  75.52680021656741
125  75.80879956545355
126  75.9384531590414
127  76.007096069869
128  76.07595628415301
129  76.1433242506812
130  76.43075245365321
131  76.56519367157665
132  76.70790190735694
133  76.9255610290093
134  77.35457516339869
135  77.51003798155182
136  77.68283378746594
137  77.77352297592998
138  78.06297918948522
139  78.16420361247947
140  76.78763440860214
141  73.66993464052288
142  73.25859247135843
143  73.63825136612022
144  73.85284463894968
145  74.0
146  74.11159978009896
147  74.34751773049645
148  74.52223427331887
149  74.64141689373297
150  74.74126637554585
151  74.96286182413981
152  75.29386203150462
153  75.48456957227937
154  75.58820346320347
155  75.72525689561925
156  75.94568169473112
157  76.06402604449268
158  76.11099020674646
159  74.04
160  72.10016330974415
161  72.16940789473684
162  72.53695652173913
163  72.6740780911063
164  72.9041394335512
165  73.04039301310044
166  73.2785016286645
167  73.40899241603466
168  73.56093579978237
169  73.71576086956522
170  73.99835796387521
171  74.062534284147
172  74.30016313213703
173  74.42516268980478
174  74.46178861788619
175  74.69680563075258
176  74.82681867535288
177  74.54545454545455
178  72.79967514889009
179  73.04010840108401
180  73.35868392664509
181  73.48062432723358
182  73.56627155172414
183  73.71181867242309
184  73.94366197183099
185  74.21574973031284
186  74.33135775862068
187  74.48977395048439
188  74.63675443310048
189  74.71397733405288
190  74.96989247311828
191  75.15215053763441
192  75.294782140936
193  75.5081081081081
194  75.6417428725121
195  75.79117330462863
196  76.29200214707461
197  76.30847639484979
198  76.39678284182305
199  76.6333870101986
200  75.67714437932871
201  73.21982758620689
202  73.14377682403433
203  73.38399570354457
204  73.56051640667026
205  73.79935449166219
206  74.10687432867884
207  74.23939881910897
208  74.47478540772532
209  74.49088960342979
210  74.80883144857297
211  74.88942826321467
212  75.05780659103188
213  75.1877353415815
214  75.58731864588931
215  75.69214208826695
216  75.76023706896552
217  76.02635825712748
218  76.31008583690988
219  76.31008583690988
220  76.49813134009611
221  76.65702036441586
222  76.70069481560662
223  77.24165769644779
224  77.37687366167023
225  77.47030497592296
226  76.63208556149732
227  73.20900321543408
228  71.20990942994139
229  71.36111111111111
230  71.69309600863
231  71.94294940796556
232  72.35645161290323
233  72.40225563909775
234  72.57272727272728
235  72.67220139260846
236  72.81993569131832
237  73.04064171122995
238  73.29465240641711
239  73.4144385026738
240  73.48100588550027
241  73.79796355841371
242  74.08476394849785
243  74.0955448201825
244  74.3047670058918
245  74.53418803418803
246  74.59967845659163
247  74.85077831454643
248  75.08788853161843
249  75.19978575254419
250  75.09212640599893
251  71.97807486631017
252  70.4888178913738
253  70.65775401069519
254  70.9597423510467
255  71.3532870122929
256  71.50053475935829
257  71.67774798927614
258  72.0091447014524
259  72.25040128410915
260  72.3274478330658
261  72.5427807486631
262  72.65045430251203
263  72.88710540395934
264  73.06638115631692
265  73.34740780331373
266  73.47435897435898
267  73.67524115755627
268  74.17609046849758
269  74.61772853185596
270  75.57210965435041
271  76.28139691067831
272  76.68897058823529
273  76.43973703433163
274  75.84095563139931
275  75.26888604353393
276  75.0618932038835
277  75.1504739336493
278  75.36552920763447
279  75.51164111300398
280  75.5814606741573
281  75.63854748603352
282  75.70571904497501
283  76.1344770337576
284  76.30530973451327
285  76.5345394736842
286  76.71895424836602
287  76.82037239868565
288  77.17269736842105
289  77.23671232876713
290  77.54724194429274
291  77.66268332428028
292  77.73969631236443
293  77.96082698585418
294  78.36989247311828
295  76.36213333333333
296  72.33119315141786
297  69.16881028938907
298  68.93507184672698
299  69.12473460721868
300  69.53115100316789
301  69.7404255319149
302  70.0692225772098
303  70.29545454545455
304  70.43700579862941
305  70.60644479661913
306  70.77330508474576
307  70.9596174282678
308  71.22151563328033
309  71.41569459172852
310  71.5029208709506
311  71.65447800741919
312  71.89627659574468
313  72.09861407249467
314  72.17993630573248
315  72.47684938797232
316  72.56549520766774
317  72.80564430244941
318  72.94337606837607
319  70.6895459345301
320  67.90134770889487
321  67.08427267847557
322  67.34534696073158
323  67.90810810810811
324  68.05150214592274
325  68.18450779989242
326  68.39989235737352
327  68.5814078452445
328  68.85529854760624
329  69.20225321888412
330  69.3482905982906
331  69.61711229946523
332  69.90080428954424
333  70.10877759827679
334  70.1216361679225
335  70.51784762919553
336  70.67462845010616
337  70.75491759702285
338  71.2769803296119
339  71.35315985130111
340  71.51222104144527
341  71.68135953266065
342  71.8377659574468
343  72.21671991480298
344  72.31006925945658
345  72.51586874663798
346  72.57342657342657
347  73.0571736785329
348  73.2556270096463
349  73.47512038523274
350  73.55852485301978
351  73.80149413020277
352  74.05029427501337
353  72.39905113336847
354  70.1711855396066
355  69.16764236295901
356  69.62347964040191
357  69.95804567180032
358  70.25106382978723
359  70.41954328199681
360  70.5776364599894
361  70.78182778658214
362  70.93150684931507
363  71.1813361611877
364  71.37341101694915
365  71.37413884472709
366  69.36257928118393
367  67.27448869752422
368  67.26363636363637
369  67.57051282051282
370  68.01977552111171
371  68.18167202572347
372  68.29282655246253
373  68.57142857142857
374  69.00854700854701
375  69.035848047084
376  69.27422790202343
377  69.51466666666667
378  69.76357827476038
379  69.83457844183565
380  70.10773333333333
381  70.21841541755889
382  70.53846153846153
383  70.64407684098185
384  70.89375333689269
385  71.12640599892876
386  71.28762006403416
387  71.52881536819638
388  71.69103521878336
389  71.84537185660781
390  72.02952227589908
391  72.35790598290598
392  72.53998926462694
393  72.61917514729512
394  72.82232957595276
395  73.11063140852671
396  73.2034632034632
397  73.49380053908355
398  73.68847184986595
399  73.78200321371183
400  74.20074946466809
401  72.44917509313464
402  70.5254506892895
403  69.5881418740074
404  69.67393617021277
405  70.11698717948718
406  70.50425985090521
407  70.66790846194785
408  70.84447983014861
409  71.25572722429409
410  71.42887586574321
411  71.55
412  71.77086656034024
413  71.97113842864778
414  70.97371188222924
415  67.96051227321237
416  66.40913978494623
417  66.41072386058981
418  67.1263440860215
419  67.16406670252825
420  67.53351206434316
421  67.65182403433477
422  67.91581769436998
423  68.11027434104358
424  68.25497579343734
425  68.46730975348339
426  68.6889721627409
427  68.98340471092077
428  69.11472785485593
429  69.37113951011715
430  69.59636946075814
431  69.84689507494647
432  70.01926163723917
433  70.03905831995719
434  70.45532370251472
435  70.57556270096462
436  70.83903743315508
437  71.10664523043944
438  71.12379421221866
439  71.39423076923077
440  71.57780138077536
441  71.73838761345435
442  71.9406099518459
443  72.11379495437467
444  72.32242489270386
445  72.52258064516128
446  72.7618025751073
447  72.88314485729671
448  73.02801724137932
449  73.3536717062635
450  73.50268528464017
451  73.57142857142857
452  73.94897959183673
453  74.07415368081676
454  74.35933297471759
455  74.56875334403425
456  72.74933616569304
457  71.29579741379311
458  71.30645161290323
459  71.58896034297963
460  71.83752004275789
461  72.02955400322408
462  72.17517463729178
463  72.47195253505933
464  72.58956428187197
465  72.6248654467169
466  73.0
467  73.13878429263045
468  73.26573426573427
469  73.39291465378422
470  73.57889068389876
471  70.98344017094017
472  68.79449838187702
473  68.80117899249733
474  69.07112068965517
475  69.27879440258343
476  69.76675603217159
477  69.9624060150376
478  70.12183288409703
479  70.29459025174076
480  70.5048128342246
481  70.76025572722429
482  70.983922829582
483  71.13319011815253
484  71.1460010735373
485  71.57150480256136
486  71.67129877071085
487  71.73973333333333
488  71.8992
493  68.67773019271948
494  68.98168103448276
495  69.1480686695279
496  69.31497326203208
497  69.48611111111111
498  69.94739667203436
499  70.05698924731183
500  70.36655948553054
501  70.47851772287862
502  70.8139037433155
503  70.9475935828877
504  71.00053590568061
505  71.37459807073955
506  71.47191011235955
507  71.76618512573569
508  71.98117267348037
509  72.26031065881092
510  72.68332428028245
511  72.77963176064442
512  72.82495225970719
513  72.14313471502591
514  71.08660436137072
515  69.99147381242388
516  69.6304347826087
517  69.95298165137615
518  70.17960339943343
519  70.33518930957683
520  70.57602663706992
521  70.70918086860912
522  70.97487711632988
523  71.06553795740032
524  71.3813104189044
525  71.58118279569892
526  71.81303879310344
527  71.8771551724138
528  72.25469168900804
529  72.40770465489567
530  72.59034852546917
531  72.78877005347593
532  73.0064585575888
533  73.11805929919137
534  73.54282655246253
535  73.58713136729223
536  73.76518001074692
537  74.14469453376206
538  74.29184549356223
539  74.5773140716961
540  74.70540974825924
541  74.83824317086234
542  75.36295503211991
543  74.49280767181673
544  71.80607352157699
545  70.91151385927505
546  71.07935656836462
547  71.53636363636363
548  71.75267094017094
549  71.98123324396782
550  72.17176596886742
551  72.54807692307692
552  72.72615876398508
553  72.81229946524064
554  73.11350188273265
555  73.30460385438973
556  73.37988228999465
557  73.70402144772117
558  73.8667383127351
559  74.12017167381974
560  74.49463519313305
561  74.69210102095647
562  74.88453276047261
563  75.10710441334768
564  73.0995785036881
565  69.72347266881029
566  68.34420096205238
567  68.51317912856375
568  69.01889848812095
569  69.4804708400214
570  69.61777301927195
571  70.03862660944206
572  70.19172932330827
573  70.4416
574  70.663631494376
575  70.8175494917068
576  71.06112600536193
577  71.34096963239212
578  71.60277629471436
579  71.78487752928648
580  72.03113258185722
581  72.18716577540107
582  72.47096430474161
583  72.7056
584  72.92762107503991
585  73.16764863417247
586  73.36140724946695
587  73.59495708154506
588  73.58694489031568
589  71.13379530916845
590  70.54429708222811
591  70.7605558524853
592  71.08910359634997
593  71.4340630005339
594  71.57978723404256
595  71.7049706039551
596  72.11679224973089
597  72.39111824505083
598  72.53883235136583
599  72.66684578183772
600  72.92191707054388
601  73.18430951101558
602  73.44997324772606
603  73.58208154506438
604  73.88064516129032
605  74.19559376679204
606  74.45095948827291
607  74.69764957264957
608  74.73105656350053
609  72.46121147715196
610  70.33884738527215
611  69.22419354838709
612  69.44373333333333
613  70.1808910359635
614  70.30567451820129
615  70.59625668449198
616  70.77967914438503
617  71.05037513397642
618  71.15021459227468
619  71.38194444444444
620  71.60384410037373
621  71.80536193029491
622  72.05466237942122
627  70.66989768443726
628  70.84776761699838
629  71.12130971551261
630  71.23209477652127
631  71.51946666666667
632  71.77079978529254
633  71.96507254164428
634  72.14239482200647
635  72.3760729613734
636  72.59871589085073
637  72.72961373390558
638  72.93084819016748
639  73.15741239892184
640  73.56668452062132
641  73.64614561027837
642  73.92536506219578
643  74.13120950323975
644  74.35202156334232
645  74.54511278195488
646  74.69301075268817
647  74.85775862068965
648  75.15701136978885
649  75.5495447241564
650  75.5495447241564
651  75.79066022544283
652  76.10568669527898
653  76.14691689008043
654  76.31206434316354
655  76.57494646680942
656  76.71138428647782
657  76.89257081774453
658  77.12197743148845
659  77.39850026780933
660  77.52620320855615
661  77.65154749199573
662  77.81437768240343
663  77.9515868746638
664  78.2414346895075
665  78.44515783841626
666  78.62373062533405
667  77.66116142781034
668  75.5763440860215
669  75.30906148867314
670  75.44312668463611
671  75.6784755770263
672  75.97788565264294
673  76.13045822102426
674  76.20777118186724
675  76.47055674518201
676  76.7029490616622
677  76.95972073039742
678  77.03711672942443
679  77.21474703982777
680  77.47371244635193
681  77.64293361884368
682  77.73799359658484
683  78.01128425577646
684  78.26831896551724
685  78.49408602150538
686  78.6509383378016
687  78.67579173376275
688  78.95263724434876
689  79.16271551724138
690  79.42396560988716
691  79.58024691358025
692  79.67436861902203
697  78.456
698  78.73515248796147
699  78.84738527214515
700  78.96250669523299
701  79.25430107526881
702  79.51685393258427
703  78.1133368476542
704  76.66418307610431
705  76.69005847953217
706  76.87859424920129
707  77.11777301927195
708  77.4233849439402
709  77.57470651013874
710  77.68364611260054
711  77.81618435155413
712  78.12358946802794
713  78.38974906567005
714  77.98136315228967
715  75.90503978779842
716  74.49465811965813
717  74.53151709401709
718  74.87293112653497
719  75.18395721925134
720  75.4224
723  75.27525387493318
724  75.46748400852879
725  75.67056323060574
726  75.77410761854023
727  75.79893333333334
728  76.20578778135048
729  76.58506666666666
730  76.67554608417687
731  76.74652406417113
732  77.02886157135222
733  77.2355460385439
734  77.45260915867945
735  77.55045381740523
736  77.59967931587387
737  77.79946524064171
738  78.18435155412648
739  78.33547008547009
740  78.62081784386618
741  78.83004794885456
742  78.86567164179104
743  79.1533939070016
744  79.35165421558165
745  79.4917421417155
746  79.62998405103669
747  79.98875802997858
748  80.07569296375266
749  80.10117145899893
750  80.4957310565635
751  80.59316604378003
752  79.34038054968288
753  77.77978723404256
754  77.77275146354444
757  78.1160809371672
758  73.976
759  72.15326902465166
760  72.24865735767992
761  72.7590618336887
762  73.01450053705693
763  73.20893914916532
764  73.47103004291846
765  73.65438034188034
766  73.80824852704875
767  74.13272434175174
768  74.28847184986596
769  74.48980686695279
770  74.60844017094017
771  74.80601826974745
772  74.87991383952611
773  75.42819006940736
774  75.61575306013837
775  75.71963616907438
776  75.78952991452991
777  76.12292002147075
778  76.36858974358974
779  76.5760811532301
780  76.76454885210892
781  76.89983931440814
782  77.23006465517241
783  77.49490616621983
784  77.69630423138726
785  77.7323340471092
786  77.7524064171123
790  76.61679224973089
791  76.79935449166219
792  77.06965442764579
793  77.22276159654801
794  77.46323134728932
795  77.59292983395822
796  77.81149301825994
797  77.98329741379311
798  78.1830453563715
799  78.50026838432636
800  78.71505376344086
801  78.9016657710908
802  79.12788823213326
803  79.37734836285561
804  79.57733619763695
805  79.70215053763441
806  79.96224379719526
807  78.67428267800213
808  76.50507749866382
809  73.41438539989265
810  73.23599137931035
811  73.6320177876598
812  74.14492753623189
814  74.16190998902306
815  74.20667031164571
816  74.51759610178668
817  74.69214092140922
818  75.1590909090909
819  75.20216216216217
820  75.5827027027027
821  75.64813815434431
822  75.91567567567567
823  76.28964401294499
824  76.44468429573665
825  76.65245547760388
826  76.84224743381955
827  77.1590909090909
828  77.40321715817694
829  77.49812734082397
830  77.74183181574719
831  77.9127408993576
832  78.005359056806
833  77.97702991452991
834  75.75531914893617
835  75.66524064171124
841  73.5382557517389
842  72.26372443487621
843  72.26321467098167
844  72.72575431034483
845  73.020507285483
846  73.15164597949271
847  73.29465731246627
848  73.62156334231805
849  73.84043126684637
850  73.97835497835497
851  74.27267818574514
852  74.66253369272238
853  74.87392241379311
854  75.03987068965517
855  75.17082429501085
856  75.35427952329361
857  75.45794899620185
858  75.67044228694714
859  75.83693304535637
860  76.05528455284554
861  75.16073354908306
862  72.14737991266375
863  72.18459858001093
864  72.52121871599564
865  72.84782608695652
866  73.12342292923752
867  73.2800875273523
868  73.54064375340971
869  73.94765539803707
870  74.07826086956521
871  74.37895310796074
872  74.63345966432053
873  74.78310626702998
874  74.98964577656676
875  75.05764002175096
876  75.27094668117519
877  75.49267498643516
878  75.5024443237371
884  72.98799781778506
885  73.15997830802603
886  73.23344191096633
887  73.46842957366432
888  73.62749326145553
889  74.01083423618635
890  74.01083423618635
891  74.36240520043337
892  74.61509433962264
893  74.69321851453175
899  73.23234501347709
900  73.44241119483316
901  73.55322580645161
902  74.02319309600863
903  74.05660377358491
904  74.18942255801403
905  74.42718446601941
906  74.85346215780999
907  75.04251883745964
908  75.13265306122449
909  75.33065380493034
910  75.5944355270198
911  75.74066168623266
912  75.8281750266809
913  76.24716062736614
914  76.46781115879828
915  76.82949061662198
916  77.02627345844505
917  77.22144396551724
918  75.74893617021277
919  74.34878706199461
920  74.37984913793103
921  74.70376344086021
922  75.07008086253369
923  75.2259978425027
924  75.59601936525013
925  75.65430107526882
926  75.92361484669178
927  76.10858995137764
928  76.25201938610662
929  76.41774193548387
930  76.76552462526766
931  76.95040431266847
932  77.0824295010846
933  77.52028123309897
934  77.68631692806923
935  77.72426868905742
940  76.765625
941  76.83710895361381
942  77.28067318132464
943  77.50808189655173
944  77.60571736785329
945  77.77579686655862
946  78.05975013579577
947  78.15860945138512
948  78.39264467279611
949  78.58833063209076
950  78.70616883116882
951  79.13213703099511
952  79.37425635478637
953  79.54738562091504
954  78.29731182795699
955  75.46584185045724
956  74.2540192926045
957  74.44206008583691
958  74.88058095750404
959  75.181330472103
960  75.58788853161843
961  75.79754273504274
962  75.92002147074611
963  76.09919571045576
964  76.27771739130435
965  76.43645213628989
966  76.66865186789389
967  76.93167028199566
968  77.17806731813246
969  77.39005942733658
970  77.68512486427795
971  77.83450513791239
972  78.09497816593887
973  77.50537056928034
974  75.00760869565218
975  72.37814207650273
976  71.9797924631349
978  72.14697726012201
979  72.23830489818381
980  72.25850713501647
981  72.57189721159104
982  72.90290729566648
983  73.13329706202394
984  73.50950570342205
985  73.71172638436482
986  74.03709765411892
987  74.27650273224043
988  74.42857142857143
989  74.69406641262928
990  74.87540983606557
991  75.05908096280088
992  75.18301369863013
993  75.38562808557323
994  75.61285008237232
995  75.96933187294633
996  76.09215578716402
997  76.23655323819978
998  76.54263986963606
999  76.71670305676857
1000  77.09085933223864
1001  77.23384446878423
1002  77.55013698630137
1003  77.11377245508982
1004  73.9050736497545
1005  72.36827810972298
1006  72.40281537628587
1007  72.87438558164938
1008  73.12527472527472
1009  73.31085526315789
1010  73.59357997823722
1011  73.93828509011469
1012  74.13326051338066
1013  74.47167755991285
1014  74.74307441607822
1015  74.97036223929747
1016  75.08966648441772
1017  75.31783369803064
1018  75.55525164113786
1019  75.71837183718372
1020  75.96986301369863
1021  75.98245614035088
1022  76.40076754385964
1023  76.60907599781301
1024  76.94545454545455
1025  76.96198347107438
1026  74.67874526771227
1027  72.08633879781421
1028  69.61821173889193
1029  68.278955954323
1030  68.31164570803718
1031  68.86827661909989
1032  69.03236423477784
1033  69.2013093289689
1034  69.4206783369803
1035  69.80426462547841
1036  70.0120218579235
1037  70.14511729405346
1038  70.41456736035049
1039  70.8177366702938
1040  70.99508196721311
1041  71.18246575342465
1042  71.36606655755592
1043  71.67543859649123
1044  71.90214403518416
1045  72.09828823854224
1046  72.30917078528282
1047  72.50656455142231
1048  72.94849315068493
1049  73.05892070484582
1050  73.23115024766098
1051  73.54983570646222
1052  73.72876712328767
1053  74.0367929708951
1054  74.23879781420764
1055  74.32015376166942
1056  74.63462588749317
1057  75.00660792951543
1058  75.03197353914003
1064  72.33647450110865
1065  72.64013266998342
1066  72.96681415929204
1067  73.16731517509727
1068  73.3049252905368
1069  73.51438053097345
1070  73.84254143646409
1071  73.97624309392265
1072  74.18056322473771
1073  74.3780487804878
1074  74.7116125481563
1075  74.99612188365651
1076  73.8211159737418
1077  71.635
1078  71.40977234869517
1079  71.53666666666666
1080  71.93656093489149
1081  72.0703125
1082  72.29290106204584
1083  72.41839596186203
1084  72.93827160493827
1085  73.19955776672195
1086  73.37361419068736
1087  73.64842454394693
1088  73.99391592920354
1089  74.0299003322259
1090  74.35840707964601
1091  74.34296831573096
1092  72.11797440178074
1093  71.96918767507003
1094  72.05747767857143
1095  72.29977502812149
1096  72.58912556053812
1097  72.85474860335195
1098  73.05075292805354
1099  73.32868303571429
1100  73.64356984478935
1101  73.8349082823791
1102  74.20805369127517
1103  74.32904308897594
1104  74.60234899328859
1105  74.92225950782998
1106  75.0307606263982
1107  75.11458915595304
1108  75.39921831379118
1109  75.65193060996083
1110  76.03736754043503
1111  76.12883435582822
1112  76.49803921568628
1113  76.71930803571429
1114  75.92529053680133
1115  73.69638949671773
1116  73.53128371089537
1117  73.94162575013638
1118  74.15789473684211
1119  74.57572443958448
1120  74.7591480065538
1121  74.93128092358438
1122  75.11784140969164
1123  75.31064763995609
1124  74.56641468682506
1125  71.2227668845316
1126  69.31233171782445
1127  69.33656957928802
1128  70.07817589576547
1129  70.14270211611503
1130  70.46345425013536
1131  70.75839653304442
1132  70.94408251900109
1133  71.15763813651138
1134  71.3418201516793
1135  70.74704618689582
1136  68.18841364374661
1137  68.1414686825054
1138  68.42199349945828
1139  68.69642857142857
1140  68.98097826086956
1141  69.16080129940444
1142  69.34234721471066
1143  69.60592991913747
1144  69.88792636708176
1145  69.98049837486457
1146  70.41157382368849
1147  70.68712977921379
1148  70.93157327586206
1149  71.06482982171799
1150  71.20961642355483
1151  71.45655693470049
1152  71.80258203335127
1153  71.89703504043126
1154  72.13905486148832
1155  72.46403461330449
1156  72.64657980456026
1157  70.86972770955686
1158  68.71019967620076
1159  68.43604964921748
1160  68.71389793702497
1161  69.03804347826087
1162  69.25691056910568
1163  69.47262872628727
1164  70.00325909831614
1165  70.15963203463204
1166  70.35176151761517
1167  70.67801188546731
1168  70.86013986013987
1169  71.14386920980927
1170  71.2646420824295
1171  71.55177993527508
1172  71.6955110870741
1173  72.10749185667753
1174  72.26202052944355
1175  72.57011866235167
1176  72.75595238095238
1177  73.0693015701137
1178  73.18496484586262
1179  73.56514657980456
1180  73.8073593073593
1181  74.16621401412276
1182  74.48301886792453
1183  74.72879524581307
1184  74.87864077669903
1185  75.2267316017316
1193  73.50977198697069
1194  73.79556517036235
1195  74.00163043478261
1196  74.23577235772358
1197  74.58450704225352
1198  74.78085916258836
1199  75.12934782608696
1200  75.39196525515744
1201  75.67227346717308
1202  75.8913043478261
1203  76.02610114192495
1204  75.40589812332439
1205  72.95663956639567
1206  71.77544426494346
1207  71.90845070422536
1208  72.38399134667388
1209  72.71920387305002
1210  73.0223189983669
1211  73.17118093174432
1212  73.49484536082474
1213  73.76352813852814
1214  74.0354609929078
1215  74.1518780620577
1216  74.53766937669377
1217  75.00980926430518
1218  75.09155313351499
1219  75.31763417305586
1220  75.50246036085292
1221  75.68562055768179
1222  76.05789186237028
1223  76.21479452054794
1224  76.5227397260274
1225  76.64199561403508
1226  77.10940076965366
1227  77.29301814183617
1228  77.49559471365639
1229  77.65580110497237
1230  78.04219877845641
1231  77.57943925233644
1232  75.41790225151016
1233  74.9721615720524
1234  75.11822660098522
1235  75.62356792144026
1236  75.94401756311746
1237  76.05043859649123
1238  76.27546549835706
1239  76.49422759758109
1240  76.61466885604817
1241  77.04187327823692
1242  77.23880597014926
1243  77.30692520775624
1244  77.87949143173024
1245  78.02936288088642
1246  78.19134775374376
1247  78.36827509706046
1248  76.84523160762943
1249  75.3907284768212
1250  74.98432250839866
1252  74.61579892280072
1253  74.71462264150944
1254  75.0174520069808
1255  75.04887866589995
1256  75.32990280160091
1257  75.4493166287016
1258  75.94311717861206
1259  76.08185460789926
1260  76.20932878270762
1261  76.79157303370786
1262  76.92013498312711
1263  77.16311659192826
1264  77.4261744966443
1265  77.61805945036456
1266  77.91221159257175
1267  78.03822372119168
1268  78.29793180547792
1269  78.56165919282512
1270  79.03701626472238
1271  79.15234375
1272  79.37171604248184
1273  79.76493799323562
1274  79.928490990991
1275  80.15345699831366
1276  80.28684359119141
1277  80.55162738496072
1278  80.84192825112108
1279  80.20868113522538
1280  77.58582502768549
1281  76.25888888888889
1282  76.2946081156198
1283  76.8170663692136
1284  77.21424596549805
1285  77.40555555555555
1286  77.7230255839822
1287  78.02108768035517
1288  78.28294573643412
1289  78.49005524861879
1290  78.81888888888889
1291  78.9905869324474
1292  79.04986149584488
1293  79.36282693377852
1294  79.71428571428571
1295  79.90027700831025
1301  78.55751238304899
1302  79.06308799114555
1303  79.12396236856668
1304  79.39370513528438
1305  79.63997791275538
1306  79.96605453533667
1307  80.19383753501401
1308  80.28228060368922
1309  80.57462269424259
1317  80.38034425319267
1318  80.64803541781959
1319  80.8392658509455
1320  81.09994447529151
1321  81.19198664440735
1322  81.45343000557725
1323  81.8869710467706
1324  81.92849162011173
1325  82.0195530726257
1329  80.29032258064517
1330  80.67661691542288
1331  80.98609566184649
1332  81.20187534473249
1333  81.45545102379634
1334  81.66462736373748
1335  81.8715801228364
1336  82.11476323119777
1337  82.12764771460424
1338  82.36577181208054
1339  82.81772575250837
1347  82.09328151027208
1348  82.25833333333334
1349  82.44988864142539
1350  82.98500832870627
1351  83.09855233853007
1352  83.34345665378244
1353  83.5616362631288
1354  83.8840820854132
1355  83.90833333333333
1356  81.4186301369863
1357  79.67747252747253
1358  79.59103335155822
1359  80.06105610561056
1360  80.32965821389195
1361  80.66758849557522
1362  80.93477059148701
1363  81.19922523519647
1364  81.3009977827051
1365  81.59623893805309
1366  81.89538119087368
1367  82.12605042016807
1368  82.30498041410185
1369  82.56880222841225
1370  82.87255449972051
1371  82.92432735426009
1372  83.18826815642458
1373  83.43563799887578
1374  83.7289088863892
1375  84.04227733934611
1376  84.26206509539843
1377  84.55467422096318
1378  84.91863075196409
1379  85.00392817059483
1380  85.31614349775785
1381  85.51012373453318
1382  85.21105527638191
1383  81.34837644468905
1384  77.16295884315906
1385  73.72246941045606
1386  73.6970539188438
1387  74.14412910406233
1388  74.56857301499167
1389  74.86421814134668
1390  75.05967651979923
1391  75.30178173719376
1392  75.56093489148581
1393  75.88901282766314
1394  76.17974401780745
1395  76.42451253481894
1396  76.91736460078168
1397  77.00671140939598
1398  77.24303232998885
1399  77.48693718732629
1400  77.90277777777777
1401  78.14285714285714
1402  78.38736724427054
1403  78.72433035714286
1404  78.90433314575127
1405  79.31407739764443
1406  79.46054840514829
1407  79.88702460850112
1408  80.00896860986548
1409  80.27104377104376
1410  80.48877665544332
1411  80.85016835016835
1412  81.10961214165262
1413  81.28320090805903
1414  81.460362400906
1415  81.78839590443685
1416  82.01419647927314
1417  81.5952515545506
1418  78.07855153203343
1419  74.34733893557423
1420  70.9119461581604
1421  69.42888643880926
1422  69.76424581005587
1423  70.35219079312257
1424  70.57262103505843
1425  70.779632721202
1426  71.01673173452315
1427  71.25278396436525
1428  71.44233983286908
1429  71.77351140790206
1430  72.07576601671309
1431  72.27582356225572
1432  72.73251259093453
1433  72.96547884187082
1434  73.15008337965537
1435  73.43390964863357
1436  73.75597554196776
1437  74.01003904071389
1438  74.18576195773082
1439  74.58337981037367
1440  74.93259052924792
1441  75.03755605381166
1442  75.34554678692221
1443  75.66197183098592
1444  75.99382369455363
1445  76.14583333333333
1446  76.39293721973094
1447  76.7272219116825
1448  77.21179775280899
1449  77.35433070866142
1450  77.71476323119776
1456  76.06451612903226
1457  76.60493827160494
1458  76.87062146892656
1459  77.04501969611705
1460  77.25984251968504
1461  77.6211527700056
1462  77.9311695579183
1463  78.17456776352482
1464  78.36444941307994
1465  78.88702460850112
1466  79.10196078431373
1467  79.36782902137233
1468  79.61362367392518
1469  79.87584269662922
1470  80.03941441441441
1471  80.25606316976875
1472  78.68083931529542
1473  75.55849268841395
1474  74.8629213483146
1475  75.13754227733935
1476  75.56942889137738
1477  75.96143096702068
1478  76.17988826815642
1479  76.39195979899498
1480  76.75544388609715
1481  77.027808676307
1482  77.3556786703601
1483  77.79555555555555
1484  78.10077951002228
1485  78.27877094972067
1486  78.65810055865921
1487  78.95070028011204
1488  79.1939631078815
1489  79.36195286195286
1490  79.711807498601
1491  79.9938167509837
1492  80.29865016872891
1493  80.61328125
1494  80.89695945945945
1495  81.06584130557118
1496  81.3463056965595
1497  81.5319389485585
1498  81.93845285149634
1499  82.04486087450313
1500  82.24122310305776
