1  90.38949454905847
2  90.70332996972755
4  90.89175769612712
5  91.002002002002
7  91.13672654690619
8  91.31836327345309
9  91.38922155688623
10  91.564
11  91.77290836653387
12  91.9542288557214
13  91.9880239520958
14  92.10856573705179
15  92.30321285140562
16  92.39213709677419
17  92.60772357723577
18  92.7193515704154
19  92.76666666666667
20  92.84615384615384
21  93.0692076228686
22  93.21928934010153
23  93.62603305785125
24  93.1837655016911
25  93.1837655016911
26  93.1837655016911
27  85.78186968838527
28  85.78186968838527
29  80.83046683046683
30  80.18685121107266
31  79.92274678111588
32  79.93429158110882
33  80.14585414585414
34  80.27534791252485
35  80.42730844793714
36  80.46731707317073
37  80.72593320235757
38  80.83171206225681
39  81.07892204042348
40  81.19001919385796
41  81.30798845043311
42  81.62105263157895
43  81.78146341463415
44  82.16315789473684
45  82.6774193548387
46  82.6774193548387
47  82.6774193548387
48  82.6774193548387
49  84.79256594724221
51  85.21528525296017
52  85.45894736842105
54  85.5265306122449
55  85.78402366863905
57  85.98333333333333
58  86.00696517412935
59  86.25731584258325
60  86.38282828282829
61  86.81634712411706
62  86.96969696969697
63  87.07113821138212
64  87.4038854805726
66  87.51508844953173
67  87.80369989722507
68  88.00203873598369
69  88.0375
70  87.29936305732484
71  85.67564766839378
72  84.87628865979381
73  85.11258955987718
74  85.16358024691358
75  85.29710144927536
76  85.48586387434555
77  85.67934224049333
78  85.81320949432404
79  85.978125
80  86.01869158878505
81  86.23305084745763
82  86.33544303797468
83  86.71443514644352
84  86.78048780487805
85  86.94025157232704
86  87.32553191489362
87  87.53813104189044
88  87.58949624866024
89  87.92450765864332
90  88.24308755760369
91  88.24308755760369
92  88.24308755760369
93  88.24308755760369
94  88.24308755760369
95  88.24308755760369
96  88.24308755760369
99  81.57696447793326
100  81.79958463136033
101  82.0281973816717
102  82.26052104208416
104  82.44831013916502
105  82.56543456543457
106  82.82270916334662
107  82.94082246740221
108  83.27390438247012
109  83.31895687061184
110  83.45786802030457
111  83.7820895522388
112  83.89353233830846
113  84.20930232558139
114  84.27364185110665
115  84.41098677517803
116  84.56820512820512
117  84.92245720040282
118  85.01718907987866
119  85.11651469098278
120  85.15918367346939
121  85.41351074718526
122  85.50931677018633
123  85.75816326530612
124  85.88492871690428
125  86.19298245614036
126  86.34511434511434
127  86.55439330543933
129  86.70103092783505
130  86.97828335056877
131  87.16701244813278
132  87.51209253417456
133  87.5407949790795
134  86.54470709146968
135  82.92675483214649
136  82.91182364729458
138  82.925
139  82.9929718875502
140  83.19133937562941
141  83.3802242609582
142  83.41971544715447
143  83.83401221995926
144  84.05816326530612
145  84.08273748723187
146  84.1548717948718
147  84.20615384615385
148  84.38692946058092
149  84.44674250258531
150  84.76915219611848
151  84.97119341563786
152  85.15360824742268
153  85.35983263598327
154  85.48070907194995
155  85.53838065194532
156  85.99791883454735
157  86.0828961175236
158  86.19978858350952
159  86.35275423728814
160  86.4398296059638
161  86.60860215053764
162  86.92071881606765
163  87.03055848261327
164  87.13319238900634
165  87.15750528541226
166  87.49466950959489
167  87.49840255591054
168  87.5709711846318
170  87.8788522848034
171  88.01582278481013
172  88.12552742616033
173  88.36238044633369
174  88.49248927038627
175  88.78363832077503
176  89.07593307593308
177  89.07593307593308
178  89.07593307593308
179  89.07593307593308
180  89.07593307593308
181  89.07593307593308
185  85.52887537993921
186  85.65870646766169
187  85.78743961352657
188  85.9980732177264
189  86.12082514734774
190  86.27552031714569
191  86.31194471865746
192  86.51192842942346
193  86.81492537313433
194  86.85343968095712
195  87.05179282868527
197  87.067472306143
198  87.14460285132382
199  87.15071283095723
200  87.2597137014315
201  87.39117043121149
202  87.42695473251028
203  87.42959917780061
205  87.40102564102564
206  87.37461617195497
207  87.36307692307692
208  87.24282786885246
209  87.11167512690355
210  87.06376518218623
212  87.07817258883249
214  87.03008298755186
215  87.13683127572017
216  87.13963039014374
217  87.33439829605963
218  87.71188340807174
219  87.71188340807174
220  87.71188340807174
221  87.71188340807174
222  87.71188340807174
224  78.96033210332104
226  79.10875331564986
227  79.22117847993168
228  79.24744897959184
229  79.3781512605042
231  79.33951137320977
232  79.40254237288136
233  79.66032843560933
234  79.66810344827586
235  79.67562879444927
236  79.82456140350877
238  79.82456140350877
239  79.90156794425087
240  80.06423611111111
241  80.08933217692974
242  80.37934027777777
244  80.38227628149436
245  80.48782608695652
246  80.59809027777777
247  80.98271391529819
248  81.02166377816292
249  81.36506550218341
250  81.85677083333333
251  81.9212802768166
252  82.23658751099384
253  82.23989455184534
254  82.57342657342657
255  82.69324090121317
256  82.96080139372822
257  82.96150481189851
259  83.43663194444444
260  83.52659110723627
261  83.8212389380531
262  83.95877192982456
263  84.34100974313552
264  84.69973661106233
265  85.01950354609929
266  85.18342151675485
267  85.43706293706293
268  85.59466666666667
269  84.64059753954305
270  82.02598652550529
271  79.81104651162791
272  79.12996031746032
273  79.30799605133268
274  79.51833498513379
275  79.82399213372665
276  79.89207920792079
277  80.26646706586827
278  80.35358565737052
279  80.65392354124748
280  80.87839195979899
281  80.97969543147208
282  81.22708757637474
283  81.7228426395939
284  81.82328907048009
285  82.02848423194303
286  82.42609582059123
287  82.61953204476093
288  82.86708203530634
289  82.6403242147923
290  80.43983822042468
291  79.71271271271272
296  79.71386138613862
297  79.83481701285855
298  80.04183266932272
299  80.2019801980198
300  80.63869693978282
301  80.89593657086223
302  80.99203187250995
303  81.3622754491018
304  81.93538767395626
305  82.19329388560158
306  82.36210317460318
307  82.57142857142857
308  82.7896865520728
309  82.99290060851926
310  83.06085192697769
311  83.20224719101124
312  83.36363636363636
313  83.76612903225806
314  83.76737160120845
315  83.98088531187123
316  84.286
317  85.74303797468355
318  85.74303797468355
319  89.37341772151899
320  89.69652265542676
322  89.6812015503876
323  90.16360116166506
324  90.33597621407334
325  90.60746720484359
326  90.86805555555556
327  91.11909448818898
328  91.14711729622266
329  91.53
330  91.61592741935483
331  92.00201612903226
332  92.08108108108108
333  92.46370967741936
334  92.51616161616161
335  92.6639260020555
336  92.88877551020408
337  93.17043121149898
338  93.34297520661157
339  93.53027139874739
340  93.60228452751818
341  93.90451745379877
342  93.98540145985402
343  94.0282131661442
344  91.0235655737705
345  87.60063224446786
346  84.51698513800424
347  84.3329853862213
348  84.46506777893639
349  84.48128898128898
350  84.72727272727273
351  85.01440329218107
352  85.259793814433
353  85.28645294725956
354  85.48699271592092
355  85.75975359342915
356  85.9330587023687
357  86.18988648090816
358  86.35483870967742
359  86.6109958506224
360  86.84511434511434
361  86.96476683937824
362  87.04697286012527
363  87.21376433785193
364  87.33682008368201
365  87.55114822546973
366  87.96458333333334
367  88.05020920502092
368  88.31157894736842
369  88.37909186906019
370  88.79852320675106
371  88.9089005235602
372  89.07345225603358
373  89.22675026123302
374  89.38421052631578
375  89.89016736401673
376  90.04105263157895
377  90.07399577167018
378  90.14618644067797
379  90.39744952178533
380  90.6015037593985
381  90.83723404255319
382  90.9
383  91.2439024390244
384  91.53390742734123
385  91.59267241379311
386  91.79550321199143
387  91.97555791710946
388  92.08607863974495
389  92.08607863974495
390  92.47266881028939
391  92.54682454251883
392  92.6471226927253
393  93.05756929637526
394  93.15450643776823
395  93.254036598493
396  93.48924731182795
397  93.60281385281385
398  93.68593238822247
399  94.05177993527508
400  94.2834051724138
401  94.62147505422993
403  94.83620689655173
404  95.02486486486487
405  95.0899241603467
406  95.35217391304347
407  95.53737811484291
408  95.56896551724138
409  95.60799136069114
410  95.8603896103896
411  96.0204081632653
412  96.30021598272138
413  96.45276872964169
414  96.58369565217392
415  96.60303687635576
416  96.73210412147506
417  96.77391304347826
418  96.95856052344601
419  97.34497816593887
420  97.69484083424808
421  97.8882863340564
422  97.71398078975454
423  94.74894957983193
424  93.3242105263158
426  93.23609653725079
427  93.32670157068063
428  93.50159404888417
429  93.50159404888417
430  93.5732484076433
431  93.58617021276596
432  93.58617021276596
433  93.72428419936374
434  93.9037037037037
435  94.08764519535374
436  94.18967334035827
437  94.73121693121693
438  95.04122621564483
439  95.10137275607181
440  95.20824524312897
442  95.36286919831224
443  95.52029136316337
444  95.63607924921793
445  95.8604898828541
446  93.24344176285415
447  91.68717413972888
448  91.62836438923395
449  91.59217301750772
450  91.74173553719008
451  91.85119667013528
452  92.22199170124482
453  92.27668393782383
454  92.58498435870699
455  92.99166666666666
456  92.93410041841004
457  92.5587002096436
458  92.47633744855968
459  92.3529411764706
461  92.30848861283644
462  92.0625
463  91.37252861602498
464  91.11305241521069
465  89.08130081300813
466  86.29417879417879
467  85.77604166666667
470  85.82839632277835
471  85.80165289256199
472  86.10471204188482
473  86.16508937960042
474  86.40694006309148
475  86.45599151643691
476  86.79662802950475
477  86.98833510074232
478  87.0052966101695
479  87.1923890063425
480  87.23361522198732
481  87.53145336225596
482  87.86702127659575
483  88.04389721627409
484  86.01068376068376
485  83.48229166666667
486  82.21079958463136
487  82.47319587628866
488  82.98855359001041
489  83.49060542797494
490  84.26354166666667
491  84.782340862423
492  85.8123076923077
493  86.84845360824742
494  87.89197530864197
495  88.64025026068822
496  89.41762854144805
497  89.54797441364606
498  90.19017094017094
499  90.49679487179488
500  90.77542372881356
501  91.01923076923077
502  91.30434782608695
503  90.94803817603393
504  89.98527865404837
505  88.87669801462904
506  88.32780082987551
507  87.44795918367348
508  86.3678861788618
509  86.31041456016177
510  86.34743202416918
511  86.46161616161616
512  86.47927199191102
513  86.56649746192893
514  86.91506572295248
515  87.46957403651116
516  87.68324873096446
521  87.61894953656025
522  88.01223241590215
523  88.14948453608247
524  88.28630705394191
525  88.37083333333334
526  88.79089026915113
527  88.99792531120332
528  89.06971904266389
529  89.46940928270043
530  89.6628272251309
531  90.027950310559
532  90.15680166147456
533  90.47639034627493
534  90.59453781512605
535  90.99689762150983
536  91.0997920997921
537  91.34742268041236
538  91.58498435870699
539  91.69415448851774
540  92.22084623323013
541  92.36738906088752
542  92.40641158221302
543  92.65517241379311
544  92.66213389121339
545  90.77661795407099
546  88.81979166666666
554  87.73006134969326
555  84.9632277834525
556  83.89754098360656
557  83.9412955465587
558  84.07049345417926
559  84.22426095820592
560  84.33061224489796
561  84.72104733131924
563  84.77589641434263
564  84.79083665338645
567  84.87763289869609
568  85.14545454545454
569  85.34416243654822
570  85.37281153450051
571  85.78914405010438
572  85.9555785123967
573  85.9680412371134
574  86.05675954592363
575  86.24767801857585
576  86.38958333333333
578  86.85625646328852
579  86.98645833333333
580  87.02824267782427
581  87.37486800422387
582  87.58891213389121
583  87.84029227557411
584  88.0844629822732
585  88.21610169491525
586  88.49734888653235
587  88.81703470031546
588  89.03138075313808
589  89.1717277486911
590  89.49573560767591
591  89.65991471215352
592  90.0052966101695
593  90.12566560170394
594  90.19067796610169
595  90.46459227467811
596  90.55555555555556
597  91.02881536819638
598  91.06723585912486
599  91.20212765957447
600  91.53448275862068
601  91.67170626349892
602  92.0
603  92.1563829787234
604  92.31668437832093
605  92.60324324324324
606  92.6976241900648
607  92.93866374589267
608  93.1043956043956
609  93.52365236523653
610  93.8374070138151
611  92.87244283995186
612  92.87244283995186
613  92.87244283995186
614  92.87244283995186
615  82.25355191256831
616  80.40080160320642
617  80.0
618  80.09674329501915
619  80.131931166348
620  80.24111431316042
621  80.54624277456648
622  80.75815738963531
623  81.18181818181819
624  81.23574879227053
626  81.4559686888454
627  81.50391389432485
628  81.79684418145956
629  81.95677799607073
630  82.30525272547077
631  82.40995024875622
632  82.82997987927565
633  82.97702297702298
634  83.13958125623131
635  83.32898696088265
636  83.40466531440163
637  83.474216380182
638  83.92121212121212
639  83.98286290322581
640  84.09384460141271
641  84.46909827760892
642  84.5414979757085
643  84.83906882591093
644  85.03030303030303
645  85.15580448065172
646  85.34215885947047
647  85.43718079673135
648  85.72884811416921
649  85.9239350912779
650  86.16295546558705
651  86.28615071283096
652  86.4862385321101
653  86.59263050153531
654  86.973630831643
655  87.10376398779248
656  87.16158536585365
657  87.33333333333333
658  87.38991769547324
659  87.88168724279835
660  88.01024590163935
661  88.17930327868852
662  88.46571136131013
663  88.54861821903788
664  88.91709314227226
665  89.10553278688525
666  89.33946830265849
667  89.51901336073998
668  89.75287958115183
669  90.00414937759336
670  90.13725490196079
671  90.33125
672  90.56178608515057
673  90.68782518210197
674  90.89855072463769
675  91.17585848074921
676  91.36230366492147
677  91.68172268907563
678  92.02505219206681
679  92.12121212121212
680  92.46799580272823
681  92.5125786163522
682  92.72004241781548
683  92.86736842105263
684  93.17405063291139
685  93.48097251585624
686  93.74760383386581
687  93.74760383386581
688  93.76063829787235
689  94.13694267515923
690  94.36072572038421
691  94.51331203407881
692  94.58315565031982
693  94.69206008583691
694  95.40943193997856
695  93.63219616204691
696  91.21237993596584
697  91.14963119072708
698  91.15157894736842
699  91.2428722280887
700  91.32271762208067
701  91.55460385438973
702  91.65984930032293
703  91.69644779332616
704  92.04157782515992
705  92.19358288770053
706  92.51406926406926
707  92.65689467969598
708  92.70338058887677
709  93.02150537634408
710  93.19021739130434
711  93.39344262295081
712  93.7431693989071
713  93.85637149028078
714  93.92616720955483
715  94.2513542795233
716  94.52505446623094
717  94.61044613710555
718  94.66340933767644
719  94.70119956379499
720  94.9047619047619
721  94.99551569506727
722  94.99551569506727
723  94.99551569506727
724  88.54422604422605
725  85.20543478260869
726  83.3305785123967
727  82.73235294117647
728  82.84070796460178
729  82.87549019607843
730  83.44422507403752
731  83.74045053868755
732  83.84055118110236
733  83.99004975124379
734  84.06231155778895
735  84.35728542914171
736  84.53575025176234
737  84.69433198380567
738  84.96492985971943
739  85.26272912423626
740  85.33367139959432
741  85.5485188968335
742  85.63524590163935
743  85.91269035532994
744  86.0263959390863
745  86.17977528089888
746  86.23872950819673
747  86.4139344262295
748  86.74259448416751
749  86.96632653061225
750  86.96632653061225
751  87.16546762589928
752  87.44788441692467
753  87.48813209494324
754  87.80472764645427
755  88.06243602865916
756  88.21333333333334
757  88.43433298862462
758  88.4544513457557
759  88.49221183800623
760  88.51609553478713
761  88.9599589322382
762  87.24532224532224
763  84.02233502538071
764  81.43820224719101
765  81.35198372329603
766  81.47389969293756
767  81.53611393692778
768  81.78920570264766
769  82.1335372069317
770  82.21326530612245
771  82.45893223819301
772  82.73285568065506
773  83.03680981595092
774  83.34670781893004
775  83.38556701030927
776  83.53956834532374
777  83.91811668372569
778  84.06537282941777
779  84.26337448559671
780  84.43212435233161
781  84.56256463288521
782  84.62097611630323
783  85.11455108359134
784  85.16926272066459
785  85.43217665615143
786  85.84559585492228
787  86.01036269430051
788  86.12306101344365
789  86.18144329896907
790  86.42468619246861
791  86.54879328436516
792  87.0424430641822
793  87.10269709543569
794  87.31380753138075
795  87.48054679284964
796  87.84631578947368
797  88.0387029288703
798  88.1202928870293
799  88.40252897787144
800  88.5111111111111
801  84.22233712512927
802  83.39304531085352
803  83.43854166666667
804  83.47807933194154
805  83.7958762886598
806  83.97736625514403
807  84.13168724279835
808  84.16427104722793
809  84.7817993795243
810  85.07407407407408
811  85.07929969104016
812  85.17561983471074
813  85.44583333333334
814  85.62252346193952
815  85.75103734439834
816  85.88717948717948
817  86.09680741503604
818  86.54752066115702
819  86.80701754385964
820  86.8855975485189
821  86.98486377396569
822  87.41015228426396
823  87.80632008154944
824  87.90438247011951
825  88.3195564516129
826  88.53225806451613
827  89.08591408591408
828  89.33761105626851
829  89.54352226720648
830  88.58654797230464
831  86.05058365758755
832  85.31225680933852
836  84.72903225806452
837  83.75024875621891
838  82.66026871401152
839  82.21921641791045
840  82.41819852941177
841  82.44618215271389
842  82.83196347031964
843  82.99353647276085
844  83.17479300827966
845  83.56610800744879
846  83.82467532467533
847  84.12650046168052
848  84.48884758364312
849  84.64825046040515
850  84.93524514338576
851  85.06040892193309
852  85.43947858472998
853  85.53695042095416
854  85.98786181139123
855  86.26227988878591
856  86.42368177613321
857  86.60986964618249
858  86.85539906103287
859  87.09820585457979
860  87.45951035781545
861  87.54307116104869
862  87.94018691588785
863  88.40279069767442
864  88.40279069767442
865  88.61517113783533
866  89.07380073800738
867  89.27264325323475
868  89.55482661668229
869  89.70516431924882
870  90.00742115027829
871  90.47284644194757
872  90.56591337099812
877  88.13339466421343
878  88.23915050784856
879  88.59962756052141
880  88.71203703703704
881  89.1878453038674
882  89.30776340110906
883  89.47641073080482
884  89.6489757914339
885  89.81278962001853
886  90.07359705611776
887  90.39332096474953
888  90.50698974836907
889  90.63202247191012
890  91.20915032679738
891  91.27374301675978
892  91.5214953271028
893  91.75187265917603
894  91.95700934579439
895  92.36071765816808
896  92.61459307764265
897  92.71977507029054
898  92.98125585754451
899  93.0
900  93.49481621112159
901  93.7346553352219
902  94.02153558052434
903  94.29839471199244
904  94.57869934024505
905  94.64204545454545
906  94.91390728476821
907  95.41382575757575
908  95.59354226020892
909  95.7816968541468
910  95.93142857142857
911  96.22821969696969
912  96.50858778625954
913  96.60341555977229
914  96.78585086042065
915  96.87272727272727
916  97.56190476190477
917  97.68773946360153
918  97.8119575699132
919  97.93495145631067
920  98.05986261040235
928  96.3253358925144
929  96.55215311004784
930  96.58564593301435
931  96.73461538461538
932  96.9631425800194
933  97.37631327602674
934  96.68355739400207
935  95.47074122236671
936  92.64441747572816
937  89.8527918781726
938  79.61327800829875
939  78.12081632653062
941  78.34390243902439
943  78.52825552825553
946  78.3484602917342
947  78.75
948  79.1169780666125
949  79.17536704730831
950  79.4517724649629
951  79.77100494233937
952  80.2495894909688
953  87.99637352674524
954  88.23196347031964
955  88.48307410795974
957  80.9695973705834
958  81.13173156586578
959  82.01007556675063
960  82.1546218487395
961  89.88058340929808
962  90.1537053979872
963  90.25966850828729
964  90.6539534883721
966  91.03977798334876
967  91.11743119266055
968  91.2269372693727
969  91.69935245143385
970  91.98890942698706
971  92.17603686635945
972  92.38161559888579
973  92.73689138576779
974  92.93802816901409
975  93.1266294227188
976  93.27544351073763
977  93.6089803554724
978  93.94825964252117
979  94.13802816901408
980  94.38374291115312
981  94.58152686145147
982  94.79280983916746
983  94.91547958214625
984  95.1566037735849
985  95.44087038789026
986  95.70190476190476
987  95.96851145038168
988  96.3399433427762
989  96.44087038789026
990  96.71836346336822
991  96.90458015267176
992  97.22274881516589
993  97.35232668566002
994  97.7719465648855
995  97.92425695110259
996  98.28884652049571
997  98.37236084452975
998  98.67816091954023
999  98.746138996139
1000  98.90618955512574
1001  99.18702290076337
1002  99.68007662835248
1003  99.69856459330143
1004  99.97123681687441
1005  100.52430886558628
1006  100.62955854126679
1007  100.72307692307692
1008  100.88416988416989
1009  101.25342465753425
1010  101.30701754385964
1011  101.72400388726919
1012  101.32355816226783
1013  97.6064453125
1014  92.77453838678329
1015  82.79877515310586
1016  82.95807860262009
1017  83.01045296167247
1018  83.28198433420366
1019  91.64354527938343
1020  92.01434034416826
1021  92.12295869356389
1022  92.31130268199233
1023  92.74541947926711
1025  84.56458511548333
1026  84.68944636678201
1027  84.83376623376624
1028  84.88286713286713
1029  84.97739130434783
1030  85.10526315789474
1031  85.4609375
1032  94.24376199616123
1040  91.58357487922706
1041  91.69439071566731
1042  91.98574144486692
1043  92.10180780209325
1045  83.94787141615986
1046  84.27631578947368
1047  84.41043478260869
1048  84.47852760736197
1049  84.8698328935796
1050  84.99912434325745
1051  85.03105590062111
1052  85.74825174825175
1053  85.9825021872266
1054  86.07368421052631
1055  86.32805628847845
1056  86.38481906443072
1057  86.82749562171628
1058  87.14361233480176
1059  87.20881057268723
1060  87.53066666666666
1062  87.584872471416
1063  87.85587975243148
1064  87.93628318584071
1065  97.00293542074364
1067  88.76387665198237
1068  88.88495575221239
1069  88.98053097345132
1070  89.33451327433629
1071  89.45318021201413
1072  89.77767857142857
1073  89.83318544809228
1074  89.88553682342503
1075  89.95971351835273
1076  90.63644444444445
1077  90.6463195691203
1078  92.5921889191644
1080  91.70270270270271
1081  91.90394973070018
1082  92.1972972972973
1083  92.36528028933093
1084  92.54859218891916
1085  102.05677290836653
1086  102.20160481444333
1087  102.37941473259335
1088  101.37250996015936
1089  89.09843205574913
1090  83.01737451737452
1091  77.72810011376565
1092  75.35934065934066
1093  75.79453345900095
1094  84.69905660377358
1096  85.03217158176943
1097  85.22497785651018
1098  85.54121863799283
1099  85.86619090098127
1100  86.26787330316742
1101  86.34470377019748
1102  86.73518850987433
1103  87.10559566787003
1104  87.37238873751136
1105  87.58340929808568
1106  87.91909090909091
1107  88.11700182815356
1108  88.45179063360881
1109  88.52747252747253
1110  88.69633027522936
1111  89.1931922723091
1112  89.49124423963134
1113  89.61245353159852
1114  89.75091911764706
1115  90.05069124423963
1116  90.09435707678075
1117  90.60111317254174
1118  90.76709796672829
1119  90.83116883116882
1120  91.46798493408663
1121  91.68534080298787
1122  91.72862453531599
1123  91.90148698884758
1124  92.28250701590271
1125  92.63661971830986
1126  92.72029934518241
1127  92.97641509433963
1128  93.47502356267672
1129  93.68638497652582
1130  93.82563619227145
1131  93.953095684803
1132  94.29981024667931
1133  94.60677328316086
1134  94.82075471698113
1135  94.91658767772512
1136  95.15530303030303
1137  95.56439393939394
1138  95.87523809523809
1139  96.17830188679245
1140  96.46146527117031
1141  96.67267552182163
1142  96.80648236415634
1143  97.2247619047619
1144  97.52611585944919
1145  97.75642245480495
1146  97.93027698185291
1147  98.35562015503876
1148  98.47550432276657
1149  98.70884871550905
1150  97.76359832635984
1151  84.46731234866829
1152  84.46731234866829
1153  84.46731234866829
1154  84.46731234866829
1155  84.46731234866829
1156  72.18599311136624
1157  72.08544600938967
1158  70.90199479618387
1160  71.0518341307815
1161  71.29130775254502
1162  71.413982717989
1163  71.95203836930456
1164  72.9232633279483
1165  73.19318181818181
1167  73.45432692307692
1169  73.09243027888446
1170  73.3714971977582
1171  73.47913322632424
1172  73.70635559131135
1174  74.99025974025975
1175  75.15622457282343
1176  75.38316993464052
1177  75.85263157894737
1178  75.97004048582995
1179  76.17380759902991
1180  76.19433198380567
1181  83.84539767649687
1182  84.25797872340425
1184  76.9910569105691
1185  77.43739837398374
1186  77.60731707317073
1189  77.71589991928975
1190  77.78571428571429
1191  78.2463768115942
1192  78.3495145631068
1193  78.55555555555556
1194  78.98704453441296
1195  80.22671063478978
1196  80.3748974569319
1197  80.58663366336634
1199  80.06688417618271
1200  80.73671300081766
1201  80.84571428571428
1202  89.25202520252026
1204  81.3728251864126
1205  89.95142071494043
1206  90.26023657870792
1207  90.7
1208  90.77314814814815
1209  91.17193308550186
1210  91.54232558139535
1212  84.16806722689076
1213  84.31814345991562
1214  84.65096719932717
1215  84.82700421940929
1216  85.04373423044575
1217  85.27966101694915
1218  93.81255857544517
1219  93.92744186046512
1220  94.11524163568774
1221  94.48182665424045
1222  94.70958646616542
1223  95.05292479108635
1224  95.2118408880666
1225  95.3725671918443
1226  95.74741784037559
1227  96.23778195488723
1228  96.38361266294227
1229  96.60281690140846
1230  96.8919431279621
1231  97.19136960600375
1232  97.42412818096136
1233  97.76663452266152
1234  97.88076923076923
1235  98.19333333333333
1236  98.68380952380951
1237  98.79202279202279
1238  98.91666666666666
1239  99.31835564053537
1240  99.50770712909441
1241  99.76254826254826
1242  99.92337536372455
1243  100.33492822966508
1244  100.59669582118562
1245  100.86407766990291
1246  100.94048780487805
1247  101.2566371681416
1248  101.69193391642372
1249  101.80938416422288
1250  102.00974658869396
1251  102.33366336633664
1252  102.74780058651027
1253  103.03241650294696
1254  103.1439842209073
1255  103.3860696517413
1256  103.44985104270108
1257  103.85799404170805
1258  104.23702252693437
1259  104.29862475442043
1260  104.45956607495069
1261  104.54291417165669
1262  105.16767068273091
1263  105.274
1264  105.48844221105529
1265  105.52875882946519
1266  106.18436873747495
1267  106.368
1268  106.69007021063189
1269  106.7887323943662
1271  102.85669781931463
1272  101.00292682926829
1273  98.36
1274  96.07692307692308
1275  95.92766726943943
1276  95.86897179253867
1277  96.08014571948999
1278  96.16712580348944
1279  96.27532228360957
1280  96.76350093109869
1281  96.93831775700934
1282  97.20074349442379
1283  97.4408201304753
1284  97.73937677053824
1285  97.80395852968897
1286  98.09193245778611
1287  98.23412322274882
1288  98.44412607449857
1289  99.12344497607656
1290  99.28516746411483
1292  99.57405614714423
1293  99.80077745383868
1294  99.88543689320389
1295  100.15414634146342
1296  100.58173076923077
1297  100.7237728585178
1298  100.98539435248296
1299  101.04296875
1300  100.85686465433301
1301  97.73816425120773
1302  96.4
1303  96.45689655172413
1304  96.70423892100192
1305  96.93816425120772
1306  97.32951289398281
1307  97.70752895752895
1308  97.82947976878613
1309  97.9396551724138
1310  98.19391634980988
1311  98.53410182516811
1312  98.89282296650717
1313  98.99321047526672
1314  99.33365292425695
1315  99.59863945578232
1316  99.85838991270612
1317  100.07066795740562
1318  100.25628626692456
1319  100.65414258188824
1320  100.72222222222223
1321  100.89884393063585
1322  101.34593023255815
1323  101.7109602327837
1324  101.8701923076923
1325  100.56601842374616
1326  98.09770114942529
1327  98.09770114942529
1328  98.09770114942529
1329  98.09770114942529
1330  98.09770114942529
1331  69.80365296803653
1333  71.58424336973479
1334  72.07710280373831
1335  72.32869296210363
1336  79.30445969125215
1338  73.20525059665871
1339  73.59569377990431
1340  80.54320987654322
1341  80.85977212971078
1342  81.32922535211267
1344  74.61421725239616
1345  74.83987189751801
1346  75.00321802091713
1347  75.3394715772618
1348  76.08930008045053
1349  76.24594155844156
1350  76.38165438165439
1351  76.84689766317486
1352  78.54865085854456
1353  84.5728241563055
1354  85.0008888888889
1356  85.42549371633753
1357  85.8126110124334
1358  85.97761862130707
1359  86.22311827956989
1360  86.82342342342342
1361  86.90489130434783
1362  87.19891500904158
1363  87.44171220400729
1364  87.77466063348416
1365  87.94021739130434
1366  88.17828054298643
1367  88.59708295350957
1368  88.84115523465704
1369  89.124200913242
1370  89.27073837739289
1371  89.59211732355637
1372  90.01910828025478
1373  90.35583941605839
1374  90.5567867036011
1376  83.61531986531986
1377  83.85991561181434
1378  84.21885521885523
1379  84.39108494533221
1380  84.84144295302013
1381  85.04560810810811
1382  85.25738396624473
1383  93.27456382001837
1384  93.5817843866171
1385  93.72820037105751
1386  94.16114180478822
1387  94.58943466172381
1388  94.71096654275092
1389  94.89148737137512
1390  95.35217794253938
1392  95.82697674418604
1393  96.25115848007414
1395  88.47148936170213
1396  89.05263157894737
1397  97.72026022304833
1398  95.79874213836477
1399  94.17055393586006
1400  94.17055393586006
1401  89.41904761904762
1402  86.18228630278064
1403  83.24289642529789
1404  82.10214592274679
1405  82.14611486486487
1406  82.29426644182125
1407  82.69380831212892
1408  83.0632911392405
1409  83.18978723404256
1410  83.54940374787053
1411  83.81639624252776
1412  84.0060553633218
1413  84.38012205754141
1414  84.71826086956521
1415  85.0060975609756
1416  85.17760279965005
1417  85.6561403508772
1418  85.80631025416301
1419  85.96406660823838
1420  86.26608695652173
1421  86.78965819456617
1422  87.02622377622377
1423  87.24890829694323
1424  87.72042068361087
1425  87.8510078878177
1426  88.18347826086956
1427  88.49339207048457
1428  88.91806167400881
1429  89.03937007874016
1430  89.2607174103237
1431  89.79437609841828
1432  90.06382978723404
1433  90.24601769911504
1434  90.57348963029756
1435  91.032
1436  91.24107142857143
1437  91.56720430107526
1438  92.00802139037434
1439  92.13839285714286
1440  92.48114901256733
1441  92.95573622402891
1442  93.19783197831978
1443  93.3913043478261
1444  93.80591497227357
1445  94.12373968835931
1446  94.37351598173515
1447  94.44830741079598
1448  94.80630213160333
1449  95.24561403508773
1450  95.38703703703703
1451  95.7860465116279
1452  96.05882352941177
1453  96.36992619926198
1454  96.45597775718258
1455  96.70450281425892
1456  96.85903500473037
1457  97.36422613531047
1458  97.73427230046948
1459  97.91090047393365
1460  98.01413760603205
1461  98.47196261682242
1462  98.79564806054873
1463  98.93560606060606
1465  99.71860245514637
1466  100.16982922201139
1467  100.41461100569259
1468  100.71809523809523
1469  100.84505703422053
1470  101.05842911877394
1471  101.36625119846596
1472  101.72068636796949
1473  101.95057034220532
1474  102.1402497598463
1475  99.37628384687208
1476  97.10977859778598
1479  96.6328502415459
1480  95.37222222222222
1481  93.52655265526553
1482  90.28343666961914
1483  87.12126537785589
1484  82.5379188712522
1485  81.85191637630662
1486  82.15336879432624
1487  82.5272564789991
1488  82.72416891284816
1489  83.05923961096374
1490  83.26431718061674
1491  83.39624329159213
1492  83.73885918003565
1493  84.2792384406165
1494  84.40182648401826
1495  84.67952249770431
1496  84.9962441314554
1497  85.13740458015268
1498  85.25825242718446
1499  85.450884086444
1500  85.59446092977251
