1  77.84094955489614
2  77.42551928783382
3  77.06619385342789
4  76.7939787485242
5  76.4825958702065
6  75.98349056603773
7  75.70394349617422
8  75.31083481349911
9  74.95608899297424
10  74.57
11  74.21441124780317
12  73.95382817066043
13  74.893470790378
14  74.893470790378
15  74.893470790378
16  74.893470790378
17  74.893470790378
18  79.99263157894737
19  80.31615598885794
20  80.04385964912281
21  79.70484848484848
22  79.38466076696166
23  78.94924154025671
24  78.52954944411937
25  78.15240328253223
26  77.7489760093622
27  77.38980070339977
28  76.69929660023446
29  76.49325513196482
30  76.02797202797203
31  75.70181605155243
32  75.4236395552955
33  75.0151338766007
34  74.69638694638695
35  74.46478873239437
36  73.81643356643356
37  73.63752913752914
38  73.17106033977738
39  72.89612676056338
40  72.57251461988304
41  72.19450934579439
42  71.83459964932788
43  71.53864168618267
44  71.18742724097788
45  70.6662749706228
46  70.49182242990655
47  70.10128805620609
48  69.76243417203042
49  69.60303561004086
50  69.13433700057904
51  68.81330221703617
52  68.52511682242991
53  68.32359813084112
54  68.60379918588873
55  71.03430749682337
56  71.03430749682337
57  73.68544600938966
58  74.91438356164383
59  76.26957163958642
60  76.77717019822283
61  76.89941596365996
62  76.6232790988736
63  76.07867240319607
64  75.7867469879518
65  75.37783075089392
66  75.08318478906715
67  74.7987051206592
68  74.39281507656067
69  73.94558221181978
70  73.66297376093294
71  73.40035067212156
72  72.83021077283372
73  72.45715962441315
74  72.10828025477707
75  71.60995370370371
76  71.44534412955466
77  70.91564863292612
78  70.69976771196283
79  70.19603267211203
80  70.08188153310104
81  69.46922183507549
82  69.25130586186883
83  68.91627906976744
84  68.68528214077952
85  68.3795321637427
86  68.08158508158508
87  67.75876168224299
88  67.53217391304348
89  67.14031052328924
90  66.60739030023095
91  66.47853828306265
92  66.17745664739884
93  65.6548518303312
94  65.43360277136259
95  65.14878892733564
96  64.96006944444444
97  64.70857473928157
98  64.46994219653179
99  64.07911576497963
100  63.91899940440739
101  63.94334277620396
102  67.70441001191895
103  67.70441001191895
104  67.70441001191895
105  75.2023498694517
106  76.13937282229965
107  76.58273381294964
108  76.38565891472868
109  76.3342366757001
110  76.17420435510888
111  75.8761980830671
112  75.59984338292874
113  75.34001542020046
114  74.99240121580547
115  74.83086053412462
116  74.18523985239852
117  74.11535635562086
118  73.60853568800589
119  73.32568467801629
120  72.99853907962016
121  72.55337690631808
122  72.29920116194626
123  71.97026022304833
124  71.74884437596302
125  71.0721649484536
126  72.27633209417596
127  72.27633209417596
128  72.27633209417596
129  72.27633209417596
130  72.27633209417596
131  72.27633209417596
132  72.27633209417596
133  72.27633209417596
134  72.27633209417596
135  72.27633209417596
136  72.27633209417596
137  72.27633209417596
138  74.63598326359832
139  74.56680161943319
140  74.37135614702154
141  74.08949880668258
142  73.76251455180443
143  73.13340683572216
144  72.86214442013129
145  72.64482029598308
146  72.33972310969116
147  72.03270042194093
148  71.6266944734098
149  71.42725409836065
150  70.992
151  70.822265625
152  70.20686274509804
153  70.0293542074364
154  69.78427612655801
155  69.49662487945999
156  69.24526515151516
157  68.71374407582938
158  68.53440150801131
159  68.3411875589067
160  67.6931608133087
161  67.3133514986376
162  66.80841539838855
163  66.55743544078362
164  66.06443071491616
165  65.78328981723237
166  65.498696785404
167  64.83047945205479
168  64.8177966101695
169  64.24813278008298
170  63.836902800658976
171  63.81113801452784
172  63.27564604541895
173  63.24535603715171
174  62.951478392721754
175  62.85243445692883
176  62.43907875185735
177  62.21111111111111
178  61.68212415856395
179  61.48273273273273
180  61.24184988627748
181  60.79726651480638
182  60.52703731911653
183  60.593631539044736
184  65.94448727833462
185  70.75971451229184
186  75.09592529711375
187  80.2141560798548
188  82.48826291079813
189  82.97940074906367
190  82.73199635369188
191  82.45534924845269
192  82.27640845070422
193  82.09285714285714
194  81.61846689895471
195  81.56921754084264
196  80.88033472803347
197  80.74302134646962
198  80.2516129032258
199  79.90263367917
200  79.63779527559055
201  79.38425925925925
202  78.94018404907976
203  78.57338403041825
204  78.24586466165414
205  77.54504839910648
206  77.3237037037037
207  76.86113152094049
208  76.51967334818114
209  76.21904761904761
210  75.8092820884699
211  75.35973837209302
212  75.02803738317758
213  74.63997113997114
214  74.13285198555957
215  73.81963636363636
216  73.4989010989011
218  73.27551020408163
219  73.05029154518951
220  72.78404099560761
221  72.48604992657856
222  72.15480557593544
223  71.68667642752563
224  71.3264705882353
225  71.01517341040463
226  70.5929463629684
227  70.26389918458118
228  69.84984984984985
229  69.6404833836858
230  69.20681642137878
231  70.99226604795051
232  75.33774319066148
233  77.58745098039216
234  78.65213946117274
235  78.49606299212599
236  78.30926216640502
237  78.08087091757388
238  77.86391912908243
239  77.43076923076923
240  77.21960486322189
241  76.67569601203913
242  76.29283018867925
243  75.916476841306
244  75.70601336302896
245  75.30213706705969
246  74.88265682656827
247  74.57549234135668
248  74.25942028985507
249  73.6043321299639
250  73.23376623376623
251  72.74378992193044
252  72.47985865724381
253  72.0127840909091
254  71.76420454545455
255  71.24343506032648
256  70.85352112676057
257  70.44866385372714
258  70.0809659090909
259  69.81497175141243
260  69.41101694915254
261  69.15406360424028
262  68.81824561403509
263  68.4026517794836
264  68.12648497554157
265  67.74146341463414
266  67.51149825783972
267  66.84689655172414
268  66.53356643356643
269  66.16256157635468
270  66.07541696881799
271  68.87000928505107
272  68.87000928505107
273  68.87000928505107
274  68.87000928505107
275  68.87000928505107
276  78.59871589085073
277  78.33603238866397
278  77.86319612590799
279  77.74136008918617
280  77.32570239334026
281  77.06538461538462
282  76.89633601429848
283  76.66749585406302
284  76.3952
285  75.95929339477726
286  75.68575734740016
287  75.31908621960207
288  74.96260997067449
289  74.61267098632109
290  74.28458213256484
291  73.87934705464869
292  73.53661971830986
293  73.06544686840253
294  72.55114822546973
295  72.2298611111111
296  71.85075653370014
297  71.557880055788
298  71.1678129298487
299  70.86363636363636
300  70.44360902255639
301  70.17293233082707
302  69.76819407008087
303  69.29778672032194
304  69.0765100671141
305  68.75568942436412
306  68.34166103983794
307  68.17293777134587
308  69.22245989304812
309  69.22245989304812
310  69.22245989304812
311  69.22245989304812
312  69.22245989304812
313  69.22245989304812
314  69.22245989304812
315  69.22245989304812
316  69.22245989304812
317  69.22245989304812
318  69.22245989304812
319  73.47196261682242
320  73.29411764705883
321  73.15519568151147
322  72.89182389937108
323  72.40975609756097
324  72.0763968072976
325  71.88513513513513
326  71.63129102844638
330  71.89035532994924
331  71.44657258064517
332  71.30921704658077
333  70.83431952662721
334  70.73359840954275
335  70.20314033366046
336  70.07601184600198
337  69.94294003868472
338  69.5432558139535
339  69.27605118829982
340  68.94836956521739
341  68.50444839857651
342  68.1895777178796
343  68.07844905320108
344  67.66126126126126
345  67.46559428060769
346  69.52497729336966
347  72.06179775280899
348  72.93042452830188
349  72.93042452830188
350  72.93042452830188
351  72.93042452830188
352  72.93042452830188
353  72.93042452830188
354  72.93042452830188
355  72.93042452830188
356  72.93042452830188
357  72.93042452830188
358  72.93042452830188
359  72.93042452830188
360  72.93042452830188
361  72.93042452830188
362  72.93042452830188
363  72.93042452830188
364  72.93042452830188
365  72.93042452830188
366  72.93042452830188
367  72.93042452830188
368  72.93042452830188
369  72.93042452830188
370  72.93042452830188
371  72.93042452830188
372  72.93042452830188
373  72.93042452830188
374  72.93042452830188
375  72.93042452830188
376  72.93042452830188
377  72.93042452830188
378  72.93042452830188
379  72.93042452830188
380  72.93042452830188
381  72.93042452830188
382  72.93042452830188
383  72.93042452830188
384  72.93042452830188
385  72.93042452830188
386  72.93042452830188
387  72.93042452830188
388  72.93042452830188
389  72.93042452830188
390  72.93042452830188
391  72.93042452830188
392  72.93042452830188
393  72.93042452830188
394  72.93042452830188
395  72.93042452830188
396  72.93042452830188
397  72.93042452830188
398  72.93042452830188
399  72.93042452830188
400  72.93042452830188
401  72.93042452830188
402  72.93042452830188
403  72.93042452830188
404  72.93042452830188
405  72.93042452830188
406  72.93042452830188
407  72.93042452830188
408  72.93042452830188
409  72.93042452830188
410  72.93042452830188
411  72.93042452830188
412  72.93042452830188
413  72.93042452830188
414  72.93042452830188
415  72.93042452830188
416  72.93042452830188
417  72.93042452830188
418  72.93042452830188
419  72.93042452830188
420  72.93042452830188
421  72.93042452830188
422  72.93042452830188
423  72.93042452830188
424  72.93042452830188
425  72.93042452830188
426  72.93042452830188
427  72.93042452830188
428  72.93042452830188
429  72.93042452830188
430  72.93042452830188
431  72.93042452830188
432  72.93042452830188
433  72.93042452830188
434  72.93042452830188
435  72.93042452830188
436  72.93042452830188
437  72.93042452830188
438  72.93042452830188
439  72.93042452830188
440  72.93042452830188
441  72.93042452830188
442  72.93042452830188
443  72.93042452830188
444  72.93042452830188
445  72.93042452830188
446  72.93042452830188
447  72.93042452830188
448  72.93042452830188
449  72.93042452830188
450  72.93042452830188
451  72.93042452830188
452  72.93042452830188
453  72.93042452830188
454  72.93042452830188
455  72.93042452830188
456  72.93042452830188
457  72.93042452830188
458  72.93042452830188
459  72.93042452830188
460  72.93042452830188
461  72.93042452830188
462  72.93042452830188
463  72.93042452830188
464  72.93042452830188
465  72.93042452830188
466  72.93042452830188
467  72.93042452830188
468  72.93042452830188
469  72.93042452830188
470  72.93042452830188
471  72.93042452830188
472  72.93042452830188
473  72.93042452830188
474  72.93042452830188
475  72.93042452830188
476  72.93042452830188
477  72.93042452830188
478  72.93042452830188
479  72.93042452830188
480  72.93042452830188
481  72.93042452830188
482  72.93042452830188
483  72.93042452830188
484  72.93042452830188
485  72.93042452830188
486  72.93042452830188
487  72.93042452830188
488  72.93042452830188
489  72.93042452830188
490  72.93042452830188
491  72.92857142857143
492  72.92857142857143
493  72.92857142857143
494  72.92857142857143
495  72.92857142857143
496  72.92857142857143
497  72.92857142857143
498  72.92857142857143
499  72.92857142857143
500  72.92857142857143
501  72.92857142857143
502  72.92857142857143
503  72.92857142857143
504  72.92857142857143
505  72.92857142857143
506  72.92857142857143
507  72.92857142857143
508  68.52413793103449
509  68.52413793103449
510  68.52413793103449
511  68.52413793103449
512  68.52413793103449
513  68.52413793103449
514  68.52413793103449
515  68.52413793103449
516  68.52413793103449
517  68.52413793103449
518  68.52413793103449
519  68.52413793103449
520  68.52413793103449
521  68.52413793103449
522  68.52413793103449
523  68.52413793103449
524  68.52413793103449
525  68.52413793103449
526  68.52413793103449
528  73.60992907801419
529  73.60992907801419
530  73.60992907801419
531  73.60992907801419
532  73.60992907801419
533  73.60992907801419
534  73.60992907801419
535  73.60992907801419
536  73.60992907801419
537  73.60992907801419
538  73.60992907801419
539  73.60992907801419
540  73.60992907801419
541  73.60992907801419
542  73.60992907801419
543  73.60992907801419
544  73.60992907801419
545  73.60992907801419
546  73.60992907801419
547  73.60992907801419
548  73.60992907801419
549  73.60992907801419
550  73.60992907801419
551  73.60992907801419
552  73.60992907801419
553  73.60992907801419
554  73.60992907801419
555  73.60992907801419
556  73.60992907801419
557  73.60992907801419
558  73.60992907801419
559  73.60992907801419
560  73.60992907801419
561  73.60992907801419
562  73.60992907801419
563  73.60992907801419
564  73.60992907801419
565  73.60992907801419
566  73.60992907801419
567  73.60992907801419
568  73.60992907801419
569  73.60992907801419
570  73.60992907801419
571  73.60992907801419
572  73.60992907801419
573  73.60992907801419
574  73.60992907801419
575  73.60992907801419
576  73.60992907801419
577  73.60992907801419
578  73.60992907801419
579  73.60992907801419
580  73.60992907801419
581  73.60992907801419
582  73.60992907801419
583  73.60992907801419
584  73.60992907801419
585  73.60992907801419
586  73.60992907801419
587  73.60992907801419
588  73.60992907801419
589  73.60992907801419
590  73.60992907801419
591  73.60992907801419
592  73.60992907801419
593  73.60992907801419
594  73.60992907801419
595  73.60992907801419
596  73.60992907801419
597  73.60992907801419
598  73.60992907801419
599  73.60992907801419
600  73.60992907801419
601  73.60992907801419
602  73.60992907801419
603  73.60992907801419
604  73.60992907801419
605  73.60992907801419
606  73.60992907801419
607  73.60992907801419
608  73.60992907801419
609  73.60992907801419
610  73.60992907801419
611  73.60992907801419
612  73.60992907801419
613  73.60992907801419
614  73.60992907801419
615  73.60992907801419
616  73.60992907801419
617  73.60992907801419
618  73.60992907801419
619  73.60992907801419
620  72.9952380952381
621  72.9952380952381
622  72.9952380952381
623  72.9952380952381
624  72.9952380952381
625  72.9952380952381
626  72.9952380952381
627  70.54738330975955
628  69.96875
629  69.50901525658807
630  69.49113233287858
631  69.49113233287858
632  68.51131824234355
633  68.15415019762845
634  67.74315514993481
635  67.57887874837027
636  67.45597897503285
637  67.0599739243807
638  66.78803641092328
639  66.47979139504564
640  65.69093231162196
641  65.4122919334187
642  65.12924281984334
643  65.01307189542484
644  65.0859375
645  69.46423751686909
646  73.89408528198074
647  73.95788043478261
648  73.98921832884098
649  73.9169859514687
650  73.38046272493574
651  73.08227848101266
652  72.71163366336634
653  72.39515151515151
654  72.11538461538461
655  71.97297297297297
656  71.53960964408725
657  71.33219178082192
658  70.76490438695163
659  70.42229729729729
660  70.1981981981982
661  69.93852908891328
662  69.55869565217391
663  69.32826086956521
664  69.26413043478261
665  68.78807947019868
666  68.52097130242825
667  67.82151029748283
668  67.53514739229026
670  67.02093023255814
671  66.7552693208431
672  66.2449941107185
673  66.16133004926108
674  66.16133004926108
675  66.16133004926108
676  66.16133004926108
677  66.16133004926108
678  66.16133004926108
679  66.16133004926108
680  66.16133004926108
681  66.16133004926108
682  71.0
683  71.0
684  71.0
685  71.0
686  71.0
687  71.0
688  71.0
689  71.0
690  71.0
691  71.0
692  71.0
693  71.0
694  71.0
695  71.0
696  71.0
697  71.0
698  71.0
699  71.0
700  71.0
701  71.0
702  71.0
703  71.0
704  71.0
705  71.0
706  71.0
707  71.0
708  71.0
709  71.0
710  71.0
711  71.0
712  71.0
713  71.0
714  71.0
715  71.0
716  71.0
717  71.0
718  71.0
719  71.0
720  71.0
721  71.0
722  71.0
723  71.0
724  71.0
725  71.0
726  71.0
727  71.0
728  71.0
729  71.0
730  71.0
731  71.0
732  71.0
733  71.0
734  71.0
735  71.0
736  71.0
737  71.0
738  71.0
739  71.0
740  71.0
741  71.0
742  71.0
743  71.0
744  71.0
745  71.0
746  71.0
747  71.0
748  71.0
749  71.0
750  71.0
751  71.0
752  71.0
753  71.0
754  71.0
755  71.0
756  71.0
757  71.0
758  71.0
759  83.27887981330221
760  82.85067437379575
761  82.46877748460862
762  82.27426160337552
763  81.75400641025641
764  81.12727272727273
765  80.67531504818383
766  80.23571945046999
767  79.66100495399859
768  79.28021978021978
769  78.65644171779141
770  78.20291777188329
771  77.61005878510777
772  77.08810289389068
773  76.28117048346056
774  75.76645569620253
775  75.23289391086001
776  74.65998747651847
777  74.2173374613003
778  73.74658385093167
779  73.20061728395062
780  72.71295143212951
781  72.29900744416874
782  71.5671826625387
783  73.32125307125307
784  77.19280843149411
785  80.83982412060301
786  83.91640278657378
787  83.84610552763819
788  83.69805398618958
789  83.22630922693267
790  82.75266792215945
791  81.92017598994343
792  81.69507575757575
793  81.18972081218274
794  80.63089005235602
795  79.78953626634959
796  79.78953626634959
797  79.78953626634959
798  79.78953626634959
799  79.78953626634959
800  79.78953626634959
801  79.78953626634959
802  79.78953626634959
803  79.78953626634959
804  79.78953626634959
805  79.78953626634959
806  79.78953626634959
807  79.78953626634959
808  79.78953626634959
809  78.8727634194831
810  78.86218487394957
811  78.11604584527221
812  77.95026178010471
813  77.66454891994917
814  77.05224787363305
815  76.42366863905326
816  76.24302325581395
817  75.57714285714286
818  75.21460674157304
819  74.77247502774695
820  74.43392070484582
821  73.92131147540984
822  73.64654226125137
823  73.10140237324703
824  72.69271948608137
825  72.17757009345794
826  71.62461851475076
827  71.12512512512512
828  70.62137862137862
829  70.17935871743487
830  69.90634441087613
831  69.447261663286
832  69.03560209424084
833  68.5480043149946
834  68.16594827586206
835  67.62017167381974
836  67.20220994475139
837  67.30186608122942
838  72.5284090909091
839  77.11978465679677
840  77.11978465679677
841  77.11978465679677
842  77.11978465679677
843  77.11978465679677
844  75.0
845  73.84313725490196
846  73.84313725490196
847  73.84313725490196
848  73.84313725490196
849  71.50515463917526
850  71.50515463917526
851  71.50515463917526
852  73.0
853  73.0
854  73.0
855  73.0
856  78.05335365853658
857  77.75273224043715
858  77.33883248730965
859  76.82994011976048
860  76.51165371809101
861  76.26596858638743
862  75.71497584541063
863  75.23947614593078
864  75.02844444444445
865  74.66083916083916
866  74.17050298380222
867  73.85641891891892
868  73.48913043478261
869  73.01889893179951
870  72.69293257514217
871  71.9335370511841
872  71.437874251497
873  71.09754281459419
874  70.56768558951966
875  70.26581378820185
876  69.85991678224688
877  69.2673469387755
878  69.03184281842819
879  68.41500664010624
880  67.64786885245901
881  67.32829940906106
882  66.95806028833552
883  66.41797900262468
884  65.97444298820446
885  65.4403427818062
886  65.12901069518716
887  64.63303994583616
888  64.0915300546448
889  63.67305061559507
890  63.516129032258064
891  68.55087719298245
892  74.14649681528662
893  76.18949609652236
894  76.06132404181184
895  75.7098121085595
896  75.3317274604267
897  74.57610921501707
898  74.2983651226158
899  73.73473541383989
900  73.24949290060852
901  72.78336686787391
902  72.30507343124165
903  71.77866666666667
904  71.43671305500331
905  70.91077329808328
906  70.23197903014417
907  69.74786043449637
908  69.37426132632962
909  68.89828269484808
910  68.52856204858831
911  68.09620418848168
912  69.12434895833333
913  74.87690271343482
914  76.90343915343915
915  76.48797920727745
916  76.2506443298969
917  75.74210186976144
918  75.33946700507614
919  74.88690095846646
920  74.31866750471401
921  73.76042983565108
922  73.33767846058349
923  72.86716325263811
924  72.13680981595093
925  71.68723010487354
926  71.24923076923076
927  70.73733003708281
928  70.16841455891425
929  69.87646695491044
930  69.33189389265885
931  68.91697645600992
932  68.65557609365372
933  75.15975232198143
934  78.36845386533666
935  78.30697961704756
936  78.1539408866995
937  77.63850931677018
938  77.17754728492983
939  76.78132678132678
940  76.2161330049261
941  75.77130594727161
942  75.0533088235294
943  74.49787234042553
944  74.10275229357798
945  73.5045759609518
946  73.03822815533981
947  72.5045648204504
948  72.05189255189255
949  71.54396604002426
950  70.98349633251834
951  70.33211009174312
952  69.90310786106033
953  69.32434089515634
954  68.98052343274497
955  68.35103785103784
956  67.97868453105968
957  67.34737484737485
958  66.98124621899576
959  66.19307832422587
960  66.67515151515151
961  72.06625766871166
962  76.33251231527093
963  80.00865265760197
964  81.65771392879451
965  81.52644679527069
966  81.14860681114551
967  80.64885021752642
968  79.9035846724351
969  79.40665434380776
970  78.85529556650246
971  78.33965728274174
972  77.87224938875306
973  77.27035236938032
974  76.87530562347189
975  76.2059538274605
976  75.76063183475091
977  74.82978723404256
978  74.2843197071385
979  73.75924802910855
980  73.15158924205379
981  72.65304878048781
982  72.17271051014137
983  71.60718635809988
984  72.04308252427184
985  76.25541401273885
986  80.06177606177606
987  81.22894333843797
988  82.16827279466271
989  82.16847433116413
990  82.083391730904
991  81.89445196211096
992  81.62955599734924
993  81.44793713163065
994  80.97922077922078
995  80.37280416395576
996  79.99550994227069
997  79.51375559820858
998  79.16190476190476
999  78.74048223350253
1000  78.22629582806574
1001  77.83969465648855
1002  77.3156230234029
1003  76.95454545454545
1004  76.21072319201996
1005  75.75314861460957
1006  75.29080675422139
1007  74.8163647720175
1008  74.37531172069825
1009  73.98630136986301
1010  73.50187032418953
1011  73.05746408494691
1012  72.64223602484472
1013  71.99628252788104
1014  71.46388542963885
1015  71.12468827930175
1016  70.8319800124922
1017  70.27627438640654
1018  69.94779874213836
1019  69.50281778334377
1020  69.05335844318896
1021  68.67334167709637
1022  68.04767879548307
1023  67.46851385390428
1024  67.17076244486452
1025  66.79847908745248
1026  66.31008243500317
1027  66.06496815286624
1028  65.52201659221443
1029  68.66135204081633
1030  77.2033788174139
1031  79.3012048192771
1032  79.16252518468771
1033  79.0615796519411
1034  78.64594594594594
1035  78.34249329758713
1036  78.02620967741936
1037  77.63319946452476
1038  77.27625418060201
1039  76.66845637583893
1040  76.19692923898532
1041  75.90527018012008
1042  75.36273209549071
1043  75.07133421400265
1044  74.5244708994709
1045  74.15455746367239
1046  73.61381578947369
1047  73.12795275590551
1048  72.42174197773411
1049  71.93696651346028
1050  71.5523370638578
1051  71.1097322011757
1052  70.5841519318926
1053  70.12745098039215
1054  69.70256073539068
1055  69.41946088099934
1056  68.970703125
1057  68.32421875
1058  67.87696335078535
1059  67.45199216198563
1060  67.03387622149837
1061  66.5557003257329
1062  66.16536458333333
1063  65.7496757457847
1064  65.33573298429319
1065  64.89797253106606
1066  68.03818301514154
1067  73.20212765957447
1068  76.31902245706738
1069  76.33834095362508
1070  76.22337662337662
1071  75.94293125810636
1072  75.46832135858915
1073  75.13485342019544
1074  74.72649572649573
1075  73.84041857423152
1076  73.45944192083063
1077  72.95114006514657
1078  72.51406147809026
1079  72.12964169381108
1080  71.69069462647444
1081  71.35870967741936
1082  70.86714193130265
1083  70.32967741935484
1084  69.59235255994815
1085  69.19352750809061
1086  68.85880829015544
1087  68.48366013071896
1088  68.04568854568855
1089  67.7001287001287
1090  67.18199481865285
1091  66.79402209226771
1092  66.4147615937296
1093  67.0378486055777
1094  70.87424344317418
1095  74.05010155721057
1096  76.46778523489932
1097  77.27698574338086
1098  77.19076305220884
1099  77.018654230513
1100  76.54249667994688
1101  76.10092961487383
1102  75.5715249662618
1103  74.93000958772771
1104  74.93000958772771
1105  74.93000958772771
1106  74.93000958772771
1107  74.93000958772771
1108  74.93000958772771
1109  74.93000958772771
1110  74.93000958772771
1111  74.93000958772771
1112  74.93000958772771
1113  74.93000958772771
1114  74.93000958772771
1116  77.32313341493268
1117  76.66808059384941
1118  76.49326145552561
1119  75.97609868928296
1120  75.6124087591241
1121  75.13601127554615
1122  74.7106529209622
1123  74.16733870967742
1124  73.69017798286092
1125  73.19509043927648
1126  72.60917312661499
1127  72.16454891994917
1128  71.40367553865653
1129  70.9167188478397
1130  70.40262993112086
1131  70.02255639097744
1132  69.57615480649189
1133  69.05155279503106
1134  68.67910447761194
1135  68.34129478315525
1136  67.80617283950617
1137  67.03853325046613
1138  66.53452527743526
1139  66.0858024691358
1140  65.68603213844253
1141  65.19074074074074
1142  64.71209330877839
1143  64.25691456668716
1144  63.991925465838506
1145  63.34113300492611
1146  62.80137414116177
1147  62.2636476426799
1148  61.8475952529669
1149  61.314551083591326
1150  60.97565543071161
1151  60.447482908638904
1152  62.74434673366834
1153  68.94051346274264
1154  73.25965801139962
1155  75.23248407643312
1156  75.12230671736376
1157  74.76455534229046
1158  74.45298602287167
1159  74.00569259962049
1160  73.6879746835443
1161  73.36403785488959
1162  72.98805031446541
1163  72.49339207048457
1164  71.91666666666667
1165  71.49181360201511
1166  71.09227871939737
1167  70.67405063291139
1168  70.22054190296156
1169  69.85642317380352
1170  69.34513274336283
1171  69.01128526645768
1172  68.28364779874214
1173  67.90113350125945
1174  67.4
1175  67.02143757881463
1176  66.48870765370138
1177  66.12304809494066
1178  65.8667496886675
1179  65.36392009987516
1180  65.01122894572676
1181  64.29912935323384
1182  63.91733996270976
1183  63.428128872366784
1184  63.01738050900062
1185  62.703007518796994
1186  62.28606811145511
1187  61.86695544554455
1188  61.45712523133868
1189  61.06609017912291
1190  60.40727048675292
1191  60.08199753390875
1192  59.583075972822726
1193  59.3066008636644
1194  58.92383900928793
1195  58.53188854489164
1196  59.928395061728395
1197  66.69192235441453
1198  70.31752963194012
1199  70.21150278293135
1200  70.01794554455445
1201  69.54337050805452
1202  69.10732009925559
1203  68.80285182889027
1204  68.2961135101789
1205  67.98824257425743
1206  67.61467324290999
1207  67.14876543209877
1208  66.53736874613959
1209  66.08410636982066
1210  65.63597298956415
1211  65.15750463248919
1212  64.68466257668712
1213  64.37931034482759
1214  63.856265356265354
1215  63.49353049907579
1216  63.18361059765866
1217  62.43087414755115
1218  62.08225108225108
1219  61.66625916870416
1220  61.211597779148676
1221  60.94886013555144
1222  60.4386181369525
1223  60.09063074096754
1224  59.74171779141105
1225  59.8440366972477
1226  69.48736906962415
1227  74.16409623689081
1228  75.35012285012284
1229  75.26193390452876
1230  74.97381242387333
1231  74.6543583535109
1232  74.2297379646557
1233  73.74833635813673
1234  73.50694864048339
1235  72.68277945619336
1236  72.43640747438216
1237  71.92610539067232
1238  71.60024009603842
1239  71.11414693381907
1240  70.5995145631068
1241  70.30857487922705
1242  69.78276699029126
1243  69.20330679730557
1244  68.82796352583587
1245  68.3869407496977
1246  67.93746205221615
1247  67.51058681185722
1248  67.07627118644068
1249  66.6169305724726
1250  66.25930445393533
1251  65.84325637910085
1252  65.21723300970874
1253  64.7260606060606
1254  64.33616504854369
1255  63.801572897761645
1256  63.49909255898366
1257  63.03032140691329
1258  62.676559660811634
1259  62.198427102238355
1260  61.89063444108761
1261  61.2404603270745
1262  60.92451690821257
1263  60.45863746958638
1264  60.0313630880579
1265  59.68184615384615
1266  59.94068965517242
1267  64.76586888657648
1268  64.76586888657648
1269  64.76586888657648
1270  74.65502793296089
1271  77.1604938271605
1272  78.75911602209945
1274  78.52416356877323
1275  78.12234494477485
1276  78.06444099378882
1277  78.01330376940133
1278  77.40527065527066
1279  76.90835030549898
1280  76.57577763070815
1281  76.13029315960912
1282  75.65701415701416
1283  75.2678008821676
1284  74.78544542032623
1285  74.38566131025958
1286  73.83024691358025
1287  73.44855206407887
1288  72.64652014652015
1289  72.16759088108441
1290  71.7014652014652
1291  71.21467556094603
1292  70.67151515151515
1293  70.41293833131802
1294  69.82994011976048
1295  69.46144578313253
1296  68.96873120865905
1297  68.40854392298435
1298  67.91792395896198
1299  67.4160191273162
1300  67.01865222623346
1301  66.55495169082126
1302  65.99044205495818
1303  65.58338350391331
1304  65.12620192307692
1305  64.75
1306  64.03739445114596
1307  63.91944276196244
1308  69.0505860579889
1309  74.68453481207641
1310  77.27392947103274
1311  76.9981343283582
1312  76.83933002481389
1313  76.65382224984462
1314  76.02096177558569
1315  75.75061274509804
1316  75.41907692307693
1317  74.91896869244935
1318  74.65580823601721
1319  74.09663608562691
1320  73.72323600973236
1321  73.42261185006046
1322  72.91550151975684
1323  72.35683890577508
1324  71.91399152029074
1325  71.39878787878789
1326  70.95413397706699
1327  70.53482737734706
1328  70.08363858363859
1329  69.72289890377589
1330  69.39007960808328
1331  68.90379901960785
1332  68.26821800367422
1333  67.93943139678616
1334  67.422934648582
1335  66.9788688626476
1336  66.51683291770574
1337  66.00621118012423
1338  65.7024329382408
1339  65.2655472636816
1340  64.90074906367042
1341  64.42164883574576
1342  64.55191944619257
1343  69.97783747481532
1344  74.64901960784314
1345  74.64901960784314
1346  74.64901960784314
1347  74.64901960784314
1348  80.59073359073359
1349  81.69642857142857
1351  81.66183574879227
1352  81.18632855567806
1353  80.91701680672269
1354  80.91064257028113
1355  80.48216007714561
1356  80.30848089468779
1357  79.95964125560538
1358  79.73090277777777
1359  79.27768595041323
1360  78.9871382636656
1361  78.63392171910975
1362  78.0690440060698
1363  77.96479400749064
1364  77.39955849889624
1365  77.15629522431259
1366  76.80857142857143
1367  76.31638418079096
1368  75.75734265734266
1369  75.4055944055944
1370  74.93728463128876
1371  74.59546703296704
1372  74.32103825136612
1373  73.86861810755616
1374  73.38414634146342
1375  73.07474747474747
1376  72.73355704697987
1377  72.07590759075907
1378  71.69708994708995
1379  71.28739386022208
1380  70.85546108567691
1381  70.49738903394255
1382  70.01047120418848
1383  69.73915857605178
1384  69.4472491909385
1385  68.73074433656959
1386  68.48831168831168
1387  68.17194570135747
1388  67.80312907431552
1389  67.4186046511628
1390  66.94902749832328
1391  66.56313301823093
1392  68.71563342318059
1393  72.99792817679558
1394  74.95877009084556
1395  74.85320468642315
1396  74.61004126547455
1397  74.30848153214774
1398  74.04315576534053
1399  73.61517797179314
1400  73.3262599469496
1401  72.79693741677762
1402  72.55459387483356
1403  71.92753623188406
1404  71.66055045871559
1405  71.36529680365297
1406  71.00657462195923
1407  70.62075718015666
1408  70.16438356164383
1409  69.7085230969421
1410  69.56957087126138
1411  69.137102014295
1412  68.62680683311433
1413  68.3520942408377
1414  67.8440366972477
1415  67.5130890052356
1416  66.98886705959397
1417  66.72323232323232
1418  66.60259529602595
1419  70.38627700127064
1420  70.38627700127064
1421  70.38627700127064
1422  74.8998646820027
1423  74.8984468339307
1424  74.7188533627343
1425  74.48159509202453
1426  74.1453488372093
1427  73.71150278293135
1428  73.4626334519573
1429  73.2590051457976
1430  72.51902834008096
1431  72.08732612055641
1432  71.88345864661655
1433  71.40353460972018
1434  71.10662824207493
1435  70.66547533952823
1436  70.22630834512023
1437  69.8274647887324
1438  69.54577464788733
1439  68.96485182632667
1440  68.67750865051903
1441  68.20535714285714
1442  67.88685636856368
1443  67.5426251691475
1444  67.01437371663245
1445  66.65103817816477
1446  66.28108108108108
1447  65.92852371409485
1448  65.28839704896043
1449  64.94047619047619
1450  64.63430851063829
1451  64.35019973368841
1452  63.93704440026508
1453  63.608000000000004
1454  63.20992622401073
1455  62.891115564462254
1456  68.81241473396999
1457  74.60719131614654
1458  75.74063989108237
1459  75.62601078167116
1460  75.53970390309556
1461  75.28571428571429
1462  74.94377510040161
1463  74.71190951430472
1464  74.44993412384717
1465  73.74754741661216
1466  73.5
1467  73.11030860144452
1468  72.74588545095457
1469  72.26535947712418
1470  71.90460739779364
1471  71.40378343118068
1472  71.1661195009849
1473  70.61558109833972
1474  70.1491002570694
1475  69.80475272960823
1476  69.29404228058937
1477  69.01282051282051
1478  68.65749039692702
1479  68.19332048811818
1480  67.87284345047924
1481  67.45414012738854
1482  67.06373486297005
1483  66.61157024793388
1484  66.18399495904222
1485  65.75585072738772
1486  65.45925457991156
1487  67.93742098609356
1488  72.83481575603558
1489  77.36962025316456
1490  82.14616870573084
1491  87.05390835579514
1492  90.96912751677853
1493  91.67627345844504
1494  91.83894389438944
1495  91.63452768729641
1496  91.46303501945525
1497  91.0755326016785
1498  90.70610932475884
1499  90.19406834300452
1500  89.80793854033291
