1  99.80996168582377
2  99.50615384615384
3  99.41384615384615
4  99.31053036126056
5  99.16138996138997
6  98.91404451266308
7  98.81978527607362
8  98.6911877394636
9  98.62029208301307
10  98.41063174114021
11  98.15521235521236
12  98.2442218798151
13  99.65928189457601
14  99.63435114503817
15  99.56892612338157
16  99.52591463414635
17  99.4563552833078
18  99.32337164750959
19  99.06493506493507
20  98.78963414634146
21  98.7299771167048
22  98.7145038167939
23  98.59893048128342
24  98.32049306625578
25  98.30561970746729
26  97.98385857033051
27  97.8551724137931
28  97.7145038167939
29  97.66870696250956
30  97.6157372039725
32  99.23006134969324
33  98.98087222647284
34  98.78963414634146
35  98.75704493526275
36  98.70121951219512
37  98.6103896103896
38  98.45977011494253
39  98.30763299922899
40  98.2278675904542
41  98.14615384615385
42  97.88334612432848
43  97.84355828220859
44  97.67892720306514
45  97.47344110854503
46  97.43981481481481
47  97.37375287797391
48  97.18653250773994
49  97.07159353348729
50  96.85296381832178
51  96.78999999999999
52  96.61846153846153
53  96.58936825885979
54  96.50768049155147
55  97.30390625
56  100.0349344978166
57  102.52025586353945
58  104.6025641025641
59  104.6025641025641
60  104.6025641025641
61  104.6025641025641
62  149.69360269360268
63  149.69360269360268
64  149.69360269360268
65  106.64145907473309
66  106.22475856014047
67  106.05642361111111
69  105.6075
70  105.41515650741351
71  105.08196721311475
72  104.7274193548387
73  104.29563812600969
74  104.11584875301689
75  103.98798076923077
76  103.66086956521738
77  103.3375295043273
78  103.17075098814229
79  103.5784543325527
80  106.14330708661417
81  106.41438623924941
82  106.4325366229761
83  106.25658914728683
84  106.0793528505393
85  105.97311827956989
86  105.70858895705521
87  105.48771121351766
88  105.18592195868402
89  104.97679814385151
90  104.56628352490421
91  104.33460949464012
92  104.12787136294028
93  104.04736440030558
94  103.88575780654989
95  103.63960546282246
96  103.5775927327782
97  103.55766312594841
98  103.41993957703927
99  103.32703927492447
100  103.16399694889398
101  103.10798479087453
102  102.95665399239545
103  102.75587566338135
104  102.69114307342922
105  102.43887623386485
106  102.27258921791952
107  102.16286149162862
108  101.82379862700229
109  101.69984802431611
110  101.4699619771863
111  101.3925588458618
112  101.2719696969697
113  101.07892720306513
114  100.906941266209
115  100.78554957724828
116  100.64291187739464
117  100.5886415963162
118  100.41679506933744
119  100.2556158017041
120  100.14285714285714
121  99.85846153846154
122  99.76058506543495
123  99.49322709163346
124  99.39804096170971
125  100.0560398505604
126  101.03095975232199
127  102.06646971935007
128  104.26776649746193
129  104.51270718232044
130  105.23412698412699
131  104.66287878787878
132  104.40547703180212
133  104.26913155631986
134  104.04503753127607
135  103.7774167343623
136  103.4578606158833
137  103.12238325281803
138  103.05338645418327
139  102.97456279809221
140  102.68396226415095
141  102.36221701795472
142  102.31697819314641
143  102.00078247261345
144  101.68083462132921
145  101.60744763382468
146  101.33204334365325
147  101.187306501548
148  100.8479938271605
149  100.6120092378753
150  100.43122102009274
151  100.29589465530597
152  99.88573619631902
153  99.8256880733945
154  99.76161462300075
155  99.62977099236642
156  99.58530986993114
157  99.4594180704441
158  99.3964858670741
159  99.2811059907834
160  99.25769230769231
163  101.2233231707317
165  101.10897927858787
166  101.07674597083653
167  100.93907083015995
168  100.84862385321101
169  100.8440366972477
170  100.70814132104454
171  100.5906976744186
172  100.35968992248061
173  100.35968992248061
174  100.23405909797822
175  100.23405909797822
176  100.27498063516654
177  101.56586126266563
178  101.56586126266563
179  101.47503900156006
180  101.34504293520686
181  101.27535101404055
182  101.22335423197492
183  101.11379579111457
184  100.8950233281493
185  100.76869158878505
186  100.70748829953197
187  100.4140625
188  100.35971786833855
189  100.35971786833855
190  100.25175918686475
191  100.31686274509804
192  102.08798114689709
193  102.18203309692672
195  102.18661417322835
196  102.01572327044025
197  101.97250589159466
198  101.93070866141733
199  101.66927286942925
200  101.55746677091477
201  101.40534171249018
202  101.2356637863315
203  101.21540880503144
204  101.08163265306123
205  100.9173166926677
206  100.71529411764706
208  100.5807210031348
209  100.38854003139718
210  100.29346970889064
211  100.2519623233909
212  100.15208825847124
213  100.06530291109362
214  99.8191072826938
215  99.68181818181819
216  99.53244722439405
217  99.41970519782777
218  99.23022709475333
219  99.16302652106084
220  98.95475819032761
221  98.815503875969
222  98.53446940356312
223  98.37364341085271
224  98.29192546583852
225  98.21306376360809
226  98.05378020265005
227  98.03195635229929
228  99.90272373540856
229  100.96258768511302
230  100.74186046511628
231  100.61425251742835
232  100.37769230769231
233  100.34155744024673
234  100.2675404780262
235  100.17220077220077
236  100.04942084942084
237  99.96604938271605
238  99.79522709776751
239  99.77966101694915
240  99.54398148148148
241  99.3855702094647
242  99.2892498066512
243  99.27511591962906
244  99.17710750193349
245  99.10871241326137
246  99.04765564950038
247  98.72657450076805
248  98.635103926097
249  98.60447185813416
250  98.62711864406779
251  101.20836560805577
252  101.96824167312161
253  101.82266769468004
254  101.74826789838338
255  101.72076923076924
256  101.56515034695451
257  101.43885448916409
258  101.2955779674166
259  101.20108275328693
260  101.05749805749807
261  100.8832173240526
262  100.74248265227448
263  100.53692307692307
264  100.4306625577812
265  100.38781804163455
266  100.3045843045843
267  100.14883720930233
268  100.07745933384973
269  99.80139103554868
270  99.76370656370656
271  99.60123647604328
272  99.47718484145398
273  99.47718484145398
274  99.23310023310023
275  99.12858249419055
276  98.93446414803392
277  98.8794162826421
278  98.67996930161166
279  98.57010785824346
280  98.37955073586367
281  98.35362095531588
282  98.19798917246713
283  98.14208494208495
284  98.0023023791251
285  98.4267075978511
286  101.246875
287  101.9577133907596
288  101.86568322981367
289  101.78610038610039
290  101.70615384615385
291  101.63343558282209
292  101.44341801385681
293  101.25734157650695
294  101.14097598760651
295  101.08352668213456
296  100.78407350689127
297  100.6771472392638
298  100.55265180630283
299  100.55265180630283
300  100.26692307692308
301  100.15550423402618
302  99.95238095238095
303  99.79585571757482
304  99.78067484662577
305  99.60506134969324
306  99.47926267281106
307  99.38910207214121
308  99.20276497695852
309  98.98394495412845
310  98.90283091048201
311  98.77411944869831
312  98.57757296466974
313  98.50732459521973
314  98.27104247104248
315  98.25925925925927
316  97.99081163859111
317  97.9270913277053
318  100.18831667947732
319  102.01081916537868
320  101.73150266971777
321  101.65699006875477
323  101.51461538461538
324  101.3020753266718
325  101.24499229583975
326  101.11
327  100.85616438356163
328  100.82545731707317
329  100.6295731707317
330  100.6140350877193
331  100.36906584992343
332  100.29885057471265
333  100.20811017597552
334  100.03122619954303
335  99.83839150227618
336  99.76255707762557
337  99.74156441717791
338  99.46206896551723
339  99.37566947207344
340  99.37566947207344
341  99.104134762634
342  98.89923664122136
343  98.89923664122136
344  98.78125
345  98.61526717557251
346  98.54789272030652
347  98.36328427575523
348  98.22874806800618
349  98.22874806800618
350  97.96472392638037
351  97.80828220858896
352  97.70407378939277
353  97.60859554873369
354  99.77532368621478
355  101.5952380952381
356  101.5952380952381
358  101.55392912172573
359  101.36384794414275
360  101.24516627996906
361  101.11975116640747
362  101.11975116640747
363  100.89103554868625
364  100.72881355932203
365  100.41491841491842
366  100.31303669008588
367  100.2583918813427
368  100.08887171561051
369  99.82934362934363
370  99.67719568567026
371  99.59891808346214
372  99.351246105919
373  99.21322957198444
374  99.18245341614906
375  98.87567567567567
376  98.70942812982999
377  98.67156105100463
378  98.4109907120743
379  98.30650154798761
380  98.23333333333333
381  98.1870170015456
382  98.09062742060419
383  98.01937984496124
384  97.77272727272728
385  97.66102997694082
386  97.64592933947773
387  97.60939907550076
388  97.51886066204773
389  97.50038431975403
390  97.45643793369314
391  97.34573643410852
392  97.17300232738557
394  97.10069713400465
395  97.15622583139984
396  99.46177370030581
397  99.49236641221374
398  99.54109589041096
399  99.61444866920152
400  99.625
401  99.58662613981764
402  99.50910470409713
403  99.37931034482759
404  99.36251920122888
406  99.31307692307692
407  99.270207852194
408  99.23747108712413
409  99.11633281972266
410  98.88027628549501
411  98.76958525345623
412  98.72999999999999
413  98.59953703703704
414  98.48139534883721
415  98.39133797370457
416  98.39133797370457
417  98.28482972136223
418  98.24324324324324
419  98.13003095975233
420  98.04809930178433
421  97.97445820433437
422  97.81370284834489
423  97.72657450076805
424  98.65773353751914
425  100.74730354391372
426  100.81072796934866
427  100.7737003058104
428  100.66258607498088
429  100.55880092236741
430  100.55880092236741
431  100.3263727764888
432  100.24345146379045
433  100.17683397683398
434  100.0924499229584
435  99.83524904214559
436  99.59923076923077
437  99.59923076923077
438  99.32714617169373
439  99.19566898685228
440  99.03780864197532
441  98.93389700230591
442  98.76687116564418
443  98.6138996138996
444  99.42121445042275
445  101.63925523661753
446  101.55864197530863
447  101.47036181678214
448  101.37587006960557
449  101.32662538699691
450  101.18653250773994
451  101.05439005439005
452  100.80959752321982
453  100.72861586314153
454  100.43505477308294
455  100.27721221613156
456  100.23028883684621
457  100.05234375
458  100.00625488663019
459  99.72585669781932
460  99.62118780096309
462  99.51970181043663
463  99.93552812071331
464  100.19359145527369
465  100.29850746268656
466  100.77966101694915
467  101.14866310160428
468  101.33433433433433
469  101.13223938223939
470  101.03734827264239
471  100.93574660633485
472  100.70697263901147
473  100.61892361111111
474  100.41836734693877
475  100.17572156196944
476  100.09974853310982
477  100.00741962077494
478  99.94762684124386
479  99.80032336297494
480  99.4088
482  99.21666666666667
483  98.98645418326693
484  98.8731165741475
485  98.64364207221351
486  98.6411856474259
487  98.38862559241707
488  98.30393700787403
489  98.03008709422011
490  97.95555555555555
491  97.80503144654088
492  97.51933701657458
493  97.43454258675078
494  97.16123907863383
495  97.08709422011086
496  97.07674050632912
497  96.82967032967034
498  98.69403563129357
499  100.73219814241486
500  100.74171164225135
501  100.74171164225135
502  100.72579395817196
503  100.72579395817196
504  100.52366175329712
505  100.42142298670836
506  100.26229508196721
507  100.05234375
508  99.82265625
509  99.65758754863813
510  99.5203125
511  99.29609375
512  99.21064996084573
513  99.05956112852664
514  99.05956112852664
515  98.82731554160125
516  98.49408050513023
517  98.35978004713276
518  98.27086614173228
519  98.17208564631245
520  98.01283079390538
521  97.97822299651568
522  98.23333333333333
523  100.22377622377623
524  100.22377622377623
525  100.22377622377623
526  100.22377622377623
527  100.22377622377623
528  100.22377622377623
529  100.22377622377623
530  100.22377622377623
531  100.22377622377623
532  100.22377622377623
533  100.22377622377623
534  100.22377622377623
535  100.22377622377623
536  100.22377622377623
537  100.22377622377623
538  100.22377622377623
539  100.22377622377623
540  100.22377622377623
541  100.22377622377623
542  100.22377622377623
543  100.22377622377623
544  104.3622392974753
545  104.0128617363344
546  103.70040899795501
547  103.55412115193644
548  102.96267190569745
549  102.62633107454018
550  102.60438512869399
551  101.93116279069767
552  101.5160403299725
553  101.46594005449592
554  101.27288888888889
555  101.09511343804537
556  100.97217391304348
557  100.85099052540913
558  100.5981228668942
559  100.47224594363792
560  100.08988764044943
561  100.04940374787053
562  99.96768707482994
563  99.7262804366079
564  99.41131756756756
565  99.31530008453086
566  99.11804384485666
568  99.00851063829788
569  98.68104906937394
570  98.58728813559321
571  98.17421007685738
572  98.04668930390493
573  97.77280405405406
574  97.57721518987341
575  99.88619246861924
576  101.39152542372881
577  101.3056255247691
578  101.10226320201173
579  101.08626465661641
580  100.94467728415759
581  100.78030303030303
582  100.41819699499166
583  100.23642439431913
584  100.10860484544695
585  99.94245204336949
586  99.82663316582915
587  99.38294314381271
588  99.27833333333334
589  99.10574521232306
590  98.98251457119068
591  98.79666666666667
592  98.4327485380117
593  98.17671691792295
594  98.19163179916319
595  100.82700421940928
596  100.97245409015025
597  100.9077306733167
598  100.81218697829716
599  100.71812080536913
600  100.41938178780285
601  100.19322873658135
602  100.05119735755574
603  99.91383595691798
604  99.84162520729686
605  99.57237386269645
606  99.27920463960231
607  99.2200996677741
608  99.18770764119601
609  99.08569051580699
610  98.95601659751037
611  98.63261943986821
612  98.52864157119475
613  98.3972153972154
614  98.16803953871499
615  100.0081300813008
616  101.75473251028806
617  101.77686628383921
618  101.78705978705979
620  101.74325429272281
621  101.64849471114726
622  101.42961165048544
623  101.30283400809716
624  101.09430894308943
625  101.03000811030009
626  100.97004048582997
627  100.59855189058729
628  100.32766990291262
629  100.17299919159257
630  100.02357723577236
631  99.79532634971797
632  99.85760517799352
633  102.2426948051948
634  103.05378973105135
635  103.04641693811075
636  102.87938060309699
637  102.80975609756098
638  102.80048859934854
639  102.36371033360456
640  102.13821138211382
641  101.88130081300812
642  101.76854115729421
643  101.39674796747968
644  101.22493887530563
645  101.13284433577832
646  100.89787581699346
647  100.65746753246754
648  100.39527302363487
649  100.10556464811785
650  100.02450980392157
651  102.0952380952381
652  103.31265508684864
653  103.253300330033
654  103.06467661691542
655  103.01651527663088
656  102.78181818181818
657  102.73723228995058
658  102.28219852337982
659  102.06132461161079
660  101.90139687756779
661  101.73671300081766
662  101.41795918367347
663  101.31382113821138
664  101.09430894308943
665  101.01704545454545
666  100.71149144254278
667  100.35016286644951
668  100.14586709886548
669  100.08467741935485
670  99.98789346246974
671  99.89014539579968
672  99.49477071600965
673  99.34035656401946
674  99.2
675  99.10653753026634
676  98.92041800643088
677  98.7208
678  99.5648369132856
679  101.5179856115108
680  101.9538583929992
681  101.9538583929992
682  101.82071713147411
683  101.60031847133757
684  101.37190742218675
685  101.19760956175298
686  101.13026211278793
687  101.00559552358114
688  100.88501189532117
689  100.48766905330152
690  100.36913285600636
691  100.2763262074426
692  100.11190476190475
693  99.91600633914422
694  99.59920634920636
695  99.46117274167987
696  99.26819620253164
697  99.09531374106433
698  98.93481717011129
699  98.65193370165746
700  98.61435331230284
701  98.45347003154575
702  98.18639999999999
703  98.09417398244213
704  98.6563492063492
705  101.0414673046252
706  102.02081665332265
707  101.88915662650602
708  101.59712230215828
709  101.55103668261563
710  101.32137161084529
711  100.97452229299364
713  100.72835583796663
714  100.42868525896415
715  100.35266084193805
716  100.27164416203337
717  100.07102952913009
718  99.84135753749013
719  99.61422924901186
720  99.5110759493671
721  99.27564102564102
722  99.07034372501998
723  98.80573248407643
724  98.73037272006344
725  98.63578780680919
726  98.47767145135566
727  98.21571772253408
728  98.1609287429944
729  97.799209486166
730  97.68533123028391
731  98.14138204924544
732  101.12181528662421
733  102.30424339471577
734  102.25375494071146
735  102.1905138339921
736  102.10063391442155
737  102.07215686274509
738  101.64179104477611
739  101.56372165754496
740  101.35792778649922
741  101.2189210320563
742  101.03518373729476
743  100.79471228615863
744  100.63537626066719
745  100.50506625097428
746  100.41121495327103
747  100.15054602184088
748  99.92690513219284
749  99.73380171740828
750  99.60374414976599
751  99.53635652853792
752  99.24392156862746
753  99.19686274509803
754  98.87199379363848
755  98.72620904836194
756  98.71083398285269
757  98.41875
758  98.33907595927957
759  98.19390148553558
760  98.00466562986003
761  97.81987577639751
762  97.76863354037266
763  100.13013168086755
764  102.17890625
765  102.1177394034537
766  102.04378420641126
767  101.94301327088212
768  101.66589327146173
769  101.46350931677019
770  101.26953125
771  101.15372670807454
772  101.04906542056074
773  100.7476923076923
774  100.52086553323029
775  100.38109992254067
776  100.29102167182663
777  100.2557781201849
778  99.92206790123457
779  99.86805555555556
780  99.63489623366641
781  99.59322033898306
782  99.3906976744186
783  99.18870843000774
784  98.92934782608695
785  98.79477325134512
786  98.76828329484218
787  98.67953667953668
788  98.54721362229103
789  98.47145061728395
790  98.22593167701864
791  97.91070053887606
792  97.85692307692307
793  98.61153846153846
794  101.08062015503876
795  101.52083333333334
797  101.48225308641975
798  101.40123456790124
799  101.22496147919877
800  101.0423076923077
801  100.89900535577658
802  100.66160849772382
803  100.59665144596651
804  100.54843630816171
805  100.38044308632544
806  100.18836140888209
807  100.06946564885496
808  99.8830675778284
809  99.64875094625285
810  99.60988593155894
811  99.51371951219512
812  99.36281179138322
813  99.08103975535168
814  98.87603930461074
815  98.86308623298034
816  98.77389984825493
817  98.55842185128984
818  98.31426392067124
819  98.1880733944954
820  97.87642153146322
821  97.84836997725549
822  97.76067073170731
823  97.63719512195122
824  98.8555133079848
825  101.21665381649962
826  101.22685185185185
827  101.22685185185185
828  101.12644564379337
829  101.1148804934464
830  100.9206712433257
831  100.7642089093702
832  100.58588957055215
833  100.51726784343822
834  100.35130970724191
835  100.1526599845798
836  99.99155145929339
837  99.82938026013773
838  99.62068965517241
839  99.49808135072908
840  99.45349730976173
841  99.37471087124132
842  99.12163202463434
843  98.8558282208589
844  98.70782208588957
845  98.65795541890853
846  98.51040863531226
847  98.35664873174481
848  98.24209714726291
849  97.97085889570552
850  97.87786259541986
851  100.10031104199066
852  101.56386292834891
853  101.38657407407408
854  101.21456235476376
855  101.17003105590062
856  101.15462315462315
857  100.98069498069498
858  100.87260168841135
859  100.598922247883
860  100.5546995377504
861  100.42372881355932
862  100.15882806476483
863  99.93456505003849
864  99.74193548387098
865  99.67228177641654
866  99.55119322555812
867  99.2877030162413
868  99.08782742681048
869  98.85
870  98.75173477255204
871  98.56095679012346
872  98.42382057231245
873  98.35636645962734
874  98.02961808261887
875  97.86542923433875
876  97.72282608695653
877  97.64341085271317
878  97.49457364341086
879  97.41153546375682
880  97.23130841121495
881  97.03795507358637
882  96.9001547987616
883  96.80745341614906
884  98.78931061192873
885  101.7247414478918
886  101.75456711675933
887  101.75456711675933
888  101.66929755327546
889  101.50355169692186
890  101.32041139240506
891  101.11955661124307
892  100.99526813880126
893  100.91016548463357
894  100.66614420062696
895  100.53949447077409
896  100.32860520094562
897  100.08744038155803
898  99.85329103885805
899  99.64483030781373
900  99.48744113029827
901  99.31088488645263
902  99.14104595879556
903  98.90220820189275
904  98.75709779179812
905  98.54100946372239
906  98.3322734499205
907  98.2078025477707
908  97.85885167464116
909  97.60031720856463
910  97.56528662420382
911  97.472553699284
912  97.2424
913  97.00717703349282
914  96.77174780526735
915  96.60526315789474
916  96.344
917  96.11816720257235
918  95.85358004827032
919  95.69625761531766
920  96.5052966101695
921  96.5052966101695
922  96.5052966101695
923  96.5052966101695
924  100.86478873239437
925  102.28638497652582
926  102.2693531283139
927  102.13168316831684
928  102.0838769804287
929  101.9677130044843
930  101.74695652173912
931  101.48757497857756
932  101.2331914893617
933  100.80400333611342
934  100.5552805280528
935  100.47355573637103
936  100.33251833740832
937  100.0187908496732
938  99.71925566343043
939  99.5447219983884
940  99.25263157894736
941  99.14689265536722
942  98.80159362549801
943  98.80159362549801
944  98.65412329863891
945  100.20474308300396
946  102.62829736211032
947  102.76031746031745
948  102.8275039745628
949  102.74283439490446
950  102.61867088607595
951  102.41955835962145
952  102.16507936507936
953  102.0763723150358
954  101.98647573587908
955  101.6880443388757
956  101.58148734177215
957  101.29721115537848
958  101.27932960893855
959  101.12231930103258
960  100.86798418972333
961  100.73459715639811
962  100.4528152260111
963  100.30271565495207
964  100.09287429943956
965  99.94448850118954
966  99.8657187993681
967  99.59029435163086
968  99.34928229665073
969  99.2249799839872
970  99.06500802568218
971  98.79090183559458
972  98.61102236421726
973  98.61102236421726
974  98.25757575757575
975  98.21166134185304
976  98.1512
984  100.6042654028436
985  100.38314785373609
986  100.22916666666666
987  100.16385542168675
989  99.99600319744204
990  99.74960254372019
991  99.69347133757961
992  99.61361836896279
993  99.51778656126481
994  99.31070287539936
995  99.61483820047356
996  101.36414342629482
997  101.35913806863527
998  101.31980906921241
999  101.2355273592387
1000  101.19077901430842
1001  101.11349206349206
1002  100.97454256165474
1003  100.89553429027113
1004  100.71236133122028
1005  100.33253968253968
1006  100.28865979381443
1007  100.17104216388226
1008  100.02730923694779
1009  100.01203852327447
1010  99.76489277204129
1011  99.61569255404324
1012  99.4984
1013  99.11797752808988
1014  98.98012718600954
1015  98.75178429817605
1016  98.65797788309636
1017  98.30904723779022
1018  98.23255813953489
1019  98.18780096308186
1020  98.00560897435898
1021  97.77113237639554
1022  97.60509554140128
1023  97.54531001589825
1024  97.3584
1025  97.24799999999999
1026  97.15347721822542
1027  96.98084596967279
1028  96.85019920318726
1029  96.69475357710652
1030  96.67859984089101
1031  96.16814159292036
1032  96.10665597433841
1033  95.82601755786114
1034  95.73906125696102
1035  95.60921366163622
1036  95.44249201277955
1037  95.34244372990354
1038  95.24517684887459
1039  95.01284109149277
1040  94.77323717948718
1041  94.7512
1042  97.6531100478469
1043  100.00161812297735
1045  99.9936
1046  99.9936
1047  99.89570063694268
1048  99.53968253968253
1049  99.46815286624204
1050  99.1692060946271
1051  99.11120064464143
1052  98.91266025641025
1053  98.79936051159072
1054  98.47923322683707
1055  98.47923322683707
1056  98.25100240577386
1057  98.03691813804173
1058  98.0072347266881
1059  97.77002379064234
1060  97.6791104050834
1061  97.64757358790771
1062  97.3953488372093
1063  97.2199203187251
1064  97.08952837729817
1065  96.91328560063644
1066  96.51636073423782
1067  96.48605577689243
1068  97.10221870047543
1069  98.10355731225297
1070  97.94028662420382
1071  97.77821625887924
1072  97.76261829652998
1073  97.58693941778128
1074  97.42688679245283
1075  97.23264984227129
1076  97.07407407407408
1077  96.89606299212599
1078  96.81068342498037
1079  96.62910798122066
1080  96.41503523884103
1081  96.27344365642239
1082  96.15189873417722
1083  95.95993715632365
1084  95.61811023622047
1085  95.46998420221169
1086  95.39636075949367
1087  95.29407114624506
1088  95.14501992031873
1089  95.10015898251193
1090  94.99286846275753
1091  94.74425969912906
1092  94.69273301737756
1093  94.41806554756195
1094  95.0112
1095  97.78264331210191
1096  100.05008077544426
1098  100.0909090909091
1099  100.07858861267042
1100  100.06982343499197
1101  99.94046661303298
1102  99.60063897763578
1103  99.51599999999999
1104  99.34377510040161
1105  99.12143439282804
1106  99.83040421792619
1107  101.00411522633745
1108  102.95896032831737
1109  102.95896032831737
1110  102.95896032831737
1111  102.95896032831737
1112  102.95896032831737
1113  102.95896032831737
1114  102.95896032831737
1115  102.95896032831737
1116  102.95896032831737
1117  102.95896032831737
1118  102.95896032831737
1119  102.95896032831737
1120  102.95896032831737
1121  102.95896032831737
1122  106.41619585687383
1123  104.93726937269372
1124  104.81451612903226
1125  104.11652173913043
1126  103.98034188034188
1127  103.67820945945945
1128  103.22885572139303
1129  103.08112582781456
1130  102.91412056151941
1131  102.69180327868852
1132  102.63338788870703
1133  102.3729641693811
1134  102.22782750203417
1135  102.1821862348178
1136  102.13607085346216
1137  102.03597122302159
1138  101.99282296650718
1139  101.944
1140  101.90609951845907
1141  101.48394863563402
1142  101.35811350919265
1143  101.2425702811245
1144  101.0183266932271
1145  100.916
1146  100.61422924901186
1147  100.38725099601594
1148  100.34285714285714
1149  100.25893566322478
1150  100.14670896114195
1151  100.02066772655007
1152  99.77768987341773
1153  99.65248226950354
1154  99.32488114104595
1155  99.12460317460318
1156  99.01982553528946
1157  98.73280632411067
1158  98.66164817749603
1165  100.91136180499598
1166  100.60596293311846
1167  100.36575562700965
1168  100.17510040160643
1169  100.01845906902086
1170  99.78790322580645
1171  99.64691753402722
1172  99.23033707865169
1173  99.12599681020734
1174  98.93285371702638
1175  98.75220529270248
1176  98.51084337349397
1177  98.40224358974359
1178  98.35313001605137
1179  98.29927594529364
1180  98.0850040096231
1181  97.97030497592294
1182  98.0736
1183  100.17727639000806
1184  101.13268608414239
1186  101.02025931928688
1191  101.80194017784964
1192  102.36661211129297
1193  102.28652597402598
1194  102.07212317666126
1195  102.05767668562144
1196  102.02676399026764
1197  101.82817589576547
1198  101.76791530944625
1199  101.30459307010474
1200  101.084
1201  101.084
1202  100.79166666666666
1203  100.5816733067729
1204  100.37370517928287
1205  100.24324324324324
1206  100.22107765451665
1208  101.68730158730159
1209  101.39446640316206
1210  101.32359905288082
1211  101.09572784810126
1212  100.97628458498023
1213  100.81072555205047
1214  100.54767533490937
1215  100.3733228097869
1216  100.29123914759273
1217  100.1740157480315
1218  100.01579778830964
1219  99.79747832939321
1220  99.56593406593407
1221  99.42088607594937
1222  99.31403647898493
1223  99.11581469648561
1224  99.04689984101748
1225  98.63542494042892
1226  98.3844320889595
1227  98.30407023144454
1228  98.15262321144674
1229  98.11251980982567
1230  100.16984126984127
1231  101.45388933440256
1232  101.29505582137162
1233  101.22886762360446
1234  101.10104250200482
1235  100.88906624102154
1236  100.62132060461417
1237  100.57848605577689
1238  100.36035313001605
1239  100.22346368715084
1240  100.1335453100159
1241  100.12738853503186
1242  99.78758949880668
1243  99.63275039745628
1244  99.28594249201278
1245  99.20286396181385
1246  99.08432776451869
1247  98.8403162055336
1248  98.76740506329114
1249  98.33227597145122
1250  98.24940428911835
1251  98.22593476531424
1252  97.88370253164557
1253  97.79212598425197
1254  97.67698412698412
1255  97.45236188951161
1256  97.40239043824701
1257  97.37131474103586
1258  97.14741035856574
1260  97.0391061452514
1261  96.83835182250397
1262  96.53821656050955
1263  96.37707509881423
1264  96.32537788385044
1265  96.35107227958697
1266  98.8251582278481
1267  100.05506783719073
1268  100.0103668261563
1269  99.96805111821087
1270  99.6491646778043
1271  99.59888800635426
1272  99.52490118577074
1273  99.43502377179081
1274  99.42188739095955
1275  99.22647527910686
1276  99.0856
1277  98.8880063542494
1278  98.76690533015116
1279  98.59633757961782
1280  98.54213036565977
1281  98.34269662921349
1282  98.28285256410257
1283  98.06521739130434
1284  97.93434747798239
1285  97.83320031923384
1286  97.65172137710168
1287  97.43418940609952
1288  97.36509207365893
1289  97.19484702093398
1290  96.99442675159236
1291  96.83027888446216
1292  96.7410358565737
1293  96.6112
1294  96.55795363709032
1295  96.3317230273752
1296  96.23405972558515
1297  95.93615323224262
1298  95.58695652173913
1299  95.5080775444265
1300  95.73018414731786
1301  98.81113801452784
1302  100.8404858299595
1303  100.71071716357775
1304  100.69855305466237
1305  100.5624
1306  100.46714743589743
1307  100.23970944309927
1308  100.15297906602254
1309  100.05977382875605
1310  99.85897435897436
1311  99.74301675977654
1312  99.50758180367119
1313  99.41492776886035
1314  99.16881028938906
1315  98.89903846153845
1316  98.84349919743178
1317  98.5958466453674
1318  98.5223642172524
1319  98.35421686746989
1320  98.19759036144578
1321  98.09171359613838
1322  97.90559999999999
1323  97.67092651757189
1324  97.60381861575179
1325  97.4820143884892
1326  97.37620578778134
1327  97.19453376205789
1328  96.976
1329  96.83133493205435
1331  96.72057646116893
1332  96.42485783915515
1333  96.33441295546558
1334  96.09334415584416
1335  96.1806346623271
1336  99.3357843137255
1337  101.9283950617284
1338  102.05882352941177
1339  102.08823529411765
1340  102.03811841038119
1341  101.88662316476345
1343  101.68382352941177
1344  101.63192182410424
1345  101.42173560421736
1346  101.17292006525285
1347  101.12357723577236
1348  101.0178716490658
1349  100.82970137207425
1350  100.54581993569133
1351  100.42799678197909
1352  100.0718901453958
1353  100.04596774193548
1354  99.74558587479936
1355  100.49920382165605
1356  102.42524115755627
1357  102.47157726180944
1358  102.41368337311059
1359  102.22107765451665
1360  102.14861660079052
1361  102.07205067300079
1362  101.94192521877486
1363  101.67295597484276
1364  101.5
1365  101.30974842767296
1366  101.14782608695651
1367  101.05905511811024
1368  100.69544740973313
1369  100.5885579937304
1370  100.4264475743349
1371  100.15505090054816
1372  100.14006259780908
1373  99.96960249415432
1374  99.73125
1375  99.64576802507837
1376  99.4368174726989
1377  99.16954474097332
1378  99.02358490566039
1379  98.86875
1380  98.68106834249804
1381  98.57604412923561
1382  98.49644830307814
1383  98.3174980205859
1384  98.17244094488188
1385  97.95137254901961
1386  100.35074045206548
1387  102.63435776201734
1388  102.66062992125984
1389  102.63550667714061
1390  102.56997654417513
1391  102.49102263856362
1392  102.22213622291022
1393  102.1132660977502
1394  102.03852080123266
1395  101.76828329484218
1396  101.61491160645657
1397  101.54384615384615
1398  101.23410852713178
1399  101.10387596899224
1400  100.88018433179724
1401  100.72166538164996
1402  100.49116064565719
1403  100.36496913580247
1404  100.34312210200927
1405  100.18469860896445
1406  99.94950267788829
1407  99.74502297090352
1408  99.65207373271889
1409  99.5215716486903
1410  99.46774193548387
1411  99.18575851393189
1412  98.8680981595092
1413  98.79305019305019
1414  98.74400618716163
1415  98.6094354215004
1416  98.48717948717949
1417  98.31807602792863
1418  98.26029526029527
1419  97.95904173106646
1420  97.88339768339767
1421  97.77820710973725
1422  97.58300857365549
1423  97.5085536547434
1424  97.28159126365054
1425  97.18677042801556
1426  97.12412723041118
1427  96.87258687258688
1428  96.81874515879164
1429  96.72642244738893
1430  96.36982017200938
1431  96.29913860610807
1432  96.19874804381847
1433  97.2272373540856
1434  100.46953125
1435  102.06381322957199
1436  102.05214007782101
1437  102.04972804972806
1438  101.8343653250774
1439  101.60556844547564
1440  101.52590873936582
1441  101.26625386996903
1442  101.13664596273293
1443  101.0430023455825
1444  100.82996894409938
1445  100.63320463320463
1446  100.54996127033309
1447  100.43190661478599
1448  100.18351477449455
1449  100.01086956521739
1450  99.89481825212684
1451  99.72960372960372
1452  99.58658346333854
1453  99.56518345042934
1454  99.3916083916084
1455  99.36335403726707
1456  99.23946957878314
1457  99.07806401249024
1458  98.89424572317263
1459  98.89424572317263
1460  98.72105672105673
1461  98.601246105919
1462  98.5202492211838
1463  98.3463643471462
1464  98.2321568627451
1465  98.10480693459417
1466  97.89601250977326
1467  97.81953125
1468  97.67731878409977
1469  97.5796875
1470  99.53923853923854
1471  100.96664019062749
1472  100.96664019062749
1473  100.85579196217495
1474  100.75646045418951
1475  100.63485804416405
1476  100.51098901098902
1477  100.41065830721003
1478  100.2828999211978
1479  100.19021310181532
1480  100.09320695102686
1481  99.9012539184953
1482  99.66353677621282
1483  99.53364632237871
1484  99.41620771046419
1485  99.23156225218081
1486  99.03562945368171
1487  98.88249211356467
1488  98.77681388012618
1489  98.66902515723271
1490  98.54681353265146
1491  98.38204924543288
1492  98.23113582208101
1493  98.18630573248407
1494  98.01350277998412
1495  97.76175298804782
1496  97.708
1497  97.54049719326383
1498  97.46414182111201
1499  97.24315619967794
1500  97.20383693045564
