1  63.849747474747474
3  63.72635561160152
4  63.752512562814076
5  64.30162703379224
6  64.48212083847102
7  64.42944785276073
8  64.40836408364083
9  64.22772277227723
10  64.07230392156863
11  63.82587064676616
12  63.787048567870485
13  63.787048567870485
14  63.76492537313433
15  63.52233250620347
16  63.4448574969021
21  64.00613496932516
22  63.77805486284289
23  63.76214196762142
24  63.69038701622971
25  63.63432835820896
26  63.58852867830424
27  63.37531172069825
28  62.95038167938931
29  62.92757306226176
30  62.77509529860228
32  62.43023255813954
33  62.21919584954604
34  62.12402088772846
35  62.03116883116883
36  61.83048620236531
37  61.652116402116405
38  61.429718875502004
39  61.32080536912751
40  61.156756756756764
41  61.13770053475936
42  60.93098782138024
43  60.810178817056396
44  60.673582295988936
45  60.49931412894375
46  60.35408022130014
47  60.34861111111111
48  60.00873362445415
49  60.10225303292894
50  60.10225303292894
51  60.10225303292894
52  60.10225303292894
53  60.10225303292894
54  60.10225303292894
55  60.10225303292894
56  60.10225303292894
57  60.10225303292894
58  60.10225303292894
59  60.10225303292894
60  82.84265734265735
63  82.70384615384616
64  82.61194029850746
65  82.45988023952096
66  82.14028776978417
67  81.83371824480369
68  81.72279495990836
69  81.34915254237288
70  81.11261261261261
71  81.00553709856035
72  80.64885496183206
73  80.34649122807018
74  80.34649122807018
75  80.17386609071275
76  79.8745945945946
77  79.79721030042919
78  79.59267241379311
79  79.32112068965517
80  79.10463861920172
81  78.85882352941177
82  78.77765843179377
83  78.53671706263499
84  78.2855614973262
85  78.14747039827772
86  77.79535864978902
87  77.76931216931217
88  77.6780021253985
89  77.31939978563773
90  77.02248394004283
91  76.82996811902231
92  76.82252922422954
93  81.03008298755186
94  85.03539823008849
95  89.58009478672986
96  94.40186915887851
97  96.90138248847927
103  97.17987533392699
104  102.11849192100539
105  106.57965796579657
106  111.41478809738504
107  113.81543921916592
108  113.40561896400351
109  113.06712564543889
110  112.51330472103004
111  112.15829787234043
112  111.41973244147158
113  110.7210657785179
114  110.05798319327731
115  109.10999160369437
116  107.7255230125523
117  106.68067226890756
118  105.61538461538461
119  104.43389830508474
120  103.35309060118544
121  102.19508057675996
122  101.10611205432937
123  100.078032230704
124  98.98891730605285
125  97.86739864864865
126  96.8047138047138
127  95.92869127516778
128  95.22231543624162
129  94.52842809364549
130  93.66165413533835
131  93.126254180602
132  92.5755033557047
133  92.14525608732158
134  91.42179700499167
135  91.34024896265561
136  91.07361455748553
137  90.91217895608948
138  90.6600166251039
139  90.44979253112034
140  90.38461538461539
141  90.3358147229115
142  90.25579470198676
143  90.07071547420965
144  90.03330557868443
146  89.99667221297837
147  89.86046511627907
148  89.73015873015873
149  89.6892797319933
150  89.63529411764706
151  89.47014297729184
152  89.31450252951096
153  89.25442291491154
154  89.20404721753795
155  89.08593091828138
157  88.95707070707071
158  88.88691983122362
159  88.79391891891892
160  88.61571306575577
161  88.2824427480916
162  88.23141891891892
164  88.19047619047619
165  88.2156862745098
166  88.35646958011996
167  88.40579710144928
169  88.59503424657534
170  88.76419965576592
171  88.81692573402418
172  88.92188841201717
173  88.85382631126397
174  88.73396065012831
175  88.44779982743745
176  88.24653979238754
177  87.94854202401372
178  87.32302405498282
179  87.20563139931741
180  86.92912040990606
181  86.51107325383305
182  86.25256849315069
183  86.07863247863249
184  85.88651877133105
185  85.69349315068493
187  85.61518550474547
188  85.5697074010327
189  85.39896373056995
191  85.37975778546713
192  85.31569817866435
193  85.073402417962
194  84.95930735930736
195  84.6252158894646
196  84.16176470588235
197  83.97660311958406
198  83.47155172413792
199  83.03540587219344
200  82.74913793103448
201  82.28534258456202
202  82.0
203  81.70655021834061
204  81.33710801393728
205  80.98080279232111
206  80.81255448997385
207  80.45470383275261
208  80.28797190517999
209  80.20647419072615
210  80.05035335689045
211  79.7647577092511
212  79.5829636202307
213  79.18465655664585
214  78.88556701030927
215  78.63350785340315
216  78.47077244258872
217  77.76374745417515
218  77.57199602780537
219  77.25925925925925
220  77.2130518234165
221  76.74212034383955
222  76.60208926875593
223  76.1669776119403
224  76.04291044776119
225  75.8018779342723
226  75.54511627906977
227  75.36059479553903
228  75.17102803738318
229  74.93773234200744
230  74.73880597014926
231  74.63974001857011
232  74.46883720930232
233  74.11797752808988
234  74.00931098696462
235  73.80315691736304
236  73.76514445479962
237  73.42749529190208
238  73.29261363636364
239  73.23091423185674
240  72.76253547776727
241  72.47198480531814
242  72.26415094339623
243  72.16856060606061
244  71.8055822906641
245  71.50863723608445
246  71.23659003831418
247  71.17630057803468
248  70.69064039408867
249  70.24582104228122
250  70.22189349112426
251  69.9572564612326
252  69.77358490566037
253  69.56856856856857
254  69.51006036217304
255  69.21178821178822
256  68.90214067278288
257  68.76820512820512
258  68.59712230215827
259  68.47330595482546
260  68.13721413721414
261  68.09707724425887
262  67.85669781931465
263  67.67610062893081
264  67.60041841004184
266  68.63391933815926
267  68.49435897435897
268  68.10960334029228
269  67.94444444444444
270  67.89583333333333
271  67.69270833333333
272  67.37854889589906
273  67.26975763962065
274  67.0716577540107
275  66.87752928647497
276  66.47639484978541
277  66.24141630901288
278  65.97267759562841
279  65.89640130861505
280  65.58842794759825
281  65.53030303030303
282  65.179203539823
283  65.10132158590308
284  64.97013274336283
285  64.66776315789474
286  64.43502202643172
287  64.25109649122807
288  64.1829268292683
289  63.9586129753915
290  63.95685840707965
291  63.469613259668506
292  63.40555555555555
293  63.31613611416026
294  63.02885682574917
295  62.80089485458613
296  62.76966292134831
297  62.65082872928177
298  64.10622317596567
299  65.03651987110634
301  67.22442588726514
302  70.29485834207765
303  77.62450199203187
304  82.83632734530939
305  87.81782178217821
306  92.06997084548105
307  95.71596474045054
308  99.6955252918288
309  103.1420233463035
310  104.07692307692308
311  103.41385767790263
312  100.21926605504586
313  96.76633840644584
314  92.23818019625334
315  87.1270962047661
316  82.06618962432916
317  76.38995433789954
318  73.08711433756805
319  72.71166207529843
320  68.85255198487712
321  67.42325581395349
322  67.42325581395349
323  66.96538821328345
324  66.81116279069768
325  66.47091932457786
326  66.33953488372093
327  66.08271375464685
328  65.88536812674744
329  65.27203791469195
330  65.16666666666667
331  64.8233046800382
333  64.35570469798658
334  64.15494296577947
335  63.912045889101336
336  63.560428849902536
337  63.46771037181996
338  63.125853658536585
339  62.880788177339895
340  62.66733266733267
341  62.58333333333333
342  62.453
343  61.928210313447934
344  61.79959308240082
345  61.71559633027523
346  61.598150051387464
347  61.09243697478992
349  60.81694560669456
350  60.686108165429474
351  60.57340425531915
352  60.27204301075268
353  60.16034669555796
354  60.104918032786884
355  59.8215859030837
356  59.47991071428571
357  59.43896976483762
358  59.27702702702703
359  59.127395715896284
360  58.92533936651584
361  58.674285714285716
362  58.3765932792584
363  58.31126596980255
364  58.232205367561264
365  57.772241992882556
366  57.655952380952385
367  57.60573476702508
368  57.44724220623502
369  57.20975609756097
370  57.001236093943135
371  56.76448828606658
378  57.16767189384801
379  56.756690997566906
380  56.52832512315271
381  56.430864197530866
382  56.06559405940594
383  55.577889447236174
384  55.46800501882058
385  55.40530303030303
386  54.83115183246073
387  54.41839378238342
388  54.24803149606299
389  53.924731182795696
390  53.78436657681941
391  53.17737430167598
392  52.93229901269393
393  52.43541364296081
394  52.226939970717424
395  51.89558823529411
396  51.50759878419453
397  51.250374812593705
398  50.7765625
399  50.58730158730158
400  51.670103092783506
401  52.84933774834437
402  53.85143769968052
403  54.57632398753894
404  54.838038632986624
410  57.131170662905504
411  59.912751677852356
412  62.72948717948718
413  66.2969696969697
414  67.04750593824228
421  68.45624270711785
422  71.7286036036036
423  73.37282608695652
424  73.17551462621886
425  72.59194776931447
426  72.53695652173913
427  72.03812636165577
428  71.71035242290749
429  71.54961832061069
430  70.96479647964796
431  70.78500551267916
432  70.70672546857773
433  70.29222222222222
434  70.12541620421753
435  69.87513812154697
436  69.41826381059752
437  69.31299435028248
438  69.04927211646137
439  68.98545861297539
440  68.45257142857143
441  68.37699316628702
442  68.17194570135747
443  68.06433408577878
444  67.94311717861206
445  67.38558352402745
446  67.33104238258878
447  67.1697247706422
448  66.97257142857143
449  66.67016317016316
450  66.50410316529894
451  66.41784037558685
452  66.17076023391813
453  65.75
454  68.50058754406581
455  74.68958333333333
456  80.87689393939394
457  86.76958105646631
458  92.12409420289855
459  94.2174688057041
460  93.98686514886164
461  93.53350970017637
462  93.17771883289124
463  93.04517271922055
464  92.80192813321648
465  92.44678979771328
466  92.19315188762072
467  91.81342632955536
468  91.65297202797203
469  91.27280625543005
470  90.98192771084338
471  90.52875536480687
472  90.17056277056277
473  89.91017964071857
474  89.73413379073756
475  89.41358555460017
476  89.00513259195894
477  88.84228473998294
478  88.57679180887372
479  88.27758620689656
480  87.80393835616438
481  87.63613231552164
482  87.43063829787233
483  86.94363791631085
484  86.79983036471586
485  86.57045260461145
486  86.53299492385787
487  86.41291418861512
488  85.92366412213741
489  85.64750633981403
490  85.5324347093513
491  85.10016835016835
492  84.88653683319221
493  84.64067796610169
494  84.34462320067739
495  83.90237691001698
496  83.7557058326289
497  83.48559322033898
498  83.1501272264631
499  82.81494057724957
500  82.66808873720136
501  82.52303754266211
502  82.24828767123287
503  81.95872742906276
504  81.78571428571429
505  81.52491408934708
506  81.37371134020619
507  80.87099567099567
508  80.6962899050906
509  80.50910667823071
510  80.37030567685589
511  79.87161572052402
512  79.69667832167832
513  79.49565217391304
514  79.28596338273758
515  78.98948290972831
516  78.65787159190853
517  78.47623239436619
518  78.32010582010582
519  78.07555555555555
520  77.73321554770318
521  77.6938775510204
522  77.475
523  77.13051305130513
524  76.92767857142857
525  76.58055805580558
526  76.44605621033544
527  76.0651974288338
528  75.77919708029196
529  75.56660583941606
530  75.50137236962489
531  75.04893813481071
532  74.84786641929499
533  74.41465677179963
534  74.34447539461468
535  74.04507042253522
536  73.81010289990645
537  73.6267539756782
538  73.48405253283302
540  74.35097493036211
541  74.23148148148148
542  73.69702602230483
543  73.56417359187442
544  73.42537313432835
545  72.96777251184834
546  72.90160832544939
547  72.67677725118483
548  72.5320754716981
549  71.96102661596959
550  71.74904580152672
551  71.46065259117083
552  71.0
553  70.89157792836399
554  70.82142857142857
555  70.6079766536965
556  70.28978388998036
557  69.91910331384015
558  69.6423645320197
559  69.43264503441495
560  69.11572700296736
561  68.72166998011929
562  68.6161515453639
563  68.415
564  68.332
565  67.96975806451613
566  67.66026289180991
567  67.65318503538928
568  67.26524390243902
569  67.02574665293511
570  66.71177685950413
571  66.55417956656346
572  66.27329842931937
573  66.08298755186722
574  65.85534591194968
575  65.58195020746888
576  65.2964135021097
577  65.08945686900958
578  64.63095238095238
579  64.54925053533191
580  64.29989212513485
588  64.48580441640378
589  64.33966244725738
590  64.21375661375662
591  63.890074706510134
592  63.58639308855291
593  63.36830835117773
594  63.072747014115095
595  63.04843918191604
596  62.728555917481
598  63.394099051633304
599  63.33403805496829
600  63.01711229946524
601  62.82777179763187
602  62.67662753468517
603  62.357905982905976
604  62.25349087003222
605  61.785869565217396
606  61.65264293419634
607  61.20501635768811
608  61.188864628820966
609  60.820484581497794
610  60.47951273532669
611  60.439511653718085
612  60.092119866814656
613  59.90311804008908
614  59.54729729729729
615  59.40290178571429
616  59.23411371237458
617  58.86226203807391
618  58.7276836158192
619  58.61217587373169
620  58.2405498281787
621  58.167431192660544
622  57.814006888633756
623  57.73325635103926
624  57.3053613053613
625  57.16136631330977
626  57.12220916568742
627  56.81622911694511
628  56.50714285714285
629  56.471990464839095
630  56.1726618705036
631  55.94927536231884
632  55.74019607843137
633  55.46871165644171
634  55.34482758620689
635  55.0391676866585
636  54.76741293532338
637  54.667506297229224
638  54.545112781954884
639  54.24250000000001
640  53.69835234474017
641  53.69615384615385
642  53.53108108108108
643  55.56060606060606
644  58.1080459770115
645  58.1080459770115
646  62.58481012658228
647  64.0236559139785
648  65.82791586998088
649  67.63301282051282
650  68.20343839541547
651  68.45938748335553
655  69.32760595647194
656  72.07574094401757
657  72.04833512352309
658  71.48481675392671
659  71.47429171038824
660  71.07894736842105
661  70.85774058577405
662  70.58952879581152
663  70.21030494216615
664  69.89640591966173
665  69.62341772151899
666  69.24185068349107
667  68.89684210526316
668  68.60147213459517
669  68.46553552492047
670  68.08236536430834
671  67.77518557794274
672  67.45974576271186
673  67.27978723404256
674  66.9936642027455
675  66.41114616193481
676  66.21822033898304
677  65.97326203208556
678  65.88912579957356
679  65.69409282700423
680  65.51633298208641
681  65.10729613733906
682  65.02588996763754
683  64.61832061068702
684  64.22916666666667
685  64.17305585980284
686  63.82236842105263
687  63.674725274725276
688  63.551991150442475
689  63.271223814773975
690  63.06326304106548
691  62.7525195968645
692  62.655056179775286
693  62.21477272727273
694  61.965792474344354
695  61.90815154994259
696  61.73519163763066
697  61.35058823529411
698  61.25029515938607
699  61.23758865248227
700  60.96499416569428
701  60.89356725146199
702  60.32219570405728
703  60.25450180072029
704  60.20359281437126
705  59.97607655502392
706  61.37304452466907
707  63.65552995391705
708  63.798850574712645
709  63.70823798627002
710  63.53056516724337
711  63.13588850174216
712  63.05202312138728
713  62.87587006960557
714  62.870561282932414
715  61.35714285714286
716  61.34813084112149
717  61.29941520467837
718  61.26021003500584
719  60.920930232558135
720  60.539759036144574
721  60.41325301204819
722  60.27536231884058
723  60.16787439613526
724  60.03151515151515
725  60.16183574879227
726  62.15957446808511
727  63.854401805869074
728  64.55
730  66.74426229508197
731  69.89695057833859
732  74.68882175226587
733  79.53846153846153
734  83.9068673565381
735  87.37243947858472
736  88.17981651376147
737  87.80054644808743
738  87.23118766999093
739  86.87545454545455
740  86.4441391941392
741  86.02363636363637
742  85.56419529837251
743  85.21206581352834
744  84.95004541326067
745  84.448623853211
746  83.95521023765997
747  83.59564823209429
748  83.16941391941391
749  83.02566452795601
750  82.47688123300091
751  82.17582417582418
752  81.91743119266054
753  81.62419798350138
754  81.19557195571956
755  80.836246550138
756  80.38059701492537
757  80.19234360410832
758  79.83813953488372
759  79.53239436619718
760  79.14719848053181
761  78.83539486203615
762  78.65217391304348
763  78.27151051625239
764  77.98171318575554
765  77.71538461538462
766  77.38155339805826
767  77.15436893203884
768  76.81499513145083
769  76.5491723466407
770  76.25418719211822
771  76.05378486055777
772  75.92430278884463
773  75.00709939148074
775  74.73673469387755
776  74.629363449692
777  74.10996916752312
778  73.83954451345755
779  73.58127572016461
780  73.08307045215562
781  72.83438155136268
782  72.39107332624867
783  72.1134903640257
784  71.82162162162162
785  71.49021739130434
786  71.33080260303687
787  71.03947368421052
788  70.81657458563537
789  70.40793825799338
790  70.05672969966629
791  69.87020316027088
792  69.65733482642777
793  69.36145952109464
794  69.13924050632912
795  68.87528604118994
796  68.68396770472896
797  68.1946386946387
798  68.13170163170163
799  67.82994011976048
800  67.53846153846153
801  67.12379807692308
802  67.08423586040915
803  66.6891891891892
804  66.51351351351352
805  66.47724477244772
806  66.14233576642336
807  65.8957055214724
808  65.5350553505535
809  65.1769801980198
810  65.04714640198512
812  66.19951040391678
813  66.09013398294762
814  65.95110024449878
815  65.76564417177914
816  65.62655086848635
817  65.21481481481482
818  65.14108910891089
819  64.82603254067584
820  64.68513853904282
821  64.5632183908046
822  64.4047619047619
823  64.26774595267746
824  63.90561224489795
825  63.591211717709726
826  63.424528301886795
827  63.424528301886795
828  63.424528301886795
829  63.424528301886795
830  63.424528301886795
831  63.424528301886795
832  63.424528301886795
833  2.5483870967742064
834  2.5483870967742064
835  2.5483870967742064
836  2.5483870967742064
841  98.46803900325027
842  97.81808731808732
843  97.64699898270601
848  100.18001885014138
849  99.7279549718574
850  99.2090395480226
851  98.91263940520446
852  98.62907735321528
853  97.88300835654596
854  97.7037037037037
855  97.07599629286376
856  96.84508348794063
857  96.38745387453875
858  96.01113172541744
859  95.69209558823529
860  95.45662100456622
861  94.82385321100918
862  94.44821264894593
863  93.9909338168631
864  93.62912087912088
865  93.27711941659071
866  92.84007352941177
867  92.66880146386093
868  92.2133815551537
869  91.78617511520737
870  91.48498635122839
871  90.83211678832117
872  90.59926131117267
873  90.1107044830741
874  89.77746999076639
875  89.50689972401103
876  89.07228915662651
877  88.67959372114497
878  88.46375464684014
879  88.11710037174721
880  87.5765595463138
881  87.21334586466165
882  86.73055028462998
883  86.52835538752363
884  84.72978116079923
885  84.61228406909788
886  84.29672447013488
887  83.71442400774443
888  83.34824902723736
889  83.08155339805825
890  82.7
891  82.42450980392157
892  82.20505344995141
893  81.47745098039216
894  81.36176470588235
895  81.09304603330068
896  80.67754698318497
897  80.25590551181102
898  80.09126984126983
899  79.625
900  79.32765531062124
901  79.09949748743719
902  78.53705583756346
903  78.38469387755102
904  78.2321063394683
905  77.70799180327869
906  77.22325102880659
907  76.83908045977012
908  76.58602711157455
909  76.21789473684211
910  75.93432203389831
911  75.53854389721627
912  75.23642172523962
913  74.9978563772776
914  74.56318082788671
915  74.04324324324324
916  73.49888143176734
917  73.32737430167597
918  73.03662597114318
919  72.59750566893425
920  72.29862700228833
921  72.1697247706422
926  72.3903803131991
927  72.25140924464488
928  71.72222222222223
929  71.49714285714286
930  71.38285714285715
931  71.09736540664376
932  70.61734104046242
933  70.36951501154735
934  69.90330188679245
935  69.70952380952382
936  69.37041420118344
942  70.78390804597701
943  70.54805491990847
944  70.48571428571428
945  70.20116279069768
946  69.73027090694936
947  69.51518691588785
948  69.35981308411215
949  68.83073229291716
950  68.64038231780167
951  68.265625
952  68.16028708133972
954  69.42013888888889
956  69.19298245614036
957  68.7387706855792
958  68.60701754385966
959  68.36384976525821
960  67.8892900120337
961  67.83333333333333
962  67.68571428571428
963  67.58263971462544
964  67.06837606837607
965  66.9356014580802
966  66.79951690821257
967  66.66187050359713
968  66.09390243902439
969  66.08180708180709
970  66.02197802197803
971  65.40075376884423
972  65.3391959798995
973  65.13266583229036
974  64.98987341772153
975  64.57360406091371
976  64.46683673469387
977  64.25677419354838
978  63.86797385620915
979  63.61671087533156
986  65.83353733170135
987  65.4
988  65.20224719101124
989  65.15442092154422
990  65.07356608478803
991  64.93341708542714
992  64.39923954372624
993  64.27088607594936
994  64.21788413098237
995  63.674418604651166
996  63.655440414507765
997  63.329883570504535
998  63.211212516297266
999  63.074074074074076
1000  62.72266666666667
1001  62.63978494623656
1002  62.271028037383175
1003  62.12516823687753
1004  61.82650273224044
1005  61.68563685636856
1006  61.36114911080712
1007  61.01678321678321
1008  60.932203389830505
1009  60.675
1010  60.30113636363636
1011  60.30113636363636
1013  62.06763925729443
1014  61.98537234042553
1015  61.806408544726295
1016  61.66929133858268
1017  61.60732984293193
1018  62.038961038961034
1019  63.670807453416145
1020  63.74352651048089
1021  63.71481028151774
1022  63.360393603936046
1023  62.97397769516729
1024  62.93283582089552
1025  62.70573566084788
1026  62.55733662145499
1027  62.143757881462804
1028  61.98486759142497
1029  61.89473684210526
1030  61.25548387096774
1031  61.12258064516129
1032  61.05433376455369
1033  60.84974093264249
1034  60.55511288180611
1035  60.17553191489361
1036  60.09879839786382
1037  59.82210242587601
1038  59.76322751322752
1039  59.272602739726025
1040  58.89148351648352
1041  58.82506887052341
1042  58.738888888888894
1043  58.44866385372714
1044  58.174535050071526
1045  60.21418636995827
1046  63.8745148771022
1047  67.33035714285714
1048  74.55416191562144
1049  80.415611814346
1050  85.5520728008089
1051  90.19802955665024
1052  94.18934348239772
1053  96.65388213283443
1054  98.24413145539907
1055  98.09166666666667
1056  97.61278538812786
1057  97.07588075880759
1058  96.43664539653601
1059  96.14777878513146
1060  95.84761045987376
1061  95.84761045987376
1063  98.03426510369702
1064  97.74776386404292
1065  97.22202327663385
1066  96.68594306049822
1067  96.24688057040999
1068  95.8646017699115
1069  95.53743315508021
1070  94.94676131322095
1071  94.59430604982207
1072  94.25361010830325
1073  93.88967971530249
1074  93.59190853122251
1075  92.7841918294849
1076  92.60819234194123
1077  92.13774597495528
1078  91.82368655387356
1079  91.49821428571428
1080  90.89661319073083
1081  90.65008880994671
1082  90.39605734767025
1083  89.87992831541219
1084  89.41271262309758
1085  88.9237668161435
1086  88.66666666666667
1087  88.34767025089606
1088  87.77556561085973
1089  87.53561767357981
1090  87.22121486854034
1091  86.73230490018149
1092  86.55181818181818
1093  85.92363636363636
1094  85.68469294225481
1095  85.37625570776255
1096  84.9713758079409
1097  84.6492673992674
1098  84.35304990757855
1099  83.94320297951583
1100  83.64186046511628
1101  83.12346842601319
1102  82.87791239515377
1103  82.4722483537159
1104  82.21300659754948
1105  81.88878416588125
1106  81.67233238904628
1107  81.3574144486692
1108  81.07389635316699
1109  80.82392344497607
1110  80.32073643410853
1114  80.86039886039886
1115  80.6235741444867
1116  80.3589990375361
1117  79.99129593810444
1118  79.73384763741562
1119  79.32338787295477
1120  79.03210116731518
1121  78.62926829268292
1122  78.44051130776795
1123  78.098703888335
1124  77.79543197616684
1125  77.61111111111111
1126  77.15191146881288
1127  76.80541624874624
1128  76.46504559270517
1129  76.15046059365405
1130  75.64807302231237
1131  75.25766871165644
1132  74.88381742738589
1133  74.77220480668757
1134  74.09071949947862
1135  73.87578288100208
1136  73.58587987355111
1137  72.88568376068376
1138  72.75675675675676
1139  72.46004319654428
1140  72.054704595186
1141  71.56685082872929
1142  71.10259301014656
1143  70.84841628959276
1144  70.52188552188552
1145  70.4045197740113
1146  71.27027027027027
1147  72.7434497816594
1148  72.7554347826087
1149  72.82422293676314
1150  72.68729989327642
1151  72.44146079484425
1152  71.89347826086957
1153  71.57205720572057
1154  71.42904290429043
1155  70.86531986531986
1156  70.49331848552339
1157  70.33108108108108
1158  70.0148401826484
1159  69.5593023255814
1160  69.34418604651162
1161  68.98263888888889
1162  68.68107476635514
1163  68.36130536130536
1164  67.81720430107526
1165  67.78966346153847
1166  67.53388822829965
1167  66.94103489771359
1168  66.8875453446191
1169  66.78476420798066
1170  66.14110429447852
1171  66.00861008610086
1172  65.59506172839507
1173  65.22789539227895
1174  65.1637717121588
1175  65.01622971285893
1176  68.23067484662576
1177  71.3712643678161
1178  71.89067894131185
1179  71.88175675675676
1180  71.34915254237288
1181  71.00564334085779
1182  70.60928652321631
1183  70.45881006864988
1184  69.85011441647598
1186  71.37136465324384
1187  71.16276477146042
1188  71.00671140939598
1189  70.49546485260771
1190  70.1547212741752
1191  69.81986143187066
1192  69.48627002288329
1193  69.35606936416185
1194  69.00346820809249
1195  68.63023255813954
1196  68.3096926713948
1197  68.12559241706161
1198  67.78245192307692
1199  67.19420989143546
1200  67.07961399276236
1201  66.96463414634147
1202  66.36093943139679
1203  66.19183168316832
1204  65.9511889862328
1205  65.64609571788414
1206  65.1849935316947
1207  65.0525641025641
1208  64.72258064516129
1209  64.22222222222223
1210  64.25398936170212
1211  64.93832020997375
1212  65.88495575221239
1218  65.84458598726114
1219  67.14198286413709
1220  67.18573185731857
1221  67.1521472392638
1222  66.52897657213317
1223  66.33004926108374
1224  65.8776529338327
1226  65.54981084489282
1229  66.87139423076923
1230  66.8499399759904
1231  66.25367647058823
1232  66.23936816524909
1233  65.83946078431373
1234  65.54488778054863
1235  65.03703703703704
1236  64.80075187969925
1237  64.61441213653603
1238  64.33545108005083
1239  63.977040816326536
1240  63.415243101182654
1241  63.35248041775456
1242  63.167979002624676
1243  62.66982408660351
1244  62.645721925133685
1245  62.295850066934406
1246  62.295850066934406
1252  65.10731707317073
1254  64.68407960199005
1255  64.55500618046972
1256  64.3947696139477
1261  66.17827626918536
1262  66.06957547169812
1263  65.9655990510083
1264  65.70095693779905
1265  65.45157384987894
1266  65.24399038461539
1267  65.0108564535585
1268  64.68395061728395
1269  64.65973072215422
1271  66.68181818181819
1273  66.49289099526067
1274  66.17441860465117
1275  65.95381062355658
1276  65.7453488372093
1277  66.3723897911833
1278  69.13666666666667
1279  72.84126984126983
1281  74.5010060362173
1282  78.98146341463415
1283  81.0095328884652
1284  80.93994280266921
1285  80.77578051087986
1286  80.31350330500472
1287  80.07230046948357
1288  79.6487758945386
1289  79.31123919308358
1290  79.16363636363636
1291  78.84689922480621
1292  78.41000962463907
1293  78.041015625
1294  77.86901270772239
1295  77.21881188118812
1296  77.17029702970297
1297  76.84184184184184
1298  76.21414141414141
1299  75.94720812182742
1300  75.7738336713996
1301  75.04845360824743
1302  74.94300518134715
1303  74.68448637316561
1304  74.06991525423729
1305  73.78784648187633
1306  73.33405405405405
1307  72.88755458515284
1308  72.55664488017429
1309  72.33734939759036
1310  71.84192825112108
1311  71.47576099210823
1312  71.19501133786848
1313  70.88662131519274
1314  70.4462061155153
1315  70.14155251141553
1316  69.80346820809248
1317  69.65357967667437
1318  69.45402298850574
1319  69.1757225433526
1320  68.97444831591173
1321  68.45
1322  68.29739336492891
1323  67.7660606060606
1324  67.56091676718938
1325  67.41190765492102
1326  66.92092457420925
1327  66.75
1328  66.58917589175891
1329  66.28976572133169
1330  66.00750938673342
1331  65.79776674937965
1332  65.3240506329114
1333  65.15325670498085
1334  64.77806122448979
1335  64.39456662354463
1336  64.22526041666667
1337  64.1217277486911
1338  63.72751322751323
1339  63.559366754617415
1340  63.36303191489361
1341  62.942204301075265
1343  62.43360433604336
1344  62.42857142857143
1345  62.163319946452475
1346  61.919398907103826
1347  61.71448275862069
1348  61.44154057771664
1349  61.129707112970706
1350  60.81303116147309
1351  60.696709585121596
1352  60.15584415584415
1353  59.98542274052478
1354  59.7701317715959
1355  59.7701317715959
1356  59.29498525073747
1357  59.07142857142857
1358  58.83083832335329
1359  58.54115853658537
1360  58.18181818181819
1361  58.0811638591118
1362  57.654434250764524
1363  57.32915360501568
1364  57.054140127388536
1365  56.91228070175438
1366  56.67213114754098
1367  56.510673234811165
1368  55.833887043189364
1369  55.59159663865546
1370  55.472175379426645
1371  55.084048027444254
1372  54.93913043478261
1373  54.49725776965265
1374  54.93806921675774
1375  55.668171557562076
1376  55.668171557562076
1377  55.668171557562076
1378  56.81543624161074
1379  57.72386058981233
1380  59.72954545454546
1381  61.558415841584164
1382  63.5944055944056
1383  64.1698717948718
1384  63.864696734059095
1385  63.71870397643593
1387  63.63216783216784
1388  63.33053221288516
1389  63.120000000000005
1390  62.76470588235294
1392  62.328671328671334
1393  62.02216066481995
1394  61.75
1395  61.583921015514804
1396  61.26375176304654
1397  61.00853485064012
1398  60.68201438848921
1399  60.53093525179857
1400  60.301587301587304
1401  60.04233576642336
1402  59.80263157894737
1403  59.66715758468335
1404  59.34839650145773
1405  59.3293768545994
1406  58.82912332838039
1407  58.45399698340874
1408  58.40060698027314
1409  58.174578866768755
1410  57.81288343558282
1411  58.05007587253414
1412  60.63715529753266
1417  62.80848153214774
1418  65.70104438642298
1419  67.08690176322418
1426  67.98406862745098
1427  69.25179856115108
1433  71.09551208285386
1434  73.12233445566778
1441  74.58333333333333
1442  76.19593147751605
1444  75.94080996884735
1452  75.7542194092827
1453  75.60297239915074
1454  75.3061224489796
1455  75.14439655172414
1456  74.63665594855306
1457  74.19042437431992
1458  73.90131578947368
1459  73.62293274531422
1460  73.32399103139014
1461  72.91192865105909
1462  72.75946547884188
1463  72.36272321428571
1464  72.01797752808989
1465  71.69655172413793
1466  71.33409350057012
1467  70.92280701754386
1468  70.77182770663562
1469  70.68524970963995
1470  70.38156359393233
1471  69.87142857142857
1472  69.84123222748815
1473  69.59640718562875
1474  69.13461538461539
1475  68.93276283618582
1476  68.74692874692875
1477  68.42786683107275
1478  68.13530135301353
1479  67.9059405940594
1480  67.81218905472637
1481  67.44683544303797
1482  67.4007585335019
1483  66.88931297709924
1484  66.77406931964056
1485  66.68597168597168
1486  66.35058214747735
1487  66.24453024453024
1488  67.80382165605096
1489  70.47846889952153
1491  70.51511627906977
1492  69.94047619047619
1493  69.94047619047619
1494  69.43623361144219
1495  69.14880952380952
1496  69.07966706302021
1497  68.88475390156063
1498  68.61712247324614
1499  68.3943833943834
1500  68.0255164034022
