1  104.92233727810651
2  105.24889217134417
3  105.65011119347665
4  105.9948224852071
5  106.26307922272048
6  106.43933685003768
7  103.57281553398059
8  100.67561683599419
9  100.33236574746009
10  100.46618181818181
11  100.80145454545455
12  101.0424597364568
13  101.39019033674964
14  101.54050073637703
15  102.02952029520296
16  102.22304283604136
17  102.5467255334805
18  102.78438661710038
19  103.32402645113888
20  103.48856088560885
21  103.71037037037037
22  103.9985152190052
23  103.69017254313579
24  100.03601532567049
25  95.90254237288136
26  92.25643896976484
27  92.25643896976484
28  92.25643896976484
29  85.5
30  85.5
31  85.5
32  85.5
33  85.5
34  85.5
35  85.5
36  85.5
37  85.5
38  85.5
39  85.5
40  85.5
41  85.5
42  85.5
43  85.5
44  85.5
45  85.5
46  85.5
47  85.5
48  85.5
49  85.5
50  85.5
51  85.5
52  85.5
53  85.5
54  85.5
55  85.5
56  85.5
57  85.0
58  85.0
59  85.0
60  85.0
61  78.12588116817724
62  78.74157303370787
63  79.55445544554455
64  80.01683748169839
65  80.57328519855595
66  80.89071428571428
68  79.63081193615545
69  80.34044016506189
70  80.77785419532324
71  81.40949759119064
72  82.23948439620081
73  82.6776180698152
74  83.30053908355795
75  83.66891891891892
76  84.12186865267434
77  84.62567204301075
78  85.03771043771044
79  85.49093351242445
80  86.00540540540541
81  86.60508701472557
82  86.8025693035835
89  83.3979797979798
90  84.02702702702703
91  84.4804318488529
92  85.02713704206242
93  85.35815842924848
94  85.83980913428766
95  85.98841172460804
99  82.99507389162562
100  83.57271468144044
101  83.87756497948017
102  84.37226775956285
103  84.71428571428571
104  85.18388429752066
105  85.60315284441398
106  85.94016506189821
107  86.3504449007529
108  86.23598615916956
109  80.87404314544189
110  79.93203883495146
111  80.3692628650904
112  80.68413793103448
113  81.0449205252246
114  81.58632596685082
115  81.92079889807162
116  82.51373626373626
117  83.08154803040775
118  83.55631868131869
119  83.96636925188744
120  84.4951989026063
121  84.79834254143647
122  85.22076124567474
123  85.625
124  86.04692891649414
125  86.51923076923077
126  87.08413793103448
127  87.59670781893004
128  87.99724137931034
129  88.27862068965517
130  88.790601243953
131  89.13061506565307
132  89.4001386962552
133  89.96453407510431
134  90.48783877692843
135  90.97144846796657
136  91.33635097493037
137  91.80876216968011
138  92.27955493741307
139  92.65848527349229
140  93.07863604732081
141  93.56701754385965
142  93.94479385045423
143  94.63554006968641
144  95.00556715379263
145  95.5170731707317
146  95.9654442877292
147  96.36993006993006
148  96.86704384724186
149  97.40912280701755
150  97.86895585143658
151  98.02263083451203
152  92.61752988047809
153  89.15496688741722
154  89.15496688741722
155  89.15496688741722
156  89.15496688741722
157  84.22150259067358
158  84.77878787878788
159  85.09479865771812
160  85.83282208588957
161  86.6798866855524
162  87.13240418118467
163  87.68403015764223
164  88.17131203263087
165  88.6386440677966
166  89.17643051771117
167  89.57027027027027
168  90.08559782608695
169  90.60205479452055
170  91.31759946055293
171  91.81237113402062
172  91.56085526315789
173  91.56085526315789
174  91.56085526315789
175  91.56085526315789
176  91.56085526315789
177  91.56085526315789
178  91.56085526315789
179  91.56085526315789
180  91.56085526315789
181  91.56085526315789
182  91.56085526315789
183  91.56085526315789
184  91.56085526315789
185  89.5
186  89.5
187  89.5
188  87.96962879640046
189  88.5352380952381
190  88.9691923397169
191  89.36283185840708
192  89.78520499108734
193  89.78520499108734
194  89.78520499108734
195  147.85900783289816
196  147.72994652406416
197  147.72994652406416
198  147.72994652406416
199  147.72994652406416
200  147.72994652406416
201  147.72994652406416
202  85.9843912591051
203  86.61059714045416
204  87.35828877005348
205  88.25035360678925
206  88.81649484536082
207  89.24383561643836
208  89.89302640487475
209  90.4411964649898
210  90.94761584956346
211  91.3821138211382
212  91.99460552933243
213  92.4777027027027
214  93.27593220338983
215  93.63698630136986
216  94.2656142759094
217  94.65862068965517
218  95.18300205620288
219  95.64969029593944
220  96.15904292751583
221  95.83393177737881
222  95.83393177737881
223  95.83393177737881
224  95.83393177737881
225  95.83393177737881
226  95.83393177737881
227  95.83393177737881
228  95.83393177737881
229  95.83393177737881
230  80.47904869762175
231  81.06195546950629
232  81.83004926108374
233  82.25273865414711
234  82.77488855869242
235  83.48872727272727
236  83.88019732205778
237  84.57073170731708
238  85.0387275242047
239  85.56232876712329
240  86.0718194254446
241  86.91991786447639
242  87.25819672131148
246  85.54582210242587
247  85.9965940054496
248  86.44915824915824
249  86.94361413043478
250  87.65426251691476
251  88.07967589466577
252  88.42162162162163
253  89.00543109300747
254  89.33197000681663
255  89.91508152173913
256  90.27846364883402
257  90.76454483230664
258  91.1659891598916
259  91.74759945130316
260  92.38987688098496
261  92.64866712235133
262  93.15918367346939
270  93.12397260273973
271  93.64192439862543
272  93.96691936595451
273  94.50068775790922
274  94.85269709543569
275  95.37914364640883
276  91.55034965034965
277  88.08947006194082
278  88.1629680998613
279  88.70401106500691
280  89.04752066115702
281  89.6125
282  90.12863070539419
283  90.53573907009022
284  91.07952973720609
285  91.90568654646324
286  92.32575757575758
287  92.79056865464632
288  93.19024725274726
296  90.86845730027548
297  91.2915512465374
298  91.94355400696864
299  92.29923451635351
300  92.66829951014695
301  93.1513249651325
302  93.62991573033707
303  94.31258840169731
304  94.75798438608942
305  95.0142755174875
309  93.28843441466854
310  93.64722617354197
311  94.14762242725337
312  94.79459843638948
313  95.27674750356633
314  95.68201133144476
315  96.10369318181819
316  96.48090523338048
317  97.03255484784148
318  97.4690576652602
319  97.9070262597587
320  98.30391459074733
321  99.16392269148174
322  99.60014409221901
323  99.74577516531963
324  96.99659284497444
325  94.25234899328859
326  94.25234899328859
327  94.25234899328859
328  94.25234899328859
329  94.25234899328859
330  94.25234899328859
331  78.20471464019852
332  79.00847457627118
333  79.52205220522052
334  79.94235588972431
335  80.58208955223881
336  81.22785768357305
337  81.60247994164843
338  82.31285714285714
339  83.26652601969057
340  83.69671558350804
341  84.36615811373093
342  84.68836565096953
343  85.27560137457044
344  85.68514715947981
345  86.32992501704157
346  86.6978954514596
347  87.48544346648612
348  87.9370345294516
349  88.42596348884382
350  88.66643975493533
352  86.09803921568627
353  86.61522911051213
354  87.08973487423522
355  87.53757616790791
356  88.25559322033898
357  88.83503749147921
358  89.14051841746249
359  89.7064406779661
360  90.10884353741497
361  90.5621546961326
362  90.9938144329897
365  88.82817869415807
366  89.12852233676976
367  89.50068681318682
368  89.984268125855
369  90.40712816997944
370  90.88472032742156
371  91.26308539944904
377  88.27110501029513
378  88.89484536082475
379  89.3573883161512
380  89.8446132596685
381  90.28205128205128
382  90.68128044537231
383  91.53522099447514
388  90.00828729281768
389  90.52400835073068
390  91.02821748107364
391  91.51900483759502
392  92.22252937111264
393  92.66083916083916
394  93.06810284920084
397  90.71477900552486
398  91.16943291839557
399  91.61752433936022
400  92.12508591065293
401  92.81881051175657
402  93.36016655100624
403  93.71458333333334
404  94.33960948396094
405  94.84070175438596
406  95.29465541490858
407  95.72573839662448
408  96.241330502477
409  96.78263937896966
410  97.49111584932481
411  98.09578270192995
412  98.41815582558971
413  99.04996431120628
414  99.55283968368082
415  100.15539568345324
416  100.71813546977421
417  101.17548948513416
418  101.91630276564774
419  102.63311451495258
420  102.94200743494423
421  103.6090169992609
422  104.21716417910449
423  104.65461254612546
424  105.17809239940388
425  105.78614008941878
426  106.21390778533636
427  107.1144578313253
428  107.42042042042041
429  107.97972972972973
430  108.68673780487805
431  108.9758854559156
432  109.65749235474007
433  110.17086193745233
434  110.66795366795367
435  108.5875190258752
436  104.64217487141808
437  104.75
438  105.12091988130564
439  105.50333086602517
440  105.84119850187267
441  106.2987208427389
442  106.84281437125748
443  107.19714070729873
444  107.69969742813919
445  108.47288006111535
446  108.95801526717557
447  109.5290964777948
448  109.97611710323574
449  110.54419677171407
450  111.05667701863354
451  111.56575875486382
452  112.29085222830336
453  112.7432859399684
454  113.82783018867924
455  114.3921875
456  114.8623417721519
457  115.41496062992127
458  152.48666666666668
459  152.48666666666668
460  152.48666666666668
461  152.48666666666668
462  113.25875796178343
463  106.50537634408602
464  102.28114478114477
465  98.84525357607282
466  98.84525357607282
467  98.84525357607282
468  98.84525357607282
469  90.5077519379845
470  90.49791666666667
471  90.94195250659631
472  91.94457831325302
473  92.56468797564688
474  93.0800881704629
475  93.60445082555636
476  94.15696022727273
477  94.74647887323944
478  92.55169971671388
479  87.80434782608695
480  84.51795580110497
481  85.32709632709633
482  85.97581202487906
483  86.55396174863388
484  87.16221765913758
485  87.77129120879121
486  88.21969696969697
487  88.80301990391214
488  89.28796169630643
495  87.94125777470629
496  88.36820083682008
497  89.10422535211268
498  89.86633663366337
499  90.2963224893918
500  90.8005698005698
501  91.47798295454545
502  91.9298866855524
503  92.60271041369472
504  92.9447983014862
505  93.67116477272727
506  94.01357142857142
507  94.96291012838802
508  95.4586305278174
509  95.96482412060301
510  96.384011420414
511  97.06852248394004
512  97.69017094017093
513  98.23908375089476
514  98.9049676025918
515  99.35760634462869
516  100.27436823104694
517  100.90275761973875
518  101.59051094890512
519  102.11665443873808
520  102.6504005826657
521  103.28937728937728
522  103.56222222222223
523  98.5307467057101
524  92.65902578796562
525  91.11731843575419
526  91.57665260196906
527  92.17647058823529
528  92.67814476458187
529  93.32466619817288
530  93.77824858757062
531  94.38061797752809
532  94.9484827099506
533  95.5616631430585
534  96.27892122072392
535  96.78637331440737
536  97.35724533715926
537  97.9891930835735
538  97.66448801742919
539  91.95761494252874
540  85.59788732394367
541  80.76625172890733
542  80.83759502418798
543  81.72570640937285
544  82.26849315068493
545  82.95681973954764
546  83.5098976109215
547  84.12474437627812
548  84.80766598220397
549  85.28434723171566
550  85.9673469387755
551  86.46930422919509
553  84.01367053998634
554  84.77762619372442
555  85.21243169398907
556  85.94137695978186
557  86.68116927260367
558  87.16757865937072
559  87.78868438991138
560  88.76274643099931
561  89.22933884297521
565  86.62774725274726
566  87.19535519125684
567  87.82328767123288
568  88.30511945392492
573  87.62962962962963
574  88.19545767377839
575  88.856159669649
576  89.3042876901798
577  90.00827015851137
578  90.94831150930393
579  91.49445214979195
580  92.07941988950276
588  91.97368421052632
589  92.50383275261323
590  92.99029126213593
591  93.51639916259596
592  94.10118632240057
593  94.7238962859145
594  95.29716312056738
595  95.81267605633803
596  95.75727466288147
597  91.92696629213484
598  88.76912378303199
599  88.12112869924295
607  87.97160664819944
608  88.36914600550965
609  88.87318087318087
610  89.2979902979903
611  89.9117849758787
612  90.4355616815989
613  91.09874826147427
614  91.89908899789769
615  92.27729257641921
616  90.39411764705882
617  88.59885386819484
618  88.5
625  88.92447916666667
626  89.62793427230046
627  90.07121364092276
628  90.44078361531612
629  91.06065573770492
630  91.4754746835443
631  92.34687735139202
632  92.79302501895376
633  93.2621722846442
637  90.72139303482587
638  91.17765440666204
639  91.64384508990318
640  92.4588804422944
647  90.949083503055
648  91.44589041095891
649  92.17803547066849
650  92.55997258396162
651  93.12960436562074
652  93.60356652949245
653  91.35448275862069
654  88.16916780354707
655  85.94880546075085
656  86.0426703372333
657  86.59233926128591
658  87.4550408719346
659  87.9931506849315
660  88.5127674258109
661  89.1106471816284
662  89.57152826238661
665  88.04292751583392
666  88.425952045134
667  89.31210191082802
668  89.81599433828733
669  90.2963224893918
670  90.87803138373752
671  91.35582386363636
672  91.81455064194009
673  92.41654778887303
674  92.9273903666427
675  93.6
676  94.2057761732852
677  94.74657039711191
678  95.20116194625999
679  95.82796486090776
680  96.26564774381367
681  96.92318946598391
682  97.40528634361233
683  98.01994091580502
684  97.95484826054775
685  93.76249094858798
686  94.07283321194464
687  94.48306332842415
688  94.99487554904832
689  95.42426470588235
690  95.90154298310065
691  96.3078618662748
692  96.78244837758112
693  97.36532738095238
694  97.98665678280207
695  98.49664929262843
696  99.0979228486647
697  99.53943452380952
698  100.11595273264402
699  100.52674591381873
700  101.10945644080417
701  100.40374531835207
702  93.8734455010973
703  90.86564996368918
704  91.11979547114682
705  91.65712187958884
706  92.01550960118169
707  92.68563092633114
708  93.12453669384729
709  93.58679525222551
710  94.06511976047904
711  94.95014880952381
712  95.40946656649136
713  95.90327380952381
714  96.42643764002987
715  96.98270676691729
716  97.44728915662651
717  98.04661654135339
718  98.54470938897168
719  99.16629213483145
720  99.8552036199095
721  100.35735735735736
722  100.69825625473844
729  96.88441461595824
730  97.37313432835822
731  97.9634601043997
732  98.43656716417911
733  98.94331065759637
734  99.47943156320119
735  99.8862951807229
736  100.59066967644846
737  100.59066967644846
739  95.56449275362318
740  95.99122165325531
741  96.32771260997067
742  96.86196769456681
743  97.27192336035372
744  97.87749077490776
745  98.33333333333334
746  98.7410447761194
747  99.50185873605949
748  100.04903417533433
749  100.60626398210292
750  100.99035608308606
751  101.60986547085201
752  101.9940119760479
753  102.69571750563486
754  103.11675511751326
755  102.97859327217125
756  96.67132352941177
757  93.42044636429085
758  93.47901591895803
759  93.8896247240618
760  94.45487894350697
761  95.01482579688658
762  95.52335063009637
763  96.01726726726727
764  96.45733532934132
765  97.20736288504884
766  97.74380165289256
767  98.42867867867868
768  98.39924812030075
769  93.79095626389919
770  89.7532751091703
771  87.17498192335502
772  87.90342205323194
773  88.57701149425287
774  89.10871183916605
775  89.72490706319702
776  90.28026412325752
777  90.74300441826215
778  91.29102844638949
779  91.77490774907749
780  92.43079200592155
781  92.77531411677754
782  93.65430267062314
783  92.55472263868066
784  89.00073152889539
785  88.34919472913616
786  89.07634730538922
787  89.40528301886792
788  89.95886312640239
789  90.56033182503771
790  91.07249626307922
791  91.78441754916793
792  92.33051498847041
793  92.75890826383623
794  93.23917995444191
795  93.7382397572079
796  94.23071104387292
797  94.72602739726027
798  95.2370820668693
799  95.7221801665405
800  96.51499250374812
801  96.9750755287009
802  97.46043707611153
803  98.09015777610819
804  98.65387509405568
805  99.1582895723931
806  99.69946605644546
807  100.27471698113207
808  100.74924471299093
809  101.59954751131221
810  102.24528301886792
811  102.6605922551253
812  103.27389984825493
813  103.87996941896024
814  104.37789799072644
815  100.93267776096823
816  96.8019216555802
817  94.45680819912153
823  92.56370370370371
824  90.83381712626996
831  89.82116788321167
832  90.10050983248361
833  90.54945054945055
834  91.1353711790393
835  91.63257852447042
836  92.57810218978102
837  92.88700147710487
838  93.49814951887491
839  93.95022288261515
840  92.94996265870053
841  91.1464829586657
846  89.10354815351195
847  88.9378612716763
848  89.23840579710145
849  89.75962236746551
850  90.19796954314721
851  90.75707034082669
852  91.24458874458874
853  92.10310021629417
854  92.59404502541757
855  93.08254887762492
856  93.62178072111847
857  94.18548387096774
858  94.59351988217968
859  95.075
860  95.63316214233309
861  96.14475627769572
862  96.86800894854586
863  97.35488721804512
864  97.90060240963855
865  98.36528301886793
866  96.0390977443609
867  93.12276785714286
868  90.89304029304029
869  91.7114537444934
870  92.1349147516679
871  92.8919523099851
872  93.49625187406296
873  93.92164179104478
874  94.53817365269461
875  94.9565868263473
876  95.53684210526316
881  93.56326219512195
882  94.00681302043907
883  94.61637604245641
884  95.05610310841547
885  95.74374526156178
886  96.12100456621005
887  96.71331316187594
888  97.22681992337165
889  98.1841704718417
890  98.48097412480973
891  95.50860134629768
892  92.52402402402403
893  88.8513612950699
894  86.73425054308473
895  86.7
902  86.77629733520337
903  86.46153846153847
908  86.99087078651685
909  85.34623358673117
910  85.8498957609451
911  86.30865051903115
912  86.95145631067962
913  87.45839112343967
914  88.06219765031099
915  88.92141863699582
916  89.22144358794674
918  87.3702928870293
919  87.94224077940153
920  88.4658774373259
921  89.04378040305768
922  89.50976290097628
923  90.05730258560448
924  91.01120448179272
925  91.40212014134275
926  91.85067232837933
927  92.45280340667139
928  92.95609065155807
929  93.56564939673527
930  92.593147751606
931  90.24714285714286
932  89.34847409510292
933  90.1981534090909
934  90.65832737669764
935  91.42277580071175
936  91.81857142857143
937  92.48820586132952
938  92.81968390804597
939  93.54306049822064
940  93.95275590551181
941  94.55850681981335
942  95.52783803326102
943  95.98540145985402
944  96.55051244509517
945  97.12472647702407
946  97.84897360703812
947  98.38095238095238
948  98.98081180811809
949  99.57006603081439
950  100.20499632623071
951  101.08518518518518
952  99.91586001489203
953  97.54306569343066
954  94.83744557329463
955  91.34813753581662
956  88.31311706629054
957  86.50070323488045
963  84.63924050632912
964  84.61048951048951
965  85.10861948142957
966  85.6824512534819
967  86.25296995108316
968  86.99791086350974
969  87.91991643454038
970  88.39486467730742
971  88.99720865317515
972  89.61414565826331
973  90.19153365718252
974  90.78686233403215
981  90.1740638002774
982  90.69117647058823
985  89.9590562109646
986  90.74301675977654
987  91.18143754361479
988  91.82035087719298
989  92.47009148486981
990  92.98664792691497
991  93.57556497175142
992  94.20099079971692
993  94.63128096249115
994  93.0206847360913
995  86.35463483146067
996  82.7935393258427
997  81.9894142554693
998  82.63291139240506
999  83.16950354609929
1000  83.84820801124386
1001  84.37853107344633
1002  85.04198740377886
1003  85.61914744933613
1004  86.53347280334728
1005  87.22230014025246
1006  87.89144050104385
1007  88.33075299085151
1008  89.05832747716093
1009  89.57352941176471
1010  90.24912526242127
1011  90.84065155807366
1012  91.32303370786516
1018  86.78531855955679
1019  87.24479889042996
1020  87.8906797477225
1021  88.42887175893483
1022  89.31446540880503
1023  89.98877192982457
1024  90.51093860268172
1029  88.92806770098731
1030  89.45585068198133
1031  90.36121124729632
1032  90.88150289017341
1033  91.54857560262965
1034  92.0648882480173
1039  90.21246458923513
1040  88.37769784172662
1041  85.02207977207978
1042  83.17550143266476
1043  83.86542591267
1044  84.38948116560057
1045  85.01921708185053
1046  85.46104360257327
1047  86.16156583629893
1048  86.87012065294535
1049  87.80549682875264
1050  88.14235377026074
1051  88.95258315640481
1052  89.46208362863217
1053  89.99435426958362
1054  88.52744119743407
1055  85.29894736842105
1056  83.7480755773268
1057  83.81341719077568
1058  84.36312849162012
1059  85.0063069376314
1060  85.59680777238029
1061  86.2651356993737
1062  86.97340797760671
1063  87.55246699096595
1064  88.18041958041958
1065  87.88943661971831
1066  83.73128061581525
1067  83.98642857142858
1068  84.71894960965224
1069  85.33238231098431
1070  86.01549295774647
1071  86.62402826855124
1072  87.22150997150997
1073  87.95325779036827
1074  88.29278642149929
1075  89.3226723525231
1076  89.95851216022889
1077  90.56774193548387
1078  91.26255380200861
1079  91.71489971346705
1080  92.45689655172414
1081  93.0343347639485
1082  93.58029978586724
1083  94.14337175792507
1084  95.05076142131979
1085  94.99927219796216
1086  90.3203743700504
1087  85.68851303735025
1088  84.4048951048951
1096  84.06500691562933
1097  84.71911663216011
1098  85.3749138525155
1099  86.00897790055248
1100  86.6267217630854
1101  87.21266345492086
1102  88.13145216792843
1103  88.79008947006194
1104  89.32391454169539
1105  89.9696342305038
1106  90.59346768589297
1107  91.12033195020747
1108  91.85911602209944
1109  92.5076495132128
1110  91.70906535488405
1111  87.15840220385675
1119  87.52433936022253
1120  88.54975643702157
1121  89.0492264416315
1122  89.70633802816901
1123  90.23876404494382
1124  90.85182584269663
1125  91.31007751937985
1126  91.84936350777934
1127  92.4794034090909
1128  93.23994354269584
1129  92.81267806267806
1130  91.2421052631579
1131  90.11376404494382
1135  88.66737288135593
1136  85.57182901191311
1137  85.17468175388967
1138  85.66428060128848
1139  86.16154395997141
1140  86.90186246418338
1141  87.28
1142  87.97140814867763
1143  88.35836909871244
1144  89.07532281205165
1145  89.57936507936508
1146  90.56978417266187
1147  91.0194384449244
1148  91.615770609319
1149  92.29136690647482
1150  92.74963820549928
1151  89.5696750902527
1152  86.0149359886202
1153  82.69871794871794
1154  81.31653655074521
1158  79.94835007173602
1159  78.79388770433546
1160  79.64393395549175
1161  80.19700214132763
1162  80.81520966595593
1163  81.4140625
1164  82.454802259887
1165  83.03706343549537
1166  83.70592383638927
1167  84.44310954063604
1168  85.0365682137834
1169  85.65633802816902
1170  85.77832861189802
1171  82.28693790149893
1172  79.67492917847025
1173  77.33832976445396
1174  77.95836324479541
1175  78.53037884203002
1176  79.27741935483871
1177  79.78111587982832
1178  80.5275590551181
1179  81.18404025880662
1180  81.78540462427746
1181  82.39496402877698
1183  80.47691197691198
1184  81.10377358490567
1185  81.67795389048992
1186  82.37175792507205
1187  82.89416846652267
1188  83.62875536480686
1189  84.1676217765043
1190  84.94623655913979
1191  85.77
1192  83.07764198418404
1193  80.24262059035277
1194  77.9942321557318
1195  78.88736462093863
1196  79.53134110787173
1197  80.0384336475707
1198  80.70722977809592
1199  81.65926986399427
1200  82.35785714285714
1201  82.96328293736501
1202  83.64351523742027
1203  84.20770877944325
1204  84.89721627408994
1205  85.5096222380613
1206  86.11646297627605
1207  86.80271622587563
1208  87.87885304659498
1209  88.21033740129218
1210  88.96829971181556
1211  89.46521739130435
1212  90.12877697841726
1213  90.63675832127352
1214  91.2051649928264
1215  90.96581818181818
1216  87.26931407942239
1217  83.03408266860043
1218  83.59797541576283
1219  84.0855072463768
1220  84.73007896625987
1221  85.23640319071791
1222  85.94207096307024
1223  86.48158844765344
1224  87.07431457431457
1225  87.76287164612037
1226  88.60970311368574
1227  89.0974358974359
1228  86.26219956300073
1229  83.46366279069767
1230  81.4945770065076
1231  81.92465252377468
1232  82.48755490483163
1233  83.11682586333578
1234  83.65795206971677
1235  84.57369942196532
1236  85.1907179115301
1237  85.89565217391305
1238  86.43804664723032
1239  87.09479015918959
1240  87.81336238198983
1241  86.63088235294117
1242  83.25912408759125
1243  79.92994100294985
1244  76.72606382978724
1245  76.0111801242236
1246  76.0111801242236
1247  75.72769409038239
1248  75.89134808853119
1249  76.5904761904762
1250  76.89529220779221
1251  77.6355140186916
1252  78.41145038167939
1253  79.38970588235294
1254  79.86710239651416
1255  80.62896253602305
1256  81.36564504632929
1257  81.90184921763868
1258  82.5926449787836
1259  83.27433004231311
1260  83.94275618374559
1261  84.69354838709677
1262  85.6484593837535
1263  86.19747013352072
1264  86.85283812193413
1265  86.73765867418899
1266  83.44926522043387
1267  81.37640449438203
1268  81.44950911640954
1269  82.16491228070176
1270  83.06826178747362
1271  83.73333333333333
1272  84.37282229965157
1273  85.00701754385965
1274  85.55160390516039
1280  82.65937940761636
1281  83.35834502103786
1282  83.87035739313245
1283  84.58041958041959
1284  85.16350877192983
1285  85.77466759972009
1286  86.48877980364657
1287  87.08738548273432
1288  88.1114245416079
1289  88.8889674681754
1290  89.41101694915254
1291  90.11527581329561
1292  90.80071174377224
1293  91.4278535534817
1294  92.10078627591136
1295  92.61388286334056
1296  89.6695464362851
1297  85.29787234042553
1298  82.29608540925267
1299  81.81658468025299
1300  82.30508474576271
1301  82.82599580712788
1302  83.62691771269178
1303  84.2640056022409
1304  84.80112044817928
1305  85.46545708304257
1306  86.47790055248619
1307  87.14175977653632
1308  87.87168758716876
1309  86.91456582633053
1310  84.77180739706908
1311  82.57232267037553
1312  82.22739916550765
1315  79.78936319104268
1316  78.59708737864078
1317  79.23291492329149
1318  79.71855455177206
1319  80.36706210746685
1320  81.03571428571429
1321  81.70173010380623
1322  82.48163548163548
1323  83.0104748603352
1324  84.00208478109799
1325  84.74913614374569
1326  85.31575294934073
1327  86.06592643997224
1328  86.79276773296245
1329  87.41446453407511
1330  88.12856150104238
1331  88.87569444444445
1332  89.48491228070175
1333  90.34719334719335
1334  91.2235294117647
1335  91.70055710306407
1336  92.5205574912892
1337  93.13189113747383
1338  93.71388499298737
1339  94.59161931818181
1340  93.61653599429793
1341  86.28393351800554
1342  86.58494475138122
1343  87.15800415800416
1344  88.05121107266436
1345  88.56599861782999
1346  89.2739251040222
1347  89.97245179063361
1348  90.55045233124565
1349  91.15756738078784
1350  92.17590027700831
1351  92.81097984711606
1352  93.59451862262826
1353  94.10916724982505
1354  94.79873328641801
1355  91.44028268551237
1356  85.42806770098731
1357  79.7238029146426
1358  76.2527397260274
1359  77.28035470668486
1360  77.83651226158038
1361  78.63015551048005
1362  79.45675675675676
1363  80.18535930154466
1364  80.90261920752182
1365  81.54959785522789
1366  82.37882822902796
1367  83.07873485868102
1368  84.10924932975871
1371  82.68598382749326
1372  83.52742044685172
1373  84.36142953472691
1374  85.0148849797023
1375  85.78787878787878
1376  86.52457912457912
1377  87.62754409769335
1378  88.25727826675694
1385  88.2540650406504
1386  89.23149394347242
1387  89.95350404312669
1388  90.20776566757493
1394  87.99182561307902
1395  88.98096532970769
1396  89.55223880597015
1397  90.22048846675712
1398  90.92140921409214
1399  91.34761904761905
1407  88.91331058020478
1408  89.38121170864534
1409  90.09332425068119
1410  90.82448979591837
1411  91.3544648943422
1412  92.40707964601769
1413  89.94057377049181
1414  87.65016949152542
1415  86.49357674104124
1416  87.05778382053025
1417  87.68800539083558
1418  88.22350543478261
1419  88.86440677966101
1420  89.41972789115647
1421  90.41344195519348
1422  91.10182063385031
1423  91.6360544217687
1424  92.21689189189189
1425  91.44924554183814
1426  89.68685478320715
1427  88.27192336035372
1428  87.2949806949807
1429  86.58439609902476
1430  86.504243281471
1431  87.0406447091801
1432  87.42248603351955
1433  87.89669421487604
1434  88.37508650519031
1435  89.02532511978097
1436  89.42535787321063
1437  90.06403269754769
1438  90.3508174386921
1440  88.5412406271302
1441  89.10061182868797
1442  89.45708446866485
1448  88.39227642276423
1453  88.12695179904956
1454  88.66190476190476
1455  89.14617486338798
1456  89.71759890859481
1461  88.84044016506189
1462  89.3274094326726
1466  87.39067854694997
1467  87.98684210526316
1468  88.39764052741153
1469  89.01881533101046
1470  89.53064066852367
1471  90.10216934919524
1472  90.58827634333566
1473  91.20207612456747
1474  91.76519916142557
1475  92.79901960784314
1476  93.31276297335204
1477  93.93877551020408
1478  94.36382828993666
1479  94.43705799151344
1480  90.81338028169014
1481  86.96850944716586
1482  84.0381414701803
1483  84.73979238754325
1484  85.3736187845304
1485  86.04441360166551
1486  86.76104972375691
1487  87.33633217993079
1488  87.97567755385684
1489  88.43154968728284
1490  89.13365650969529
1491  89.67642956764296
1492  90.60362875087229
1493  91.18832522585129
1494  91.81551362683439
1495  92.48565430370888
1496  92.92711983181499
1497  93.65819209039547
1498  94.14867762687634
1499  94.80100214745885
1500  95.43450250536864
