1  99.66321525885559
2  100.17612419700214
5  99.9500542888165
8  100.00269978401728
9  100.08148947652455
10  99.40229257641921
11  97.99460334592553
12  97.97357065803668
13  97.95361380798275
14  98.03546480386889
15  98.07242489270386
16  98.07300053676866
18  98.09597855227882
20  98.1427810335642
21  98.16338477913783
23  98.2624
24  98.3196371398079
25  98.38280832888415
26  98.40758547008548
27  98.45673076923077
28  98.47030497592294
29  98.5032154340836
30  98.50776647027317
31  98.62387267904509
33  98.59034852546917
34  98.77979690005344
36  98.82976445396146
37  99.0621983914209
38  99.1936864633494
39  99.23799359658484
40  99.40224959828602
41  99.40332975295382
42  99.46716899892357
43  99.48918918918919
44  99.53434288804759
45  99.55989159891598
47  99.54300168634063
48  99.60842237586424
49  99.60842237586424
50  99.60842237586424
51  99.60842237586424
52  99.60842237586424
53  99.60842237586424
54  99.60842237586424
55  99.60842237586424
56  99.60842237586424
57  99.60842237586424
58  99.60842237586424
59  99.60842237586424
60  99.60842237586424
61  99.60842237586424
62  99.60842237586424
63  99.60842237586424
64  99.60842237586424
65  99.60842237586424
66  99.60842237586424
67  99.60842237586424
68  99.60842237586424
69  99.60842237586424
70  99.60842237586424
71  99.60842237586424
72  99.60842237586424
73  99.60842237586424
74  99.60842237586424
75  99.60842237586424
76  99.60842237586424
77  99.60842237586424
78  99.60842237586424
79  99.60842237586424
80  99.60842237586424
81  99.60842237586424
82  99.60842237586424
83  99.60842237586424
84  99.60842237586424
85  99.60842237586424
86  99.60842237586424
87  99.60842237586424
88  99.60842237586424
89  99.60842237586424
90  99.60842237586424
91  99.60842237586424
92  99.60842237586424
93  99.60842237586424
94  99.60842237586424
95  99.60842237586424
96  99.60842237586424
97  99.60842237586424
98  99.60842237586424
99  99.60842237586424
100  99.60842237586424
101  99.60842237586424
102  99.60842237586424
103  99.60842237586424
104  99.60842237586424
105  99.60842237586424
106  99.60842237586424
107  99.60842237586424
108  99.60842237586424
109  99.60842237586424
110  99.60842237586424
111  99.60842237586424
112  99.60842237586424
113  99.60842237586424
114  99.60842237586424
115  99.60842237586424
116  99.60842237586424
117  99.60842237586424
118  99.60842237586424
119  99.60842237586424
120  99.60842237586424
121  99.60842237586424
122  99.60842237586424
123  99.60842237586424
124  99.60842237586424
125  99.60842237586424
126  73.0965283657917
127  72.54503616042078
128  72.45782431646306
129  72.42543859649123
130  72.35938330675172
131  72.31149245969839
132  72.247565351102
133  72.28485153497735
134  72.34734734734735
136  72.48229426433915
137  72.82277227722773
138  73.00897308075773
139  73.17533432392274
140  73.50819672131148
141  73.80192016169782
142  74.10888108379328
143  74.28447837150127
144  74.52313167259787
145  74.78378378378379
146  75.00670794633643
147  75.23048716605552
148  75.68892421833598
149  75.92494600431965
150  75.94731064763995
151  76.110183639399
152  76.43084803642573
154  76.52199074074075
155  76.81340265742345
156  76.86573263280793
158  76.98147075854082
159  77.03341013824885
160  77.29331046312178
161  77.60284090909092
163  77.64866401364412
164  77.76744186046511
165  77.81792399319342
166  77.86966420034149
168  77.91776127926899
169  78.06041426927503
170  78.17076023391813
171  78.20619158878505
172  78.30529411764707
174  78.43687018375815
175  78.44239904988123
176  78.475
177  78.48900772430184
178  78.61913250148544
179  78.85953377166766
180  79.10554245283019
181  79.16568742655699
182  79.23636363636363
183  79.4798833819242
185  79.55400696864112
186  79.57531865585167
187  79.69534883720931
188  79.81680280046675
189  80.08807985907222
190  80.23090586145648
191  80.23418095801301
192  80.26353361094587
194  80.33671641791045
195  80.50239234449761
196  80.52220248667851
197  80.57458233890215
198  80.71017964071856
199  80.96139927623643
201  80.9903498190591
202  81.08168168168169
203  81.31019915509958
205  81.3750756200847
207  81.65926814637072
209  81.75270108043217
211  81.86153846153846
213  81.73232908458864
214  81.57330290929835
215  81.50228050171037
216  81.40901408450705
217  81.32571109871724
218  81.31984691088026
219  81.23654159869494
221  81.36664885088189
222  81.28465998945704
223  81.26717557251908
225  81.2367758186398
226  80.22408536585365
227  80.15384615384616
228  80.21639180409795
229  80.38919186911254
230  80.56547619047619
231  80.80664352999504
232  80.92545365375184
233  81.09751340809362
234  81.25875486381322
235  81.48751200768491
236  81.75704057279236
237  81.91193181818181
238  82.01983002832861
239  82.1096926713948
240  82.75591296121098
241  83.02144522144522
242  83.05802526906879
243  83.24137931034483
245  83.34096216721159
246  83.36997193638915
247  83.37231057062675
248  83.37231057062675
250  83.36738519212746
251  83.37985948477751
252  83.4797580269893
255  83.47828117702008
256  83.5450723960766
258  83.58017765310893
259  83.63295880149813
260  83.72261072261072
261  83.77943229409027
262  83.85747554727527
263  83.93895619757689
264  84.00607476635514
267  84.18814192343604
269  84.1248821866164
270  84.22769953051643
271  84.37821411874708
272  84.3805060918463
273  85.19927040583676
274  85.25366300366301
282  85.25502101821579
283  85.48187732342008
284  85.61240671641791
285  86.0134011090573
287  85.6304143126177
288  85.69009433962265
290  84.8752446183953
291  85.0617042115573
292  86.41248817407758
293  86.87601723312589
295  86.90067178502879
296  87.85780885780886
298  88.21517815826006
301  88.45177902621722
303  88.62070588235294
304  88.64316138192144
305  88.71658767772512
306  88.72649976381672
307  89.44131238447319
311  89.49193919852603
312  89.54030400736987
313  89.6643709825528
314  90.34970707525913
316  90.51782449725776
319  90.53721682847896
320  90.72407407407407
321  90.73911028730306
322  91.13003663003663
323  91.2536496350365
324  91.35377574370709
325  91.83804744525547
327  91.53391785879096
328  91.65161290322581
329  91.69280442804428
330  91.80185185185185
331  91.90279069767442
332  92.09242144177449
333  92.24248033317909
334  92.4299628942486
336  92.44827586206897
337  92.59179869524696
339  92.58840169731259
340  92.69610636277302
341  93.09488022545796
342  93.30097993467102
343  93.34410112359551
344  93.40187353629976
346  93.42944785276073
348  93.45605700712589
349  93.6875589066918
350  93.7289896128423
351  93.86299435028249
352  94.35677689799721
354  94.38328664799253
355  94.47945845004668
356  94.47945845004668
361  94.7907196969697
362  94.82472761724301
363  94.93444180522566
367  95.5417853751187
368  95.5417853751187
369  95.5417853751187
370  95.5417853751187
371  95.92697961119013
373  95.76521322472449
374  95.76521322472449
375  95.76521322472449
376  95.76521322472449
378  96.31752873563218
380  96.34598750600674
381  96.46522781774581
383  96.57826086956521
385  96.65795839380745
388  96.69399707174232
389  96.79833578071464
391  96.88108108108108
392  97.01379310344828
393  97.59745347698335
395  97.66260360799609
396  97.66260360799609
398  97.66086524117355
404  97.49769585253456
407  97.68205394190872
410  97.70320855614973
412  98.0413756045137
415  98.35591397849463
418  97.98586772187676
419  98.11646586345381
420  98.2037037037037
422  99.00936220011702
423  99.06242568370988
429  98.82322910019144
431  98.92441860465117
433  98.88786885245901
434  98.9438202247191
435  99.2331571994716
436  99.35507733691998
437  99.40765614506381
438  99.47058823529412
439  99.59594594594594
440  99.756146179402
441  99.8627844712182
442  99.89652870493993
444  100.02213279678068
445  100.24949152542374
447  100.39142273655548
448  100.46562287270251
449  100.48173207036535
450  100.48173207036535
451  100.48173207036535
452  100.48173207036535
453  100.48173207036535
454  100.48173207036535
455  100.48173207036535
456  100.48173207036535
457  100.48173207036535
458  100.48173207036535
459  100.48173207036535
460  100.48173207036535
461  100.48173207036535
462  100.48173207036535
463  100.48173207036535
464  100.48173207036535
465  100.48173207036535
466  100.48173207036535
467  100.48173207036535
468  100.48173207036535
469  100.48173207036535
470  100.48173207036535
471  100.48173207036535
472  100.48173207036535
473  100.48173207036535
474  100.48173207036535
475  100.48173207036535
476  100.48173207036535
477  100.48173207036535
478  100.48173207036535
479  100.48173207036535
480  100.48173207036535
481  100.48173207036535
482  100.48173207036535
483  100.48173207036535
484  100.48173207036535
485  100.48173207036535
486  100.48173207036535
487  100.48173207036535
488  100.48173207036535
489  100.48173207036535
490  100.48173207036535
491  100.48173207036535
492  100.48173207036535
493  100.48173207036535
494  100.48173207036535
495  100.48173207036535
496  100.48173207036535
497  100.48173207036535
498  100.48173207036535
499  100.48173207036535
500  100.48173207036535
501  100.48173207036535
502  100.48173207036535
503  100.48173207036535
504  100.48173207036535
505  100.48173207036535
506  100.48173207036535
507  100.48173207036535
508  100.48173207036535
509  100.48173207036535
510  100.48173207036535
511  100.48173207036535
512  100.48173207036535
513  100.48173207036535
514  91.19147344801794
515  90.5058910162003
516  89.51951738821859
518  88.88173652694611
519  86.72280966767372
520  84.81024096385542
521  83.94452347083926
522  82.74336870026525
523  82.39085989176188
524  82.21232492997198
525  82.00209095661265
526  81.51762902401636
527  81.32790224032587
528  81.30482347091
529  80.02858601327208
530  78.7805255023184
531  78.74162436548224
532  78.60463943519919
533  78.51746506986028
534  78.42523596621957
535  78.36254381572358
538  78.31203566121843
539  78.3078070611636
541  78.33448959365708
544  78.36531734132933
545  78.3785
546  78.4232116058029
547  78.72758964143426
548  78.79689844922461
549  79.27670144063586
551  79.26629610914604
552  79.55689828801611
554  79.52263581488934
555  79.78232323232324
557  79.87841945288754
558  79.90415821501014
559  80.01630157921548
560  80.16793893129771
561  80.40915953699044
562  80.43331655762456
563  80.47029204431017
564  80.49043303121853
565  80.5497223624432
566  80.62594649167087
567  80.83366834170855
568  80.89994972347914
569  80.89994972347914
570  81.06015037593986
572  81.36413586413586
574  81.54788306451613
575  81.73604826546003
576  81.76262626262626
577  81.81951466127401
579  82.0969696969697
580  82.24734982332156
581  82.25618999494694
582  82.26909458775923
583  82.35678137651821
584  82.85483055134041
585  82.95610494450051
587  82.98277608915907
589  83.35465994962216
591  83.24645748987854
597  83.23052959501558
598  83.30649350649351
599  83.3729079497908
600  83.76979166666666
601  83.9087610160705
603  84.03997923156801
604  84.03997923156801
605  84.06402915148361
606  84.13667188315075
607  84.2470036477332
608  84.27505219206681
609  84.31901519119958
610  84.70707596253902
611  84.86206896551724
612  84.918410041841
613  84.99372384937239
615  85.06628090478695
616  85.06628090478695
617  85.15271195365982
618  85.15947368421052
619  85.2055730809674
620  85.28374801482266
621  86.2212480660134
622  86.24470831182241
623  86.35194672131148
624  86.37846153846154
625  86.49100257069409
626  86.5305912596401
627  86.57585139318886
628  86.69385647909138
629  86.87370062370063
630  86.93173527879104
631  86.93340270551509
633  87.34160206718346
635  87.49170984455958
636  87.49636174636174
637  87.49765747006768
639  87.66039707419017
640  87.89791666666666
641  88.00104712041885
642  87.82861635220125
643  86.15918580375782
644  86.0411672746222
645  85.9090909090909
646  86.1898075923037
647  86.57718120805369
648  86.71139896373057
650  86.51646628332462
651  86.64973821989528
652  86.76172904586188
653  86.75810738968633
654  86.06555491661875
655  85.93447293447294
656  85.93447293447294
657  85.93447293447294
658  85.93447293447294
659  85.93447293447294
660  85.93447293447294
661  85.93447293447294
662  85.93447293447294
663  85.93447293447294
664  85.93447293447294
665  83.86759581881533
667  83.93846153846154
668  83.86830985915493
669  84.47001934235976
670  84.83414932680539
671  85.2635173591349
672  85.39891304347826
674  85.64736032803691
675  85.84957941613062
676  86.12565445026178
679  86.48271092669432
681  86.74658780709736
682  86.68535262206149
683  86.51071591427268
684  85.62172284644194
685  85.98794063079778
686  86.46196150320807
687  86.46312414109025
688  86.49085086916743
689  86.56327089995432
690  86.57672927164452
691  86.585969738652
692  86.585969738652
695  86.64908256880734
700  86.7333643555142
701  86.88563458856346
702  87.17177344475395
708  87.25751879699249
710  87.06258890469417
711  87.17335243553009
713  87.28154875717017
714  87.37223823246877
716  87.53493975903615
718  87.54180763653939
722  87.60564751703993
724  87.13250620347395
725  87.60735294117647
726  87.67970660146699
728  87.22666000998503
729  87.22666000998503
730  87.73270750988142
732  87.20090863200404
736  87.2183316168898
737  87.45318158303155
738  87.54033092037228
745  87.52210974960043
746  87.62540021344716
747  87.89376693766938
748  87.95132504056247
749  88.0319264069264
750  88.45551982851018
751  88.59859913793103
752  88.97041420118343
754  88.92845439650465
755  89.08164383561643
756  89.78440860215053
758  89.9186295503212
759  90.01336898395722
761  90.02265372168284
762  90.14030335861322
766  90.4247311827957
767  90.65954035275254
768  90.7323259579061
770  90.6144578313253
771  90.72261580381472
772  90.80427631578948
773  90.82855567805953
774  91.07003891050584
777  91.15830985915493
779  91.33050367855121
780  89.7651775486827
781  88.98894706224549
782  88.93492155723416
783  88.94483159117306
784  89.061260210035
785  89.18219097832454
786  89.20691676436108
787  89.2692987625221
788  89.28857479387514
789  89.5020479812756
791  89.59638905066977
795  89.68253968253968
796  89.68393172454385
797  89.89233469865418
800  89.91021854695806
802  90.08243080625752
803  90.22549609140108
804  90.40131578947368
806  90.30235365117683
807  90.68452739313666
808  90.84610778443114
810  90.92330736968245
812  90.76576576576576
813  90.82971227246037
814  91.42422535211267
815  91.69026548672566
818  91.99659367396593
819  92.14580335731415
820  92.26694717157551
821  92.12476370510397
822  92.06117647058824
823  92.06117647058824
824  92.06117647058824
825  92.06117647058824
826  92.06117647058824
827  92.06117647058824
828  92.06117647058824
829  92.06117647058824
830  92.06117647058824
831  92.06117647058824
832  92.06117647058824
833  92.06117647058824
834  92.06117647058824
835  92.06117647058824
836  92.06117647058824
837  92.06117647058824
838  92.06117647058824
839  92.06117647058824
840  92.06117647058824
841  92.06117647058824
842  92.91360891778913
843  92.91360891778913
844  92.91360891778913
845  93.20262664165104
846  93.25773195876289
847  93.25773195876289
848  93.25773195876289
849  93.25773195876289
850  93.25773195876289
851  93.25773195876289
852  93.25773195876289
853  93.25773195876289
854  93.25773195876289
855  93.25773195876289
856  93.25773195876289
857  93.25773195876289
858  93.25773195876289
859  93.25773195876289
860  93.25773195876289
861  93.25773195876289
862  93.25773195876289
863  93.25773195876289
864  93.25773195876289
865  93.25773195876289
866  93.25773195876289
867  93.25773195876289
868  93.25773195876289
869  93.25773195876289
870  93.25773195876289
871  93.25773195876289
872  93.25773195876289
873  93.25773195876289
874  93.25773195876289
875  93.25773195876289
876  93.25773195876289
877  93.25773195876289
878  93.25773195876289
879  93.25773195876289
880  93.25773195876289
881  148.20992366412213
882  148.20992366412213
883  148.20992366412213
891  95.659174072138
892  95.659174072138
893  95.659174072138
894  95.659174072138
895  95.659174072138
896  95.659174072138
897  95.659174072138
898  95.659174072138
899  95.659174072138
900  95.659174072138
901  95.659174072138
902  95.659174072138
903  95.659174072138
904  95.659174072138
905  95.659174072138
906  95.659174072138
907  95.659174072138
908  95.659174072138
909  95.659174072138
910  95.659174072138
911  95.659174072138
912  95.659174072138
913  95.659174072138
914  95.659174072138
915  95.659174072138
916  95.659174072138
917  95.659174072138
918  95.659174072138
919  95.659174072138
920  95.659174072138
921  95.659174072138
922  95.659174072138
923  95.659174072138
924  95.659174072138
925  95.659174072138
926  95.659174072138
927  95.659174072138
928  95.659174072138
929  95.659174072138
930  95.659174072138
931  95.659174072138
932  95.659174072138
933  95.659174072138
934  97.73033707865169
935  97.73033707865169
936  97.73033707865169
937  97.73033707865169
938  98.01390319258496
939  98.01390319258496
940  98.01390319258496
941  98.28221178925403
942  98.28221178925403
943  98.28221178925403
944  98.28221178925403
945  98.28221178925403
946  98.28221178925403
947  98.28221178925403
948  98.80496828752644
949  98.80496828752644
950  98.80496828752644
951  98.80496828752644
952  98.80496828752644
953  98.80496828752644
954  98.80496828752644
955  98.80496828752644
956  98.80496828752644
957  98.80496828752644
958  98.80496828752644
959  98.80496828752644
960  98.80496828752644
961  98.80496828752644
962  98.80496828752644
963  98.80496828752644
964  98.80496828752644
965  98.80496828752644
966  98.80496828752644
967  98.80496828752644
968  98.80496828752644
969  98.80496828752644
970  98.80496828752644
971  98.80496828752644
972  98.80496828752644
973  98.80496828752644
974  98.80496828752644
975  98.80496828752644
976  98.80496828752644
977  98.80496828752644
978  98.80496828752644
979  98.80496828752644
980  98.80496828752644
981  98.80496828752644
982  98.80496828752644
983  98.80496828752644
984  98.80496828752644
985  98.80496828752644
986  98.80496828752644
987  98.80496828752644
988  98.80496828752644
989  98.80496828752644
990  98.80496828752644
991  98.80496828752644
992  98.80496828752644
993  98.80496828752644
994  98.80496828752644
995  98.80496828752644
996  98.80496828752644
997  98.80496828752644
998  98.80496828752644
999  98.80496828752644
1000  98.80496828752644
1001  98.80496828752644
1002  98.80496828752644
1003  98.80496828752644
1004  98.80496828752644
1005  98.80496828752644
1006  98.80496828752644
1007  98.80496828752644
1008  98.80496828752644
1009  98.80496828752644
1010  98.80496828752644
1011  98.80496828752644
1012  98.80496828752644
1013  98.80496828752644
1014  98.80496828752644
1015  98.80496828752644
1016  98.80496828752644
1017  98.80496828752644
1018  98.80496828752644
1019  98.80496828752644
1020  98.80496828752644
1021  98.80496828752644
1022  98.80496828752644
1023  98.80496828752644
1024  98.80496828752644
1025  98.80496828752644
1026  98.80496828752644
1027  98.80496828752644
1028  98.80496828752644
1029  98.80496828752644
1030  98.80496828752644
1031  98.80496828752644
1032  98.80496828752644
1033  98.80496828752644
1034  98.80496828752644
1035  98.80496828752644
1036  98.80496828752644
1037  98.80496828752644
1038  98.80496828752644
1039  94.93871706758304
1040  85.57563272513244
1041  84.56135151155898
1042  84.40155131264916
1044  84.20581257413997
1046  84.36294564582116
1047  84.34089586969168
1048  84.48358733880423
1049  84.99823736780259
1050  85.22922804949911
1051  85.23938679245283
1052  85.58274231678487
1053  85.59252669039147
1054  85.86186186186187
1055  85.95672791938352
1056  86.00119688809096
1057  86.18876941457587
1058  86.51143200962696
1059  86.63389626055489
1060  86.86807228915663
1062  87.16444981862152
1063  87.37462235649546
1064  87.37787182587667
1065  87.44614443084456
1066  87.96419902912622
1067  88.02781136638453
1069  88.23076923076923
1071  88.60962241169305
1072  88.65890998162891
1073  88.81746031746032
1074  88.8246359223301
1075  89.23956442831216
1076  89.26458208057727
1077  89.3536511768256
1078  89.62139423076923
1079  89.78164367126574
1080  89.90789473684211
1081  90.05357142857143
1083  90.27283441367119
1084  90.31209818819404
1087  90.30227140361094
1088  90.35540069686411
1090  90.43333333333334
1094  90.44086651053864
1096  90.44353899883586
1098  90.66628242074928
1100  90.77039106145251
1101  90.78500551267916
1102  91.22870915907873
1104  91.30857142857143
1105  91.51272912423626
1106  91.6944865958523
1108  91.56316054353296
1109  91.6885
1110  91.77556109725685
1112  91.79103726082577
1113  91.86589068825911
1114  91.88342625443487
1115  92.01988781234064
1116  92.41557128412538
1118  92.10809426229508
1119  92.47834946510443
1120  92.73065173116089
1124  92.77182952182952
1126  92.80897097625329
1128  93.15507169410515
1131  93.18632202477113
1132  93.1896551724138
1134  93.19104155423638
1136  93.35364526659413
1137  93.45230263157895
1138  93.5049504950495
1139  93.58062740781509
1140  93.61218836565097
1141  93.62249443207126
1142  93.66201896263246
1143  93.76323119777159
1145  93.87165178571429
1146  93.92689732142857
1147  94.32433920704845
1148  94.39622641509433
1149  94.39966555183946
1150  94.45561139028476
1152  94.7126886528787
1156  94.75633089476646
1157  94.80777903043969
1158  94.87219730941705
1160  94.90730337078652
1161  94.96676056338028
1162  94.97349125775521
1163  95.10736368746487
1165  95.08300395256917
1166  95.21097285067873
1167  95.43139469226426
1168  95.54581225407533
1170  95.71630005640158
1171  95.83909348441927
1172  95.95457126632596
1174  95.9965655409273
1176  96.05973578403217
1179  96.20551090700344
1180  96.35331412103747
1181  96.51845444059977
1182  96.56978085351787
1183  96.62993039443155
1184  96.96699478865084
1186  97.05400696864112
1187  97.24048442906575
1189  97.3946604759141
1191  97.35421545667447
1192  97.40058479532163
1193  97.50850439882697
1194  97.70418385385975
1196  97.81
1198  97.92014092777453
1199  97.97416324133881
1200  98.06411764705882
1202  98.1733727810651
1204  98.1778304682869
1205  98.20286396181385
1206  98.24597014925374
1207  98.26646706586826
1208  98.32004759071981
1209  95.93301997649824
1210  95.27427898763979
1211  95.23758865248227
1213  95.19214753123141
1215  95.2130460801915
1221  95.21636363636364
1222  95.20557913887204
1225  95.44437726723096
1228  95.62158884172226
1229  95.6579745300182
1230  95.85279805352798
1231  96.00911854103344
1232  96.15239829993928
1233  96.35407854984894
1234  96.37462235649548
1235  96.42891712038718
1238  96.48479318734793
1241  96.47938461538462
1242  96.51640866873065
1243  96.53598014888337
1244  96.62088253573648
1245  96.81597005614472
1246  96.87064676616916
1248  96.88401253918495
1250  96.88372093023256
1251  97.0551724137931
1252  97.59863945578232
1253  97.67532467532467
1254  97.67532467532467
1255  97.73387096774194
1257  97.78584729981378
1258  97.84462399005594
1260  97.98381070983811
1261  98.02423865755128
1262  98.1694290976059
1264  98.22440220723482
1265  98.3058608058608
1267  98.41075794621027
1268  98.56146788990826
1269  98.82986536107711
1271  98.80609756097562
1272  98.86780905752754
1273  98.99141104294478
1274  99.29451219512195
1275  99.30122699386503
1276  99.34916718075263
1277  99.34916718075263
1278  99.34916718075263
1279  99.34916718075263
1280  99.93867638129933
1281  99.93867638129933
1282  99.93867638129933
1283  99.93867638129933
1284  99.93867638129933
1285  100.36160188457009
1286  100.36160188457009
1287  100.36160188457009
1290  97.88883196721312
1291  97.97874493927125
1292  98.31154036651807
1295  98.37671905697445
1296  98.28916256157635
1297  98.28916256157635
1298  98.28916256157635
1299  98.28916256157635
1300  98.28916256157635
1301  98.28916256157635
1302  98.28916256157635
1303  98.28916256157635
1304  98.28916256157635
1305  98.28916256157635
1306  98.28916256157635
1307  98.28916256157635
1308  98.28916256157635
1309  98.28916256157635
1310  98.28916256157635
1311  98.28916256157635
1312  98.28916256157635
1313  98.28916256157635
1314  98.28916256157635
1315  98.28916256157635
1316  98.28916256157635
1317  98.28916256157635
1318  98.28916256157635
1319  98.28916256157635
1320  98.28916256157635
1321  98.28916256157635
1322  98.28916256157635
1323  98.28916256157635
1324  98.28916256157635
1325  98.28916256157635
1326  98.28916256157635
1327  98.28916256157635
1328  98.28916256157635
1329  98.28916256157635
1330  98.28916256157635
1331  98.28916256157635
1332  98.28916256157635
1333  98.28916256157635
1334  98.28916256157635
1335  98.28916256157635
1336  98.28916256157635
1337  98.28916256157635
1338  98.28916256157635
1339  98.28916256157635
1340  98.28916256157635
1341  98.28916256157635
1342  98.28916256157635
1343  98.28916256157635
1344  98.28916256157635
1345  98.28916256157635
1346  98.28916256157635
1347  98.28916256157635
1348  98.28916256157635
1349  98.28916256157635
1350  98.28916256157635
1351  98.28916256157635
1352  98.28916256157635
1353  98.28916256157635
1354  98.28916256157635
1355  98.28916256157635
1356  98.28916256157635
1357  98.28916256157635
1358  98.28916256157635
1359  98.28916256157635
1360  98.28916256157635
1361  98.28916256157635
1362  98.28916256157635
1363  98.28916256157635
1364  98.28916256157635
1365  98.28916256157635
1366  98.28916256157635
1367  98.28916256157635
1368  98.28916256157635
1369  98.28916256157635
1370  98.28916256157635
1371  98.28916256157635
1372  98.28916256157635
1373  98.28916256157635
1374  98.28916256157635
1375  98.28916256157635
1376  98.28916256157635
1377  98.28916256157635
1378  98.28916256157635
1379  98.28916256157635
1380  98.28916256157635
1381  98.28916256157635
1382  98.28916256157635
1383  98.28916256157635
1384  98.28916256157635
1385  98.28916256157635
1386  98.28916256157635
1387  98.28916256157635
1388  98.28916256157635
1389  98.28916256157635
1390  98.28916256157635
1391  98.28916256157635
1392  98.28916256157635
1393  98.28916256157635
1394  98.28916256157635
1395  98.28916256157635
1396  98.28916256157635
1397  98.28916256157635
1398  98.28916256157635
1399  98.28916256157635
1400  98.28916256157635
1401  98.28916256157635
1402  98.28916256157635
1403  98.28916256157635
1404  98.28916256157635
1405  98.28916256157635
1406  98.28916256157635
1407  98.28916256157635
1408  98.28916256157635
1409  98.28916256157635
1410  98.28916256157635
1411  98.28916256157635
1412  98.28916256157635
1413  98.28916256157635
1414  98.28916256157635
1415  98.28916256157635
1416  98.28916256157635
1417  98.28916256157635
1418  98.28916256157635
1419  98.28916256157635
1420  98.28916256157635
1421  98.28916256157635
1422  98.28916256157635
1423  98.28916256157635
1424  98.28916256157635
1425  98.28916256157635
1426  98.28916256157635
1427  98.28916256157635
1428  98.28916256157635
1429  98.28916256157635
1430  98.28916256157635
1431  98.28916256157635
1432  98.28916256157635
1433  98.28916256157635
1434  98.28916256157635
1435  98.28916256157635
1436  98.28916256157635
1437  98.28916256157635
1438  98.28916256157635
1439  98.28916256157635
1440  98.28916256157635
1441  98.28916256157635
1442  98.28916256157635
1443  98.28916256157635
1444  98.28916256157635
1445  98.28916256157635
1446  98.28916256157635
1447  98.28916256157635
1448  98.28916256157635
1449  98.28916256157635
1450  98.28916256157635
1451  98.28916256157635
1452  98.28916256157635
1453  98.28916256157635
1454  98.28916256157635
1455  98.28916256157635
1456  98.28916256157635
1457  98.28916256157635
1458  98.28916256157635
1459  98.28916256157635
1460  98.28916256157635
1461  98.28916256157635
1462  98.28916256157635
1463  98.28916256157635
1464  98.28916256157635
1465  98.28916256157635
1466  98.28916256157635
1467  98.28916256157635
1468  98.28916256157635
1469  98.28916256157635
1470  98.28916256157635
1471  98.28916256157635
1472  98.28916256157635
1473  98.28916256157635
1474  98.28916256157635
1475  98.28916256157635
1476  98.28916256157635
1477  98.28916256157635
1478  98.28916256157635
1479  98.28916256157635
1480  98.28916256157635
1481  98.28916256157635
1482  98.28916256157635
1483  98.28916256157635
1484  98.28916256157635
1485  98.28916256157635
1486  98.28916256157635
1487  98.28916256157635
1488  98.28916256157635
1489  98.28916256157635
1490  98.28916256157635
1491  98.28916256157635
1492  98.28916256157635
1493  98.28916256157635
1494  98.28916256157635
1495  98.28916256157635
1496  98.28916256157635
1497  98.28916256157635
1498  98.28916256157635
1499  98.28916256157635
1500  98.28916256157635
