1  74.30905861456483
2  74.70130641330167
3  74.82468694096602
4  74.84356197352587
5  74.92079806529625
6  75.07069486404833
7  75.22019464720195
8  75.35160098522168
9  75.52829028290283
10  75.68073394495413
11  75.85171568627452
12  75.98706099815158
13  76.05795314426634
14  76.39925834363412
15  76.48214285714286
16  76.64202094886014
17  76.83549783549783
18  77.00682382133995
19  77.33126165320074
20  77.40185758513933
21  77.66997518610422
22  77.86716325263811
23  78.00062189054727
24  78.178125
25  78.3153942428035
26  78.499375
28  77.63358302122347
29  77.74092615769712
30  77.845625
31  77.92606516290726
32  78.20551378446115
33  78.3205289672544
34  78.52641509433963
35  78.63871374527112
36  78.86235072281583
37  79.09791535060013
38  79.22438717787556
39  79.36576121288692
40  79.53744493392071
41  79.70878079595704
42  79.99241466498104
43  80.18216318785579
44  80.28598484848484
45  80.42378241619228
46  80.64068441064639
47  80.88145315487571
48  81.08328035600763
49  81.30525649145028
50  81.34815756035579
51  81.46687898089172
52  81.83729903536978
53  81.90115532734275
54  82.16613213598461
55  82.30872056015276
56  82.38761174968072
57  82.56482670089859
58  82.75824175824175
59  82.91189710610932
60  83.16966580976863
67  139.07046070460706
68  141.26210826210826
69  140.89473684210526
70  140.89473684210526
71  140.89473684210526
72  140.89473684210526
73  67.53966699314398
74  67.63589301121657
75  67.7875
76  68.08127721335269
77  68.31901840490798
81  68.39794608472401
82  68.50253807106598
83  68.78271918678526
84  68.89051559516231
85  68.93070565797838
86  69.15997450605481
87  69.17230376515634
88  69.87221869040052
90  70.12927756653993
91  70.16793893129771
92  70.35143769968052
93  70.5247461928934
94  70.63964534515516
95  70.72779552715654
96  70.82352941176471
97  70.97817715019255
98  71.18601667735729
99  71.46035805626599
100  71.48750800768738
101  71.74709677419355
102  71.82731958762886
103  71.94774193548388
104  71.97998708844416
105  72.10946555054733
106  72.25032258064516
107  72.66796368352789
108  72.70957309184993
109  72.91736604260814
110  73.12337662337663
111  73.38120104438643
112  73.53245901639345
113  73.63213114754099
114  73.82665791201576
115  73.93836065573771
116  74.14576493762311
117  74.365308804205
118  74.58300653594772
119  74.68786885245902
120  74.81299212598425
121  74.99147540983607
122  75.07798165137615
123  75.36828309305373
124  75.53320184089415
125  75.86631716906946
126  76.25088841506752
129  138.07476635514018
130  138.07476635514018
131  138.07476635514018
133  71.73579801623085
134  71.94391244870042
136  72.10639606396064
137  72.56051344743277
138  72.72249690976514
139  72.77189666036547
140  72.8168130489335
141  72.96175548589342
142  73.24811083123426
143  73.50062814070351
144  73.57403906742282
145  73.77232704402516
146  73.88179519595448
147  73.96270543615677
148  74.10170562223627
149  74.27555555555556
150  74.36058301647655
151  74.48829854522454
152  74.8655303030303
153  74.91967109424415
154  75.117237008872
155  75.26742712294043
156  75.40177439797212
157  75.46119592875318
158  75.66350411132194
159  75.94095238095238
160  76.03682539682539
161  76.29310344827586
162  76.38853503184713
163  76.48535031847133
164  76.57864450127877
165  76.90512820512821
166  77.07193320488118
167  77.16698656429942
168  77.30479233226838
169  77.53281853281854
170  77.68863049095607
171  78.00580270793037
172  78.12403598971723
173  78.18762088974854
174  78.37427652733119
175  78.53816300129365
176  78.66601815823606
177  78.88353936239427
178  79.18859364873623
179  79.27888960619755
180  79.44660194174757
181  79.59675324675325
182  79.8203788373612
183  79.9509483322433
184  80.19440832249676
185  80.29430789133247
186  80.42894224529526
187  80.61768530559168
188  80.71587197909862
190  79.50259403372245
191  79.52720207253886
192  79.72319688109162
193  80.01353092783505
194  80.08419023136247
195  80.28507078507079
196  80.47646679561574
197  80.51290322580645
198  80.69439071566731
206  80.15290322580645
207  80.28258064516129
208  80.41283214517175
209  80.5618556701031
210  80.61404639175258
211  80.73096774193549
212  80.81476683937824
219  80.35935483870968
220  80.47459807073955
221  80.58687258687259
222  80.60077269800387
223  80.80129449838188
224  80.87823834196891
225  81.0194678780013
226  81.16515544041451
227  81.30206985769728
228  81.34695201037613
229  81.33311730395334
230  80.46460746460747
231  80.51610824742268
232  80.67098445595855
233  80.84710474951204
234  80.89178617992177
235  81.00389105058366
236  81.14996767937944
237  81.33527131782945
238  81.34841628959276
239  81.5475113122172
240  81.64447317388493
241  81.8
242  81.83214053350683
243  82.00130975769483
244  82.19804560260586
245  82.27911515940143
246  82.29231770833333
247  82.43721535458685
248  82.5843648208469
249  82.78645833333333
250  82.89311475409836
251  83.04533508541392
252  83.16067929457871
253  83.23818897637796
254  83.34186351706036
255  83.5192936559843
256  83.61417322834646
257  83.76215505913272
258  83.99013806706114
259  84.01775147928994
260  84.14003944773175
261  84.22536136662286
262  84.4733727810651
263  84.60382333553065
264  84.67986798679868
265  84.82419035029743
266  84.97683653209795
267  85.15691489361703
268  85.30379746835443
269  85.48239202657807
270  85.6439894319683
271  85.70974155069582
272  85.81739707835325
273  85.93094289508632
274  86.22699798522498
275  86.3261744966443
276  86.48893360160966
277  86.61796246648794
278  86.78561917443409
279  86.84569138276554
280  87.1341874578557
281  87.19811320754717
282  87.30572390572391
283  87.38284942606347
284  87.57894736842105
285  87.83378016085791
286  88.01543624161074
287  88.11343686698177
288  88.17297297297297
289  88.19824086603518
290  88.45768449559918
291  88.54169491525424
292  88.6849593495935
293  88.88391038696538
294  89.04829931972789
295  89.19796610169492
296  89.30821452817379
297  89.51531654186522
298  89.6493860845839
299  89.74025974025975
300  89.8952772073922
301  90.08503401360544
302  90.27800546448087
303  90.47505126452495
304  90.69114619080302
305  90.77731958762887
306  90.86932599724896
307  91.01720578114247
308  91.23076923076923
309  91.38042729152309
310  91.64270905321355
311  91.75484764542936
312  91.93449477351916
313  91.99652052887961
314  92.13444213444214
315  92.41944444444445
316  92.62073764787752
317  92.69214732453092
318  92.80516759776536
319  92.95194986072423
320  93.15266106442577
321  93.3134223471539
322  93.52180028129395
323  93.71820098383697
324  93.79578947368421
325  94.07347795661302
328  136.3237704918033
330  134.3134328358209
331  134.3134328358209
332  134.3134328358209
333  134.3134328358209
335  81.04003558718861
336  81.36954858454476
337  81.55555555555556
338  81.57198192382182
339  81.80910240202276
340  81.9164047768699
342  82.0213567839196
343  82.17114303560275
344  82.33585858585859
345  82.52110901071204
346  82.70817610062893
347  82.75831202046035
348  82.82496782496783
349  82.96069587628865
350  83.09014267185474
351  83.19830949284786
352  83.42320155541154
353  83.53082414016872
354  83.63860103626943
355  83.7496740547588
356  83.86049543676663
357  83.92397660818713
358  84.04503916449086
359  84.18590998043052
360  84.29300196206671
361  84.5045751633987
362  84.64794252122796
363  84.7819253438114
364  84.86993464052287
365  84.96274509803922
366  85.08196721311475
367  85.21277997364953
368  85.29163923633969
369  85.51706036745406
370  85.63241106719367
371  85.74556213017752
372  85.8439763001975
373  85.94792353328938
374  86.16908850726553
375  86.25330687830687
376  86.37674418604651
377  86.54551495016611
378  86.71684350132627
379  86.7899271040424
380  86.90450928381964
381  87.08021390374331
382  87.2374916611074
383  87.33668005354752
384  87.43954575818303
385  87.53004005340453
386  87.6428093645485
387  87.94377510040161
388  88.08400537634408
389  88.09482178883658
390  88.25033467202142
391  88.49598393574297
392  88.50703281982585
393  88.65211551376763
394  88.80161943319838
395  88.95273463875759
396  89.09642616318274
397  89.18328840970351
398  89.28561827956989
399  89.53328850033624
400  89.78084962913015
401  90.04959785522789
404  132.85099337748343
406  139.19753086419752
407  145.4375
408  145.4375
410  80.10008271298594
411  80.36266855926189
412  80.4833442194644
413  80.52551984877127
414  80.55727554179566
415  80.86172839506173
416  80.97856705450091
417  81.03159851301115
418  81.15047021943573
419  81.26282457251425
420  81.35487959442332
421  81.45825366475462
422  81.5530012771392
423  81.7543296985247
424  81.80576923076923
425  81.83397435897436
426  81.9744081893794
427  82.21136653895275
428  82.39372599231754
429  82.51790281329923
430  82.7134578235673
431  82.76208897485493
432  82.87953367875647
433  82.97416020671835
434  83.08938906752411
435  83.25611325611325
436  83.63106796116504
437  83.73151750972762
438  83.86588541666667
439  83.91423001949317
440  84.00064935064935
441  84.18152244632401
442  84.48494764397905
443  84.66470971950424
444  84.79856115107914
445  84.95543905635648
446  85.0058862001308
447  85.13552631578948
448  85.35714285714286
449  85.54862023653088
450  85.68861092824227
451  85.82765399737877
452  85.97900262467192
453  86.21868787276343
454  86.2601194426012
455  86.51428571428572
456  86.6168100595632
457  86.7001321003963
458  86.875
459  87.12690019828156
460  87.29442970822281
461  87.35619174434088
462  87.59615384615384
463  87.74421678783874
464  87.99800664451827
465  88.11324503311258
466  88.21956087824351
467  88.36950732356857
468  88.414
469  88.62649800266311
470  88.79069767441861
471  89.1410512308716
472  89.236508994004
473  89.42228152101401
474  89.47526737967914
475  89.57591973244148
476  89.75486903962391
477  90.13654618473896
478  90.20772303595206
479  90.46097883597884
482  130.77364864864865
483  130.77364864864865
484  138.97229219143577
485  138.97229219143577
486  138.97229219143577
487  138.97229219143577
488  78.75634517766497
489  76.67651888341544
490  76.63835810332625
491  76.46073298429319
492  76.45161290322581
493  74.84573829531813
494  73.03588235294117
495  73.18068720379146
496  73.2558001189768
497  73.34813925570228
498  73.74574209245742
499  75.32844932844932
500  75.51741293532338
501  75.67349472377406
502  75.87593052109182
503  75.92111801242235
504  76.06433479075578
505  76.36792452830188
506  76.51532207629769
507  76.81988742964353
508  76.94406463642014
509  77.01927860696517
510  77.3081721771678
511  77.470625
512  77.54642409033877
513  77.77028714107365
514  77.90954460386774
515  78.18301061836353
516  78.45625
517  78.5209244222361
518  78.65034526051475
519  78.85373509102322
520  79.10970996216898
521  79.2813880126183
522  79.3800505050505
523  79.45896464646465
524  79.71392405063291
525  80.0768253968254
526  80.19367088607595
527  80.27393785668991
528  80.45708836617928
529  80.6343949044586
530  80.82617062219371
531  80.89878283151826
532  81.10613810741688
533  81.33226632522407
534  81.47692307692307
535  81.72867222578576
536  81.87532133676092
537  81.91307147456536
538  81.98646907216495
539  82.07459807073955
540  82.20654265554843
541  82.37693298969072
542  82.72597402597403
543  82.75097529258778
544  82.91807542262679
545  82.94408322496749
546  83.01100323624595
547  83.15738341968913
548  83.21868916288125
549  83.55035737491878
550  83.60923276983095
551  83.83864671437865
552  83.91737150292778
553  83.95
554  84.06619078520441
555  84.16666666666667
556  84.54177545691905
557  84.58800521512386
558  84.72120418848168
559  84.84148727984345
560  84.95365535248042
561  85.0313315926893
562  85.09614126880314
563  85.44957152274226
564  85.58421052631579
565  85.70526315789473
566  85.75657894736842
567  85.85158311345647
568  85.95197368421053
569  86.22067594433399
570  86.3155436957972
571  86.38789088489688
572  86.49301397205589
573  86.6870026525199
574  86.82395764394441
575  86.96279069767442
576  87.13875917278186
577  87.20187165775401
578  87.35043304463692
579  87.42704863424383
580  87.55555555555556
581  87.79732441471572
582  87.95847287340925
583  88.09224598930481
584  88.16454849498328
585  88.26590756865372
586  88.38085676037483
587  88.61699258260283
588  88.82983050847457
589  89.02626262626262
590  89.15003348961822
591  89.21744966442952
592  89.29099462365592
593  89.48115746971736
594  89.60284167794316
595  89.84081632653061
596  90.00202839756592
597  90.09398242055443
598  90.33536585365853
599  90.40421195652173
600  90.51702997275204
601  90.68826739427013
602  90.82116040955631
603  90.88251366120218
604  91.24166099387338
605  91.31972789115646
606  91.42603953646899
607  91.52912954078135
608  91.6710254645561
609  91.82135523613962
610  91.90472926662098
611  92.01587301587301
612  92.42896174863388
613  92.42896174863388
614  92.42896174863388
615  92.42896174863388
616  134.08474576271186
617  137.84722222222223
618  137.84722222222223
619  137.84722222222223
621  79.49960660896932
622  79.76203032300593
623  79.81800766283524
624  80.0018656716418
625  80.25652173913043
626  80.35084427767354
627  80.5192546583851
628  80.61212886923563
629  80.63901203293223
630  80.80141843971631
631  80.95164410058027
632  81.0875160875161
633  81.31177976952625
634  81.37902187902188
635  81.47619047619048
636  81.62694300518135
637  81.80077871512005
638  81.91742522756827
639  81.94996751137101
640  82.19146183699871
641  82.25501618122978
642  82.45919689119171
643  82.70006506180871
644  82.80221210149642
645  82.91115434500648
646  82.98122977346279
647  83.05692108667529
648  83.21806451612903
649  83.57672301690508
650  83.67641325536063
651  83.76928104575164
652  83.94163424124514
653  84.00259571706684
654  84.09656513285807
655  84.36018336607728
656  84.53002610966057
657  84.63636363636364
658  84.8495748855461
659  84.92549019607843
660  85.0909090909091
661  85.34628044766293
662  84.95297191378184
663  83.77225130890052
664  83.8791639451339
665  83.90737116764514
666  84.16470588235295
667  84.34231274638633
668  84.48655737704918
669  84.59013157894736
670  84.7001312335958
671  84.81580666231221
672  84.97110965200262
673  85.06973684210526
674  85.25396825396825
675  85.41215323645972
676  85.62007874015748
677  85.742444152431
678  85.80209698558322
679  86.02894736842106
680  86.15287888815354
681  86.26542800265428
682  86.4188829787234
683  86.62747688243064
684  86.82936507936508
685  87.0284203569068
686  87.17154255319149
687  87.27563249001332
688  87.41827885256838
689  87.53733333333334
690  87.76821192052981
691  87.87516600265604
692  88.06644518272425
693  88.26421404682274
694  88.39173884077282
695  88.55296469020652
696  88.66979865771812
697  88.9251837007348
698  89.07214428857715
699  89.18607764390897
700  89.19959812458139
701  89.31842456608811
702  89.63295378432686
703  89.76244952893674
704  89.90610328638498
705  89.98921832884098
706  90.09738079247818
707  90.21674544226873
708  90.37905405405405
709  90.46824324324324
710  90.52738336713996
712  89.04682274247492
713  89.09030100334448
714  89.20080321285141
715  89.31300268096514
716  89.43346774193549
717  89.50605652759084
718  89.61129791526564
719  89.8888140161725
720  89.9608636977058
721  90.17083051991898
722  90.22356902356903
723  90.27272727272727
724  90.44143534190927
725  90.56668923493568
726  90.68138586956522
727  90.74965986394558
728  90.82981620149762
729  91.0785375761679
730  91.18438761776581
731  91.23553162853297
732  91.42857142857143
733  91.46571622539037
734  91.6482993197279
735  91.76771117166213
736  91.90915300546447
737  91.96915695681975
738  92.06872852233677
739  92.30921501706484
740  92.36158578263841
741  92.57417582417582
742  92.61512027491409
743  92.74242424242425
744  92.98342541436465
745  93.02418797512094
746  93.18823529411765
747  93.33448993754337
748  93.59986033519553
749  93.72036262203626
750  93.76864111498257
751  93.92119944211994
752  94.07505211952746
753  94.17224546722454
754  94.335904628331
755  94.52642706131078
756  94.71688857743518
757  94.83743842364532
758  94.99087078651685
759  95.25123849964615
760  95.3135593220339
761  95.38739376770538
762  95.55500705218618
763  95.61641896673744
764  96.08942512420157
765  96.18349928876245
766  96.31960227272728
767  96.40873299928418
768  96.54584527220631
769  96.72655122655124
770  96.91000719942404
771  97.07163323782234
772  97.17453505007154
773  97.41480948957584
774  97.57879656160458
775  97.68893678160919
776  97.81700288184439
777  98.0194384449244
778  98.29978432782171
784  139.15942028985506
785  143.3393665158371
786  143.3393665158371
787  143.3393665158371
789  73.11258795934323
790  73.34575569358178
791  73.61079365079365
792  73.67263743051267
793  73.93417874396135
794  71.98383233532934
795  70.95440729483283
796  71.13540372670808
797  71.20099875156055
798  71.44597126795753
799  71.64
800  71.84615384615384
801  71.97745773324985
802  72.05746408494691
803  72.14912280701755
804  72.39299123904881
805  72.6299311208516
806  72.8513174404015
807  72.91666666666667
808  73.05256570713392
809  73.26481715006305
810  73.47916666666667
811  73.73358348968105
812  73.77777777777777
813  73.87013801756588
814  74.039018250472
815  74.1803896920176
816  74.431718061674
817  74.74795211090107
818  74.82559598494353
819  74.96365914786968
820  75.12366603892028
821  75.41782553729456
822  75.53992395437263
823  75.7433628318584
824  75.80443037974683
825  75.97718631178707
826  76.30504148053606
827  76.44990427568602
828  76.51464968152867
829  76.83248407643312
830  76.99362651370299
831  77.2076677316294
832  77.29641485275287
833  77.4240871236387
834  77.55077120822622
835  77.9108402822322
836  78.16431322207958
837  78.2936660268714
838  78.41255605381166
839  78.48264781491002
840  78.70723894939141
841  78.84842646114322
842  79.16141479099679
843  79.36457659987072
844  79.52577319587628
845  79.62556197816313
846  79.9403080872914
847  80.17087378640777
848  80.31756318859365
849  80.42153047989623
850  80.5249513933895
851  80.74352331606218
852  81.16504854368932
853  81.32320620555915
854  81.44041450777202
855  81.50843060959792
856  81.88411458333333
857  82.12759067357513
858  82.28626943005182
859  82.41715399610136
860  82.60221354166667
861  82.79712981082844
862  83.11219195849546
863  83.24951267056531
864  83.44198174706649
865  83.60419397116645
866  83.80404964075767
867  83.94973890339426
868  84.25833878351864
869  84.36470588235294
870  84.5690897184021
871  84.8132372214941
872  84.96850393700787
873  85.09467455621302
874  85.27868852459017
875  85.51185770750988
876  85.67412771560237
877  85.75775577557756
878  85.90112063282795
879  86.14116094986808
880  86.34808454425364
881  86.58745874587459
882  86.64686468646865
883  86.72919418758256
884  86.82508250825083
885  86.94257425742575
886  87.06076618229855
887  87.36884154460719
888  87.56121773659828
889  87.63014608233732
890  87.74302788844622
891  87.83742534837425
892  87.9620253164557
893  88.23949299533022
894  88.27351567711808
895  88.36546184738955
896  88.66844563042028
897  88.85110663983903
898  88.96517079705292
899  89.13020134228188
900  89.3403106009453
903  134.88888888888889
904  134.88888888888889
905  134.88888888888889
907  139.84682080924856
908  139.84682080924856
909  139.84682080924856
910  139.84682080924856
912  81.56322869955157
913  81.85572519083969
914  82.08246708246708
915  82.32663642255346
916  82.35894206549118
917  82.46996245306633
918  82.51094434021263
919  82.66250779787897
920  82.90332705586943
921  83.01898734177215
922  83.18124606670862
923  83.28706624605678
924  83.44613434727503
925  83.59018483110262
926  83.75031928480205
927  83.8750804893754
928  83.93087855297158
929  84.177304964539
930  84.26597805035507
931  84.41645077720207
932  84.48539909149903
933  84.74088541666667
934  84.87443365695793
935  85.00388601036269
936  85.18269851517108
937  85.30953926022063
938  85.60651465798045
939  85.63588736083824
940  85.72287581699347
941  85.80615586116568
942  85.9241334205363
943  86.04973821989529
944  86.29941291585128
945  86.51280367695338
946  86.6344510190664
947  86.66535174227482
948  86.76412614980289
955  84.99543378995433
956  85.06596995427824
957  85.2941943900848
958  85.44662737393583
959  85.62098360655737
960  85.69633507853403
961  85.78557377049181
962  85.85901639344263
963  85.9345977763244
964  86.01375245579568
965  86.15324165029469
966  86.27254901960784
967  86.56898817345598
968  86.71456692913385
969  86.84514435695539
970  86.92252133946158
971  87.01579986833443
972  87.09448818897638
973  87.17631578947369
974  87.47116644823066
975  87.62409954158481
976  87.66775884665793
979  86.68949771689498
980  86.83736120182887
981  86.90130718954248
982  86.99672988881622
983  87.10498687664042
984  87.22200392927309
985  87.52555701179554
986  87.69411764705882
987  87.80248528449967
988  87.88138925294889
989  88.0065703022339
990  88.11470006591958
991  88.2344782034346
992  88.38214051214707
993  88.60730593607306
994  88.65926892950391
995  88.84183006535947
996  88.9546052631579
997  88.89914865749836
998  86.76558441558441
999  84.01554404145078
1000  81.5561224489796
1001  78.94240506329113
1002  75.90220820189275
1003  74.89105793450882
1004  74.97730138713746
1005  75.01505646173149
1006  75.11694809255785
1007  75.34380892520427
1008  75.46888749214331
1009  75.72710163111668
1010  75.81583909490887
1011  75.91974921630094
1012  76.1024512884978
1013  76.40658644711843
1014  76.49430379746835
1015  76.68032786885246
1016  76.82304785894206
1017  77.05632040050062
1018  77.12547051442911
1019  77.34798994974874
1020  77.39321608040201
1021  77.79459798994975
1022  77.88040075140889
1023  78.0056603773585
1024  78.23451327433628
1025  78.32126984126984
1026  78.4709228824273
1027  78.69444444444444
1028  78.8203026481715
1029  79.1265903307888
1030  79.34458598726114
1031  79.3937659033079
1032  79.40674729471674
1033  79.6198347107438
1034  79.80573248407643
1035  80.02356687898089
1036  80.17493638676845
1037  80.28726114649682
1038  80.38334392879847
1039  80.50286806883365
1040  80.6592356687898
1041  80.86465683130211
1042  81.04137492043284
1043  81.16360177552315
1044  81.24524714828897
1045  81.42929936305732
1046  81.51149425287356
1047  81.69712460063897
1048  81.95009596928983
1049  82.08109833971903
1050  82.27923322683706
1051  82.38397435897436
1052  82.59483870967742
1053  82.75210355987055
1054  82.92709677419354
1055  83.01035598705502
1056  83.19601542416453
1057  83.40618955512572
1058  83.60606060606061
1059  83.75338928340865
1060  83.84057031756319
1066  127.73936170212767
1067  135.0
1068  135.0
1069  135.0
1075  67.07283950617284
1076  67.22283950617285
1077  67.43491671807526
1078  67.6594427244582
1079  67.73358116480793
1080  67.91527520098948
1081  68.04562268803946
1082  68.10351201478743
1083  68.28159509202455
1084  68.41733251382914
1085  68.48466257668711
1086  68.64162561576354
1087  68.7051202961135
1088  68.76108374384236
1089  68.86321626617375
1090  69.06045650832819
1091  69.16625615763547
1092  69.29963235294117
1093  69.52149877149877
1094  69.57697044334975
1095  69.7567901234568
1096  69.80569306930693
1097  69.99257884972171
1098  70.06728395061728
1099  70.17974058060531
1100  70.52741836105976
1101  70.75015460729746
1102  70.8319950586782
1103  70.8955500618047
1104  71.0352504638219
1105  71.27452190006169
1106  71.51115241635688
1107  71.67594310451453
1108  71.743335399876
1109  71.87344913151365
1110  72.16480099502488
1111  72.33518862090291
1112  72.53358208955224
1113  72.69627329192546
1114  72.76832298136647
1115  72.91853233830845
1116  73.14810205351587
1117  73.28571428571429
1118  73.62032418952619
1119  73.76178660049628
1120  73.97507788161994
1121  74.13445903689806
1122  74.30238393977416
1123  74.65732087227414
1124  75.04842767295598
1127  130.96014492753622
1128  132.71875
1129  140.59166666666667
1130  140.59166666666667
1131  65.80274656679151
1132  64.1161657189277
1133  63.862837837837844
1134  63.99691548426897
1135  64.13120567375887
1136  64.36567616737416
1137  64.95087064676616
1138  65.03908188585608
1139  65.27641277641278
1140  65.44601226993865
1141  65.70049200492005
1142  65.88246153846154
1143  66.077065351418
1144  66.31904470300061
1145  66.53081147040879
1146  66.87198515769944
1147  66.97208436724566
1148  67.17625231910947
1149  68.75138803207896
1150  68.98763141620285
1151  69.24691358024691
1152  69.53488372093024
1153  69.73733003708281
1154  69.9695652173913
1155  70.14625
1156  70.44780728844967
1157  70.65549348230913
1158  70.83032939714109
1159  71.0
1160  71.13283674736189
1161  71.37841191066998
1162  71.66355721393035
1163  71.89769182782283
1164  72.0585305105853
1165  72.27
1166  72.53479623824451
1167  72.68164794007491
1168  72.74030037546933
1169  72.92897196261683
1170  73.1270337922403
1171  73.39209535759096
1172  73.65230961298377
1173  73.729375
1174  73.94367959949938
1175  74.02380952380952
1176  74.25897920604915
1177  74.50031347962383
1178  74.58605527638191
1179  74.84875
1180  74.96291640477688
1181  75.25078764965343
1182  75.3099121706399
1183  75.63584905660377
1184  75.8240450845335
1185  75.99687695190507
1186  76.24263322884012
1187  76.3859649122807
1188  76.71839799749687
1189  76.763125
1190  77.16135084427768
1191  77.3149655604258
1192  77.50250941028858
1193  77.75842696629213
1194  77.93304130162703
1195  78.10106716886378
1196  78.40037712130736
1197  78.51069182389936
1198  78.81544256120527
1199  79.14464621164684
1200  79.39056603773585
1201  79.47826086956522
1202  79.86545682102629
1203  80.04522613065326
1204  80.28400503778337
1205  80.35182849936949
1206  80.4943396226415
1207  78.87460815047022
1208  78.11827284105131
1212  77.73733583489681
1213  77.48465873512836
1214  77.59150530918176
1215  77.8995633187773
1216  78.13345864661655
1217  78.47394852479599
1218  78.51193467336684
1219  78.78013741411618
1220  79.02573760200879
1222  78.25155666251557
1223  78.31023720349563
1224  78.51773490976976
1225  78.61619937694704
1226  79.1354556803995
1227  79.19550281074329
1228  79.28232354778264
1229  79.40685358255452
1230  79.55003107520199
1231  79.69799498746868
1232  79.99748427672957
1233  80.1003764115433
1234  80.33333333333333
1235  80.450625
1236  80.64613450659962
1237  80.83090563647879
1238  81.02588383838383
1239  81.09394703656999
1240  81.38253768844221
1241  81.47607052896726
1242  81.62507916402787
1243  81.91819911223843
1244  82.02025316455696
1245  82.24111675126903
1246  82.4010152284264
1247  82.4850603941513
1248  82.74424552429667
1249  82.83237364043507
1250  82.96564885496183
1251  83.10146777281429
1252  83.47395171537484
1253  83.52547770700637
1254  83.73303457106275
1255  83.83215887251761
1256  83.98973042362003
1257  84.03782051282052
1258  84.26248399487837
1259  84.51602564102564
1260  84.60205391527599
1261  84.78433889602054
1262  84.91178364455892
1263  85.0
1264  85.05730843528654
1265  85.13788659793815
1266  85.36893203883496
1267  85.46332046332046
1268  85.55878552971576
1269  85.68967741935484
1270  85.8738680465718
1271  85.91250810110175
1272  85.95019404915912
1273  86.02713178294573
1274  86.27077922077922
1275  86.28979857050032
1276  86.28979857050032
1277  86.42265372168285
1278  86.54226267880364
1279  86.78841145833333
1280  86.85315139701105
1281  87.01362751460091
1282  87.2336387434555
1283  87.2336387434555
1284  87.2336387434555
1285  87.2336387434555
1286  133.0
1287  133.0
1288  133.0
1290  70.72019635343618
1291  70.80731707317074
1293  71.01057213930348
1294  71.19712140175218
1295  71.42391984971822
1296  71.49281698938164
1297  71.8735275883447
1298  71.95657568238214
1299  72.19180633147114
1300  72.30616054760424
1301  72.44099378881988
1302  72.69962686567165
1303  72.751875
1304  72.9448966812774
1305  73.23689197725837
1306  73.3020767778477
1307  73.41206030150754
1308  73.52488972904852
1309  73.7134724857685
1310  73.86443883984867
1311  74.11300505050505
1312  74.16055625790139
1313  74.33713561470215
1314  74.61089987325728
1315  74.67446270543616
1316  74.9047919293821
1317  75.12278481012659
1318  75.27088607594936
1319  75.32633587786259
1320  75.54379332073094
1321  75.68611287254281
1322  76.03619047619047
1323  76.31348955034832
1324  76.33861762840837
1325  76.4615873015873
1326  76.7029262086514
1327  76.90664961636828
1328  77.12684176809738
1329  77.29610721123166
1330  77.37619350732018
1331  77.60166240409207
1332  77.88239074550128
1333  78.02956298200515
1334  78.21140294682895
1335  78.38049713193116
1336  78.49201277955271
1337  75.39285714285714
1338  70.2746835443038
1339  70.06940063091483
1340  70.0771175726928
1341  70.40771175726928
1342  70.50220541902962
1343  70.74043887147336
1344  71.01754385964912
1345  71.15050377833754
1346  71.36272040302266
1347  71.47424623115577
1348  71.53174104336895
1349  71.90971357409714
1350  72.11598746081505
1351  72.34908632640202
1352  72.40528634361233
1353  72.45956112852664
1354  72.56721105527639
1355  72.75469336670838
1356  73.00125078173859
1357  73.12523599748269
1358  73.2794952681388
1359  73.40465701699182
1360  73.48991172761664
1361  73.7084917617237
1362  73.94927076727964
1363  74.19873417721519
1364  74.31075949367089
1365  74.41682479443391
1366  74.57133757961783
1367  74.83588761174968
1368  75.02806122448979
1369  75.19071837253655
1370  75.36882129277566
1371  75.50286441756843
1372  75.5673076923077
1373  75.80436177036562
1374  76.36125319693095
1376  131.9837398373984
1377  131.9837398373984
1379  137.993006993007
1380  142.0
1381  142.0
1382  60.0377358490566
1383  58.84370579915134
1386  57.08956145768994
1387  54.1648835745752
1388  54.13065326633166
1389  54.222921914357684
1390  54.333963453056086
1391  54.485247959824235
1392  54.724999999999994
1393  54.884639498432605
1394  55.14770584538026
1395  55.30696798493409
1396  55.587791063561994
1397  55.77338355304457
1398  55.97635345364033
1399  56.1146931184129
1400  56.31409062693979
1401  56.5518102372035
1402  56.89503105590062
1403  57.015489467162325
1404  57.25496277915633
1405  57.39838408949659
1406  57.81948782011243
1407  57.96766169154229
1408  58.12267657992565
1409  58.30012376237623
1410  58.584367245657575
1411  58.871731008717305
1412  59.178175092478426
1413  59.3221601489758
1414  59.595903165735564
1415  59.89496581727781
1416  59.988206083178156
1417  60.27289719626168
1418  60.49843456480902
1419  60.803124999999994
1420  60.96386292834892
1421  61.32417239225484
1422  61.65081351689612
1423  61.851063829787236
1424  61.99624765478424
1425  62.30231105559025
1426  62.572409488139826
1427  62.81253918495298
1428  63.00435865504359
1429  63.22616822429906
1430  63.677318295739354
1431  63.83967560823456
1432  64.08717310087174
1433  64.19240348692404
1434  64.633125
1435  64.78931013051584
1436  65.00623052959502
1437  65.12414223331254
1438  65.58929682638457
1439  64.83189655172414
1440  63.44020037570445
1441  62.45676691729324
1442  61.661219358893774
1443  60.97278481012658
1444  60.47907276239536
1445  60.13139158576051
1446  59.959328599096196
1447  60.21935483870968
1448  60.7014157014157
1449  60.894230769230774
1450  61.17726396917148
1451  61.5625
1452  61.77869897959184
1453  61.89949109414758
1454  62.291293213828425
1455  62.49583066067993
1456  62.87419768934531
1457  62.946530872056016
1458  63.200382897255906
1459  63.34436664544876
1460  63.72640306122449
1461  63.878249841471145
1462  64.0140306122449
1463  64.14576702737111
1464  64.66179275270184
1465  64.8603916614024
1466  65.03548795944234
1467  65.22363405336722
1468  65.50920634920635
1469  65.61005089058524
1470  65.90765338393422
1471  66.05446485117163
1472  66.19375398342893
1473  66.50126582278482
1474  66.79795396419438
1475  66.94083969465649
1476  67.10800508259213
1477  67.26003824091778
1478  67.61312938177183
1479  67.76736775015934
1480  67.93066157760815
1481  68.05336721728081
1482  68.29554140127388
1483  68.6891719745223
1484  68.90694710006373
1485  69.02931803696622
1486  69.24872448979592
1487  69.50031786395422
1488  69.6681500317864
1489  69.88329081632654
1490  70.0076677316294
1491  70.35022450288646
1492  70.66094147582697
1493  70.90524967989757
1494  71.08071748878923
1498  129.0
1499  129.0
1500  129.0
