1  123.60450660450661
3  123.17564402810305
4  123.0123839009288
5  122.94504643962848
6  122.79182729375482
7  122.72845156369183
8  122.67401215805471
9  122.31336405529953
10  122.07072243346008
11  121.99083969465649
12  121.93953136810279
13  121.7313769751693
14  121.68246802106847
15  121.53141559424678
16  121.33939393939394
17  122.07225211375865
18  125.3626817447496
19  125.86764705882354
20  125.71974522292993
21  125.54242664551943
23  125.45616757176106
25  125.02567975830816
26  124.89728096676737
27  124.57791225416037
28  124.52723146747353
29  124.31400602409639
30  124.0673732021196
31  123.91228070175438
32  123.80652503793627
33  123.75570776255708
34  123.6951219512195
35  123.54943396226415
36  123.32255639097744
37  123.19029850746269
38  122.98738872403561
39  122.97271386430678
40  122.84202792064659
41  122.78187177597641
42  122.34099332839139
43  122.14381022979985
44  121.98442136498517
45  121.84693877551021
46  121.59940872135994
47  121.44837758112095
48  121.19111111111111
49  121.08943089430895
50  121.0036791758646
51  120.98310066127847
52  120.9319678127286
53  120.90517870167761
54  120.49927431059507
55  120.33722627737225
56  120.29018181818182
57  119.78200438917338
58  119.77875457875459
59  119.65271659324523
60  119.41765578635014
61  119.20888888888888
62  119.2973174366617
63  128.02086677367578
64  130.61525565800503
65  129.94122448979593
66  129.76099120703438
67  129.42455858747994
68  129.12934518997574
69  129.11255060728746
70  128.93083807973963
71  128.50124275062137
72  129.38846572361263
73  131.91559633027524
74  133.42424242424244
75  133.42424242424244
76  133.42424242424244
80  133.57396449704143
81  133.33447880870563
82  133.33447880870563
83  133.33447880870563
84  133.33447880870563
85  133.33447880870563
86  133.33447880870563
87  133.33447880870563
88  133.33447880870563
89  133.33447880870563
90  133.33447880870563
91  133.33447880870563
92  133.33447880870563
93  132.37713437268002
94  132.37713437268002
95  131.44444444444446
96  131.16136363636363
97  130.6447963800905
98  130.40828402366864
99  129.9121522693997
100  129.72845763939173
101  129.67936736161036
102  128.9698275862069
103  128.93486041517536
104  128.8690728945506
105  128.7549295774648
106  126.89706933523945
107  124.09468317552805
108  123.19319826338639
109  123.03262411347518
110  122.86643356643356
111  122.69369369369369
112  122.4517453798768
114  122.00682593856655
115  121.98432174505794
116  121.75726842461123
121  122.84139784946237
123  122.5397877984085
124  122.43795141168746
125  122.2280701754386
126  121.62277814351546
127  121.49801849405549
128  121.12326961107449
129  120.94701986754967
130  120.76544021024966
131  120.57603686635944
132  120.53324555628703
133  120.32306684141547
134  120.06973684210527
135  119.89723320158103
136  119.67242524916944
137  119.63901791639017
138  119.55717118307997
139  119.40606460118656
140  119.4006600660066
143  119.80653769179453
144  119.76063829787233
145  119.62171052631578
146  119.47347740667976
147  119.01123595505618
148  118.82419035029741
149  118.78825857519789
150  118.66842452208306
151  118.37871777924653
152  118.14077025232405
153  117.98130841121495
160  119.91240875912409
161  119.61813368630047
162  119.47981469225678
163  119.42735042735043
164  119.1306631648063
165  118.95433487756452
166  118.87838730998017
167  118.71968190854871
168  118.48677248677248
170  118.21108179419525
171  118.12623925974884
172  118.08839050131925
173  117.89278623428194
174  117.80553724456163
175  117.57057654075547
176  117.4208084824387
177  117.26263952724885
178  117.17060367454067
179  117.13294040602489
185  119.4535666218035
186  119.19666666666666
187  119.01671122994652
188  118.86202277294038
189  118.74515050167224
190  118.59744623655914
191  118.36789297658862
192  118.3014705882353
193  117.93453573814296
194  117.88160535117058
195  117.71217215870881
196  117.40066666666667
197  117.26031957390146
198  117.01407506702412
199  116.87718120805368
200  116.70449966420416
202  116.961872909699
203  116.72508361204012
204  116.54485049833886
205  116.265604249668
206  116.19269102990033
207  115.9449602122016
208  115.89588859416446
209  115.78699402786994
210  115.55199999999999
211  115.30339321357286
212  115.1895640686922
213  114.88741721854305
214  117.23122923588039
215  120.14147688060731
216  119.88625592417063
217  119.61760752688173
218  119.14719783929777
219  118.83489932885905
220  118.79705291359679
221  118.53612424037811
222  118.31741761936786
223  118.1275167785235
224  117.95390781563125
225  117.71457353928811
226  117.65907568653716
227  117.55548128342247
228  117.51434289526351
229  117.24149432955303
230  116.0197109067017
231  114.65990843688685
232  114.37377690802347
233  114.21625163827
234  113.97932816537468
235  113.68002585649644
236  113.28617363344051
237  113.21455938697318
238  113.08306709265176
239  112.91507024265644
240  113.37612323491656
241  117.51382333108563
242  117.34954007884363
243  117.08393442622952
244  116.87050359712231
245  116.73581213307241
246  116.52275682704811
247  116.26683771648493
248  116.10448717948718
249  115.95798854232973
250  115.53316326530611
251  115.4174078780178
252  115.14267676767676
253  114.99748269351794
254  114.78378378378378
255  114.57303370786516
256  114.38226108682073
257  114.30161691542288
258  114.09
259  113.93187499999999
260  113.7110694183865
261  113.44555071561916
262  113.34328358208955
263  113.2695652173913
264  113.12701363073111
265  112.8260333127699
266  112.69363804817789
267  112.29869321717486
268  112.24227441285538
269  112.1248447204969
270  111.9137181874612
271  111.68024691358025
272  111.38895781637717
273  113.86034912718205
274  115.80155138978668
275  115.72779922779924
276  115.3998728544183
278  115.32572877059569
279  115.2764073371284
280  114.86290839205637
281  114.73765234124438
282  114.53532781667727
283  114.43102352193262
284  114.29535327816677
285  114.15739570164348
286  113.99745060548119
287  113.86641221374046
288  113.68571428571428
289  113.57874762808349
290  113.39001264222503
291  116.06005056890012
292  119.23293963254594
293  119.12802090137166
294  118.61413748378729
295  118.42068079640333
296  118.23849104859335
298  118.0888178913738
299  117.83611825192801
300  117.67762733720181
301  117.66988416988417
302  117.62880710659898
303  117.271974522293
304  117.22455470737913
305  116.95812182741116
306  116.92536369386464
307  116.47730138713746
308  116.45974842767296
309  116.23717146433042
310  116.02588383838383
311  115.99242902208202
312  115.66836734693877
314  115.52060875079265
315  115.42646114322415
316  115.81963788300835
317  118.44107744107744
318  120.25911708253359
319  121.93581395348838
320  122.85593220338984
321  122.70669745958429
322  122.50435413642961
323  122.42083333333333
324  122.03673469387755
327  121.85677252106287
328  121.38295081967213
330  121.0454250486697
331  120.92556634304208
332  120.75844155844156
333  120.57299741602067
334  120.30229591836735
335  119.93806451612903
336  118.8378728923476
337  115.794921875
338  112.29434697855751
339  112.01814646791964
340  111.91126943005182
341  111.53259452411996
342  111.19115734720415
343  111.12386511024644
344  110.75551232166018
345  110.50194300518135
346  110.31334622823985
347  109.97467532467533
354  110.86109282422646
355  109.11206896551724
356  106.06498673740053
357  105.08577127659575
359  104.96827495042962
360  104.66821808510639
361  104.14399469143996
362  104.02518223989398
363  103.6953642384106
364  103.51883674818242
365  102.90794701986755
366  102.78937007874015
367  102.46591661151555
368  102.40251989389921
369  102.1574440052701
370  101.97824653922214
371  101.8996699669967
372  101.71645736946465
373  104.43072882468812
374  106.98213103904699
375  106.79461942257217
376  106.09526938239159
377  105.9960500329164
378  105.761685319289
379  105.61876640419948
380  105.26204620462046
381  104.90410052910053
382  104.7543160690571
383  104.6141160949868
384  104.48357424441525
385  104.42651861528412
386  103.92159468438538
387  103.88328912466844
388  103.73069306930694
389  103.61462450592884
390  103.39522546419099
391  103.14626075446725
392  102.81606905710491
393  102.65003326679974
394  102.48941798941799
395  102.26447368421053
396  102.05986842105264
397  101.79894875164257
398  101.60610079575596
399  101.3497375328084
400  101.15903141361257
401  101.09293193717278
402  100.78026315789474
404  100.5319289005925
405  100.33822548365578
406  100.17005267118134
414  99.01517450682853
415  98.90845886442642
417  98.68877551020408
418  98.43707611152976
419  98.38801711840227
420  98.24658469945355
422  98.13529411764705
423  98.3302752293578
424  102.06975184439973
425  103.27437794216544
426  103.01250822909809
427  102.65290322580645
428  102.32012779552716
429  102.18654822335026
430  102.05276541640178
431  101.97640306122449
432  101.7319257837492
433  101.66877770740976
434  101.61904761904762
435  101.42739378566898
436  101.09974747474747
437  100.91740226986128
438  100.68304977945809
439  100.48025078369906
440  100.27255520504733
441  100.12830188679246
442  99.91697877652933
443  99.65601503759399
444  99.46703980099502
445  99.23960273122285
446  98.96892479801119
447  98.86451211932877
448  100.42164179104478
449  104.43632837750485
450  105.05249513933896
451  104.51186658114176
452  103.96774193548387
453  103.85466237942123
454  103.59423076923076
455  103.35974440894569
456  103.11288265306123
457  102.81841432225065
458  102.58482142857143
459  102.22053231939164
460  101.98792884371029
461  101.6607594936709
462  101.20925808497147
463  100.42078580481623
464  100.08291139240507
465  99.60755441741358
466  99.18263090676884
467  98.46321177223288
471  99.45274584929757
472  98.61504142766094
473  97.72936660268715
474  96.97135582431572
475  96.2828025477707
476  95.63590709353421
477  95.20250783699059
478  94.78500619578686
479  94.53511497824736
480  94.38923267326733
481  94.22948797038865
482  93.81054567749847
483  93.4818684695759
484  93.00837628865979
485  92.54189085318986
486  92.54189085318986
487  92.54189085318986
488  92.54189085318986
489  92.54189085318986
490  92.54189085318986
491  92.54189085318986
492  88.0
493  88.0
495  89.05529522024368
496  88.4505928853755
497  88.43090007087173
502  92.76407185628743
504  92.6525323910483
505  92.50354609929079
506  92.21987066431511
507  91.82913984786425
508  91.75876168224299
509  91.38992974238876
510  91.34305717619603
511  91.01462843768286
512  90.89713617767387
513  90.80233918128656
514  90.64236111111111
515  90.55715935334872
516  90.38278068644561
517  90.16916859122402
518  89.85913853317811
519  92.63515081206496
520  98.44404113732608
521  102.80576441102757
522  102.85290482076638
523  102.30811808118082
524  102.1857055589493
525  101.82374541003672
526  101.51516990291262
527  101.43987915407854
528  101.18176364727054
529  101.03022974607013
530  100.77011494252874
531  100.55728854229154
532  100.44237695078031
533  100.4259927797834
534  100.07743097238895
535  100.06478704259149
536  99.94216867469879
537  99.68168168168168
538  99.6610576923077
539  99.44693753790176
540  99.33595641646488
541  99.10818888224746
542  98.58879618593564
543  98.2647412755716
544  98.1133773245351
545  97.66686746987952
546  97.37050359712231
551  98.34790419161676
552  98.09395571514064
553  97.94939759036144
554  97.50866706515242
555  97.41641879833432
556  97.23026315789474
557  96.98500299940012
558  96.69994022713688
559  96.42745803357315
560  96.0692588092345
561  95.28381642512078
562  93.77898550724638
563  93.7355421686747
564  93.31693989071039
565  93.08308065494239
566  92.99338146811071
567  92.65649311789348
568  92.23568818514008
569  91.96484848484849
570  91.74984857662022
571  91.60858895705522
575  91.8671096345515
576  90.35926305015353
577  89.1124763705104
578  87.38372093023256
579  87.32430506058446
580  86.96167008898016
581  86.73998686802364
582  86.52688860435339
583  86.41581632653062
584  86.17580340264651
585  85.7922645040549
586  85.62718204488777
587  85.47410604192355
588  85.2425167990226
589  85.0343347639485
590  86.88289962825279
591  91.88166449934981
592  94.57313829787235
593  94.51764705882353
594  94.13826366559485
595  93.87019533711405
596  93.43994943109988
597  93.1956934768841
598  93.0969773299748
599  92.94280326838467
600  92.77028714107365
601  92.68614045991299
602  92.24498746867168
603  92.21741854636592
604  91.96007485963818
605  91.83416458852868
606  91.83023543990086
607  91.68645640074212
608  93.03343653250774
609  96.1839592616168
610  96.55104629042486
616  97.25096277278561
617  98.79274611398964
618  98.71086675291073
619  98.30103359173127
620  98.02200647249191
621  97.86601941747573
622  97.64059469941823
623  97.50448717948717
624  97.19096774193548
625  97.11046511627907
626  96.91801162040025
627  96.78269230769232
628  96.55948553054662
629  96.26343042071198
630  96.19001297016861
631  95.86619263089851
632  95.59935275080906
633  95.45919689119171
634  95.17786561264822
642  93.68885869565217
643  93.05128205128206
644  92.96424815983175
645  92.70235756385068
646  95.0
647  96.69906542056074
648  96.8814479638009
649  96.57836456558773
650  96.30180921052632
651  96.19323671497585
652  95.83990345937248
654  95.57198443579766
655  95.37460815047022
656  95.06770428015564
657  94.7401086113266
658  94.61955691367456
659  94.4016454749439
660  94.33733133433283
661  94.09198813056379
662  93.85533184190902
663  93.56609410007468
664  93.32645541635962
665  93.24431401320616
666  93.05697589481373
667  92.62719298245614
668  92.55717407137655
669  92.37572674418605
670  92.2101083032491
671  95.43620178041543
672  99.1293172690763
673  98.94753328112765
674  98.72432024169184
675  98.36830357142857
676  98.03323485967503
677  97.81327498176513
678  97.80029154518951
679  97.47760115606937
680  97.23280802292263
681  97.078360891445
682  96.91720199857245
683  96.76645435244161
684  96.08339222614842
685  95.98505338078292
686  95.88372093023256
687  95.50426136363636
688  95.41076487252124
689  95.24223163841808
690  95.10254596888261
691  94.76123595505618
692  94.46401118099232
693  94.38308457711443
694  94.15994236311239
695  94.1620029455081
696  94.4958553127355
697  97.60015835312748
698  99.70497147514263
699  100.30048465266559
700  99.93060909791828
701  99.89537528430628
702  99.8105423987777
703  99.73046875
704  99.3457249070632
705  98.07692307692308
706  98.07692307692308
707  98.07692307692308
708  98.07692307692308
709  98.07692307692308
711  100.4059171597633
712  100.13674321503132
714  100.17625570776255
715  100.0493079584775
716  99.7843137254902
717  99.04169944925255
718  98.93726379440665
719  98.7701317715959
720  98.04055944055943
721  97.7396694214876
722  97.48324396782843
723  97.37350993377484
724  97.14276401564537
725  96.7854381443299
726  96.63671128107075
727  96.27021822849807
731  96.4513931888545
732  96.19939024390244
733  95.93014925373134
734  95.72002362669816
735  95.1673541543901
736  94.9073856975381
737  94.48417350527549
738  94.00116686114352
739  93.61055718475073
740  93.02058823529411
741  92.75246949447995
742  92.55932203389831
743  92.14537963507946
749  93.76184763047391
750  93.24185765983113
751  93.02710843373494
752  92.66111771700356
753  92.61154074955384
754  92.46798324356672
755  92.22368421052632
756  92.22368421052632
757  92.0173860911271
758  91.91447368421052
759  91.7773788150808
760  91.6118776244751
761  91.37901758641601
762  90.94882860665845
763  90.72988505747126
764  89.76062322946176
765  89.69202363367799
766  89.56395348837209
767  89.4199716713881
768  89.24281805745554
769  89.03769841269842
770  88.66470203012443
771  88.46510152284264
772  87.99812382739212
773  87.57116221255438
774  87.48359133126935
775  87.3992673992674
776  87.19447852760736
777  87.00305810397553
778  86.71183323114654
779  87.96886446886447
780  93.30360531309297
781  95.04198473282443
782  94.22572665429809
783  93.81061073411475
784  93.50429447852761
785  92.78380024360536
786  92.58243080625752
787  92.1887357699221
788  91.85895117540687
789  91.63636363636364
790  91.2244776119403
791  90.81354916067146
792  90.69796650717703
793  90.57747318235995
794  90.29843561973526
795  90.18989653073646
796  89.76698369565217
797  89.36333333333333
798  89.36333333333333
799  89.36333333333333
800  89.36333333333333
801  89.36333333333333
802  89.36333333333333
806  90.21993410214168
807  89.85106382978724
808  89.61527377521614
809  89.31450488145049
810  89.03234501347708
811  88.67042440318302
812  88.45554834523037
813  88.22215108834827
814  87.89058524173028
815  89.73529411764706
816  94.33770491803278
817  95.35657894736842
818  94.33183568677792
819  93.98285714285714
820  93.70275344180226
821  93.40261356565028
822  93.01550868486352
823  92.90779702970298
824  92.75061881188118
825  92.5251084934904
826  91.95555555555555
827  91.80637254901961
828  91.62324159021406
829  91.2696287279367
830  91.00362756952842
831  90.74049487024743
832  90.3329312424608
833  90.02851941747574
834  89.69498777506112
835  89.30661809350335
836  88.88719512195122
837  88.56140350877193
838  89.97682926829269
839  94.10852713178295
840  94.36880370125579
841  94.01133333333334
842  93.71333775713337
843  93.40145502645503
844  92.86513157894737
845  92.86161879895562
846  92.7543973941368
847  92.59146735617324
848  92.47036082474227
849  91.96398713826366
850  91.70358514724713
851  91.38466453674121
852  90.92866407263294
853  90.47911227154047
854  90.42769857433808
862  92.42424242424242
863  92.42424242424242
864  92.42424242424242
868  93.77112676056338
869  93.66118421052632
870  93.54503464203233
871  93.50480413895048
872  93.40243902439025
873  93.22285714285714
874  92.8231148696265
875  92.51774530271399
876  92.2919254658385
877  92.21428571428571
878  91.61245674740485
879  91.27248140635565
882  94.61491525423729
883  94.17813765182186
884  94.01070234113712
885  93.82247340425532
886  93.57534246575342
887  93.23968565815323
888  93.02883355176934
889  92.52925877763329
890  92.08202099737532
891  91.86431833007175
892  91.7378640776699
893  91.55920205920206
894  91.4932388924662
895  91.06640876853643
896  90.83183568677792
897  90.44901836605446
898  90.0829639012033
899  89.74430379746835
900  89.44910941475827
901  88.96575776791376
902  88.68702770780857
903  88.64631843926998
904  88.34398496240601
905  88.28849780012571
909  93.94816272965879
910  93.51960784313725
911  93.1984282907662
912  92.96412263535551
914  92.75631885936487
915  92.70900842514583
916  92.23000660938533
917  92.07299270072993
918  91.72665764546684
919  91.48125937031485
920  93.70217917675545
921  93.70217917675545
922  93.70217917675545
923  93.70217917675545
924  93.70217917675545
925  93.70217917675545
926  93.70217917675545
927  93.70217917675545
928  93.70217917675545
929  97.5
930  97.5
931  97.5
932  100.20574886535553
933  100.46950517836594
934  100.65663900414938
935  100.88690476190476
936  101.04413145539905
937  100.88807339449542
938  100.55239786856129
939  100.19130434782609
940  100.05290102389078
941  99.59180187873612
942  98.78282828282829
943  98.15136476426798
944  97.90630048465266
945  97.1584
946  96.81560283687944
947  96.32808811959087
948  96.02509803921569
949  95.8113063407181
950  95.67827403482211
951  95.0983231707317
952  94.93111279333839
953  95.68437259430331
954  99.99340478153339
955  103.34247787610619
956  103.51176470588236
958  103.49961028838659
959  103.22264150943397
960  102.65853658536585
961  102.29941860465117
962  101.64841498559078
963  100.74550682961899
964  99.81864161849711
965  99.26790830945558
966  98.5623663578047
967  97.95951704545455
968  97.20492396813903
969  96.47563636363637
970  95.9160419790105
971  95.47044917257683
972  98.5536231884058
973  99.73061224489797
974  99.73061224489797
975  99.73061224489797
976  99.73061224489797
977  99.73061224489797
978  99.73061224489797
979  99.73061224489797
981  98.00391644908616
983  97.86570247933884
984  97.88333333333333
985  97.23813786929276
986  96.11847555923778
987  95.9088
988  95.63063763608088
989  95.2147859922179
990  94.88795088257866
991  94.70336391437309
992  94.47396226415094
993  94.08567096285064
994  93.82511210762331
995  93.37100371747212
996  92.99925428784489
997  92.72788605697151
998  92.47431124348473
999  92.01442672741078
1000  91.65165165165165
1001  91.47451274362818
1002  90.94427710843374
1003  90.67854435178165
1004  90.26372776488786
1005  91.221875
1006  95.90129449838187
1007  98.62707641196013
1008  98.01736972704714
1009  97.58326497128795
1010  97.22929936305732
1011  96.85973207249802
1012  96.73170731707317
1013  96.2007662835249
1014  96.12167300380227
1015  95.91374045801527
1016  95.81617086193745
1017  95.4942878903275
1018  95.33863636363637
1019  95.08136882129277
1020  94.93048128342247
1021  94.42619227857683
1022  93.93626707132019
1023  93.43168168168168
1024  92.86692015209125
1025  93.90109034267913
1026  99.2525167785235
1027  100.97680412371133
1028  100.3083264633141
1029  100.11673469387756
1030  99.8739837398374
1031  99.53158326497129
1032  99.13736713000819
1033  98.90515126737532
1034  98.75750202757501
1035  98.38536585365853
1036  98.28248587570621
1037  98.08427876823339
1038  97.9983870967742
1039  97.51996805111821
1040  97.37857142857143
1041  97.12946783161239
1042  96.88492063492063
1043  96.46116893514812
1044  96.2816
1045  96.00645682001614
1046  95.66505636070853
1047  95.41619887730553
1048  94.92955465587045
1049  94.59437751004016
1050  94.5158924205379
1051  98.22723404255319
1052  102.01238938053098
1053  103.02506714413607
1054  102.22988505747126
1055  101.96006944444444
1056  101.58641444539983
1057  101.03807106598984
1058  100.95769881556683
1059  100.37290969899666
1060  100.09770603228547
1061  99.86352148272957
1062  99.33843537414967
1063  99.12735042735042
1064  98.42178046672429
1065  98.25602140945584
1066  97.3965317919075
1067  97.3965317919075
1068  97.3965317919075
1069  97.3965317919075
1070  97.3965317919075
1071  97.3965317919075
1072  97.3965317919075
1073  97.3965317919075
1074  97.3965317919075
1075  111.5
1076  111.5
1077  111.5
1078  111.5
1079  111.5
1080  112.13924050632912
1082  111.9164677804296
1083  111.65842696629213
1084  111.00221729490022
1085  110.66006600660066
1087  110.56852248394004
1088  110.15086206896552
1089  110.01155462184875
1090  109.48400412796698
1091  109.4665991902834
1092  109.08779011099898
1093  108.6676441837732
1094  108.54798464491363
1095  108.46564885496184
1096  107.99810606060606
1097  107.81180811808119
1098  107.61743119266055
1099  106.89243391066546
1100  106.52406902815622
1101  105.99288256227757
1102  105.3330396475771
1103  105.16608391608392
1104  104.44415357766144
1105  104.00862068965517
1106  103.69283865401208
1107  103.12900505902192
1108  102.9261744966443
1109  102.51864125932063
1110  101.96972176759411
1111  101.7712895377129
1112  101.1646390916464
1113  101.0335463258786
1114  100.3984126984127
1115  99.98173153296267
1116  99.63435776201734
1117  99.1541598694943
1118  98.98075240594926
1119  98.98075240594926
1120  98.98075240594926
1121  98.98075240594926
1122  98.98075240594926
1123  98.98075240594926
1124  95.34545454545454
1125  95.34545454545454
1126  95.34545454545454
1127  95.07926023778072
1128  94.61353711790393
1129  94.36327345309381
1130  94.17181467181467
1131  94.13674418604651
1132  93.46230699364214
1133  93.01777777777778
1134  92.71269296740995
1135  92.29051217464315
1136  92.07485760781123
1137  91.4928
1138  91.47130153597413
1140  92.48648648648648
1141  92.30097879282219
1142  91.87898089171975
1143  91.43711180124224
1144  91.28203184230478
1145  90.75691847419596
1146  90.26405325443787
1147  90.12240356083086
1148  89.69571639586411
1149  89.42143906020559
1150  89.22214129643118
1151  88.73951434878587
1152  88.39666424945612
1153  88.27134587554269
1154  87.91074020319303
1155  87.592
1156  87.26033357505439
1157  86.84960231381055
1158  86.52224653537564
1159  86.27871250914411
1160  85.98546511627907
1161  85.74872541879097
1162  85.50147058823529
1163  85.32527472527472
1164  84.61504424778761
1165  84.4186046511628
1166  83.92775330396476
1167  83.92775330396476
1168  83.92775330396476
1169  83.92775330396476
1170  83.92775330396476
1171  83.92775330396476
1172  83.92775330396476
1173  83.92775330396476
1174  83.92775330396476
1175  81.25105189340813
1176  81.21364653243847
1177  80.76728334956184
1178  80.60017497812774
1179  80.31967213114754
1180  80.03170920340294
1181  82.84398782343987
1182  89.06230031948881
1183  89.40258751902587
1184  88.67836257309942
1185  88.54539007092198
1186  88.1067415730337
1187  87.68970283344851
1188  87.53556771545827
1189  87.21680216802169
1190  86.68314150304671
1191  86.37584345479083
1192  85.92126514131898
1193  85.61891891891892
1194  85.4020202020202
1195  84.9852249832102
1196  84.69688768606224
1197  84.23680649526386
1198  83.85907859078591
1199  83.41683638832315
1200  83.0183923705722
1201  82.68413886997958
1202  82.20216362407032
1203  81.6866981769075
1204  81.31376518218623
1205  81.05131667792033
1206  80.59905660377359
1207  81.17004048582996
1208  89.31560283687944
1209  89.79151943462898
1210  89.100633356791
1211  88.92543554006969
1212  88.54916897506925
1213  88.38259668508287
1214  88.08240997229917
1215  87.74587912087912
1216  87.41740918437286
1217  87.13147138964578
1218  86.81071913161465
1219  86.45547945205479
1220  86.37174211248285
1221  85.7966573816156
1222  85.49741315594974
1223  85.23621399176955
1224  88.451171875
1225  91.52668680765358
1226  93.84225621414915
1227  92.97643979057591
1228  92.75903614457832
1229  92.40884820747522
1230  92.10162002945508
1231  91.74466571834994
1232  91.57676056338028
1233  91.2407277816655
1234  90.94722222222222
1235  90.65749656121045
1236  90.3832991101985
1237  90.03986254295533
1238  89.70704996577686
1239  89.42750677506776
1240  89.26548672566372
1241  88.78369272237197
1242  88.45161290322581
1243  88.19436997319035
1244  87.66532797858099
1245  87.32463186077644
1246  87.04637096774194
1252  88.24613315400134
1253  87.9421265141319
1254  87.71188717259906
1255  87.3995983935743
1256  87.06018518518519
1257  86.75781769793745
1258  86.51193633952255
1259  86.22362309223622
1260  85.71352785145889
1261  85.30139720558883
1262  84.882
1270  86.39029255319149
1271  86.14590273151232
1272  85.65333333333334
1273  85.52726063829788
1274  85.11492734478203
1275  84.82267633487146
1276  84.4824619457313
1279  86.2621747831888
1280  85.76462765957447
1281  85.61655629139072
1282  85.26312292358804
1283  84.99670836076366
1284  84.70026525198939
1285  84.45268034414295
1286  84.04370860927152
1287  83.82946250829463
1288  83.34773936170212
1289  83.03637566137566
1290  82.74783188792529
1291  82.41360907271515
1292  83.77188328912467
1293  86.59945504087193
1294  86.52005438477227
1295  86.08394895903291
1296  85.73977196512408
1297  85.27254509018036
1298  84.88859416445624
1299  84.59391534391534
1300  84.37392455327597
1301  83.8278364116095
1302  83.52812706816678
1303  83.40410052910053
1304  82.98421052631579
1305  82.77003942181341
1306  82.1497617426821
1307  81.8232558139535
1311  81.7455121436114
1312  81.33847637415622
1313  81.06189213085764
1314  80.78024691358024
1315  80.42770628311885
1316  80.1513592946363
1317  79.9812274368231
1318  79.66761162296244
1319  79.59381588193956
1320  79.52404181184669
1321  81.960219478738
1322  83.34171907756813
1323  82.74420190995907
1324  82.63531799729364
1325  82.56064690026955
1326  82.53271028037383
1327  82.37017310252996
1328  82.29227696404794
1329  82.13663366336634
1330  81.85212201591511
1331  81.56556291390729
1332  80.91920529801324
1333  80.80277961614824
1334  80.41549766199064
1335  80.01380262249828
1336  79.5381199111769
1337  82.65258620689656
1338  82.65258620689656
1339  82.65258620689656
1340  89.5
1341  89.5
1342  89.5
1343  93.79100529100529
1344  93.47013274336283
1345  93.46712463199215
1346  93.29017447199266
1347  92.57756354075373
1348  92.17394957983193
1349  91.80634662327095
1350  91.26760563380282
1351  91.01814058956916
1352  90.46953937592868
1353  90.39603232916973
1354  90.15686274509804
1355  89.67049533381191
1356  90.91625266146202
1357  93.7420546932742
1358  93.63157894736842
1359  93.21739130434783
1360  93.06538734896944
1361  92.8119298245614
1362  92.57756232686981
1363  92.38125
1364  91.71508379888269
1365  91.58142758142758
1366  91.18806384455239
1367  90.6046993780235
1368  89.91164383561645
1369  89.45862068965518
1370  88.98439620081412
1371  88.578125
1372  88.24170616113744
1373  87.95760430686407
1374  87.53772943575798
1375  87.42442645074225
1376  87.1084175084175
1377  86.68105192178018
1378  86.34875922199866
1379  86.05013368983957
1380  85.72218520986009
1381  85.35156771180787
1382  84.96227663798808
1383  84.51256613756614
1384  84.16809492419249
1385  83.7250656167979
1386  83.25295663600525
1387  83.07913669064749
1388  82.56825604180274
1389  82.38602220770738
1390  82.11197411003236
1391  81.75523560209425
1392  81.41693811074919
1393  81.22632944228275
1394  86.77960301163587
1395  90.82823871906841
1396  91.72852983988355
1397  91.02325581395348
1398  90.74025069637884
1399  90.59375
1400  90.36276522929501
1401  90.19291070211315
1402  89.80474576271186
1403  89.60907859078591
1404  89.45491251682368
1405  89.28590514362057
1406  88.96316141995982
1407  88.69235924932975
1408  88.27892976588629
1409  88.14428191489361
1410  87.70544720914593
1411  87.35670937289278
1412  86.4554054054054
1413  86.00870730073677
1414  85.57210242587601
1415  85.33579088471849
1416  85.01665556295802
1417  88.499661933739
1418  92.0112676056338
1419  91.985935302391
1420  91.48918353105374
1421  90.99790648988137
1422  90.72971114167812
1423  90.34628975265018
1424  89.94540727902947
1425  90.57879234167893
1426  90.64880952380952
1427  90.64880952380952
1428  90.64880952380952
1429  94.5
1430  94.5
1431  95.83652430044182
1432  96.02000000000001
1433  95.67979274611399
1434  95.46647780925402
1435  95.1786030061892
1436  94.671875
1437  94.24046692607004
1438  93.93768768768768
1439  93.41176470588235
1440  93.20943531093639
1441  92.83823529411765
1442  92.6398891966759
1443  92.14799446749655
1444  91.625
1445  91.39784946236558
1446  91.09041835357625
1447  90.72781854569713
1448  91.25886287625418
1449  94.11731448763251
1450  95.07364620938628
1451  94.50070521861777
1452  94.14414414414415
1453  93.98430034129693
1454  93.55151515151515
1455  93.20161834120027
1456  92.89169435215946
1457  92.30039787798408
1458  91.97827518104016
1459  91.62606978275181
1460  91.31833007175473
1461  90.98318240620958
1462  90.48576972833118
1463  90.19639407598197
1464  89.82474226804123
1465  89.10556994818653
1466  88.8208573256558
1467  88.59271099744245
1468  88.17091836734694
1469  87.70222222222222
1474  89.12421580928482
1475  88.87920298879203
1476  88.60555555555555
1477  88.30061349693251
1478  87.84129901960785
1479  87.55168195718655
1480  87.30188679245283
1481  87.22721749696234
1482  90.64077066500933
1483  96.54769846564376
1484  99.10983827493261
1485  98.74120769741208
1486  98.39832149774048
1487  98.15054452274182
1488  97.52469531751123
1489  97.31041009463723
1490  96.9449656035022
1491  96.70143660212366
1492  96.215625
1493  95.93107769423558
1494  95.38224181360202
1495  95.02119700748129
1496  94.70646766169155
1497  94.25311720698254
1498  93.88444990780577
1499  93.41877702285362
1500  92.9394495412844
