1  70.85329341317366
2  70.61461461461461
3  70.399
4  70.27867203219316
5  70.21717171717172
6  70.04883011190233
7  69.87326943556975
9  69.85882352941177
10  69.85882352941177
11  71.28726708074534
12  71.8319209039548
13  72.45576407506702
14  72.5482233502538
15  72.61557177615572
16  72.21621621621621
17  72.05125284738041
18  72.01007838745801
19  71.93837837837837
20  71.89945945945946
21  71.86105263157894
22  71.5103734439834
23  71.43226473629782
24  71.13839750260146
25  71.13839750260146
26  71.00616016427105
27  71.14735772357723
28  72.77664974619289
29  72.58333333333333
30  72.44155844155844
31  72.3913913913914
32  72.23895582329317
33  72.2
34  72.03393213572855
35  71.98105682951146
36  71.84630738522954
37  71.69781312127236
38  71.422
39  71.31729785056295
40  71.21443514644352
41  71.13053097345133
42  71.11458333333333
50  71.17111650485437
51  70.1596130592503
52  70.05326876513317
53  70.03030303030303
54  70.02433090024331
55  69.8876811594203
56  69.79529411764706
57  69.33568075117371
58  69.15133876600699
59  69.08429561200924
61  68.76142697881828
62  68.49777282850779
63  68.24103139013452
64  68.03399122807018
66  69.1628664495114
67  69.11575562700965
68  69.0085653104925
69  68.98591549295774
70  68.74242424242425
71  68.46702702702703
72  68.18311403508773
74  68.13340683572216
75  68.07853982300885
76  67.97800925925925
77  68.24552429667519
78  68.24552429667519
79  68.24552429667519
80  68.24552429667519
81  68.24552429667519
82  68.24552429667519
83  68.24552429667519
84  68.24552429667519
85  68.24552429667519
86  68.24552429667519
87  68.24552429667519
88  68.24552429667519
89  68.24552429667519
90  68.24552429667519
91  76.08365508365509
92  76.16162790697675
95  75.87575150300601
96  78.85439838220425
97  81.1823472356935
98  81.04727272727273
99  80.80789946140035
100  80.50451263537906
101  80.29899726526891
102  80.10279531109107
103  80.02605570530099
104  79.49149507609668
105  79.40249332146037
106  79.14081996434938
107  79.04096170970614
108  78.66019417475728
109  78.43432574430823
110  78.25961538461539
111  75.65794066317626
112  73.02304964539007
113  72.43116883116883
114  72.28225108225108
115  71.82474226804123
116  71.6832191780822
117  71.3164665523156
118  70.99654874892148
119  70.7512908777969
120  70.50642673521851
121  70.3691389599318
122  70.28473413379074
123  69.9810834049871
124  69.7793867120954
125  69.71805792163543
126  69.48515691263783
127  71.4428450465707
128  75.03119584055459
129  77.61810344827586
130  77.67896995708155
131  77.67841788478074
132  77.61478933791918
133  77.49232081911263
134  77.40289608177171
135  76.84215017064847
136  76.7314578005115
137  76.57349192863211
138  76.41546304163127
139  76.11580726965343
140  75.88879456706282
141  78.8578856152513
142  82.1756993006993
143  83.36077057793345
144  83.30615784908933
145  83.2961038961039
146  83.13443191673895
147  83.0625
148  82.77700950734659
149  82.66205704407952
150  82.48414738646102
151  82.24529914529914
152  81.54537671232876
153  78.32203389830508
154  76.70812182741116
155  76.56408094435076
156  76.34844668345927
157  76.09388097233864
158  75.81412952060555
159  75.75440067057838
160  75.46494156928213
161  74.89850249584026
162  74.89036544850498
163  74.54446308724832
164  74.42917015926237
165  74.08153078202994
166  73.87228714524207
167  73.70033388981636
168  73.70033388981636
175  75.7623430962343
176  75.64375523889355
177  75.49749582637729
178  75.29135180520571
179  74.96739130434783
180  74.76674937965261
181  74.71630615640599
182  74.52079866888519
183  74.33139050791007
184  73.98096026490066
185  73.86276150627614
186  73.7844611528822
187  73.6029900332226
188  73.14512093411176
189  73.00082781456953
190  72.77261410788381
191  72.65391014975042
192  73.52640402347025
193  74.54028837998304
194  74.46933560477002
195  74.36278674596431
196  74.12842465753425
197  73.87414965986395
198  73.83220338983051
199  73.55979643765903
200  73.50511945392492
201  73.23305084745763
202  72.89855072463769
203  72.85204081632654
204  72.69269949066214
205  72.53767123287672
206  72.47169811320755
207  74.72079037800687
208  77.55315471045809
209  77.83809523809524
210  77.83246527777777
211  77.69741379310345
212  77.63534482758621
213  77.28173913043479
214  77.13730569948187
215  76.9706390328152
216  76.88478073946689
217  76.71501706484642
218  76.57264957264957
219  76.40292096219932
220  76.18572656921754
221  76.10806174957118
222  75.7636518771331
223  75.49271636675236
224  75.44520547945206
225  75.19055793991416
226  75.11435941530524
227  75.07955517536355
232  76.6396242527754
233  76.47566182749786
234  76.30416312659304
235  76.12883959044369
236  75.80136402387042
237  75.74105621805792
238  75.4863481228669
239  75.3756388415673
240  75.17079419299743
241  75.17150170648465
242  77.89550949913644
243  78.91155866900175
244  78.77652173913043
245  78.70460469157254
246  78.51851851851852
247  78.23560209424083
248  78.11343804537522
249  77.99913644214162
250  77.74121679520137
251  77.71759656652361
252  77.48669527896996
253  77.35862068965517
254  77.15344827586208
255  76.97766323024055
256  76.7611301369863
257  76.64529914529915
258  76.44664371772805
259  76.13141862489121
260  75.88421955403088
261  75.79982891360137
262  75.592082616179
263  75.43384879725086
264  75.25085616438356
265  75.1426116838488
266  74.92875536480686
267  74.68081494057725
268  74.42783945345859
269  74.19845360824742
270  74.05498281786942
271  73.85982905982905
272  73.74168797953965
273  73.62975486052409
274  73.35139712108382
275  73.08833619210978
276  73.05197132616487
277  74.72078593588418
278  75.55657142857143
279  76.01775147928994
280  76.08813160987074
281  76.43314285714285
282  76.23620309050773
283  76.06461864406779
284  75.84736842105264
286  75.58704453441295
287  75.4656862745098
288  75.32587548638132
290  75.09661835748793
291  74.92057416267943
292  74.83632923368023
293  74.58910433979686
294  74.36779505946934
295  74.05765765765766
296  73.97868561278864
297  74.0474060822898
298  76.88620071684588
299  78.77386468952734
300  81.04327375352776
301  82.37807183364839
302  83.71402042711235
303  84.1048888888889
304  84.10778443113773
305  84.05828476269775
306  84.04095004095004
307  83.83102040816327
308  83.6709886547812
309  83.24756493506493
310  83.15247364152474
311  83.07518189167341
312  82.66422167889161
313  82.52512155591572
314  84.4249797242498
315  86.05901911886949
316  86.22621035058431
317  86.21017514595496
318  86.12645590682196
319  85.99585062240664
320  85.86661143330572
321  85.42833471416736
322  85.27671913835957
323  85.11046511627907
324  84.93521594684385
325  84.80746887966805
326  86.26162790697674
327  87.54251700680273
328  87.42760372565623
329  87.2886075949367
330  87.07510548523207
331  86.86172006745363
332  86.68170212765958
333  86.35289115646259
334  86.21728187919463
335  86.08732157850545
336  85.82362869198312
337  85.65820642978004
338  85.43518518518519
339  84.86727879799666
340  81.8385460693153
341  79.36023789294818
342  77.7088285229202
343  77.47222222222223
344  77.2093220338983
345  76.89898132427844
346  76.61920808761583
347  76.35882352941177
348  75.96647108130763
349  75.71059216013344
350  75.51051303616484
351  74.02702702702703
352  70.35054121565362
353  67.94402673350042
354  66.36985172981878
355  65.93981863149217
356  65.79768786127168
357  62.928276999175594
358  60.04508196721312
359  59.151690024732076
360  58.93986820428336
361  58.71875
362  58.391880695940344
363  58.12673753066231
364  58.119574119574125
365  57.73251028806584
366  57.59356966199505
367  57.19442165709599
368  57.06377759607523
369  56.927406199021206
370  56.719802793755136
371  56.487200660611066
372  56.27557755775578
373  56.10874897792314
374  57.10130718954248
375  62.88259441707717
376  68.47579983593108
377  73.44776119402985
378  75.60552763819095
386  76.70382424735557
387  80.07514450867052
388  81.5514096185738
389  81.5514096185738
390  81.50619322873658
391  81.37810945273633
392  81.0814144736842
393  80.95387149917627
394  80.73710073710073
395  80.54009819967267
396  80.171875
397  80.00651465798046
398  79.82439024390244
399  79.60743134087238
400  77.94810543657331
401  75.69893355209187
402  75.47957516339869
403  75.22835943940643
404  75.00491803278689
405  74.70391517128874
406  74.52361563517915
407  74.23875715453802
408  74.10965630114566
409  73.85725871857258
410  73.55906148867314
411  73.20751633986929
412  71.5584627964023
413  71.29541734860884
414  71.02958093672966
415  70.78314238952537
416  70.4165302782324
417  70.19338842975206
418  69.98345740281223
419  69.56862745098039
420  69.38582028029678
421  69.03627370156636
422  68.7911547911548
423  68.5960752248569
424  68.42668863261945
425  68.19278096800656
426  68.00819000819001
427  67.76991869918699
428  69.67611683848797
429  72.03405865657521
430  73.12089077412513
431  73.64294049008168
432  74.01404853128992
434  73.99701492537314
436  73.44026186579379
437  73.23014586709887
438  73.23014586709887
439  73.23014586709887
440  72.69299552906111
441  72.508356545961
442  72.40204865556979
443  72.19161676646706
444  71.96215596330275
445  73.86453744493392
446  75.08881922675026
447  75.10125361620058
448  75.02168021680217
449  74.73961937716263
450  74.58347386172007
451  74.1989966555184
452  74.11583333333333
454  73.66216216216216
455  73.56652360515021
456  74.60539460539461
457  75.02902374670185
458  75.02902374670185
459  75.02902374670185
460  75.02902374670185
461  75.02902374670185
462  75.02902374670185
463  75.02902374670185
464  75.02902374670185
465  75.02902374670185
466  75.02902374670185
467  75.02902374670185
468  75.02902374670185
469  75.02902374670185
470  62.5674486803519
471  62.23368146214099
472  61.9345579793341
473  61.80666666666667
474  61.39679144385026
475  61.113846153846154
476  60.88899803536346
477  60.68612440191387
478  60.309458218549125
479  63.20766488413547
480  67.45967042497831
481  74.10374149659864
482  76.00663349917082
489  78.95443037974684
490  81.49956859361518
491  81.11006825938567
492  81.0981228668942
493  80.90419161676647
494  80.55297157622739
495  80.34752981260647
496  80.10526315789474
497  79.88200339558574
498  79.4623200677392
499  79.18243243243244
500  78.94829024186822
501  78.72780569514238
502  78.27364016736402
508  78.44040574809806
509  78.24830508474577
510  78.04886267902275
511  77.83163265306122
512  77.41267123287672
513  77.22194092827004
514  77.03035413153457
515  76.81335616438356
516  76.29461998292058
517  76.24044180118946
518  75.93877551020408
519  75.77172061328791
520  75.40699658703072
521  75.16206896551724
522  74.97167381974249
523  74.82226056945643
524  74.49400684931507
525  74.09130060292851
526  73.94896193771626
527  73.7679033649698
528  73.47463456577816
529  73.28583765112262
530  73.16984402079723
531  72.9636048526863
532  72.6959517657192
533  72.45721694036301
534  71.99738675958189
535  71.90821678321679
536  71.64377682403433
537  71.46087704213241
538  71.23478260869565
539  71.09756097560975
540  70.79355400696865
541  70.59548611111111
542  70.41166231505657
543  69.93816254416961
544  69.84942426926483
552  70.73175021987687
554  70.52802101576182
555  70.37576821773486
556  70.15508021390374
557  70.0008896797153
558  69.75418502202643
559  69.57941437444543
560  69.28405017921148
561  68.99009009009009
562  68.85241502683363
563  68.52236135957067
564  68.41808415398388
565  68.13537906137184
566  68.11812443642921
567  67.87174887892377
568  67.8457399103139
569  70.28402903811252
570  72.22338403041825
571  72.18042226487523
572  72.15708812260536
573  71.98280802292264
574  71.97996183206106
575  71.68684957426679
576  71.5515610217597
577  71.40607210626186
578  71.08952380952381
579  70.9914691943128
580  70.6568720379147
581  70.54237288135593
582  70.37878787878788
583  70.10964083175803
584  70.0303317535545
585  69.66510318949344
592  71.6018691588785
593  71.34433962264151
594  71.06974552309143
595  70.74585635359117
596  70.62591911764706
597  70.5303867403315
598  70.366391184573
599  73.54711802378775
600  77.11338289962825
601  80.35299539170506
602  83.20705244122966
603  84.92756183745583
604  86.00599828620395
605  85.99916874480465
606  85.89683860232945
607  85.72811447811448
608  85.28727885425442
609  85.11317567567568
610  84.91659646166806
611  84.65669160432253
612  84.22259414225941
613  84.07077435470441
614  83.63621262458472
615  83.12033195020747
616  82.93559042113955
621  83.51676206050695
622  83.1914191419142
623  82.79046836483155
624  82.4959349593496
625  82.07873376623377
626  81.95307443365695
627  81.61470113085622
628  81.38740920096852
629  80.92874493927125
631  81.89365210222589
632  81.5052888527258
633  81.1457654723127
634  80.96631059983567
635  80.65877551020408
636  80.47773279352226
637  80.10813008130081
638  79.99354317998386
639  79.55977382875606
640  79.39564867042708
641  77.56913183279742
642  76.03562753036437
643  75.82528180354268
644  75.47791164658635
645  75.08988764044943
646  74.66666666666667
647  74.47213375796179
648  74.2184
649  73.57188498402556
650  73.46730462519936
651  73.0
652  72.7090909090909
653  72.4632
654  72.25837320574162
655  71.80925778132482
656  71.52327447833066
657  71.3439744612929
658  70.75340272217774
659  70.52715654952077
660  70.53030303030303
661  72.54875100725222
662  72.28188464662875
663  71.8672064777328
664  71.72749391727494
665  71.5770782889427
666  71.39983909895415
667  70.80113177041228
668  70.67880258899676
669  70.3972602739726
670  70.2051282051282
671  69.77272727272727
672  69.58373590982286
673  69.25324675324676
674  68.87570621468926
675  68.63452188006482
676  68.20631067961165
677  67.98211382113821
678  67.63341443633415
679  67.42394822006473
680  67.07806080525883
681  68.359477124183
682  70.26054590570719
683  70.11283728536385
684  69.8865306122449
685  69.5512715340443
686  69.31423895253683
687  69.01549755301795
688  68.78981406628941
689  68.56117455138663
690  68.3138866064092
691  68.20032706459526
692  67.89335520918786
693  67.63934426229508
694  67.27399507793274
695  68.14729950900164
696  70.48897959183674
697  71.4206672091131
698  71.26332794830371
699  71.16558966074314
700  70.80322580645161
701  70.64724919093851
702  70.35961383748995
703  69.95472918350849
704  69.7620578778135
705  69.54744525547446
706  69.33898305084746
707  69.06301145662847
708  68.81629260182876
709  69.61849192100539
710  70.39186507936508
711  70.801261829653
712  71.4047619047619
713  71.5366598778004
714  71.46959122632104
715  71.35810810810811
716  71.14947965941343
717  70.95708955223881
718  70.71283471837488
719  70.48602344454463
720  70.01914311759343
722  69.54415700267619
723  69.44010647737356
724  69.20125223613596
725  68.85291479820627
726  68.60089285714285
727  68.22583559168925
728  68.03623188405797
729  67.88229927007299
730  67.59820627802691
731  67.2832422586521
732  67.12923923006416
733  66.86267281105991
734  66.59252506836827
735  66.56193078324226
739  68.5346975088968
740  68.336
741  68.11002661934339
742  67.90325417766051
743  67.61707746478874
744  67.45181255526083
745  67.1607460035524
746  66.96905393457118
747  66.51329787234043
748  66.28533333333333
749  66.06877828054299
750  65.89803554724041
751  65.66832669322709
752  65.32480533926585
753  65.06666666666666
756  64.73549488054607
762  64.8237885462555
763  64.5580404685836
764  64.27414330218069
765  63.96846388606308
766  63.67462686567164
767  63.208955223880594
768  63.16141732283465
769  62.9677734375
770  62.58463035019456
771  62.14960629921259
772  61.971871968962176
773  61.73955296404276
774  61.116279069767444
775  61.0587668593449
776  60.84007707129095
777  60.354713313896994
778  60.390625
779  62.92668621700879
780  64.13877952755905
781  64.06060606060606
782  63.8883495145631
783  63.468230694037146
784  63.227492739593416
785  63.07024390243902
786  62.91133004926108
787  62.60920666013712
788  62.22687439143135
789  62.1364522417154
790  61.90396039603961
791  61.45353535353536
792  63.76623376623377
793  65.67472306143002
794  67.49698795180723
795  68.4085914085914
796  68.04653465346534
797  67.99313052011776
798  67.89941972920697
799  67.50336862367661
800  67.17357762777242
801  67.1201923076923
802  66.71579961464354
803  66.61159420289854
804  66.43240651965485
805  67.11078717201165
806  68.17745098039215
807  68.85043988269794
808  68.84742468415938
809  68.52662149080348
810  68.26315789473684
811  68.11154598825831
812  67.87068114511352
813  67.79128672745694
814  67.75395987328406
815  67.48520084566596
816  67.00540540540541
818  66.53681963713981
819  66.50800426894344
820  65.93051031487514
821  65.77665544332211
822  65.26699029126213
823  64.88227684346701
824  64.44714285714285
825  63.64201183431953
827  63.61210453920221
828  63.981106612685565
829  64.38730569948187
830  65.14572864321607
831  65.76923076923077
833  65.64302884615384
839  66.82730455075846
840  67.16046511627907
841  66.83450704225352
842  66.65357967667437
843  66.43557582668187
844  66.2348224513173
845  65.9247191011236
846  65.75657894736842
847  65.38115631691649
848  65.09558067831449
849  65.05742574257425
850  64.856184084372
851  64.81576535288725
852  66.80369718309859
853  68.20170940170941
854  68.2
855  68.09202958093672
856  67.93535188216039
857  67.87265306122448
858  67.45921696574226
859  67.1877049180328
860  67.12820512820512
861  66.85928393005828
862  67.1195079086116
863  67.42857142857143
864  67.4380664652568
865  67.52332657200812
866  67.82536382536382
867  67.9436913451512
868  67.9139896373057
869  67.84559585492228
870  67.70837642192348
871  67.40899581589959
872  67.16683831101956
873  66.76938775510204
874  65.47747747747748
875  65.20630372492836
876  64.98250460405157
877  64.53113879003558
878  64.35580204778157
879  63.91014975041597
880  63.52491694352159
881  63.35394629780309
882  62.995077932731746
883  62.67953985209532
884  62.26129827444535
885  62.128794093519275
886  61.86513157894737
887  61.62020033388981
888  63.2151690024732
889  66.5175
890  68.50993377483444
891  70.6482701812191
892  72.17277913610432
893  72.56039441248973
894  72.21031096563011
895  72.05044751830756
896  71.83970707892595
897  71.56818181818181
898  71.42016129032258
899  71.70741646291769
900  71.8434712084347
901  71.8949070331447
902  72.55108608205953
903  73.49358974358974
904  73.36628849270664
905  73.08225806451613
906  73.01771336553945
907  72.69243156199678
908  72.31523500810373
909  72.10573042776433
910  71.87044534412955
911  71.75566343042071
912  71.30851063829788
913  71.13458401305057
914  70.84451718494272
915  69.653376729048
916  68.54641693811075
917  68.25737704918033
918  67.99253731343283
919  67.8021523178808
920  67.42477140482129
921  67.16198347107438
922  66.98013245033113
923  66.8256880733945
924  66.68692756036636
925  66.27051926298158
926  66.11596638655462
927  66.01173512154233
928  65.67341772151899
929  65.37731092436975
930  65.11214165261383
931  65.01440677966102
932  64.73305084745763
933  64.2278156996587
934  64.04522184300342
935  64.10836177474403
936  66.96410256410256
937  68.0390625
938  67.97569444444444
939  67.72845953002611
940  67.30250648228176
941  67.07792207792208
942  66.89579684763572
943  66.717277486911
944  66.20969162995594
945  66.14614703277236
946  66.03365810451727
947  65.73516386182462
948  65.33274021352314
949  65.1301247771836
950  64.9561717352415
951  64.33153153153152
952  64.12714156898106
953  64.0633484162896
954  63.75729927007299
955  63.35477941176471
956  63.09208103130756
957  62.9852534562212
958  62.794609665427515
959  62.31524789522919
960  62.118207816968535
961  61.92732558139535
962  61.67395626242545
963  61.37513061650992
964  61.22921348314607
965  62.82775712515489
966  64.00261437908497
967  64.65490196078431
968  64.6332899869961
969  64.5652709359606
970  64.40484848484849
971  64.02718676122932
972  63.9047619047619
973  63.74370709382151
974  63.55771428571428
975  63.44342857142857
976  63.10742857142857
978  62.8107502799552
979  62.68980963045912
980  62.294843049327355
981  62.18191964285714
982  61.994432071269486
983  61.81121898597627
984  61.61945945945946
985  61.27029914529915
986  61.16221985058698
987  64.65123789020453
988  66.02986725663717
996  66.36038514442916
997  66.88992248062016
998  66.88992248062016
999  66.88992248062016
1000  66.88992248062016
1001  66.88992248062016
1002  66.88992248062016
1003  66.88992248062016
1004  66.88992248062016
1005  66.88992248062016
1006  66.88992248062016
1007  66.88992248062016
1008  66.88992248062016
1009  66.88992248062016
1010  66.88992248062016
1011  66.88992248062016
1012  66.88992248062016
1014  66.79945429740792
1015  68.83942558746736
1016  70.28589108910892
1017  69.93406593406593
1018  69.74047619047619
1019  69.47344110854503
1020  69.33029612756265
1021  69.08120133481647
1022  68.76222222222222
1023  68.69068736141907
1024  68.45220193340494
1025  68.27593582887701
1026  67.92017259978425
1027  67.92564655172414
1028  69.84983677910773
1029  69.97081081081082
1030  69.9004329004329
1031  69.46951871657754
1032  69.31944444444444
1033  69.15828877005347
1034  68.80042918454936
1035  68.61300639658849
1036  68.47905477980666
1037  68.35351351351352
1038  67.84864864864865
1040  67.55042918454936
1041  67.39419978517724
1042  67.08719052744887
1043  66.96272630457933
1044  66.6353065539112
1045  66.32502596053997
1046  66.41290983606558
1047  69.81204569055036
1048  72.83756345177665
1049  77.02738336713996
1050  79.38484251968504
1051  81.18361581920904
1053  81.1413612565445
1054  80.97048903878583
1055  80.78991596638656
1056  80.54905193734542
1057  80.21057046979865
1058  79.89343563512361
1059  79.55435684647303
1060  79.17060810810811
1061  80.74767146486029
1062  83.34515570934256
1063  84.35534317984362
1064  84.06024096385542
1065  83.89666951323655
1066  83.76615646258503
1067  83.19676320272572
1068  83.03130287648054
1069  82.77408354646207
1070  82.45307167235495
1071  82.16920473773266
1072  81.93361344537816
1073  81.66300675675676
1074  81.243922883487
1075  80.88352745424292
1076  80.49086378737542
1077  80.15058236272878
1078  80.01326699834162
1079  77.67341772151899
1080  74.9358108108108
1081  73.68571428571428
1082  73.45507976490345
1083  73.01266891891892
1084  72.43708053691275
1085  72.22147651006712
1086  72.00502092050209
1087  71.67108533554267
1088  71.47420965058237
1089  71.05166666666666
1090  70.74937759336099
1091  70.77216238608119
1092  73.34001670843776
1093  76.59283930058285
1094  78.66638584667228
1095  79.02033898305085
1102  80.49455155071249
1103  81.2586352148273
1104  81.03125
1105  80.9452861952862
1106  80.68609492089925
1107  80.33668341708542
1108  80.11276948590381
1109  79.87344913151365
1110  79.588769611891
1111  79.06810631229236
1112  78.83402146985962
1113  78.52596867271228
1114  77.2782392026578
1115  76.9892561983471
1116  76.60919540229885
1117  76.29450369155045
1118  76.11914543960559
1119  75.6238757154538
1120  75.14121510673235
1121  74.8695652173913
1122  74.71067644661777
1123  76.60773026315789
1124  77.86001676445935
1125  78.16471571906355
1126  78.09106098579782
1127  77.97007481296758
1128  77.59323432343234
1129  77.24029727497935
1130  77.02598491198658
1131  76.71916666666667
1132  76.53211009174312
1133  76.26495016611295
1134  76.00585284280936
1135  75.92307692307692
1136  75.9126050420168
1138  76.98573825503355
1139  76.74244966442953
1140  76.55788590604027
1141  76.13305439330544
1142  76.01352493660185
1143  75.84810126582279
1144  75.57407407407408
1145  75.167649536647
1146  74.91421362489487
1147  74.64921030756442
1148  74.3225
1149  74.0774354704413
1150  73.90969345484673
1151  73.56338028169014
1152  73.1548709408826
1153  73.0016583747927
1154  72.69414674361089
1155  72.13689482470785
1156  71.98003327787022
1157  71.6271748135874
1158  71.29917355371902
1159  71.06887966804979
1160  70.71820448877806
1161  70.36694214876033
1162  69.96814752724225
1163  69.73653686826843
1164  69.72393661384487
1165  73.5673640167364
1166  75.19809688581314
1167  75.17672413793103
1168  75.02067183462532
1169  74.70136518771331
1170  74.49022939677145
1171  74.24526678141136
1172  74.04978540772532
1173  73.75929054054055
1174  73.47238742565845
1175  73.21605465414176
1176  73.03574468085107
1177  72.69940728196444
1178  72.41245791245791
1179  72.21319796954315
1180  71.87741393786735
1181  71.55649957519117
1182  71.11849957374254
1183  71.00860585197934
1184  70.74766355140187
1185  70.99914602903502
1186  74.24913793103448
1187  75.29545454545455
1188  75.22929380993897
1189  75.17443868739205
1190  74.931330472103
1191  74.51118760757315
1192  74.1733102253033
1193  73.98619499568593
1194  73.6597760551249
1195  73.47545219638243
1196  73.18276762402088
1197  72.91507798960139
1198  72.65047701647875
1199  72.44982698961938
1200  71.92974848222029
1201  71.69819432502149
1202  71.4105445116681
1203  71.18973020017407
1204  70.79047619047618
1205  70.6051948051948
1206  70.33681462140993
1207  70.0
1208  69.7158273381295
1209  69.60882647943832
1210  71.17897091722595
1211  71.66214549938347
1212  72.40943877551021
1213  72.83883248730965
1214  73.43515151515152
1215  73.44925883694413
1216  73.33369098712447
1217  73.02711157455683
1218  72.72489959839358
1219  72.51638530287984
1220  72.36594911937378
1221  71.94859359844811
1222  71.78243902439024
1223  71.48315688161694
1224  71.33686236766121
1225  70.8860153256705
1226  70.50673076923077
1227  70.32488262910798
1228  70.00746268656717
1229  69.57476635514018
1230  69.53896103896103
1231  69.2479262672811
1232  68.94490358126721
1233  69.10045662100457
1234  72.08287795992715
1235  75.45246800731262
1236  76.24478694469629
1237  76.04151624548736
1238  75.8100607111882
1239  75.6872852233677
1240  75.48849104859335
1241  75.24809483488569
1242  74.790756302521
1243  74.58458961474037
1244  74.15625
1245  73.83870967741936
1246  73.63696369636963
1247  72.71963394342762
1248  69.92019950124688
1249  67.62956810631229
1250  65.79737489745693
1251  65.38095238095238
1252  64.7944307944308
1253  64.48705501618123
1254  64.1638141809291
1255  63.74243663123467
1256  63.63110749185668
1257  63.23763179237632
1258  62.87080948487326
1259  62.649593495934965
1260  62.42216788916055
1261  62.16639477977162
1262  61.68459657701712
1263  63.385690789473685
1264  67.1206611570248
1265  68.54621149042464
1266  68.48682042833607
1267  68.36115702479339
1268  68.19552609776305
1269  67.83745874587459
1270  67.63501238645748
1271  67.31435643564356
1272  66.93126022913258
1273  66.74979423868312
1274  66.5890073831009
1275  66.29087921117502
1276  65.86977886977887
1277  65.96642096642097
1278  69.7139303482587
1279  71.49412751677852
1280  71.0125
1281  70.85179017485429
1282  70.60811930405966
1283  70.45898922949462
1284  70.18811881188118
1285  69.83471760797342
1286  69.6302729528536
1287  69.3678541839271
1288  68.8115095913261
1289  68.75
1290  68.48267326732673
1291  68.22962962962963
1292  68.27671913835957
1293  70.60386879730866
1294  71.18036912751678
1295  70.79232693911592
1296  70.68671679197995
1297  70.32247284878864
1298  70.17330016583747
1299  69.74937965260546
1300  69.58589211618258
1301  69.4380714879468
1302  69.07666941467436
1303  68.83897605284889
1304  68.65927750410509
1305  68.54342218400689
1306  68.53367875647669
1307  68.29106280193237
1308  68.42261103633916
1309  68.63328822733423
1310  69.06091370558376
1311  69.58235294117647
1312  69.66449511400651
1313  69.44108761329305
1314  69.28098391674551
1315  68.7116953762466
1316  68.51763668430335
1317  68.33745583038869
1318  68.12945264986968
1319  67.65743944636678
1320  67.50778546712803
1321  67.16092943201377
1322  66.77054794520548
1323  66.64006791171477
1324  66.2224123182207
1325  66.03012048192771
1326  65.68971332209107
1327  65.52493660185968
1328  65.04262574595056
1329  66.13430282292558
1330  69.11541774332473
1331  70.60981912144703
1332  70.42881500426257
1333  70.10562180579217
1334  69.79421768707483
1335  69.7389455782313
1336  69.41461342395922
1337  69.10750853242321
1338  68.78888888888889
1339  68.5655877342419
1340  68.4041095890411
1341  67.9724375538329
1342  67.62264150943396
1343  67.46029035012809
1344  67.15948275862068
1348  68.74096385542168
1349  68.55862068965517
1350  68.42350907519447
1351  67.9253859348199
1352  67.65926558497011
1353  67.52730375426621
1354  67.27233676975945
1355  66.9526678141136
1356  66.71574468085106
1357  66.62203389830509
1358  66.3239556692242
1359  65.76805437553101
1360  65.5961049957663
1361  65.46382978723405
1362  67.89414802065404
1363  70.18696397941682
1364  70.55737704918033
1365  70.54819277108433
1366  70.31615120274914
1367  70.23281786941581
1368  69.90398550724638
1369  69.74656188605108
1370  69.77727784026996
1371  70.15517241379311
1372  70.15993788819875
1373  70.15993788819875
1374  70.15993788819875
1375  70.15993788819875
1376  70.17663043478261
1377  70.02808302808303
1378  69.73539928486294
1379  69.43566591422122
1380  69.42391304347827
1381  69.24789029535864
1382  68.90729166666667
1383  68.56762295081967
1384  68.44366899302094
1385  68.29482071713147
1386  67.79980276134123
1387  67.68805528134254
1388  67.30098039215686
1389  67.133072407045
1390  66.77616279069767
1391  66.48593598448109
1392  66.23054474708171
1393  66.0390243902439
1394  65.73971291866029
1395  65.37090558766859
1396  65.13288718929255
1397  64.71060171919771
1398  64.60228353948621
1399  64.4985754985755
1400  64.11498586239397
1401  64.38981481481481
1402  68.15808491418248
1403  72.07130124777184
1404  73.5624468988955
1405  73.52297410192148
1406  73.42113955408753
1407  73.17798013245033
1408  72.79330543933054
1409  72.6025
1410  72.48107653490328
1411  72.10041841004184
1412  71.81308411214954
1413  71.38527397260275
1414  71.20151770657672
1415  73.57336726039016
1416  76.96990541702493
1417  79.85025817555938
1418  81.9801724137931
1419  82.37660119555935
1420  82.31260647359454
1421  81.95384615384616
1422  81.73502109704641
1423  81.530749789385
1424  81.0950378469302
1425  80.84100418410041
1426  80.56474519632414
1427  80.30108423686406
1428  79.96497080900751
1429  79.65185185185184
1430  79.2279108175062
1431  78.86147540983606
1432  78.51147540983607
1433  78.3265306122449
1434  77.91918367346939
1435  77.53833605220228
1436  77.29278183292782
1437  76.9165991902834
1438  76.68968318440292
1440  76.7477696674777
1441  76.65472312703584
1442  76.47518307567128
1443  76.24249797242499
1444  75.79449838187702
1445  75.59402744148507
1446  74.94516129032257
1447  74.7453666398066
1448  74.48954983922829
1449  74.1776
1450  73.74859437751005
1451  73.59839357429719
1459  74.78839869281046
1460  74.60146699266504
1461  74.30663430420712
1462  73.86709886547813
1463  73.71661237785017
1464  73.52392538523925
1465  73.30589184826474
1466  72.7163695299838
1467  72.5679806918745
1468  72.21998388396455
1469  71.83239323126512
1470  71.57894736842105
1471  71.34866828087166
1472  70.87540192926045
1473  70.72594987873889
1474  70.4
1475  69.75586095392077
1476  69.63157894736842
1477  69.30374592833876
1478  68.87967479674796
1479  68.72307692307692
1480  68.5048465266559
1481  68.19491525423729
1482  68.31529850746269
1483  68.42279792746113
1484  69.25993189557322
1485  69.30506607929516
1486  69.60427807486631
1487  69.8004158004158
1488  69.75555555555556
1489  69.50687622789783
1490  69.48452611218569
1491  69.1534795042898
1492  68.65151515151516
1493  68.54859813084113
1494  68.30892018779343
1495  68.20651162790698
1496  67.71872060206961
1497  67.56656948493684
1498  67.77177177177177
1499  69.75359342915812
1500  70.9074844074844
