1  141.0
2  141.0
3  141.0
4  141.0
5  141.0
6  141.0
7  141.0
8  141.0
9  141.0
10  141.0
11  141.0
12  141.0
13  141.0
14  141.0
15  141.0
16  141.0
18  92.40267639902676
19  93.01295896328294
20  97.99056603773585
22  93.54033771106941
23  93.68773234200744
24  94.03348837209302
25  94.38245931283906
26  94.49326145552561
27  94.7245349867139
28  95.03472840605521
29  95.44324324324324
30  95.67352415026834
31  95.72924187725631
32  96.03597122302159
33  96.33933393339333
34  96.63888888888889
35  96.68218442256043
36  96.86612758310872
37  97.49160447761194
38  97.64224548049476
39  95.5901309164149
40  91.87669683257919
41  89.58492975734355
42  88.4596670934699
43  88.45622688039458
44  88.52511415525115
45  89.01760176017602
46  94.71482530689329
47  94.7961432506887
49  90.32229795520935
50  90.64107676969093
51  91.10684273709484
52  91.10684273709484
53  91.10684273709484
54  91.10684273709484
55  91.10684273709484
56  91.10684273709484
57  91.10684273709484
58  91.10684273709484
59  91.10684273709484
60  91.10684273709484
61  91.10684273709484
62  91.10684273709484
63  91.10684273709484
64  91.10684273709484
65  91.10684273709484
66  91.10684273709484
67  91.10684273709484
68  91.10684273709484
69  91.10684273709484
70  91.10684273709484
71  91.10684273709484
72  91.10684273709484
73  91.10684273709484
74  91.10684273709484
75  91.10684273709484
76  91.10684273709484
77  91.10684273709484
78  91.10684273709484
79  91.10684273709484
80  91.10684273709484
81  91.10684273709484
82  91.10684273709484
83  91.10684273709484
84  91.10684273709484
85  91.10684273709484
86  91.10684273709484
87  91.10684273709484
88  91.10684273709484
89  91.10684273709484
90  91.10684273709484
91  91.10684273709484
92  91.10684273709484
93  91.10684273709484
94  91.10684273709484
95  91.10684273709484
96  91.10684273709484
97  91.10684273709484
98  91.10684273709484
99  91.10684273709484
100  91.10684273709484
101  91.10684273709484
102  91.10684273709484
103  91.10684273709484
104  91.10684273709484
105  102.14321295143213
106  102.53151260504202
108  102.3985828166519
109  102.47623089983023
111  102.47687132043734
112  102.4875
118  104.7357512953368
119  105.70258236865538
120  105.48318584070796
121  105.20411817367949
122  104.6618962432916
123  104.2365296803653
124  103.84496826835903
125  103.53713768115942
126  102.93369663941871
128  102.8579185520362
129  102.8009009009009
130  102.78077268643307
131  102.9407540394973
132  102.96495956873315
133  103.30297565374211
134  103.56783468104223
135  103.82533936651583
136  104.01733576642336
137  104.12988192552226
138  103.9047619047619
139  99.92348754448398
140  95.59430604982207
141  93.88162544169612
142  93.97256637168141
143  94.33007985803017
144  94.73309920983318
145  94.83085013146363
146  95.18667835232253
147  95.56842105263158
148  95.76336546888695
149  96.00174520069808
150  96.32480141218005
151  96.51632833186231
152  96.74235807860262
153  97.23691215616682
154  97.52052401746724
155  97.68826619964975
156  98.01860053144375
157  98.44836716681377
158  98.69947275922672
159  99.00354295837025
160  99.46701846965699
161  94.94778761061947
162  91.64716471647165
163  90.56447249774571
164  90.59748427672956
165  90.75089928057554
166  91.03306523681859
167  91.37246248896734
168  91.64850615114236
169  91.82425307557118
170  92.50262237762237
171  92.6669588080631
172  92.94943330427202
173  93.46899563318777
174  93.7331583552056
175  93.97900262467192
176  94.35763888888889
177  94.54624027657735
178  94.74434782608695
179  92.82578397212544
180  88.72493345164153
181  86.7468694096601
182  86.99823008849557
183  87.26609442060087
184  87.46740050804404
185  87.63674851820491
186  87.91065292096219
187  88.34913793103448
188  88.57142857142857
189  89.08072916666667
190  89.49319727891157
191  89.8062015503876
192  90.59475218658892
199  90.54220456802383
200  91.02427184466019
201  96.72528433945757
203  91.97697974217311
204  92.53922452660053
205  92.74776386404294
206  93.36177777777777
207  93.66725820763088
208  93.81007067137809
209  94.3494293239684
210  94.61767279090114
211  94.87834339948232
212  95.10454155955442
213  95.43197278911565
214  95.63237774030354
215  92.88354430379746
216  89.29048843187661
217  88.59561920808761
218  88.55333333333333
219  88.72944078947368
220  89.09348914858097
221  89.26011560693641
222  89.63283828382838
223  89.98425849212924
224  90.67620605069501
225  90.86479802143447
226  91.31348221670802
227  91.6543513957307
228  91.96118909991742
229  92.48894348894349
230  92.7833607907743
231  94.7864238410596
232  95.97254575707154
233  96.51694915254237
234  96.90601185436071
235  97.40188517566409
236  97.68851063829787
237  98.03106125970665
238  98.53391304347826
239  98.79045092838197
240  99.41873278236915
241  99.88619402985074
242  98.89383886255925
243  96.15032679738562
245  93.60097087378641
246  93.64931237721022
247  93.94639376218323
248  94.43333333333334
249  94.67888138862102
250  95.15748792270531
251  100.94191242180518
253  96.06916996047431
254  96.59054325955734
255  96.82555780933063
256  97.350622406639
257  97.6561181434599
258  97.78205128205128
259  94.79484304932735
260  91.64126611957796
261  90.29013079667062
262  90.50877192982456
263  90.57324106113033
264  90.78465063001146
265  91.42038946162657
266  91.69662921348315
267  91.94104560622914
268  92.49281767955802
269  92.66886688668868
270  92.92400881057269
271  93.3259423503326
272  93.65346534653466
273  94.05452562704471
274  94.28145695364239
275  94.61368653421634
276  94.78429203539822
277  95.57269700332964
278  95.92609182530795
279  96.34579439252337
280  96.67430025445293
281  96.67430025445293
282  96.67430025445293
283  96.67430025445293
284  145.0
285  145.0
286  145.0
287  145.0
288  145.0
289  145.0
290  145.0
291  145.0
292  145.0
293  145.0
294  145.0
295  145.0
296  145.0
297  145.0
298  145.0
299  145.0
300  145.0
301  145.0
302  145.0
303  145.0
304  145.0
305  145.0
306  145.0
307  145.0
308  145.0
309  145.0
310  145.0
311  145.0
312  145.0
313  145.0
314  145.0
315  145.0
316  145.0
318  87.60473815461347
319  88.00121212121212
320  88.46871310507674
321  89.12690951821386
322  89.27732079905994
323  89.8041958041958
324  90.13924050632912
325  90.55074116305587
326  90.70307167235495
327  91.10662177328844
328  91.46820809248555
329  91.78221208665906
330  92.51178451178451
331  92.63169897377423
332  93.04938271604938
333  93.28571428571429
334  93.63573085846868
335  94.02334152334153
336  94.02334152334153
337  94.02334152334153
338  94.02334152334153
339  94.02334152334153
340  94.02334152334153
341  94.02334152334153
342  94.02334152334153
343  94.02334152334153
344  94.02334152334153
345  94.02334152334153
346  94.02334152334153
349  88.85414847161572
351  83.38701298701298
352  83.45857740585774
353  83.59783513738552
354  84.02716049382715
355  84.54666666666667
356  84.69525395503747
357  85.9391947411668
358  89.89704641350211
359  91.23760683760683
360  92.22704081632654
361  92.83948497854077
362  93.45913043478261
363  94.25448334756618
364  94.70628768303187
365  94.98889837745517
366  95.17860151642797
367  95.80275624461672
368  95.95250212044105
369  96.07106598984771
370  96.11357813834329
371  96.11900684931507
372  96.3499142367067
373  96.6722027972028
374  101.8804815133276
375  97.30669546436286
376  97.30669546436286
377  97.30669546436286
378  97.30669546436286
379  97.30669546436286
380  97.30669546436286
381  97.30669546436286
382  97.30669546436286
383  97.30669546436286
384  97.30669546436286
385  85.2421052631579
386  85.34910620399579
387  85.466
388  85.64018691588785
389  85.72351885098743
390  85.84517766497461
392  85.96537842190016
393  86.03373493975904
394  86.35303643724697
395  86.78684429641964
396  87.07111882046834
397  87.72808586762075
398  88.33333333333333
399  89.27101631116687
400  89.27101631116687
401  89.27101631116687
402  89.27101631116687
403  89.27101631116687
404  89.27101631116687
405  89.27101631116687
406  89.27101631116687
407  89.27101631116687
408  89.27101631116687
409  89.27101631116687
415  72.69941225860622
416  73.1814548361311
417  73.61194029850746
418  74.06264869151467
419  74.95550351288057
420  75.58062015503876
421  76.02698535080955
422  76.56235654169855
423  77.14353312302839
424  78.08983666061707
425  78.90825688073394
426  78.90825688073394
429  78.57267441860465
430  79.13064133016627
431  79.87686996547757
432  80.58631415241058
433  80.58631415241058
434  80.58631415241058
435  80.58631415241058
436  80.58631415241058
437  80.58631415241058
438  80.58631415241058
439  80.58631415241058
441  75.002828854314
442  76.33471933471934
443  82.77527151211362
445  77.7966903073286
446  78.27162367223065
447  78.54003021148036
448  79.11667913238594
449  79.4628657164291
450  79.67862481315396
451  80.26275704493526
452  80.49240121580547
453  80.59299610894942
454  80.92768273716952
455  81.53159557661927
456  81.9630503144654
457  82.26361483820047
458  82.80205047318611
459  83.41686367218283
460  83.85996835443038
461  84.50474683544304
462  84.91410559495665
463  85.66746221161496
464  86.23076923076923
465  86.86064924782265
466  87.37380952380953
467  87.88941925218775
468  88.50158982511924
469  89.0047694753577
470  89.5726837060703
471  90.18456642800318
472  88.11914217633043
473  84.90705128205128
474  83.9105560032232
475  84.47376916868443
476  84.78404512489928
477  85.37317073170732
478  85.70545158665581
479  86.31996726677578
480  86.80194805194805
481  87.71314741035856
482  88.32319078947368
483  88.92444821731749
484  89.50567107750473
485  87.52341920374707
486  87.52341920374707
487  87.52341920374707
488  87.52341920374707
489  87.52341920374707
490  87.52341920374707
491  87.52341920374707
492  87.52341920374707
493  87.52341920374707
494  87.52341920374707
495  84.80026809651474
496  85.23027989821882
497  86.02439024390245
498  86.40606767794633
499  87.18756936736959
500  87.46551724137932
501  88.09034267912773
502  88.60390946502058
503  89.05
504  89.62538382804503
505  90.10264227642277
506  90.45714285714286
507  91.01530612244898
508  91.77320675105486
509  92.35863586358636
510  92.63272311212815
511  93.21968787515006
512  93.40326633165829
513  93.40326633165829
514  93.40326633165829
515  93.40326633165829
516  93.40326633165829
517  93.40326633165829
518  93.40326633165829
519  93.40326633165829
520  93.40326633165829
521  93.40326633165829
522  93.40326633165829
523  93.40326633165829
524  93.40326633165829
525  93.40326633165829
527  89.71988795518207
528  90.41076487252124
529  90.9329685362517
530  87.98552631578947
531  85.40320427236315
532  85.40320427236315
533  85.51174289245982
534  86.26004728132388
535  86.51451800232289
536  86.92045454545455
537  87.5995449374289
538  87.82292849035187
539  88.4888366627497
540  88.89783653846153
541  89.44136191677175
542  89.44136191677175
543  89.44136191677175
544  89.44136191677175
545  89.44136191677175
546  89.44136191677175
547  89.44136191677175
548  89.44136191677175
549  89.44136191677175
550  89.44136191677175
551  89.44136191677175
557  73.59293394777266
558  74.57733333333333
559  75.03659976387249
560  75.61322869955157
561  76.52189781021897
562  76.52189781021897
563  76.52189781021897
564  76.52189781021897
565  76.52189781021897
566  76.52189781021897
567  76.52189781021897
568  76.52189781021897
569  76.52189781021897
570  76.52189781021897
571  76.52189781021897
572  76.52189781021897
573  76.52189781021897
574  76.52189781021897
575  76.52189781021897
576  76.52189781021897
577  76.52189781021897
578  76.52189781021897
579  76.52189781021897
580  76.52189781021897
581  76.52189781021897
582  76.52189781021897
584  73.89329685362517
585  74.88331515812432
586  75.09537572254335
587  75.61884183232497
588  76.00487804878048
589  76.49685039370078
590  77.20152671755726
591  77.83783783783784
592  78.3648854961832
593  78.8688524590164
594  79.42421934501142
595  79.79938977879482
596  80.68449197860963
597  81.37682271680737
598  81.63467492260062
599  82.24492979719189
600  82.84018619084561
601  83.51284046692606
602  83.89874411302982
603  84.41490196078432
604  84.9
605  85.38572574178028
606  82.08127490039841
607  78.94515103338632
608  78.24822134387352
609  78.67403314917127
610  79.3618368962787
611  79.847739888977
612  80.5488188976378
613  81.05877680698967
614  82.07357594936708
615  82.60189573459715
616  83.23217115689381
617  83.6232339089482
618  84.33068992862808
619  84.70849880857824
620  85.32909379968204
621  85.70391061452514
622  86.31111111111112
630  84.72043852779953
631  85.36384976525821
632  86.03328173374614
633  86.65027322404372
634  87.23620823620824
635  87.71461897356143
636  88.31804043545878
637  88.9356089992242
638  87.7900466562986
639  84.37010954616588
640  81.38091482649843
641  79.7251968503937
642  80.31779331779332
643  80.74629195940672
644  81.43774168600154
645  81.89494163424125
646  82.42480620155038
647  83.17743190661479
648  83.63312693498452
649  84.33151750972763
650  85.05787037037037
651  85.6106399383192
652  86.37806748466258
653  86.90465293668954
654  87.6062015503876
655  88.4679054054054
656  94.60263653483993
657  88.72243346007605
658  87.92610837438424
659  87.14180206794683
660  85.66753246753247
661  84.27359617682198
662  84.34589800443459
663  85.0392561983471
664  85.35265225933202
665  86.05893536121673
666  86.50366972477065
667  87.36870026525199
668  88.14086956521739
669  88.44099913867356
670  89.1716738197425
671  89.5251256281407
672  90.21815154038302
673  90.66886870355079
674  91.35012185215272
675  91.76277955271566
676  92.67677573822826
677  93.31532962668784
678  93.72561459159397
679  94.44940239043825
680  94.99684293606946
681  93.41558441558442
682  89.65829145728644
683  87.2092609082814
684  84.15262172284645
685  84.01579466929911
686  84.2563600782779
687  84.64334305150632
688  85.31201550387597
689  85.93927125506073
690  86.44666001994018
691  86.9417670682731
692  87.30685203574976
693  88.043
694  89.10264227642277
695  89.38831967213115
696  90.0844772967265
697  90.99779735682819
698  91.23863636363636
699  91.35679214402619
700  91.35679214402619
701  91.35679214402619
702  91.35679214402619
703  91.35679214402619
705  83.1329411764706
706  83.54845154845155
707  84.16621253405995
708  84.57586512866015
709  85.23096663815227
710  85.753367003367
711  93.38002980625932
713  87.60192616372392
714  86.04940239043825
715  82.51804330392943
716  79.95443645083932
717  80.26482213438736
718  80.75376088677751
719  81.20741324921136
720  81.96397807361002
721  82.71574803149606
722  83.36442687747035
723  83.8400954653938
724  84.43378271213322
725  85.08140462889067
726  85.5993640699523
727  86.11252992817239
728  86.59500805152979
729  87.41794664510914
730  87.85633575464084
731  88.60985460420032
732  89.35455278001612
733  89.87277147487845
734  90.43800322061192
735  90.80738362760835
736  91.45234248788368
737  89.66187050359713
738  82.65067945643486
739  79.4341580207502
740  79.85451638689048
741  80.22997620935766
742  80.6810551558753
743  81.44726407613005
744  81.81031746031746
745  82.5
746  83.07307386814932
747  83.99287410926365
748  84.63199369582348
749  85.2147385103011
750  85.79117415287628
751  86.42845849802372
752  86.9203187250996
753  87.54916067146283
754  88.15396952686447
755  86.65258215962442
756  83.33435348125478
757  82.39007633587786
758  82.74222896133435
759  83.24561403508773
760  83.75975975975976
761  84.29059180576631
762  85.04812030075188
763  85.56092124814265
764  86.2605421686747
765  87.24367622259696
766  87.00208333333333
767  86.20818713450292
768  84.54764512595838
769  82.95621890547264
770  80.36591928251121
771  78.24675324675324
772  76.6276150627615
773  74.78802588996764
774  72.08069620253164
775  71.65573770491804
783  71.5979228486647
784  69.69918093819807
785  69.94073518379595
786  70.38032305433187
787  70.95558845299777
788  71.54746136865342
789  72.17703703703704
790  72.57407407407408
791  73.28413284132841
792  74.14718934911242
793  74.6144668158091
794  75.37807606263982
795  75.78448918717375
796  76.63899184581172
797  77.25997045790251
798  77.89732142857143
799  78.60266864343959
800  79.49486049926578
801  80.17715959004393
802  80.72941176470589
803  81.4450184501845
804  82.19440353460972
805  82.63569321533923
806  83.39230199851961
807  84.00959409594095
808  84.59851301115242
809  85.60148698884758
810  86.24183976261128
811  86.96805349182763
812  87.49664929262845
813  88.2703313253012
814  88.84084084084084
815  89.3984962406015
818  87.27446483180428
819  87.73374139250191
820  88.40474368783474
821  88.93860322333077
822  89.57882711348059
823  90.26319816373375
824  90.8604118993135
825  91.46165644171779
826  92.0297937356761
827  92.94495412844037
828  93.6042944785276
829  94.13023610053312
830  94.72128637059724
831  95.48426707597851
832  96.09209516500384
833  96.65846153846154
834  97.42316602316603
835  98.02797202797203
836  99.06578947368422
837  99.64501160092807
838  100.37316885119506
839  100.87944358578054
840  101.59600614439324
841  102.35703125
842  102.89282899921199
843  103.60845732184808
844  104.3330689928628
845  106.80880121396055
847  106.6139240506329
848  107.2030620467365
849  106.16640253565768
850  103.2751937984496
851  99.6001523229246
852  96.0128690386071
853  93.48365019011406
854  93.72100075815011
855  94.41761579347
856  94.9124809741248
857  95.51021953065859
858  96.07471698113207
859  96.69114307342922
860  97.3840909090909
861  97.8320726172466
862  98.54950869236583
863  99.47496206373293
864  100.00753579502637
865  99.1893313298272
866  95.5390977443609
867  92.20968962906889
868  89.16906747536012
869  86.68954996186118
870  86.24166666666666
871  86.67043740573152
872  87.58796992481203
873  88.08427389014297
874  88.5954716981132
875  89.24644194756554
876  89.74088145896657
877  90.410741301059
878  90.8804841149773
879  91.47272727272727
880  91.88730277986477
881  88.82870022539444
882  86.08033033033033
883  82.97963800904978
884  80.5374617737003
890  79.4280185758514
891  77.17140600315956
892  77.391065830721
893  77.8713496448303
894  78.53166536356528
895  79.00625488663017
896  79.6423584173778
897  80.18914728682171
898  81.07990690457719
899  81.46904024767802
900  79.04577191621412
901  76.6021756021756
902  75.1658841940532
903  75.84597341673182
904  76.25333333333333
905  76.91866769945779
906  77.6792156862745
907  78.49960906958562
908  79.06594259115593
909  79.44708588957056
910  80.11059551430782
911  80.73008507347255
912  81.31619339984651
913  81.784178187404
914  82.51880276285495
915  83.15842349304482
916  84.17401392111368
917  84.73035439137134
918  85.11787365177196
924  83.69486404833837
925  84.59682299546142
926  85.29429657794677
927  85.74849397590361
928  86.42867867867868
929  87.0
930  87.62809917355372
931  88.25576208178438
932  88.88930163447252
933  89.65387509405568
934  89.61379857256146
935  87.0285941223193
936  85.2281988590057
937  85.35227272727273
938  85.86001609010458
939  86.56899350649351
940  87.11156022635409
941  87.63208300079809
942  88.2763262074426
943  89.34758511480602
944  89.890625
945  90.63764705882353
946  91.3712715855573
947  91.93157076205287
948  92.5987460815047
949  93.20803782505911
950  93.9489395129615
951  95.01872074882995
952  95.66876971608833
953  96.26535433070866
954  96.82366957903098
955  97.42665615141956
956  98.05300632911393
957  98.6855791962175
958  99.30424528301887
959  99.93591772151899
960  100.94778481012659
961  101.58080000000001
962  102.2018779342723
963  102.80551181102362
964  103.39415481832543
965  100.34233518665607
966  96.32572777340677
967  95.01499605367009
968  95.50792393026941
969  96.21456848772763
970  96.9168
971  97.47256347256348
972  98.19568822553897
973  98.70777027027027
974  99.26460481099656
975  99.92825509300266
976  100.53994490358127
977  101.22989593188268
978  101.08501118568233
979  101.08501118568233
980  101.08501118568233
981  101.08501118568233
982  101.08501118568233
983  101.08501118568233
984  101.08501118568233
985  101.08501118568233
986  91.26516220028209
987  91.84397163120568
988  92.50386740331491
989  92.96273291925466
990  93.41411042944786
991  93.97420634920636
992  94.31492248062015
993  94.93239436619719
994  95.49391955098223
995  96.15263644773358
996  96.85622710622711
997  97.4102096627165
998  98.04072398190046
999  102.89093959731544
1001  104.24871794871794
1002  105.07118644067796
1003  105.83361774744027
1004  105.91395961369622
1005  99.06997084548105
1006  95.7083775185578
1007  92.0832342449465
1008  90.57449856733524
1009  90.57449856733524
1010  90.57449856733524
1011  90.57449856733524
1012  90.57449856733524
1013  90.57449856733524
1014  90.57449856733524
1015  91.70701513067401
1016  92.31650750341065
1017  92.97889182058047
1018  93.4909793814433
1019  93.98009950248756
1020  94.85555555555555
1021  95.10501193317423
1022  96.09456264775415
1023  96.42741935483872
1024  96.93990929705215
1025  97.75678733031674
1026  98.12372304199772
1027  98.90877598152426
1028  99.09940119760479
1029  99.79323308270676
1030  100.1228533685601
1031  100.1228533685601
1032  100.1228533685601
1033  100.1228533685601
1034  100.1228533685601
1035  100.1228533685601
1036  100.1228533685601
1037  100.1228533685601
1038  100.1228533685601
1039  100.1228533685601
1040  100.1228533685601
1041  100.1228533685601
1042  100.1228533685601
1043  100.1228533685601
1044  100.1228533685601
1045  100.1228533685601
1046  100.1228533685601
1047  100.1228533685601
1048  100.1228533685601
1049  100.1228533685601
1050  100.1228533685601
1051  100.1228533685601
1057  93.37164179104478
1059  87.37422360248448
1060  87.77409406322282
1061  88.35411855273287
1062  88.6259659969088
1063  89.35271317829458
1064  89.72109375
1065  90.33516483516483
1066  90.86887835703001
1067  91.70932069510269
1068  92.0246913580247
1069  89.86946386946387
1070  87.8479809976247
1071  86.40599001663894
1072  85.27350427350427
1073  83.5559265442404
1074  83.06260162601626
1075  83.09331259720062
1076  83.48530519969857
1077  83.9320895522388
1078  84.28115727002967
1079  84.63858093126386
1080  85.07418397626112
1081  85.35820895522389
1082  85.790820165538
1083  86.30590875093493
1084  86.68239700374532
1085  87.37155621742367
1086  87.64499252615845
1087  88.21696696696696
1088  88.59189797449362
1089  89.07265917602996
1090  89.74147081122062
1091  90.2546786004882
1092  89.98137254901961
1093  89.93904208998549
1094  89.93904208998549
1095  89.93904208998549
1096  89.93904208998549
1097  89.93904208998549
1098  89.93904208998549
1099  89.93904208998549
1100  89.93904208998549
1101  89.93904208998549
1102  89.93904208998549
1103  89.93904208998549
1104  89.93904208998549
1105  89.93904208998549
1106  89.93904208998549
1107  89.93904208998549
1108  89.93904208998549
1109  80.301261829653
1110  80.99
1111  81.56517311608961
1112  81.7735674676525
1113  82.1444833625219
1114  82.54704412989176
1115  83.06709781729992
1116  83.57222222222222
1117  83.84519155590304
1118  84.31066460587326
1119  84.81521739130434
1120  85.71648690292758
1121  86.19162141194725
1122  86.6560805577072
1123  87.36744186046512
1124  87.77374517374517
1125  86.54552469135803
1126  83.90571870170015
1127  83.4034134988363
1128  83.72076923076924
1129  84.55889145496536
1130  85.01463790446842
1131  85.565749235474
1132  86.16220351951033
1133  86.72324159021407
1134  87.40832049306626
1135  87.73916408668731
1136  88.63615384615385
1137  89.14946070878274
1138  89.99302325581395
1139  90.608934169279
1140  91.41352201257861
1141  91.79716981132076
1142  92.56791104050833
1143  92.98251192368839
1144  93.7238924050633
1145  92.69076305220884
1146  88.86797502230152
1147  85.48851269649334
1148  85.57486631016043
1149  86.32953105196451
1150  86.86642599277978
1151  87.3718820861678
1152  87.83153347732181
1153  88.48491155046827
1154  88.99794661190965
1155  89.6059405940594
1156  90.48198636806232
1157  91.12487804878049
1158  91.74045801526718
1159  92.39521531100479
1160  92.82116104868913
1161  93.5291902071563
1162  93.92805100182149
1163  100.72794117647058
1165  102.47687400318979
1166  96.49426301853487
1167  93.31122900088417
1168  88.57627118644068
1169  84.40790655884996
1170  84.57291666666667
1171  85.02844827586208
1172  85.44757033248082
1173  86.42929720575783
1174  86.9401853411963
1175  87.4393063583815
1176  87.95533498759305
1177  88.63303498779496
1178  89.29119086460032
1179  89.78530612244899
1180  90.44081632653061
1181  90.84811165845649
1182  91.80505709624796
1183  92.35251215559157
1184  92.7226753670473
1185  93.44120032441201
1186  93.85980551053484
1187  94.54278728606357
1188  93.3840520748576
1189  88.85335542667771
1190  84.8730964467005
1191  84.85248713550601
1192  85.19638242894057
1193  85.69801553062986
1194  93.01020408163265
1196  87.34482758620689
1197  87.81228373702422
1198  88.58333333333333
1199  89.08764241893076
1200  89.99737762237763
1201  90.72383465259455
1202  91.34355828220859
1203  91.86025408348458
1204  92.56559766763849
1205  93.0
1206  93.53488372093024
1207  93.53488372093024
1208  93.53488372093024
1209  93.53488372093024
1210  93.53488372093024
1211  93.53488372093024
1212  93.53488372093024
1213  93.53488372093024
1214  93.53488372093024
1216  89.93469910371319
1217  90.43295454545455
1218  91.35168195718654
1219  91.63803088803088
1220  92.50554528650648
1221  92.78754578754578
1222  91.49550359712231
1223  87.81818181818181
1224  84.13632441760139
1225  81.36833192209991
1227  81.9363707776905
1228  82.31004709576138
1229  82.70023237800154
1230  83.47769230769231
1231  83.96338672768879
1232  84.5463601532567
1233  85.12576687116564
1234  85.64760432766616
1235  86.16858237547893
1242  83.6892523364486
1243  84.30512422360249
1244  85.13910355486863
1245  85.65734265734265
1246  86.3405572755418
1247  86.90031152647975
1248  87.37071651090342
1249  84.5831399845321
1250  81.6470588235294
1251  78.90147401086114
1252  79.07503828483921
1253  79.84239130434783
1254  80.40712074303406
1255  80.99384141647421
1256  81.40586419753086
1257  82.10352760736197
1258  82.65644171779141
1259  83.34206471494608
1260  83.72015503875969
1261  84.48673946957878
1262  85.43430369787569
1263  86.06454121306376
1264  86.68131868131869
1265  87.26817826426895
1266  87.54988216810683
1267  84.2458758837392
1268  81.41561514195584
1269  81.05752561071711
1270  81.52258566978193
1271  82.32941176470588
1272  82.7269139700079
1273  83.49882168106834
1274  84.01714731098987
1275  84.62666666666667
1276  85.20031545741325
1277  85.85556432517758
1278  86.55362776025237
1279  87.06535433070866
1280  87.9992088607595
1281  88.10426540284361
1282  84.90461297888976
1283  81.67764705882352
1284  79.15439429928742
1285  79.59701492537313
1286  80.21670606776989
1287  80.65752351097179
1288  81.45810493343774
1289  82.3390625
1290  82.77447141738449
1291  83.41968503937008
1292  84.07855459544383
1293  84.59542586750788
1294  85.28412698412698
1295  85.84700315457414
1296  86.57643312101911
1297  87.13629160063391
1298  88.15627466456196
1299  88.88295365278869
1300  89.54
1301  96.13978494623656
1303  91.57200402819738
1304  91.87141444114738
1306  90.55278310940498
1307  91.33333333333333
1308  91.7748643761302
1309  92.40194346289752
1310  99.93076923076923
1311  100.45868081880212
1313  94.54881050041017
1314  95.03802588996764
1315  95.86709886547813
1316  96.57165861513687
1317  97.07710843373494
1318  97.70358306188925
1319  95.64476885644768
1320  91.55281969817315
1321  87.73722044728434
1322  84.43858267716536
1323  82.65851735015772
1324  83.37941869599372
1325  83.62559241706161
1326  84.37648927720413
1327  84.88421887390959
1328  85.47770700636943
1329  86.2700555996823
1330  86.67642405063292
1331  87.3606036536934
1332  87.84755134281201
1333  88.4614773629865
1334  85.19197482297403
1335  82.21513002364067
1336  79.68946540880503
1337  79.77951524628617
1338  80.49725490196079
1339  80.96299212598426
1340  81.48475371383894
1341  82.04081632653062
1342  82.75058823529412
1343  83.4063714063714
1344  83.86239249413605
1345  84.55132192846034
1346  85.22915042868277
1347  85.70070148090413
1348  86.47306791569086
1349  86.90409899458623
1350  86.96756756756757
1352  84.48344880677445
1353  85.04012345679013
1354  85.62770897832817
1355  86.33513513513513
1356  86.73183925811438
1357  87.50077760497668
1358  88.07950116913484
1359  88.6377036462374
1360  89.51900698215671
1361  90.02232486528098
1362  88.20874904067537
1363  86.84049079754601
1364  85.3984375
1365  83.43609604957398
1366  82.37441497659907
1374  82.67994310099573
1375  82.67994310099573
1376  82.67994310099573
1377  81.65820895522388
1378  81.05082417582418
1379  80.10327455919395
1380  78.97235576923077
1381  78.60253456221199
1382  79.21115973741794
1383  79.66307857911733
1384  80.3073727933541
1385  80.54628687690743
1386  81.56150793650794
1387  82.06042884990254
1388  82.47093023255815
1389  83.29682997118155
1390  83.53772683858644
1391  84.29333333333334
1392  84.79154929577464
1399  84.97246891651865
1400  85.47985675917637
1401  86.04624781849913
1402  91.39381611065907
1403  92.20933977455717
1404  92.87320574162679
1406  89.18978723404256
1407  89.72055030094583
1408  90.33025984911987
1409  96.93523515805705
1412  93.396621078037
1414  89.78535353535354
1415  90.40233722871453
1416  90.82787573467674
1417  91.35886761032472
1418  91.79983319432861
1419  92.19292333614153
1420  92.79426644182125
1421  93.6733500417711
1423  90.0950184501845
1424  90.6456043956044
1425  91.14010989010988
1426  97.29966611018364
1428  92.6870876531574
1429  93.47846889952153
1430  91.49540347293156
1431  87.47911227154047
1432  87.47911227154047
1433  87.47911227154047
1434  87.47911227154047
1435  87.47911227154047
1436  87.47911227154047
1437  87.47911227154047
1438  87.47911227154047
1439  87.47911227154047
1440  85.58648648648649
1441  86.25611325611325
1442  86.53101736972705
1443  87.31503579952268
1444  87.5583038869258
1445  88.34314835787089
1446  88.74298540965208
1447  89.42637362637363
1448  90.3949945593036
1449  90.77450980392157
1450  91.47835497835497
1451  92.03451995685005
1452  90.38222698072805
1453  85.71286031042129
1454  81.91879350348027
1455  79.53907134767837
1456  78.56129032258065
1457  79.06337371854613
1458  79.54917319408182
1459  79.97840531561462
1460  80.59415584415585
1461  81.1131621187801
1462  81.5744
1463  81.72572815533981
1470  79.95004029008864
1471  80.47130153597413
1472  81.06178861788618
1473  81.59967974379504
1474  82.10576923076923
1475  83.01045856798069
1476  83.55147645650439
1477  84.07884151246984
1478  84.60873015873015
1479  85.20258272800646
1480  85.66746987951807
1481  86.32980456026058
1484  86.9047195013357
1485  87.37649219467401
1486  87.73123262279888
1487  88.2022792022792
1488  88.49338374291115
1489  88.9364161849711
1490  89.12171372930867
1491  89.51924975320829
1492  89.82621648460774
1493  90.33697813121272
1494  90.55353535353535
1495  90.80671414038657
1496  91.17849898580121
1497  91.479633401222
1498  91.6976506639428
1499  92.01979166666666
1500  92.20772442588726
