1  80.71967871485944
2  81.01703163017032
3  79.19099249374479
4  78.55489864864865
5  77.68782161234991
6  77.38151260504202
7  77.53494176372712
8  77.64897959183673
9  78.00080450522928
10  78.33931484502448
11  78.72496025437202
12  78.98726114649682
13  79.22106943335993
14  79.54552652414885
15  79.6935736677116
16  79.59247648902821
17  76.4059097978227
18  74.20874904067537
19  74.07033639143731
20  74.43441358024691
21  74.6723076923077
22  75.04012345679013
23  75.1990811638591
24  75.60556844547564
25  75.8360153256705
26  76.2982998454405
27  76.5707656612529
28  76.97844495765973
29  77.44945567651634
30  77.64996144949885
31  77.96710022953329
32  75.71329746348962
33  73.9448275862069
34  73.94198473282442
35  74.03453568687644
36  74.34509202453988
37  74.85758039816233
38  75.0137614678899
39  75.46590038314176
40  75.72085889570552
41  76.10839694656488
42  76.4483024691358
43  76.66074188562597
44  76.98079877112136
45  76.22958397534669
46  73.67468944099379
47  73.67468944099379
48  73.88674884437596
49  74.02007722007723
50  74.49341595662277
51  74.70523846755277
52  74.94153846153846
53  75.08128834355828
54  75.45813953488373
55  75.74569640062597
56  75.9829457364341
57  76.12121212121212
58  76.35239567233384
59  76.60342146189736
60  76.86209613869188
61  77.3190975020145
62  76.07887817703768
63  75.6865234375
64  73.56201117318436
65  71.92289442467379
66  70.89950372208436
67  69.95915678524374
68  68.40129032258065
69  67.17204301075269
70  66.14571092831963
72  66.19064748201438
73  65.76315789473684
75  65.79806529625151
76  65.56294536817101
77  65.48938679245283
78  65.32102908277405
79  65.21621621621621
83  64.91485335856197
84  65.27383177570094
85  65.3531047265987
86  65.54296160877514
87  65.82808280828083
88  66.06122448979592
89  66.30078465562336
90  66.85416666666667
91  67.25758889852558
92  67.60510114335972
93  68.1006233303651
94  68.56031128404669
95  68.99171597633136
96  68.99171597633136
97  68.99171597633136
98  68.99171597633136
99  68.99171597633136
100  68.99171597633136
101  68.99171597633136
102  68.99171597633136
103  68.99171597633136
104  68.99171597633136
106  67.65755053507729
107  68.06976744186046
108  68.50666666666666
109  64.56746765249538
110  59.83634719710669
111  55.42941673710905
112  51.94224422442244
113  51.75544794188862
114  52.15094339622641
115  52.72307692307692
116  53.49878345498783
117  54.369618196588135
118  54.75686591276252
119  55.45425361155698
120  55.802429149797575
121  56.064412238325275
122  56.642628205128204
123  57.02006420545746
124  57.45403677058353
125  57.901743264659274
126  58.528808208366215
127  58.892380204241945
128  59.36078431372549
129  59.90730557737628
130  60.2234375
131  60.77176470588235
132  61.21126760563381
133  61.7361002349256
134  62.16302652106084
135  62.895591647331784
136  63.283179012345684
137  63.67365967365967
138  64.07384615384615
139  64.62122385747483
140  65.19263238679969
141  66.14973262032086
142  68.10490045941808
143  68.56602316602317
144  69.07230769230769
145  69.62074303405572
146  70.0696784073507
147  70.5877803557618
148  70.95278637770897
149  71.31990704879938
150  71.85725249424405
151  72.22987616099071
152  72.70872274143302
153  73.28859581070597
154  73.69976544175137
155  74.11682242990655
156  72.17762128325509
157  69.19066147859922
158  66.66536661466459
159  66.9937984496124
160  67.14307931570762
161  67.60728117738188
162  68.10625
163  68.45672333848532
164  68.75795190069822
165  69.20813771517997
166  69.52913385826771
167  69.62785208497246
168  67.00466562986003
169  64.8989819890368
170  63.64622641509433
171  63.992924528301884
172  64.24414976599064
173  64.73675889328064
174  65.00860719874804
175  65.3890625
176  65.7733644859813
177  66.1153546375682
178  66.59486780715396
179  67.17569659442725
180  67.56211180124224
181  68.03421461897356
182  68.37372947615324
183  68.70211102423768
184  68.75238853503184
185  65.88797364085667
186  64.21013289036544
187  62.837209302325576
188  63.21179401993355
189  63.54799015586546
190  63.839546191247976
191  64.05988515176374
192  64.48163265306123
193  64.96685529506871
194  65.17632850241546
195  65.617004048583
196  65.95222672064777
197  66.59886547811993
198  67.07073954983923
199  67.50647249190939
200  67.60323886639677
207  65.08934426229509
208  65.55537190082644
209  65.96636587366694
210  66.26935749588138
211  66.6417419884963
212  67.07219031993438
213  67.49754901960785
214  67.7176759410802
220  65.48467274233637
221  65.76775271512113
222  66.12396694214875
223  66.46274834437087
224  67.05848434925865
225  67.33305785123967
226  67.8150912106136
227  68.10973597359735
228  66.81863979848866
229  64.18425460636516
230  62.26460481099656
231  61.27667269439421
232  60.79492003762935
233  60.71757925072046
234  60.86039886039886
235  61.40909090909091
236  61.694786729857825
237  62.05023255813954
238  62.49906015037594
239  62.939252336448604
240  63.404096834264436
241  63.73510540788267
242  64.3482224247949
243  64.6754068716094
244  65.16755793226382
245  65.52641002685766
246  65.7338065661047
247  66.43673110720562
248  66.69082969432314
249  67.09655172413792
250  67.68225108225108
251  67.8044982698962
252  65.53031596925705
253  63.118454935622324
254  60.82586206896552
255  60.05694564279551
263  59.91380686352754
264  56.981057616416734
265  54.29731861198738
266  52.722610722610725
267  52.74942174248265
268  53.51508120649652
269  53.774746687451284
270  54.35993740219092
271  54.73410852713178
272  55.208688906128785
273  55.58326878388846
274  56.050426687354545
275  56.55161787365178
276  56.48461538461538
277  52.582494190549966
278  52.344211344211345
279  52.66354410616705
280  53.10876369327073
281  53.46999220576774
282  53.841860465116284
283  54.316074188562595
284  54.69517884914464
285  55.106449106449105
286  55.696290571870165
287  56.14918414918415
288  56.50731331793688
289  56.83833718244804
290  57.38520801232666
291  57.73502304147465
292  57.658054711246194
293  55.56835637480799
294  55.05696689761355
295  55.77084957131723
296  56.18350038550501
297  56.59984579799537
298  56.90663580246914
299  57.45019305019305
300  57.81495759444873
301  58.254992319508446
302  58.656465187452184
303  59.22153846153846
304  60.12076923076923
305  60.46813725490196
306  59.9930966469428
307  59.8977135980746
308  59.10960591133005
309  58.52062430323299
310  58.049898167006106
311  57.93981481481481
312  58.001730103806224
313  58.38529886914378
314  58.7182320441989
315  59.08602150537635
316  59.5327743902439
317  59.91830559757942
318  60.17466266866566
319  60.60542168674699
320  60.862248696947134
321  61.6078869047619
322  62.02678571428571
323  62.451228592702904
324  62.513816280806566
325  59.99850857568978
326  57.82539682539682
327  56.814448669201525
328  57.46343341031563
329  57.87109375
330  58.45736434108527
331  58.72389791183295
332  59.13713405238829
333  59.58109146810146
334  59.891006097560975
335  60.40045941807044
336  60.667175572519085
337  61.20976353928299
338  61.548018292682926
339  62.28015267175573
340  62.54359363153904
341  62.97730711043873
344  62.387269938650306
345  62.64580152671756
346  63.12537993920972
347  63.565648854961836
348  64.24042879019908
349  64.56551724137931
350  65.13030069390902
351  65.49533437013997
352  65.94842186297151
353  66.51457840819543
354  66.70592948717949
355  65.69608659450458
356  63.54783393501805
357  61.56205852674067
358  60.31536113936927
359  59.704196519959055
360  59.77986179664363
361  59.91379310344827
362  60.56794751640112
363  60.75409836065573
364  61.24202127659575
365  61.5944540727903
366  62.1558550968829
367  62.4911838790932
368  62.793874172185426
369  63.18166804293972
370  63.54746317512274
371  63.97596153846153
372  64.35961383748995
373  64.74278846153847
374  65.12145110410094
375  65.68053375196233
376  66.1110242376857
377  66.51022012578616
378  66.49370078740158
379  63.57698412698413
380  60.89236947791164
381  58.46666666666667
382  57.81803542673107
383  58.195024077046554
384  58.70906200317965
385  59.306836248012715
386  59.55634920634921
387  59.8424386381631
388  60.43346613545816
389  60.709856915739266
390  61.09377462568952
391  61.61648177496038
392  62.33017377567141
393  62.66324110671937
394  63.07120253164557
401  62.01413982717989
402  62.5070977917981
403  62.8006329113924
404  63.132341425215344
405  63.70023603461841
406  64.12175962293794
407  64.60252365930599
408  65.01808176100629
409  65.18402505873141
414  62.6948717948718
415  63.044877222692634
416  63.533219761499154
417  63.94682675814751
418  64.44722719141323
419  64.22696411251212
420  64.2158273381295
421  64.11086226203807
422  63.76202860858257
423  63.484802431610944
424  63.484802431610944
425  63.484802431610944
426  63.484802431610944
427  63.484802431610944
428  63.484802431610944
429  61.26490066225166
430  60.75211267605634
431  59.478474784747846
432  58.82831661092531
433  59.260343087790105
434  59.66260543580131
435  59.70770593445528
436  60.0945945945946
437  60.4483870967742
438  60.838095238095235
439  61.25859375
440  61.606274509803924
441  62.00464396284829
442  62.37636080870918
443  62.71140418929403
444  63.02155504234027
445  60.626270523846756
446  56.49842271293376
447  54.639225181598064
448  54.89164598842018
449  55.27370156636438
450  55.51269451269451
451  56.09039087947883
452  56.38548387096775
453  56.67233009708738
454  57.09054805401112
455  57.63367916999202
456  58.1687898089172
457  58.48544453186467
458  58.961447678992926
459  59.3375196232339
460  59.75197472353871
461  60.3307210031348
462  60.56761006289308
463  61.17425431711146
464  61.49724626278521
465  61.99138606108066
466  62.46389324960754
467  62.41208791208791
468  58.941786283891545
469  55.73214285714286
470  53.71701244813278
471  53.31684828164292
472  53.84267782426778
473  54.25020712510356
474  54.66749379652606
475  55.20709570957095
476  55.483897605284895
477  55.96491228070175
478  56.32475083056478
479  56.70689655172414
480  57.215750615258415
481  57.8014888337469
482  58.299251870324184
483  58.62531223980017
484  59.111111111111114
485  59.57685664939551
486  60.35079513564078
487  60.35378323108384
494  60.3796394485684
495  60.595041322314046
496  60.90556660039762
497  61.54854368932038
498  61.818268315889625
499  62.47981651376146
500  62.71974522292993
501  62.9265890778872
502  63.46501328609389
503  63.68766637089618
504  64.03580786026201
505  64.50786713286713
506  64.74628171478565
507  65.24371205550737
508  65.79895561357702
509  66.45635263612792
510  66.78100263852242
511  63.699011680143755
512  61.30636363636364
513  59.86944444444444
514  60.52161654135338
515  60.5785512699906
516  61.32777777777778
517  61.66543778801844
518  62.349999999999994
519  62.63777372262774
520  63.11906893464638
521  63.56057866184449
522  63.88461538461539
523  64.2858431018936
524  64.68177697189483
525  65.2361359570662
526  65.9911190053286
527  66.39732142857143
528  66.78385650224216
529  67.09831709477413
530  64.71996386630533
531  61.95660036166365
532  60.62119815668203
533  61.13315217391305
534  61.57823741007195
535  62.03504043126685
536  62.497741644083106
537  62.759459459459464
538  63.370170709793356
539  63.60089686098655
540  64.12822796081923
541  64.6041108132261
542  65.14008810572687
543  65.65580985915493
544  66.11898512685914
545  66.4942016057092
546  66.85446428571429
547  67.32318710832587
548  66.94843462246777
549  64.44519883608147
550  62.746553552492045
551  61.874117647058824
552  60.30422919508868
553  59.49708454810495
554  58.51370851370851
555  58.64647887323943
556  58.730458221024264
557  59.2531806615776
558  59.57142857142857
559  59.68928571428572
560  60.06704545454545
561  60.52643419572553
562  61.25520262869661
563  61.59150326797386
564  62.01720430107527
565  62.470205850487545
566  62.64567769477054
567  63.31903765690376
568  63.56976744186046
569  64.07650273224044
570  64.58690476190476
571  65.13190954773869
578  63.712574850299404
579  64.19378427787935
580  64.54489436619718
581  64.95238095238095
582  64.8839966130398
583  60.68452380952381
584  56.72628951747089
585  53.41875505254649
586  50.27128082736675
587  48.73906125696102
588  49.36671924290221
589  49.891269841269846
590  50.43533123028391
591  50.97466349960412
592  51.48389630793402
593  51.86786551993745
594  52.45035183737295
595  52.89149102263856
596  53.435257410296416
597  54.13618677042801
598  54.585780525502315
599  54.96541122213682
600  55.572964669738866
601  56.051380368098165
602  56.56978527607362
603  56.54224270353302
604  53.544753086419746
605  52.660450660450664
613  51.48826291079813
614  50.743126472898666
615  51.169451073985684
616  51.60125588697018
617  52.1521568627451
618  52.60546875
619  53.03346303501945
620  53.51825951825951
621  53.90866873065015
622  54.415300546448094
623  52.58974358974359
624  50.39778129952457
625  48.29718875502007
626  47.75713121434393
627  48.12973408541498
628  48.53926282051282
629  49.004022526146414
630  49.46422893481717
631  49.87380952380953
632  50.65533596837945
633  50.8849487785658
634  48.14554374488962
635  46.083887043189364
636  45.00674536256324
637  45.49832495812396
638  45.825041459369814
639  46.11203319502074
640  46.644462947543715
641  47.39901880621423
642  47.799835255354196
643  48.06650246305419
651  46.458745874587464
652  47.00974817221771
653  47.77886178861789
654  48.75853852263701
655  49.75
656  50.982632541133455
657  51.54794520547945
658  52.22821576763485
659  53.34595701125896
660  54.11425682507583
661  54.34648700673725
662  54.827171903881705
663  55.34601769911504
664  55.68050847457627
665  56.152823920265774
666  56.596774193548384
667  56.97615262321145
668  57.60979462875197
669  58.26583268178264
670  58.60156862745099
671  59.21428571428571
672  59.670807453416145
673  59.996141975308646
674  60.42768273716952
675  60.75832687838884
676  61.52221356196415
677  62.01010101010101
678  62.4227202472952
679  63.00927357032458
680  63.42286609240408
681  64.02327514546965
682  63.60314341846758
683  62.78371501272265
684  62.78371501272265
685  62.78371501272265
686  62.78371501272265
687  62.78371501272265
688  59.32195845697329
689  58.83224967490247
690  59.2405498281787
691  59.519013360739976
692  59.764097744360896
693  60.000877963125546
694  60.51393442622951
695  60.77944664031621
696  61.25923016496465
697  61.60015710919089
698  61.91790461297889
699  61.51155378486055
700  57.96518987341773
701  54.603489294210945
702  51.71383147853736
703  51.73517786561264
704  52.15153906866614
705  52.559875583203734
706  52.96855345911949
707  53.56186770428016
708  54.07855459544383
709  54.59703819173811
710  55.11363636363636
711  55.551831644583004
712  56.31680867544539
713  56.32997676219985
720  53.76580796252928
721  54.522885958107054
722  54.855813953488365
723  55.46908809891808
724  55.859472049689444
725  56.43508500772798
726  56.81182795698925
727  57.38307692307693
728  57.769645608628664
729  58.57286044718582
730  59.62957074721781
731  60.23009623797026
732  60.78399228543877
733  61.2037617554859
734  61.64961915125136
735  62.233404710920766
737  62.06889564336373
738  62.691
739  63.31792452830189
740  63.61473880597015
741  64.22735507246377
742  64.63938848920863
743  65.05286343612335
744  65.5231037489102
745  65.84455958549223
746  66.40593220338982
747  62.92275042444821
748  59.978795589482615
749  56.74789915966386
750  53.69425675675676
751  51.02216538789429
752  49.267226890756305
753  49.18589211618257
754  49.42225859247135
755  49.898110106820056
756  50.688353413654625
757  51.07481898632341
758  51.69506369426752
759  52.28298887122416
760  52.687993680884674
761  53.367507886435334
762  53.752170481452254
763  54.352987421383645
764  54.68260188087774
765  55.50858034321372
766  55.86015625
767  53.96488427773345
768  52.96330275229357
769  52.26325247079964
770  51.47363184079602
771  51.0609756097561
772  50.95682613768962
773  50.822541966426854
774  50.776232616940575
776  49.83307332293292
777  49.60553633217994
778  50.051993067590985
779  50.444622792937395
780  52.31476323119777
781  52.81353767560664
782  53.45334928229666
783  54.07557502738226
784  54.60399159663865
785  55.010040160642575
786  55.590775269872424
787  55.81826923076923
788  56.32399626517274
789  56.70418604651162
790  57.36480293308891
791  57.68584474885844
792  58.33634719710669
793  55.84086799276673
794  53.761992619926204
795  51.49429657794677
796  49.82048574445618
797  49.09773539928486
798  47.68811188811189
799  45.970486111111114
800  45.4275092936803
801  44.72077922077922
803  45.29860228716646
804  45.686318131256954
805  45.902464065708415
806  46.230916030534345
807  46.64940962761126
808  47.0262467191601
809  47.540983606557376
810  48.15416666666667
811  48.72217642209398
812  49.12860676009893
813  49.4842360549717
814  49.86882591093118
815  49.36288318144159
816  46.76720475785896
817  46.179707652622525
818  46.97212837837837
819  47.4223341729639
820  47.83040935672514
821  48.28787878787878
822  48.87064676616916
823  49.243718592964825
824  49.8385761589404
825  50.314597315436245
826  50.96566164154103
827  51.992063492063494
828  53.271251193887295
829  54.605900948366696
830  55.78368794326241
831  57.30390920554855
832  58.54838709677419
833  59.48944099378882
834  59.872162485065715
835  60.60229885057471
836  61.43379978471475
837  61.63796680497926
838  62.44044044044044
839  62.73515092502434
840  63.36896877956481
841  63.82870370370371
842  64.00456621004567
843  61.171974522293
844  58.23875114784205
845  57.124432334241604
846  57.48692515779982
847  57.81305903398926
848  58.31065353625783
849  58.75245755138516
850  59.23775601068566
851  59.61572438162544
852  60.021182700794355
853  60.56953055801594
854  61.09338168631007
855  61.598906107566094
856  61.926971762414794
857  61.64693446088795
858  61.5032175032175
859  60.6304347826087
860  60.6304347826087
861  60.6304347826087
862  60.6304347826087
863  57.21779859484778
864  56.08450704225352
865  53.921328671328666
866  52.603550295857985
867  50.23066841415465
868  47.64130434782609
869  45.1447963800905
870  43.482365145228215
871  42.413518886679924
872  42.12811059907834
873  42.23125
874  42.62379702537183
875  43.16044142614601
876  43.50465707027942
877  43.96992481203007
878  44.583541147132166
879  45.0206440957886
880  45.50980392156863
881  46.11745513866232
882  44.39376538146021
883  42.24013434089001
884  41.64957983193277
885  42.04336947456214
886  42.44648829431438
887  42.91354945968412
888  43.344086021505376
889  44.122649223221586
890  44.487664473684205
891  45.04726976365119
892  45.558272208638954
893  46.095354523227385
894  46.55941794664511
895  47.05906148867314
896  47.590322580645164
897  48.2020766773163
898  48.93117088607595
899  51.46045418950666
900  52.28492935635792
901  52.988290398126466
902  53.625096824167315
903  54.08037825059101
904  54.7453125
905  55.186028257456826
906  55.81683554169915
907  56.53858024691358
908  56.956318252730114
909  57.508513931888544
910  58.06240126382306
911  55.84718923198733
912  51.41128372853639
913  47.56134453781513
914  47.68687707641196
915  47.97331109257715
916  48.70933113129645
917  49.06068162926019
918  49.66884709730172
919  50.11120196238757
920  50.622549019607845
921  50.93366093366093
922  51.53382233088834
923  51.93446601941747
924  52.438984438984434
925  53.108433734939766
926  53.69435483870967
927  54.12048192771084
928  54.6152
929  55.08406725380304
930  55.49602543720191
931  56.06004803843075
932  56.52081696779261
933  57.00635424940428
934  57.72712933753944
935  60.66009463722398
936  63.73037272006344
937  64.426435877262
938  65.03238546603475
939  65.60347551342812
940  66.31205673758865
941  66.99045346062053
942  67.42958300550747
943  68.38177533385704
944  68.76747839748626
945  69.32915360501568
946  69.93015873015872
947  70.40734949179046
948  70.85220125786164
949  71.36764705882354
950  70.92241379310344
951  68.13725490196079
952  63.59512578616352
953  60.6471048513302
954  59.558049535603715
955  59.920930232558135
956  60.36838006230529
957  60.80527540729247
958  61.328149300155516
959  61.74125874125875
960  62.49845201238391
961  62.871538461538464
962  63.42790697674418
963  63.95293209876543
964  62.75811437403401
965  60.40632228218966
966  58.46846153846154
967  57.27580893682588
968  57.495772482705604
969  58.016129032258064
970  58.411538461538456
971  58.83461538461539
972  59.383676582761254
973  59.80107941403239
974  60.388208269525265
975  60.76367781155015
976  61.42791762013729
977  61.724693251533736
978  62.4579226686884
979  59.619157088122606
980  56.76021588280648
981  55.7031007751938
982  56.08288148721921
983  56.61145510835914
984  57.11714507370054
985  57.62874711760185
986  58.05645784996133
987  58.90615384615384
988  59.4223076923077
989  59.86534047436878
990  60.4523076923077
991  60.807164634146346
992  61.35862068965517
993  61.798780487804876
994  62.391271056661566
995  62.479389312977105
996  58.31013147718484
997  55.172628304821146
998  52.30537974683544
999  52.10920436817473
1000  52.23088923556942
1001  52.711956521739125
1002  53.220748829953195
1003  53.65034965034965
1004  54.28982128982129
1005  54.895465026902386
1006  55.39005439005439
1007  55.85405405405406
1008  56.41312741312741
1009  56.814584949573316
1010  57.32536622976099
1011  57.80875576036867
1012  58.317204301075265
1020  56.187644787644786
1021  56.623266563944526
1022  57.13713405238829
1023  57.74235474006116
1024  58.36003051106026
1025  58.65293668954996
1026  59.25987841945289
1027  57.46083650190114
1028  54.87682832948421
1029  53.1272443403591
1030  53.41162790697675
1031  54.110339506172835
1032  54.573619631901835
1033  55.11827956989248
1034  55.51694915254237
1035  56.04892966360856
1036  56.57251908396947
1037  57.04812834224599
1038  57.50190114068441
1039  57.81679389312977
1040  58.544072948328264
1041  59.096896290688875
1042  59.5552193645991
1043  59.71006813020439
1048  57.38672768878719
1049  58.03328290468987
1050  58.489393939393935
1051  58.88350983358548
1052  59.46917293233082
1053  59.76643990929705
1054  60.42835595776772
1055  60.767300380228136
1056  61.26172465960666
1057  61.71233913701741
1058  59.158935361216734
1059  57.0470766894457
1060  56.05034324942791
1061  56.61567732115677
1062  57.06025934401221
1063  57.3806990881459
1064  57.90674753601213
1065  58.36878347360367
1066  58.82582123758594
1067  59.526515151515156
1068  59.99170437405732
1069  60.52203647416414
1070  60.9498861047836
1071  61.45874337623013
1072  61.838001514004546
1073  62.23795180722891
1074  62.644696969696966
1075  63.12424698795181
1076  63.90113207547169
1077  62.65378787878788
1078  59.60396039603961
1079  56.73374139250191
1080  53.95645412130638
1081  51.89633671083398
1082  50.166798418972334
1083  49.67752184273233
1084  50.07478122513922
1085  50.68181818181819
1086  51.14545454545454
1087  51.65939204988308
1088  52.27130570758405
1089  52.60886469673406
1090  53.039906103286384
1091  53.51240310077519
1092  53.83604021655066
1093  54.47762345679013
1094  55.22307692307692
1095  55.66230769230769
1096  56.25133689839572
1097  56.645038167938935
1098  55.69687738004569
1099  55.139412207987945
1100  54.68209408194234
1101  53.76812688821752
1102  53.45665171898355
1103  53.8125
1104  54.346297681376214
1105  54.72197309417041
1106  55.27648384673178
1107  55.55913173652695
1108  56.09580838323353
1109  56.497751124437784
1115  55.466159695817495
1116  55.84363081617086
1117  56.31155015197568
1118  56.636087945413195
1119  55.621559633027516
1120  52.397544128933234
1121  50.61080657791699
1122  50.21428571428571
1123  50.283281733746136
1124  50.768633540372676
1125  51.22127987663839
1126  51.682134570765655
1127  52.18952234206472
1128  52.580398162327725
1129  53.36168582375478
1130  53.72748091603053
1131  54.27092846270928
1132  54.62850644427597
1133  55.03260045489007
1134  53.118140243902445
1135  51.05882352941177
1136  49.34433962264151
1137  49.306186374314805
1138  49.7292817679558
1139  50.1603112840467
1140  50.63791763791764
1141  51.216988416988414
1142  51.657935285053924
1143  52.16960859554874
1144  52.59511077158136
1145  53.08269525267994
1146  53.59649122807018
1147  54.547256097560975
1148  56.60152091254753
1149  57.37065052950075
1150  57.80015197568389
1151  58.432042520880785
1152  58.893044128646224
1153  59.48153730218539
1154  59.93023255813954
1155  60.3780303030303
1156  61.48528301886792
1157  63.47388342165027
1158  64.54732824427481
1159  65.31908396946565
1160  65.78843226788432
1161  66.3148288973384
1162  66.85421412300683
1163  67.42089093701998
1164  68.5952743902439
1165  71.52748091603054
1166  72.19495412844037
1167  72.71932515337423
1168  73.29294478527608
1169  73.73567608861727
1170  74.40229885057471
1171  74.73833205814843
1172  75.35023041474655
1173  76.12933025404158
1174  76.57757296466974
1175  77.02870442203259
1176  77.61302681992338
1177  78.16887159533074
1178  78.5127807900852
1179  79.05992217898833
1180  79.55873261205564
1181  80.04609375
1182  77.68157286044719
1183  75.55538694992413
1184  73.27693474962064
1185  70.88736681887367
1186  68.75057208237986
1187  66.6592987804878
1188  65.55589353612167
1194  63.845102505694754
1195  63.6027293404094
1196  63.83902809415338
1197  64.31990881458967
1198  64.5499243570348
1199  64.99924414210129
1200  65.59592145015105
1201  66.06207418622256
1202  66.52754716981131
1203  66.8768060836502
1204  67.39421613394217
1205  67.68669201520913
1206  65.36160370084811
1207  61.83552123552124
1208  58.510505836575874
1209  57.544816835541695
1210  57.74469756480754
1211  58.3032207384132
1212  58.569858712715856
1213  58.95676100628931
1214  59.56708268330733
1215  59.95383411580595
1216  60.48786217697729
1217  60.84465261514441
1218  61.57722308892356
1219  61.86004691164973
1220  62.512480499219976
1221  62.90375586854461
1222  63.457878315132604
1223  63.82302270947534
1224  64.4675019577134
1225  64.8385579937304
1226  65.40763834762276
1227  66.01161890007747
1228  66.19483568075117
1229  62.808510638297875
1230  59.537668517049966
1231  55.78330658105939
1232  54.558232931726906
1233  55.01059494702527
1234  55.3991967871486
1235  55.77163461538461
1236  56.5376
1237  56.889952153110045
1238  57.50318979266348
1239  57.793953858392996
1240  58.402535657686215
1241  58.77081681205392
1242  59.323015873015876
1243  59.661392405063296
1244  60.42744479495268
1245  59.76549019607843
1246  57.75413711583924
1247  55.66719118804092
1248  54.271936758893276
1249  53.66613672496025
1250  54.133921411387334
1251  54.452399685287176
1252  54.831513260530414
1253  55.577916992952225
1254  55.95892575039494
1255  56.54438334642576
1256  56.796397807361004
1257  57.44980544747082
1258  57.85511811023622
1259  58.41770186335404
1260  57.39420062695925
1261  55.1692789968652
1262  53.56284584980237
1263  54.008723235527356
1264  54.39527559055118
1265  54.73721479150275
1266  55.301024428684
1267  55.68346456692913
1268  56.23612197028929
1269  56.77560594214229
1270  57.249018067556946
1271  57.784375
1272  58.363211223694464
1273  58.77457098283931
1281  58.25992217898833
1282  58.72170542635659
1283  59.20697674418605
1284  59.54031007751938
1285  60.048498845265584
1286  59.59907120743034
1287  57.9073506891271
1288  57.465795541890856
1289  57.719907407407405
1290  58.16794478527608
1291  58.605405405405406
1292  59.04334365325077
1293  59.495772482705604
1294  59.75038402457757
1302  59.70099160945843
1303  60.025133282559025
1308  58.526033690658494
1309  58.82496194824962
1310  59.342726580350345
1311  59.70950570342205
1312  60.015885022692885
1313  60.44988523335884
1314  60.803053435114506
1315  61.435483870967744
1316  61.83829138062548
1317  62.37118902439025
1324  60.67776917118513
1325  61.07352941176471
1326  61.56356589147286
1327  61.94777265745007
1328  62.37220077220077
1329  62.741140215716484
1330  63.21121351766513
1331  63.64092664092664
1332  64.20122887864824
1333  64.78927203065135
1334  62.62877030162413
1335  60.81761496492595
1336  59.51551312649164
1337  58.69596774193549
1338  58.02665589660744
1339  58.11387329591018
1340  58.60509554140127
1341  59.11066559743384
1342  59.66375892149088
1343  59.98734177215189
1344  60.51828298887122
1345  60.748607796340494
1346  61.343307086614175
1347  61.71304347826087
1348  62.13432835820896
1349  62.60126083530339
1350  62.91280439905735
1351  63.703525641025635
1352  62.3872590108969
1353  61.16097987751532
1354  59.89897100093545
1355  58.70769230769231
1356  57.73203883495145
1357  56.87573385518591
1358  56.63393708293613
1359  56.6954076850984
1360  57.34115523465704
1361  57.65347405452947
1362  58.03061224489795
1363  58.44767441860465
1364  58.68518518518519
1365  59.16934189406099
1366  59.597800471327574
1367  59.87054263565892
1368  60.41621200311769
1369  60.718701700154554
1370  61.408385093167695
1371  61.70224284609435
1372  62.1146398140976
1373  62.625672559569566
1374  62.928296067848876
1375  63.42480620155038
1376  62.59472049689441
1377  60.26103795507359
1378  56.730109204368176
1379  54.791536050156736
1380  54.60329929300865
1381  54.948657187993675
1382  55.47630331753554
1383  55.85703063629222
1384  56.39859594383775
1385  56.76452119309262
1386  57.55094043887148
1387  57.89172467130703
1388  58.35742035742035
1389  58.83423702556158
1390  58.580694980694986
1391  56.5125
1392  54.78930817610063
1393  55.27464788732394
1394  55.668250197941404
1395  56.346394984326025
1396  56.79688715953307
1397  57.29485179407176
1398  57.73577552611067
1399  58.13122529644269
1400  58.690419635787805
1401  58.95830055074744
1402  59.52913752913753
1403  59.866301798279906
1404  60.64988381099923
1405  61.25195007800312
1406  61.68302180685359
1407  62.2257053291536
1408  62.64274570982839
1409  63.04027885360186
1410  63.69727626459144
1411  64.19781078967944
1412  64.64028213166144
1413  65.45794392523365
1414  65.86363636363636
1420  64.60062646828504
1421  65.0242946708464
1422  65.58736349453979
1423  66.28459119496856
1424  66.64161392405063
1425  67.30110935023772
1426  67.285941223193
1427  64.83715415019763
1428  63.489208633093526
1429  61.4979658258747
1430  59.68959587274291
1431  57.585520361990945
1432  56.94683776351971
1433  57.06543778801843
1434  57.518382352941174
1435  57.904936014625235
1436  58.445958219800175
1437  58.771247739602174
1438  59.20976491862568
1439  59.534283170080144
1440  60.35154185022026
1441  60.726953467954345
1442  61.169894366197184
1443  61.62705984388552
1444  61.87586805555556
1445  62.5297670405522
1446  62.86643835616438
1447  63.376068376068375
1448  63.662940670679276
1456  60.92970711297072
1457  61.554811715481165
1458  62.00997506234414
1459  62.470391993327766
1460  62.852376980817354
1461  63.307947019867555
1462  63.7595041322314
1463  64.04609053497943
1464  64.5924092409241
1465  65.03289473684211
1466  65.65118174409128
1467  63.752670501232544
1468  60.986122448979586
1469  57.89991659716431
1470  56.936188077246015
1471  57.3949790794979
1472  57.78206202849958
1473  58.290000000000006
1474  58.66500415627597
1475  59.43471074380166
1476  59.81306865177832
1477  60.34847233691164
1478  60.743842364532014
1479  61.27901234567901
1480  61.6729975227085
1481  62.10848287112562
1482  62.56990131578948
1483  63.045986622073585
1484  63.26311263972485
1492  62.026373626373626
1493  62.54310344827586
1494  63.09253417455311
1495  63.39330543933055
1496  63.77563451776649
1497  63.99401794616152
1498  64.6188605108055
1499  64.96902226524685
1500  65.47449470644851
