1  96.5265306122449
2  96.26417004048582
3  96.12105798575789
4  95.91504605936541
5  95.68647540983606
6  95.5650826446281
7  95.44491080797482
8  95.14360587002096
9  94.8004246284501
10  94.41452991452991
11  94.317697228145
12  94.07142857142857
13  93.76948051948052
14  93.54575163398692
15  93.29817007534984
16  92.95326086956521
17  92.56270096463022
18  92.27645788336933
19  91.60557341907824
20  91.3261105092091
21  90.80065359477125
22  90.51033732317737
23  90.06175514626219
24  89.60917030567686
25  89.45960698689956
26  89.03114930182599
27  88.84284176533907
28  88.27145922746782
29  88.09584664536742
30  87.75773745997866
31  87.4857444561774
32  87.26507276507276
33  87.07700312174818
34  86.77743271221532
35  86.65527950310559
36  86.20718816067654
37  85.98757763975155
38  85.7944214876033
39  87.98602794411178
40  92.07421875
41  93.79320679320679
42  96.14928425357874
43  97.87473903966597
44  98.16753926701571
45  98.31023454157783
46  98.47826086956522
47  97.89576883384933
48  97.21875
50  96.87238285144566
51  96.59563924677899
52  96.07458292443573
53  95.90679611650485
54  95.25048732943469
55  94.85358851674641
56  94.81990521327015
57  94.55175688509021
58  94.33614232209737
59  94.18591549295775
60  93.93265682656826
61  93.80073461891644
62  93.61425959780621
63  93.56414922656961
64  93.22053571428572
65  93.07925200356189
66  92.89784946236558
67  92.67429094236047
68  93.25561797752809
69  94.84808946877912
70  95.45971563981043
71  95.51910531220877
72  95.45872420262664
73  95.20969245107176
74  95.09323583180988
78  95.09322033898304
79  94.91569767441861
80  94.73153692614771
81  94.58113590263692
83  94.49624060150376
84  94.44419391206313
86  94.74697173620457
87  94.71947194719472
88  94.71947194719472
89  94.71947194719472
90  94.71947194719472
91  94.71947194719472
92  94.71947194719472
93  94.71947194719472
94  94.71947194719472
95  94.71947194719472
96  94.71947194719472
97  94.71947194719472
98  94.71947194719472
99  94.71947194719472
100  94.71947194719472
101  94.71947194719472
102  94.71947194719472
103  94.71947194719472
104  94.71947194719472
111  99.28350515463917
112  98.58636026686435
113  98.16248153618906
114  97.56524926686217
115  97.16860465116278
116  96.77474892395983
122  99.78660220994476
123  99.48480662983425
124  99.28748280605227
125  98.95876288659794
126  98.61707988980717
127  98.27297481279783
128  97.16598639455782
129  96.57417582417582
130  96.41339648173206
131  96.20949152542373
132  95.79820936639119
133  96.28016937191249
134  96.70638908829864
135  97.53079847908745
136  98.31818181818181
137  99.46945088940448
138  99.48578016910069
139  99.41217257318952
140  99.24516627996906
141  99.1093023255814
142  98.72386895475819
143  98.56532066508314
144  97.6317859952793
145  96.38043478260869
146  96.16899224806201
147  95.79111457521434
148  95.76277955271566
149  95.61287758346582
150  95.4696
151  95.1848
152  94.96191247974068
153  94.82570281124498
154  94.58132045088567
155  94.34457831325301
156  94.23590982286635
157  93.81847649918963
158  93.59098360655737
159  93.5425101214575
160  93.37591537835638
161  93.14947197400487
162  92.90652699435938
163  92.70692431561997
164  92.60814046288907
165  92.4675740592474
166  92.35167464114832
167  92.28253968253968
168  92.19021310181532
169  92.13223787167449
170  92.14063714063714
171  92.14872192099148
172  92.1955350269438
173  92.26979246733282
174  92.34795996920708
176  92.3959938366718
184  92.37174427782162
185  95.03338632750398
186  95.46932270916335
187  95.32285938727415
188  95.20078125
189  94.78321678321679
190  94.4488680718189
191  94.26578332034295
192  93.83670295489891
193  93.39498432601881
194  92.9028749028749
195  92.3586956521739
196  92.67210567210567
197  97.72936507936508
198  100.0425702811245
199  100.31320450885669
205  101.40882103477523
206  101.92730346576501
207  101.55068728522338
208  101.2480686695279
209  100.91574468085106
210  100.58227848101265
211  100.24410774410774
212  99.96977329974811
213  99.7020920502092
214  99.39882451721243
215  99.30859049207673
216  99.01718494271685
218  98.73195020746888
219  98.65551839464882
220  98.34330839567747
221  98.03088480801335
222  97.72826086956522
223  97.03305084745763
224  96.58001693480102
225  95.9010067114094
226  95.54844144903117
227  95.25491873396065
228  94.8366124893071
229  94.72156196943973
230  94.57094594594595
238  95.94564348521183
239  95.97013720742534
240  98.11332801276936
241  98.54385964912281
247  98.37800963081861
248  100.29780309194467
249  100.03742880390561
250  99.71107410491257
251  99.33497133497133
252  99.17309269893354
253  99.07071547420965
254  98.7214765100671
255  98.4144903117102
256  98.33731853116994
263  99.45960034752389
264  99.195670995671
265  98.97582037996546
266  98.46942291128337
267  98.24657534246575
268  97.7892030848329
269  97.17747440273038
270  96.91942324003392
271  96.49406779661017
272  96.07142857142857
273  95.80269814502529
274  95.30508474576271
275  94.91056218057922
276  94.72751091703057
277  95.94836956521739
278  97.48396226415095
279  97.66251198465963
283  98.37762906309752
284  98.82642998027613
291  98.75128998968009
292  99.6561181434599
293  99.7421052631579
294  99.62565172054224
295  99.4979079497908
296  98.86070686070687
297  98.72727272727272
298  98.26950354609929
299  97.95577889447236
300  97.80039721946375
301  97.384916748286
302  96.90697674418604
303  96.4069431051109
304  96.0710944808232
305  95.8655077767612
306  95.6362807657247
307  95.09867841409691
308  94.82574430823118
309  94.58196010407632
310  94.2139175257732
311  93.83063829787234
312  93.15166666666667
313  92.99264705882354
314  92.51130856219709
315  92.05868167202573
316  91.82380952380953
317  91.37933753943217
318  91.0079176563737
319  90.7671875
320  90.63557993730407
321  90.18724778046811
322  91.68294635708567
323  94.11741214057508
324  94.51067323481116
325  94.58406374501992
326  94.40822784810126
327  94.14229559748428
328  93.5603448275862
329  93.18069498069498
330  92.62999246420497
331  92.33432392273403
333  93.96301564722617
334  93.87904360056258
335  93.4043600562588
336  93.25619834710744
337  92.84473324213407
338  92.52455661664393
339  91.96754563894524
340  91.70417789757413
341  91.3229939312205
342  91.1421864520456
343  90.68034993270525
344  90.41733870967742
345  90.14276048714478
346  89.91204330175914
347  89.57412398921834
348  89.02953296703296
349  88.61496225120109
350  88.29367262723521
351  88.099451303155
352  87.7829083390765
353  87.63317274604267
354  87.55393180236604
355  87.44089012517385
356  92.04623044096728
357  94.65317919075144
358  95.06565656565657
363  96.79530447542186
364  98.04652880354504
365  98.09245562130178
372  98.48681235870384
373  98.83233082706766
380  98.9001572327044
381  99.22825219473265
382  99.28537170263789
383  99.30665610142631
384  99.67155664221679
385  100.02700490998363
386  99.93501218521527
387  99.79614767255217
388  99.55307262569832
389  99.25216706067769
390  99.10455974842768
391  98.81613653995345
392  98.54620586025544
393  98.30643967431533
394  97.92128279883383
395  97.65509761388287
396  97.52008608321378
397  97.01552575864503
398  96.68587491215742
399  96.30640668523677
400  95.80316586373021
401  95.05309734513274
402  94.58176943699732
403  94.2498338870432
404  93.85321100917432
405  93.3717277486911
406  93.03617571059432
407  92.84383033419023
408  92.41682723185613
409  92.19319640564827
410  91.69318905155951
411  91.42391304347827
412  91.21867007672634
413  90.96067053513862
414  90.44280205655527
415  90.21691413815364
416  89.84958037443512
417  89.33247422680412
418  88.81121134020619
419  88.46774193548387
420  88.02709677419355
421  87.61047254150702
422  87.30057803468208
423  87.00450160771705
424  86.52402597402597
425  86.1828165374677
426  85.81794706262104
427  85.42791612057667
428  85.06432748538012
429  84.71353482260184
430  84.52521283562541
431  84.1875
432  83.84635587655943
433  83.60236998025016
434  83.31523871811642
435  83.05778069599475
436  82.59602649006622
437  82.29829172141919
438  81.89013157894736
439  81.6983498349835
440  81.3850197109067
441  81.05555555555556
442  80.77287689269257
443  80.38732854343566
444  84.36317135549872
445  92.64606741573034
446  92.61431285623813
447  92.2549504950495
448  92.01597051597052
449  91.91984971822167
450  91.71083591331269
451  91.24181360201511
452  91.00629722921914
453  90.73825923606762
454  90.17498420720152
455  89.91876574307305
456  89.6358454718176
457  89.24479495268139
458  88.79901356350184
459  88.60359801488833
460  88.10562075355158
461  87.79950647748304
462  87.46168341708542
463  86.87421777221527
464  86.69397889509621
465  86.37375
466  86.05904522613065
467  85.80400751408892
468  85.53615960099751
469  85.8510101010101
470  91.19536631183469
471  95.33022388059702
472  94.73222016079158
473  94.5548071034905
474  94.47197106690777
475  94.03730445246691
476  93.70162748643762
477  93.43383685800605
478  93.00782190132371
479  92.79549604382228
480  92.47298117789921
481  91.89473684210526
482  91.50794621026895
483  91.16666666666667
484  90.89435774309725
485  90.54107981220658
486  90.3080985915493
487  89.95541022592153
488  89.65722891566266
489  89.12877871825877
490  88.74728588661037
491  88.49150485436893
492  88.18610271903323
493  87.93787696019301
494  87.7124773960217
495  87.3920731707317
496  87.17333333333333
497  86.8359659781288
498  86.95139732685298
499  90.60283251231527
500  92.9650872817955
501  92.8579766536965
502  92.54551451187335
503  92.45915678524374
504  92.3946335078534
505  92.36111111111111
506  91.9795003203075
507  91.59388924252069
508  91.27507886435332
509  90.91233562930495
510  90.75657071339174
511  90.57592592592593
512  90.22458916615946
513  89.98046398046398
514  89.51463414634146
515  89.23007246376811
516  89.11661631419939
523  92.29383313180169
524  92.01323706377858
525  91.59044162129462
526  91.25594149908592
527  90.90157958687728
528  90.53630262355095
529  90.27089688834656
530  89.93726937269372
531  89.53395638629283
532  91.6895485466914
533  93.83631871525633
534  94.08410636982066
539  94.86374845869297
540  96.26850152905199
541  96.66727828746178
542  96.54685573366214
543  96.29138668295663
544  96.08439587128112
545  95.7084601339014
546  95.51555826723612
547  95.39170225747407
553  95.44777031154551
560  95.80762138905962
561  95.50679851668727
562  95.17737003058105
563  94.76053756872328
564  94.52351863164326
565  94.19451219512194
566  93.83282489322758
567  93.4954240390482
568  93.15436241610739
569  93.33928571428571
570  96.43045112781955
571  98.54459798994975
572  98.71072319201994
573  98.58504672897196
574  98.40864197530864
575  98.0024554941682
576  97.66358595194086
577  97.4659300184162
578  96.92480291085506
579  96.67274939172749
580  96.34451767525465
581  96.01328502415458
582  95.58006042296073
583  95.19951485748939
584  94.6905637254902
585  94.31057810578106
586  93.73593073593074
587  93.00747663551402
588  92.56844106463879
589  92.19734345351044
590  91.69128787878788
591  91.40733712839975
592  90.86654016445287
593  90.53324889170361
594  90.27943984723106
595  89.82232200128287
596  89.36264441591784
597  88.85778347213325
598  88.67772814294831
599  88.28864656831303
600  87.67480719794345
601  87.37830858618463
602  86.82280927835052
603  86.61150159744409
604  87.61018041237114
605  97.55393401015229
606  98.3314358001265
607  98.06641123882503
608  97.84015103838892
609  97.63825757575758
610  97.5021971123666
611  97.17383059418458
612  96.75458570524984
613  96.55660974067047
614  96.10963244613436
615  95.66499372647428
616  95.55521091811414
617  98.69753086419753
618  103.04059962523422
619  106.58338461538462
620  106.49449204406365
621  106.26167076167076
622  106.14364303178485
623  105.67359413202934
624  105.26199261992619
625  104.88231669747381
626  104.60779537149817
627  104.30618493570117
628  103.91743684534812
629  103.65351418002466
630  103.21379310344827
631  102.5848938826467
632  102.29016189290162
633  102.0287859824781
634  101.62030769230769
635  101.045625
636  100.83405842137974
637  100.37126865671641
638  99.97144630664184
639  99.64074074074074
640  98.97319201995012
641  98.53399875233936
642  98.17977528089887
643  97.75577763897564
644  97.41220423412204
645  96.96238244514106
646  97.06805293005671
647  98.66624445851805
648  99.81096774193549
655  99.61815840309079
656  101.28314028314028
657  100.92020592020592
658  100.6651699807569
659  100.37739463601532
660  99.8455181182454
661  99.58080808080808
662  99.14150347441566
663  98.75502512562815
664  98.3725
665  97.80910240202276
666  97.42283563362611
667  96.68057285180572
668  96.33928571428572
669  95.96382587369712
670  95.50822669104205
671  94.94549908144519
672  94.38275434243177
673  93.85286783042395
674  93.42257053291536
675  93.09176618478944
676  92.61075949367088
677  92.5085497150095
678  92.07238095238095
679  91.70756516211061
680  91.42511153601019
681  90.97899427116486
682  90.70089285714286
683  90.27603833865815
684  89.7063339731286
685  89.11089743589744
686  88.53782051282052
687  88.20499679692504
688  87.77950713359273
689  87.41795865633075
690  87.11513583441139
691  87.68270481144343
692  92.89559014267185
693  97.08512020792722
694  96.92834086507423
695  96.73918657198192
696  96.52793834296725
697  96.20064102564103
698  95.92765685019207
699  95.58600770218229
700  95.41698841698842
701  95.11870967741936
702  94.59397049390635
703  94.39615384615385
704  93.88449266113592
705  93.57901471529111
706  93.16591928251121
707  92.71694480102695
708  92.38682864450128
709  91.86798469387755
710  91.5089058524173
711  90.8447401774398
712  90.4746192893401
713  89.99307304785894
714  89.53401144310236
715  89.18026565464896
716  88.76455696202531
717  88.38787113076437
718  88.09748427672956
719  89.15593434343434
720  98.48070841239722
721  102.60811667723526
722  102.49399873657612
723  102.26359039190898
724  101.81163084702908
725  101.46313799621927
726  101.03530895334174
727  100.73366521468574
728  100.46048537647792
729  99.8201754385965
730  99.5367231638418
731  99.08943089430895
732  98.7534504391468
733  98.42750000000001
734  98.10805746408494
735  97.65623043206011
736  97.32728410513141
737  96.9286157666046
738  96.30397022332505
739  98.07288449660284
740  101.57071651090342
741  102.05024813895781
742  101.87042777433354
743  101.57373988799004
744  101.25850340136054
745  100.84734239802225
746  100.63743051266214
747  100.0204081632653
748  99.8071472581639
749  99.43327126008691
750  99.09488601355514
751  98.80086580086581
752  98.25980392156862
753  97.97353846153845
754  97.46382189239333
755  97.18968692449356
756  96.65332512315271
757  96.2852741836106
758  96.12393162393163
759  95.72822085889571
760  95.47516860821582
761  95.05334150827713
762  94.69268592501537
763  94.18588957055215
764  93.82995702885205
765  93.27167277167277
766  93.20243902439024
767  92.97737003058104
768  92.86308068459658
769  96.010889292196
770  99.81100917431192
771  99.96085626911315
772  99.86382978723404
773  99.24665042630937
774  98.99696233292832
775  98.46772228989038
776  98.16574923547401
777  97.66079027355623
778  97.21616656460502
779  96.92387332521315
780  96.64492753623188
781  96.24893746205223
782  95.55844942459116
783  95.25561627200972
784  94.90121212121213
785  94.54247572815534
786  94.2379499694936
787  93.91322815533981
788  93.57619914996964
789  93.20157384987894
790  92.87370977534911
791  92.23305084745763
792  92.01581508515815
793  91.58560193587417
794  91.19044740024184
795  90.89661426844015
796  90.54852320675106
797  93.4031382015691
798  95.89630078835658
806  96.4431279620853
807  97.96852731591449
808  100.1355633802817
809  101.98052309404562
813  103.88126801152737
814  104.49113779302459
815  104.34571428571428
816  103.47774480712167
817  103.47774480712167
818  103.47774480712167
819  103.47774480712167
820  103.47774480712167
821  103.47774480712167
822  103.47774480712167
823  103.47774480712167
824  103.47774480712167
825  103.47774480712167
826  103.47774480712167
830  103.3799664241746
831  103.19988895058302
832  102.57290470723306
833  102.04287369640788
834  101.7472463768116
835  101.32867132867133
836  100.73693379790942
837  100.45545134818289
838  99.89517569982132
839  99.60189573459715
840  99.11831153388823
841  98.7875150060024
842  98.39206253758269
843  98.02049427365884
844  97.45893719806763
845  97.12303980699639
846  96.810647307925
847  96.41275571600482
848  96.07775768535262
849  95.70488835244417
850  95.271679805943
851  95.01454545454546
852  94.62553191489361
853  94.02007299270073
854  93.63647490820074
855  93.19325153374233
856  92.87308399754751
857  92.53238741517582
858  92.08945095619988
859  91.7353485502776
860  91.26436071649167
861  90.79876160990712
862  90.3458411507192
863  89.95519601742377
864  89.5473354231975
865  89.25658720200752
866  88.67509481668773
867  88.45340050377834
868  87.9987460815047
869  87.6469104665826
870  87.37870195337113
871  86.67067764407854
872  86.4378548895899
873  86.07809523809524
874  85.7094125078964
875  85.39911727616645
876  84.84113924050632
877  84.61790668348046
878  84.69458438287154
879  88.81053952321204
880  92.1588492808005
881  91.9134495641345
882  91.77819314641745
883  91.42003733665214
884  91.10883084577114
885  90.91923551171394
886  90.52283950617284
887  90.24445812807882
888  89.88423645320196
889  89.25551470588235
890  88.9840490797546
891  88.58076448828606
892  88.12110091743119
893  87.9262446220037
894  87.48214285714286
895  87.14978514426028
896  87.04
897  89.90781440781441
898  91.93430656934306
904  91.81485992691839
905  92.07073760580411
906  92.6210018105009
907  93.85247883917775
908  93.8713768115942
909  93.91545893719807
910  94.01510574018127
911  94.97352587244283
912  96.10823812387252
913  96.57997630331754
917  97.45977686435702
918  98.7871198568873
919  98.9512051734274
920  98.77627715795654
921  98.56691992986558
922  98.20663114268798
923  98.07539450613676
924  97.67178276269186
925  97.37700059276823
926  97.09489916963227
927  96.92457277548615
928  96.49881516587678
929  96.28180737217599
930  96.7370283018868
931  97.79614949037372
932  98.00506471581318
933  98.0909592061742
934  97.88706140350877
935  97.49455930359086
936  97.12561441835064
941  97.04139072847681
949  98.31780366056572
950  98.1763085399449
951  97.61339923119165
952  97.24711062190424
953  97.04490690032858
954  96.68343357025697
955  96.30227398779812
956  96.21484375
957  96.10422380691168
965  98.03100338218715
966  97.79173646007817
967  97.42075892857143
968  97.26777777777778
974  99.97754070746771
975  99.51784702549574
976  99.30378317334839
977  98.83952702702703
978  98.14123006833714
979  98.00965909090908
980  97.87613636363636
981  99.40916905444126
982  101.06347374495095
983  101.1106628242075
984  100.96304849884527
985  100.73638470451911
986  100.27262113251605
990  100.44087938205585
991  100.19691577698694
992  100.19131529263689
996  100.18020304568529
997  99.98599618077657
998  99.96246819338423
999  99.54059278350516
1004  99.6504918032787
1005  99.50567802271209
1006  99.45631720430107
1009  99.91751183231914
1010  99.73092643051771
1011  99.34171195652175
1012  99.15241379310345
1020  100.95975443383355
1021  100.50718685831623
1022  100.0704032809296
1024  99.91835357624831
1025  99.60094530722485
1026  99.41381623071763
1027  99.01417960837273
1028  98.85272360457296
1029  98.59565807327002
1030  98.23392612859098
1031  97.67379310344828
1032  97.20151306740027
1033  96.91763898421414
1034  96.32306639288159
1035  95.90748299319728
1036  95.50641458474004
1037  95.07511737089202
1038  94.6954213669542
1039  95.80632411067194
1040  99.62557679630851
1041  99.66581141757537
1042  99.1256067961165
1043  98.79494712103408
1044  98.57949912638323
1045  98.33601378518094
1046  97.97712978845054
1047  97.51352907311457
1048  97.18301778542742
1049  96.6058352402746
1050  96.28213879408418
1051  95.96353276353277
1052  95.42734553775743
1053  94.97177419354838
1054  94.64059804485336
1055  94.15094339622641
1056  93.71477860839563
1057  93.08919382504288
1058  92.75556824671617
1059  94.22945205479452
1060  98.2596653202539
1061  100.37189126662811
1062  99.95072463768116
1063  99.66030092592592
1064  99.26525955504849
1065  98.9931506849315
1066  98.39383561643837
1067  98.02609188882587
1068  97.76136363636363
1069  97.40022611644997
1070  97.0129213483146
1071  96.63641488162345
1072  96.29249011857708
1073  95.90868347338936
1074  95.44369369369369
1075  94.91914654688377
1076  94.48814898419865
1077  94.20739910313901
1078  93.87273755656109
1079  93.43116147308781
1080  93.04399323181049
1081  92.41780045351474
1082  92.18285714285715
1083  91.81239242685025
1084  95.69455362156091
1085  100.2681242807825
1086  102.11861520998865
1087  101.6136233543217
1088  101.37905520774046
1089  101.1774011299435
1090  100.87365439093485
1091  100.42432895488292
1092  100.07013574660633
1093  99.35257498585173
1094  98.9842784952274
1095  98.64887640449439
1096  98.03037120359954
1097  97.85609893198426
1098  97.40011223344557
1099  97.06004489337823
1100  96.66461710452768
1101  96.27404113396332
1102  95.63073521282476
1103  95.29339988907377
1104  94.8579325594251
1105  94.37771587743732
1106  94.0551839464883
1107  93.76629834254143
1108  93.28499721137759
1109  93.071468453378
1110  92.48075850529838
1111  91.86267995570321
1112  91.48740906547286
1113  90.89887640449439
1114  90.53296089385475
1115  90.10936623667975
1116  89.63333333333334
1117  89.23015873015873
1118  88.96271186440678
1119  88.48301245753115
1120  87.92076966610074
1121  91.91544532130779
1122  95.26587301587301
1123  95.08818541548898
1124  95.05451448040886
1125  94.725
1126  94.32341156267888
1127  94.16628440366972
1128  93.66551921973608
1129  93.50630011454754
1130  93.04085155350978
1131  92.77134670487106
1132  92.519748139668
1133  92.0421965317919
1134  91.65344827586208
1135  91.33928571428571
1136  91.33582518688901
1139  97.16837899543378
1140  96.850822461713
1141  96.45970488081726
1142  96.13812785388129
1143  95.71688459351904
1144  95.35693889206168
1145  95.18653736451797
1146  96.50196739741428
1147  98.02718006795017
1148  98.9931623931624
1149  99.84523129640206
1150  101.46544831524844
1151  102.59966024915062
1152  103.12919749573136
1156  103.45100286532951
1161  103.57520564042304
1162  103.76792009400705
1166  103.87001733102252
1167  104.34236311239192
1169  103.90585533869117
1171  103.27942857142858
1172  102.55296856810244
1173  102.02523474178403
1174  101.68365553602811
1175  101.35485747527633
1176  101.07226107226107
1177  100.68060394889663
1178  100.30863477246209
1179  99.94212962962962
1180  99.55690352397458
1181  99.19711815561959
1182  98.38559077809799
1183  99.20864553314121
1184  101.45707788516202
1185  101.53754266211604
1186  101.3985260770975
1187  100.65732632807939
1188  100.32983070636311
1189  100.02039627039628
1190  99.66608594657376
1191  99.32410611303345
1192  99.00345423143351
1193  99.86981566820276
1194  101.45712630359212
1195  102.36236933797909
1196  101.9332559489263
1197  101.73255813953489
1198  101.29930394431554
1199  100.79675738274464
1200  100.45292766934557
1201  100.18782309017806
1202  99.84939411425273
1203  99.5401376146789
1204  99.05456634118323
1205  98.83438757906843
1206  98.42396313364056
1207  98.66066240557815
1208  100.62361192285213
1209  100.50990675990676
1210  100.18561484918794
1211  99.92527729130181
1212  99.77507246376811
1213  99.32867946480512
1214  99.0958429561201
1215  99.18728323699422
1216  99.68779069767442
1217  100.74458113649678
1223  100.4647473560517
1224  100.69267139479905
1231  100.7728337236534
1232  100.88608338226659
1233  100.73773364485982
1234  100.38475073313782
1235  99.93045002922267
1236  99.75276967930029
1237  99.23829039812647
1238  98.9656976744186
1239  98.61642228739004
1240  98.20969626168224
1241  97.97712609970674
1242  97.66822977725674
1243  97.12075029308323
1244  96.59752504419563
1245  96.23739742086752
1246  95.72058823529412
1247  95.46941176470588
1248  95.12859659424545
1249  94.65454545454546
1250  94.35827931644077
1251  94.03801169590643
1252  93.49307159353349
1253  94.1857476635514
1254  98.51141018139262
1255  102.06584362139918
1256  104.19928825622776
1257  105.6883971291866
1258  106.23752969121139
1259  106.33667452830188
1260  106.48776119402984
1261  106.94507462686568
1262  107.17386162034299
1264  107.21540312876053
1265  107.96235579842137
1266  109.82455052696838
1267  110.68924302788844
1271  110.8391891891892
1272  110.91678035470669
1276  111.24502402196293
1277  112.01662049861496
1278  112.32520891364902
1282  112.22046109510086
1283  112.11426491994177
1284  111.86627906976744
1285  111.44404332129963
1288  111.43974175035868
1290  111.43600867678958
1291  111.58655953250548
1292  112.07714915503306
1293  112.46840958605665
1294  112.253612716763
1295  112.01068376068376
1296  111.63701067615659
1299  111.66619418851877
1300  111.4985935302391
1301  111.07327285415212
1302  110.44249649368864
1303  110.14515003489183
1304  109.62438682550805
1305  109.11645746164575
1306  108.1939564300773
1307  107.93863319386332
1308  107.34239888423988
1309  107.08350730688935
1312  108.50730688935282
1313  108.34170153417016
1314  108.05977496483825
1315  107.6063829787234
1316  107.39628040057224
1317  107.23529411764706
1318  107.02172338884867
1319  106.57883211678832
1320  106.29985228951256
1321  106.38801498127341
1322  107.25627376425855
1323  107.58186010760953
1324  107.61307692307693
1326  107.44241037376048
1327  109.01477449455678
1328  110.88318863456985
1329  112.00628436763552
1336  112.0808876163207
1337  111.71679550245959
1338  111.53333333333333
1339  111.28096885813149
1340  111.12848402447315
1341  110.57286096256684
1342  110.079386257505
1343  109.84416445623341
1344  109.61508196721311
1345  109.2483617300131
1346  108.92378449408673
1347  108.51900393184798
1348  108.10274869109948
1349  107.82364467668191
1350  107.32059585492229
1351  107.04533508541394
1352  106.60196078431372
1353  106.17596848325672
1354  105.81430446194226
1355  105.45003309066843
1356  104.9755291005291
1357  104.61386138613861
1358  104.12717536813923
1366  107.85592105263157
1367  107.09096901779829
1368  106.61820563195809
1369  106.26850032743943
1370  105.83900523560209
1371  105.58441558441558
1372  105.05584756898817
1373  104.6397107166338
1374  104.38248847926268
1375  103.82419035029741
1376  103.48923679060665
1377  102.9594414893617
1378  102.5751503006012
1379  103.41933333333333
1380  106.57873210633946
1381  108.41672425708362
1382  108.60314207650273
1389  109.46054333764553
1390  109.51089743589743
1391  109.27313054499366
1392  109.14447236180905
1393  108.80246913580247
1394  108.4618859401468
1395  107.89342904472667
1396  107.54335894621295
1397  106.97186147186147
1398  106.72183288409704
1399  106.32781633742658
1400  105.88216216216216
1401  105.50792782941498
1402  104.7923588039867
1403  104.50356946732565
1404  103.63361344537816
1405  103.359357696567
1406  102.77162238552854
1407  101.99547255234862
1408  101.54886363636363
1409  101.13847900113507
1410  100.60407239819006
1411  100.20181405895691
1412  99.62226066897347
1413  99.63469270534176
1414  103.57151095732411
1415  107.06120157215048
1416  106.6797052154195
1417  106.56320541760722
1418  105.82852193995382
1419  105.34315424610051
1420  105.09338747099767
1421  104.31020408163266
1422  104.09883720930233
1423  103.47748267898383
1424  103.19119351100811
1425  102.64540667056758
1426  102.24911660777386
1427  101.91632292280495
1428  101.40995260663507
1429  101.0326797385621
1430  100.50770142180095
1431  100.0738334317779
1432  99.62192262602579
1433  99.66844602609727
1434  103.4478386167147
1435  106.30755914598961
1436  106.37831603229527
1437  106.19735327963176
1438  105.93360045792787
1439  105.40022611644997
1440  105.08215297450425
1441  104.74457142857142
1442  104.52156640181612
1443  104.09714285714286
1444  103.67393800229621
1445  103.30062749572161
1446  102.80285714285714
1447  102.54928774928774
1448  101.76370830977953
1449  101.33861834654587
1450  100.97571993224167
1451  100.67802385008518
1452  100.2821670428894
1453  100.04266211604096
1454  102.41555555555556
1455  103.59639233370913
1458  104.65092165898618
1459  106.58314350797266
1460  108.41055045871559
1461  109.06275187104202
1462  108.88628158844764
1463  108.7663043478261
1464  108.36363636363637
1465  107.9915202907329
1466  107.3230303030303
1467  106.90283645141822
1468  106.38861985472155
1469  105.99578820697954
1470  105.44781553398059
1471  105.1095066185319
1472  104.67471333735668
1473  104.34861278648975
1474  104.6987218502739
1475  107.40986601705237
1476  107.9729064039409
1477  107.75030902348578
1478  107.6383628588882
1479  107.50030469226081
1480  107.2984520123839
1481  106.57835116425426
1482  106.32801531589024
1483  105.63500325309045
1484  104.83509933774835
1485  104.44916943521595
1486  103.9665551839465
1487  103.65737051792829
1488  103.57978723404256
1489  103.35571808510639
1490  103.36435124508519
1491  103.46408494690817
1492  103.6483300589391
1493  103.66006389776358
1494  104.09773462783171
1495  105.02405721716515
1496  106.37115987460815
1497  106.37394136807818
1498  106.17684887459808
1499  105.84156510583708
1500  105.53702511268513
