1  83.74852817493692
2  83.79645270270271
3  83.94630872483222
4  84.1253112033195
5  84.36636136552873
8  84.31976744186046
9  84.38154613466334
10  84.31077694235589
11  83.6543513957307
12  81.10275080906149
13  80.96047430830039
15  81.16099071207431
16  81.27717391304348
17  81.35917114351497
18  81.50459418070444
19  81.5371078806427
20  81.58295281582953
21  81.64984709480122
22  81.80265210608424
30  82.35969387755102
31  83.11622807017544
32  83.35418768920283
33  83.98136067101585
35  84.04695652173913
36  84.28938356164383
37  84.31794871794872
38  84.61819727891157
39  84.62074829931973
40  85.03772003352891
41  85.05419136325148
42  85.22435362802335
44  85.1859296482412
45  85.33360995850623
46  85.40856672158155
47  85.4946677604594
48  85.59755102040816
49  85.59755102040816
51  85.58285714285714
56  85.90123456790124
57  88.84916666666666
58  89.68604651162791
60  89.60330578512396
61  89.87560975609756
63  89.84584342211461
64  89.95161290322581
65  89.97663174858985
66  90.20653907496013
67  90.23543495610535
69  90.27410358565737
70  90.29523809523809
71  90.39367588932807
72  90.42014162077105
73  90.43921568627451
74  90.44375
79  90.4625
80  90.49611197511665
81  90.55143078112916
82  90.48254460822344
83  90.46461538461539
84  90.45363214837712
85  90.45363214837712
86  90.41258741258741
87  90.26567398119123
88  90.25507020280811
91  90.13484021823851
92  90.03013910355487
93  90.00311526479751
94  89.94301327088212
95  89.9113725490196
96  89.85511811023622
97  89.76977848101266
98  89.74344718030183
102  89.61780929866036
104  89.63401253918495
108  89.51828298887122
109  89.3650406504065
110  89.25664451827242
111  88.97517123287672
112  88.861646234676
113  88.24413145539906
114  87.88830897703549
115  86.8383152173913
116  86.12296564195299
117  85.89626556016597
118  86.45598591549296
119  86.84668508287292
120  87.40825688073394
121  88.06042296072508
122  88.45813734713076
123  88.55210237659963
124  88.7433155080214
126  88.79553571428572
127  88.80392156862744
129  88.81985940246045
130  88.94604003481288
131  89.20551378446115
132  89.36088379705402
137  89.5300925925926
138  90.91885625965998
139  90.80919540229885
140  90.56392694063926
141  90.3371298405467
142  90.167921686747
143  89.95642374154771
144  89.47169811320755
145  89.30030257186081
146  88.89291101055807
147  88.49010654490107
148  88.02017067494181
149  87.07860615883307
150  86.27172061328791
151  84.98657718120805
152  83.55469953775038
153  83.78043912175649
154  84.59252336448598
155  84.80923994038749
156  85.3418013856813
157  85.8361138370952
158  85.91467889908257
159  86.14561403508772
160  86.2051282051282
161  86.37408312958435
163  86.34582357533178
164  86.31518404907976
165  85.97946768060837
166  85.91411501120238
167  85.71101256467111
168  85.57972079353416
169  85.47191830780453
170  85.36127167630057
171  85.3405017921147
172  85.18808327351041
173  84.98093220338983
174  84.90176678445229
175  84.68454038997214
176  84.4044630404463
177  84.31063238359972
178  84.16357388316152
179  84.11877133105801
180  84.0891156462585
181  84.01829268292683
182  83.85801630434783
183  83.75838466803559
184  83.7352537722908
185  83.65232240437159
186  83.55608108108108
187  83.50745257452574
189  83.45006747638327
190  83.52241847826087
191  83.57749326145553
192  83.92224475997295
193  84.07364864864864
194  84.14237516869096
195  84.18021680216802
196  84.43353783231083
197  84.53982300884955
198  84.7202462380301
199  84.78030303030303
200  84.84562370778774
201  84.9319587628866
202  85.28238519533927
203  85.32489740082079
204  85.4092159559835
205  85.44176430048243
206  85.60578911095796
208  85.6108442004118
209  85.61891706648389
210  87.24275862068966
211  88.12833099579242
217  88.08094905792045
223  88.18005540166205
225  88.18250688705234
226  88.28206896551724
227  88.31456043956044
228  88.53603294440632
229  88.59297520661157
230  88.61884961884962
231  88.47994269340974
232  86.86310063463281
233  85.0778739184178
234  84.81499202551834
235  84.57003257328991
236  83.72423398328691
237  83.26643598615917
238  82.2274975272008
239  82.62929475587704
240  82.74573378839591
241  83.1330612244898
242  83.34161988773056
243  83.57323832145686
244  83.65384615384616
245  83.87421875
246  83.88121118012423
247  83.9514263685428
248  84.03508771929825
249  84.16793313069908
250  84.38352059925094
251  84.5364238410596
252  84.74799123447772
253  84.82417582417582
254  85.04306569343066
255  85.08951965065502
256  85.13620071684588
257  85.26077586206897
258  85.4603288062902
259  85.52040085898354
260  85.535
261  85.72114695340501
262  85.7453505007153
263  85.79270907791279
264  85.83523537803138
265  85.85948644793153
266  86.13233190271816
267  86.1895937277263
268  86.24005681818181
269  86.31414356787491
270  86.40383250532292
271  86.51738821859475
272  86.62029808374734
273  86.69164882226981
274  86.8722341184868
275  86.95153243050606
276  87.10410764872522
277  87.26192170818506
278  87.26192170818506
279  87.34024303073625
280  87.36657101865136
281  87.34312320916905
282  87.22481751824817
283  86.74803149606299
284  85.47674418604652
285  84.06869369369369
286  82.79320531757755
287  82.72992700729927
288  81.91276041666667
289  81.46416382252559
290  81.0680412371134
291  80.70949185043145
292  81.11151405258386
293  81.46735395189003
294  81.88408163265306
296  82.11611374407583
298  82.10750988142293
299  82.22274509803921
300  82.343653250774
301  82.50386996904025
302  82.67796610169492
303  83.06600153491942
304  83.18535469107552
305  83.27794793261869
306  83.42998477929984
307  83.43009118541033
308  83.52528301886792
309  83.5380557648832
310  83.59502262443439
311  83.75775927327781
312  83.76590909090909
313  83.8343328335832
315  83.85884101040119
316  83.96227810650888
317  84.03763837638377
318  84.14912280701755
319  84.15704894083272
320  84.23228634039445
321  84.25329428989751
322  84.40058694057227
323  84.54478707782673
324  84.59632352941176
325  84.596336996337
326  84.57185405807893
327  84.43882175226587
328  83.7491961414791
329  82.73307912297426
330  80.75382262996942
333  80.28427128427128
334  79.35550181378477
335  77.99027027027027
336  78.51024390243903
337  78.924200913242
338  79.27185314685315
339  79.73556485355648
340  79.92769104354971
341  79.94350282485875
342  80.13524264120923
344  80.25816485225505
345  80.53662297609868
346  80.7752117013087
347  80.9361216730038
348  81.15620214395099
349  81.24279210925646
350  81.35413533834587
351  81.4033107599699
352  81.52754716981131
353  81.552790346908
354  81.71650629163582
355  81.76148148148148
356  81.80266075388026
357  81.89026162790698
358  81.89469862018882
359  81.91878172588832
360  81.91878172588832
361  81.83440860215053
362  79.0664800559832
363  74.29629629629629
366  74.34766355140187
367  74.2911235257604
368  74.28324056895485
369  74.32111801242236
370  74.32422360248447
371  74.39712320200125
375  74.39575530586767
376  74.37203495630462
377  74.28830519074421
378  73.98906048906049
379  73.39683734939759
380  71.95154639175257
381  71.38366718027736
382  71.38366718027736
383  70.11577608142494
384  69.1609081934847
385  68.46600331674959
386  68.73416731821736
387  68.79899135446686
388  68.96579476861167
389  68.96981374438022
390  69.05919395465995
391  69.18869084204057
393  69.25517661388551
394  70.29241877256318
395  71.7210843373494
397  71.78432563791009
398  71.82527881040892
399  71.93196004993757
400  72.14187927815806
401  72.29024238657551
402  72.3308504034761
403  72.40634723086497
404  72.51713395638629
406  72.52543424317618
407  73.134375
408  75.00311332503114
409  75.00436137071651
410  75.23669380087664
411  75.34292866082603
412  75.39048811013767
413  75.429375
414  75.56308851224105
415  75.65387035871618
416  75.79828326180258
417  75.74965800273598
418  74.10697115384616
419  74.10697115384616
422  74.53558590941769
423  73.45928753180661
425  73.3398773006135
426  73.32147315855181
427  73.369442705072
428  73.44257178526841
429  73.70137157107231
430  74.85349127182045
432  75.02372034956305
433  75.1459762944479
434  75.22837585563161
435  75.31752963194012
436  75.49405134627426
437  75.58155583437892
438  75.65100250626567
439  75.863184079602
440  75.863184079602
441  76.07615480649189
442  76.1588785046729
443  76.18215845290081
444  76.33809819763829
445  76.50375
446  76.56927899686521
447  76.6205385097057
448  76.71401634192331
449  76.811013767209
450  76.8709476309227
451  76.93933708567855
452  77.1171339563863
454  77.10509950248756
455  77.20024875621891
456  77.24953445065177
457  77.32118164676304
458  77.33377659574468
463  76.22121486854034
465  75.4765003615329
466  75.53952843273231
467  75.77183480027082
468  75.8497375328084
469  76.100453661698
471  76.15852885225111
472  76.21181646763043
474  76.18328173374613
475  76.22848297213622
476  76.37928921568627
478  76.33845208845209
479  76.2550831792976
480  76.19527363184079
481  75.85132237312366
482  74.62982832618026
483  73.53531598513011
484  73.53531598513011
485  73.53531598513011
487  73.62680115273776
488  73.09239130434783
489  73.18198198198198
490  74.07207207207207
491  74.5462382445141
492  74.55251141552512
493  74.64727272727272
494  74.70592334494773
495  74.82614647501711
497  74.8718459495352
498  75.03873933026921
499  75.12524334847501
500  75.28406909788868
501  75.3565441650548
502  75.43168697883259
503  75.46991766941102
504  75.47308423052564
509  75.4889170360988
510  75.4889170360988
511  75.49146110056925
512  75.52528445006321
513  75.5658475110271
514  75.59623824451411
515  75.60891399874451
517  75.59068010075566
518  75.62596401028277
526  76.63819095477388
528  77.27118644067797
529  77.99343955014058
530  78.45186470078058
531  78.73902236951119
532  79.09385113268608
533  79.24446202531645
534  79.4714620797498
535  79.50656370656371
537  79.78801843317973
539  79.74661654135339
540  79.76026885735624
542  79.83102694828843
543  79.83273510409188
548  79.74366197183099
550  79.58105263157894
551  79.67154811715481
553  79.57670850767084
554  79.48825966850829
555  79.47496522948539
556  79.46415897799858
557  79.28256227758007
558  79.02172226532196
559  77.17142857142858
560  75.58333333333333
561  74.52597402597402
565  72.82066869300913
566  72.21728691476591
567  72.64430894308943
568  72.93961573650503
569  73.38840830449827
570  73.49799518845228
571  73.57098039215687
572  73.60313725490197
573  73.70794392523365
574  73.80493446414803
576  73.75867269984917
577  73.90984222389181
578  73.91418181818182
579  73.95718432510886
582  74.06758620689655
584  74.04018754186203
585  74.09966777408638
586  74.14561170212765
587  74.14323607427056
588  74.14323607427056
589  74.07323568575234
591  74.10515873015873
593  74.07518296739853
594  74.0561872909699
595  73.93878954607978
596  73.45598731165741
597  72.4488107549121
598  72.74957983193278
599  72.74957983193278
600  72.74957983193278
601  72.74957983193278
602  75.16788321167883
604  74.88876404494383
605  75.45716945996276
606  75.60017346053773
607  75.88433141919606
608  76.22465531224655
610  76.29258675078864
611  76.35460992907801
612  76.43498452012383
613  76.52104055087987
615  76.51708766716196
616  76.53706395348837
618  76.66619013581129
620  76.55082417582418
621  76.65892002734108
623  76.70698924731182
624  76.70858283433134
625  76.71438082556591
626  76.76361221779548
630  76.7897165458141
631  78.54100529100529
633  78.54133858267717
635  78.581045751634
636  78.61904761904762
638  78.4807063440157
639  78.59948320413437
640  78.47477360931435
641  78.39714471122647
642  78.35538261997407
643  78.25856496444732
644  78.2049127343245
646  78.18388564002599
648  78.15539661898569
649  78.10533245556287
650  77.78484438430311
651  77.13295269168026
652  75.66
653  75.37827715355806
654  75.37827715355806
657  75.02653631284916
658  75.10010214504597
659  75.74401473296501
660  76.01776649746193
661  76.17213114754098
662  76.5670436187399
663  76.6563981042654
665  76.9860465116279
667  76.98720842738902
668  76.97153558052435
669  76.92462686567164
670  76.70998531571219
672  76.75291545189505
673  76.69236363636364
674  76.62036363636363
675  76.62036363636363
676  76.38233164373642
677  76.36907366885485
679  75.78899082568807
680  74.78683966635774
681  73.55255255255256
682  73.55255255255256
686  73.2144
687  72.84282178217822
688  73.06827731092437
689  73.36174242424242
690  73.36804942630185
691  73.51618398637137
692  73.54682274247492
693  73.6725949878739
694  73.76
696  73.73265783320343
697  73.79315707620529
698  73.78621223857475
699  73.7725155279503
700  73.63246554364471
704  73.50038431975403
705  73.45326001571092
706  73.0198511166253
707  72.37472527472528
708  72.37472527472528
709  70.88461538461539
710  70.88461538461539
711  70.88461538461539
712  70.88461538461539
713  70.88461538461539
714  70.88461538461539
717  71.57393209200438
718  71.88282828282829
719  72.26673040152964
720  72.53035714285714
722  72.58418367346938
723  72.64106844741235
726  72.64291497975708
729  72.51929012345678
730  72.55135135135136
732  72.59324635456639
733  72.60015349194167
735  72.62010744435918
738  72.62384615384616
739  72.5776397515528
740  72.52977099236641
744  72.52196969696969
745  72.40497737556561
746  72.3960843373494
747  72.27811094452774
748  72.26736370425691
749  72.23335826477188
750  72.21567164179105
751  72.19985085756898
753  72.20299625468165
754  72.1509715994021
755  72.14936519790889
756  71.96718866517524
757  72.65943113772455
758  72.77170658682634
760  72.75560538116592
761  72.84234234234235
763  72.82848620432513
764  72.7696335078534
765  72.7696335078534
766  72.68550185873606
767  72.53526354862657
769  72.44402420574886
770  72.38091603053435
771  72.01721439749609
772  71.40737410071942
773  70.92356687898089
774  70.92356687898089
775  70.92356687898089
776  70.92356687898089
777  70.92356687898089
778  70.92356687898089
780  73.55369595536959
782  73.98223615464995
783  74.22090729783038
784  74.22808671065033
785  74.30593607305936
789  74.32457627118644
790  74.36714165968148
792  74.36690647482014
794  74.31857031857032
795  74.4
796  74.4050925925926
797  74.35285053929121
798  74.24132613723978
799  74.20493066255779
800  74.07941403238242
801  73.91756548536209
802  73.84964761158966
803  73.6321458160729
804  72.83539094650206
805  72.13968253968254
806  71.51339285714286
807  71.51339285714286
808  71.51339285714286
812  74.88611544461779
813  75.12182061579652
814  75.30629539951573
816  75.448098663926
818  75.58607714016934
820  75.61120996441281
822  75.51325919589392
823  75.54753820033956
824  75.69165964616681
826  75.53518821603927
827  75.58475263584752
829  75.59455128205128
830  75.54872204472844
831  75.39016653449643
832  75.33517786561265
833  75.28225175918686
834  75.19750195160032
835  75.14117647058823
837  75.12118780096309
838  75.06451612903226
839  74.90969899665552
840  74.24109589041096
841  73.62897526501767
842  73.62897526501767
843  72.37628865979381
844  73.5
845  73.5
846  73.5
847  73.5
848  74.15080527086384
849  74.48301886792453
850  74.62029646522235
851  74.630593132154
853  74.8538175046555
854  75.01195952161913
856  75.00796460176991
858  75.03376623376623
860  75.02482876712328
861  75.08610400682012
863  75.00331950207469
864  75.0182270091135
868  74.9793559042114
869  74.85467980295566
870  74.75637860082304
871  74.48869565217392
872  74.07663551401869
873  73.71812080536913
874  73.05594405594405
875  73.05594405594405
876  73.05594405594405
877  73.05594405594405
878  73.05594405594405
879  73.05594405594405
880  71.65611510791366
881  71.66224366706875
882  72.0075349838536
884  72.28664192949907
886  72.48151408450704
887  72.49480968858131
888  72.54273504273505
889  72.60608622147083
890  72.57419898819562
891  72.37058823529412
899  72.35084882780922
900  72.35084882780922
901  72.2710355987055
902  72.20785597381342
903  72.07833333333333
904  71.76116681859617
905  70.85397196261682
906  70.85397196261682
912  70.56434108527132
913  70.40368098159509
914  70.67472527472528
915  71.09849246231155
916  71.31491712707182
917  71.46339285714286
918  71.63240418118467
920  71.63083333333333
922  71.74820717131475
925  71.7375189107413
927  71.79717682020802
928  71.88520971302428
929  71.9135531135531
930  73.28788977519942
931  74.2062367115521
932  74.38476953907815
933  74.77740863787375
934  74.78528827037773
936  74.80524590163934
937  74.77385620915032
938  74.7416393442623
939  74.68083714846304
940  74.60974025974026
941  74.594682230869
942  74.48731294729994
943  74.47557003257329
944  74.46936114732725
945  74.33615635179153
947  74.28414948453609
948  74.18979987088444
949  74.17540453074433
950  74.11025145067698
951  74.01992287917737
952  73.83279325988335
953  73.82406209573092
954  73.82105943152455
955  73.78821243523316
957  72.87239758226998
959  73.06040268456375
960  72.82003955174687
961  72.82003955174687
963  72.72577455504285
964  72.66995397764629
965  72.63164806303348
966  72.53083989501312
968  72.54664914586071
969  72.5065703022339
971  72.47791164658635
972  72.37072503419972
973  71.64231354642314
974  70.01901565995526
975  70.01901565995526
976  70.01901565995526
977  70.01901565995526
978  70.01901565995526
979  74.71404109589041
980  74.8225806451613
981  75.65829145728644
982  76.15563506261181
983  76.47381342062194
984  76.78309409888357
985  77.14984227129338
986  77.27790788446526
987  77.32874617737004
989  77.33156297420334
991  77.3609865470852
994  77.28332119446468
995  77.18318965517241
996  77.14551971326165
997  76.97491039426524
1000  76.97741707833451
1001  76.89138051857043
1002  76.87157894736842
1004  76.84302733006307
1006  76.80348432055749
1008  76.77426015141087
1009  77.21859819569744
1010  80.47535211267606
1011  81.1659604519774
1012  81.10434173669468
1013  81.06993006993007
1014  81.06993006993007
1016  81.04958100558659
1017  81.0258019525802
1018  80.96881496881497
1019  80.93615544760583
1020  80.91706979958535
1023  80.88604972375691
1024  80.84482758620689
1025  80.82967032967034
1027  80.80549828178694
1028  80.70454545454545
1029  80.70344827586207
1031  80.56530753282654
1032  80.48268698060942
1033  80.24439775910363
1034  79.87470817120622
1035  77.76341948310139
1036  76.29320388349515
1037  77.02127659574468
1038  77.53333333333333
1039  78.92705167173253
1040  79.58774834437087
1041  79.86294416243655
1042  80.211477151966
1043  80.57007575757575
1044  80.82785467128028
1045  81.33277027027027
1046  81.72522897585345
1047  81.78912685337727
1048  81.95064724919094
1049  82.24600638977635
1051  82.21598101265823
1052  82.21806853582555
1054  82.19523443504997
1056  82.22122571001495
1064  83.16301169590643
1065  84.5638989169675
1066  84.78586723768737
1067  84.88395415472779
1068  84.93648553281581
1070  84.97954866008463
1071  85.01336146272855
1072  84.8582565556343
1073  84.84397163120568
1074  84.65828092243187
1075  84.65828092243187
1077  84.6827731092437
1078  84.64081062194269
1082  84.63044982698962
1083  84.5935127674258
1085  84.5766073871409
1086  84.57103825136612
1087  84.56536618754278
1089  84.5448323066393
1090  84.4028826355525
1091  84.2231520223152
1092  83.76635514018692
1093  81.2172373081464
1094  80.43505154639175
1095  81.27595628415301
1096  81.80145278450364
1097  82.47802197802197
1101  82.84586815227483
1102  83.67130434782608
1103  83.77249575551782
1104  83.78036605657238
1105  83.82192910140148
1106  83.98938775510204
1109  83.95283018867924
1110  83.92449922958397
1111  83.65756457564575
1113  83.57091690544412
1114  83.5701133144476
1116  83.48455056179775
1118  83.44467787114846
1120  83.35939643347051
1122  83.33424470266576
1124  83.22252374491181
1128  83.17762711864407
1129  83.1241426611797
1130  83.0416068866571
1131  81.85787671232876
1132  79.88744075829383
1133  78.82952182952182
1134  78.41240875912409
1135  79.39194139194139
1136  79.39194139194139
1137  79.77520661157025
1138  79.83780160857908
1139  80.01090512540894
1140  80.29673590504451
1141  80.76102941176471
1142  81.16
1143  81.4627383015598
1144  81.76805437553101
1145  81.86543313709
1146  81.92641046606705
1147  81.95850284784377
1148  82.01196172248804
1149  82.08602999210734
1150  81.94298921417565
1151  81.94090909090909
1152  81.87020648967551
1153  81.8604992657856
1155  81.81059506531204
1156  81.77480086893556
1157  81.7027417027417
1158  81.65900933237617
1159  81.62867383512545
1160  81.54092526690391
1161  81.47484053862509
1162  81.4559659090909
1163  81.35658362989324
1164  81.22950819672131
1166  80.41580756013745
1167  78.73784104389087
1168  76.86542923433875
1169  75.50970873786407
1173  72.33957219251337
1174  71.05472103004291
1175  71.00474833808167
1176  71.36643233743409
1177  71.46644295302013
1180  71.46964856230032
1181  71.52335708630245
1185  71.55530129672006
1188  71.52505609573673
1190  71.57395143487858
1191  71.52739225712199
1192  71.49708454810495
1193  71.49205202312139
1194  71.39942528735632
1195  71.39942528735632
1196  71.30567375886525
1197  71.26043878273178
1199  71.27118644067797
1200  71.27118644067797
1201  71.49895031490553
1202  74.16195190947666
1203  74.40728021978022
1204  74.47887323943662
1205  74.76015989340439
1206  74.90805369127517
1207  75.6099151989563
1208  79.13583441138422
1209  80.43871778755499
1210  80.85
1212  80.91851851851852
1213  81.05821078431373
1214  81.51507840772014
1216  81.42761148442273
1218  81.27815384615384
1219  81.3920245398773
1220  81.36268472906404
1221  81.30142945929148
1222  81.12090680100755
1223  81.1052299936988
1224  81.09640831758034
1225  81.04591194968553
1226  80.91746031746031
1227  81.01630094043887
1228  81.0174672489083
1229  81.53216019417475
1234  81.29343863912516
1236  81.09465273509527
1237  81.05428747686614
1238  80.86287831995058
1239  80.85494775660726
1240  80.75293390982088
1241  80.6571250777847
1242  80.41646039603961
1243  80.0742605412209
1244  80.07142857142857
1245  79.98879900435594
1246  80.14080996884735
1247  80.57613424487259
1248  81.07228158390949
1249  81.4298245614035
1250  82.03300124533001
1251  82.3955084217093
1252  82.90407523510972
1253  83.2952559300874
1255  83.4204334365325
1257  83.35806253832006
1258  82.91868404717567
1259  82.52977667493796
1260  81.97846153846154
1261  81.51464174454829
1262  80.7453300124533
1264  80.14603616133519
1265  78.78118811881188
1266  76.52333333333333
1269  76.48005502063273
1270  76.25581395348837
1276  76.65863730213351
1277  76.3859768550034
1278  76.15430861723446
1279  75.66402116402116
1280  75.64852459016393
1281  75.54082299150882
1282  75.49281984334203
1289  74.5365111561866
1290  74.5365111561866
1291  73.08482142857143
1292  73.08482142857143
1293  73.08482142857143
1295  73.23076923076923
1296  72.74948665297741
1297  73.1839378238342
1298  73.70805921052632
1299  73.85984251968505
1301  73.92538405267008
1303  73.91224489795918
1305  73.84031936127745
1306  73.84168865435356
1307  73.98154251812788
1309  73.97694334650856
1310  74.05591677503251
1311  74.07026675341575
1312  74.08836907082521
1313  74.08978529603122
1314  74.11125485122898
1316  74.07820512820513
1317  74.07820512820513
1320  74.13290734824281
1322  74.12619502868068
1323  74.12619502868068
1324  74.14385741565881
1325  74.15796178343949
1326  74.13618925831202
1327  74.06019417475729
1328  73.87840531561461
1329  73.64156862745098
1330  72.38125
1331  72.38125
1332  72.38125
1333  72.38125
1334  71.47863247863248
1335  71.31912144702842
1336  71.6734486266531
1337  72.06672443674177
1338  72.47179067865903
1339  72.85340729001585
1340  73.08866615265998
1342  73.13728323699422
1344  73.10205479452055
1345  73.13559322033899
1346  73.15951742627345
1347  73.2397856664434
1349  73.25213956550363
1351  73.28168089297439
1352  73.37540663630449
1353  73.376953125
1354  73.38317152103559
1356  73.44165054803352
1358  73.43438914027149
1359  73.45436893203883
1360  73.56847545219638
1363  73.52331606217616
1365  73.53530166880616
1366  73.54113110539846
1367  73.5820991629105
1368  73.59228295819936
1369  73.68689477081989
1376  74.0
1377  74.0
1378  74.0
1382  73.14645974781766
1383  73.25709057639524
1384  73.51549053356283
1385  73.65802675585284
1386  73.79435483870968
1387  73.89285714285714
1388  73.95508274231679
1389  74.02890625
1390  74.12208398133748
1391  74.17551963048498
1392  74.18535469107552
1393  74.31921331316188
1395  74.42339008142118
1396  74.4309838472834
1397  74.4835886214442
1399  74.56363636363636
1400  74.61010830324909
1402  74.54369627507164
1403  74.57757404795487
1405  74.49754730203223
1407  74.48078266946192
1409  74.55174875089222
1410  74.34477498093058
1411  73.39095022624434
1412  72.07488299531981
1413  72.07488299531981
1414  72.07488299531981
1415  72.07488299531981
1416  72.07488299531981
1417  71.77173913043478
1418  71.60342979635584
1419  72.21087160262418
1420  72.45663265306122
1421  72.6875
1422  72.84218873909596
1423  72.98985167837627
1424  73.05019305019304
1425  73.11570881226054
1426  73.18904726181546
1432  73.19271948608137
1433  73.22031473533619
1434  73.23288637967536
1435  73.31983240223464
1436  73.31983240223464
1437  73.40293296089385
1438  73.40293296089385
1440  73.47752808988764
1441  73.86347390993566
1442  73.89529914529915
1443  73.95238095238095
1445  74.03792134831461
1446  74.05676243868255
1447  74.13243626062322
1448  74.16548797736917
1450  74.13202247191012
1451  74.13202247191012
1452  74.36363636363636
1453  74.44187675070027
1454  74.45066480055984
1456  74.49578651685393
1458  74.45716292134831
1459  74.4627808988764
1461  74.45906228131561
1462  74.49188426252647
1463  74.55290819901892
1467  74.6046676096181
1468  74.6509167842031
1469  74.65287517531557
1470  73.36686787391012
1471  68.65448504983388
1472  65.27223353699932
1473  63.61497326203208
1474  62.77726371447456
1476  63.267166042446945
1478  63.32572877059569
1479  63.86037491919845
1480  66.00327653997378
1481  66.34032786885246
1483  66.45003399048267
1484  66.5605006954103
1485  66.63220815752462
1486  66.69089625970359
1488  66.73672883787661
1494  66.70119225037257
1500  66.72519083969466
