1  75.78953922789539
2  75.78953922789539
3  75.78953922789539
4  75.78953922789539
5  75.78953922789539
6  79.36732026143791
10  82.45571245186136
11  82.38780487804878
12  81.90941597139452
13  81.42054958183991
14  80.66387559808612
15  80.09507042253522
16  79.23353293413173
17  78.56654888103651
18  77.83806146572104
19  77.17777777777778
20  76.66821345707656
21  75.98846597462514
22  75.35754824063564
23  74.44154370034052
24  73.95686719636777
25  73.17997750281215
26  72.74633596392334
27  71.58850056369786
28  70.59800664451828
29  69.85071350164654
30  69.14983351831299
31  68.26356589147287
32  67.43526785714286
33  66.72129319955407
34  65.90899241603466
35  65.10032362459548
36  64.58359957401491
37  63.34279705573081
38  62.596842105263164
39  61.9080459770115
40  61.21473684210527
41  61.24444444444444
42  67.34445640473628
43  73.06637649619151
44  77.73076923076923
45  80.80094228504123
46  84.23363431151242
47  84.20474137931035
48  83.82754994742376
49  83.17195496417605
50  82.84263959390863
51  82.2642073778664
52  81.28825271470879
53  80.59561752988049
54  79.91369047619048
55  78.8051434223541
56  78.0832507433102
57  77.24358974358974
58  76.54294175715695
59  75.83001988071571
60  75.30571992110454
61  77.3036809815951
62  78.80086580086581
63  80.44312026002167
64  80.92691415313224
65  80.6857855361596
66  80.55555555555556
67  80.55555555555556
68  80.55555555555556
69  80.55555555555556
70  80.55555555555556
71  80.55555555555556
72  80.55555555555556
73  80.55555555555556
74  80.55555555555556
75  80.55555555555556
76  79.41890166028097
77  79.41890166028097
78  78.19226260257913
79  77.61328588374852
81  79.17204301075269
82  78.52962085308057
83  78.00933488914819
84  77.45176470588235
85  76.75584112149532
86  76.21387940841866
87  75.72058823529412
88  75.23016759776536
89  74.3646170442287
96  78.55500495540139
97  77.7192118226601
98  77.22859922178988
99  76.27376425855513
100  75.50502283105023
101  74.98272884283247
102  74.17918088737201
103  73.70962343096234
104  72.83234546994073
105  71.71875
106  75.84531772575251
107  78.73871527777777
108  79.68075927523728
109  79.44748078565328
110  78.77369281045752
111  77.86772908366534
112  77.0359937402191
113  76.20990566037736
114  75.55169692186267
115  74.73788721207308
116  73.93476531424025
117  74.55361397934868
118  77.2547619047619
119  79.53322658126501
127  79.70725806451613
128  78.97284345047923
129  78.4702144559174
130  77.69495596477182
131  77.07011952191235
132  76.35742971887551
133  75.7056
134  75.18435754189944
135  77.2040650406504
136  78.7587064676617
137  79.93615257048093
143  80.50084175084174
144  80.92151898734177
145  80.45654008438818
146  80.00503355704699
147  79.31161236424394
148  78.58655462184873
149  78.02911813643927
150  77.32888146911519
151  76.82529118136439
152  75.77529021558873
160  76.14237288135594
161  75.26903553299492
162  74.48763853367434
163  74.00515021459228
164  73.57678883071553
171  76.57231040564373
172  76.14924039320822
173  75.41777777777777
174  74.7353206865402
175  74.20306859205776
176  74.02994555353902
179  75.177736202058
180  74.51730589335828
181  75.3867041198502
182  76.81309297912713
183  78.45845272206304
184  78.58405379442843
188  78.66466466466467
189  79.06382978723404
190  79.40829015544041
191  80.13146997929607
192  79.69716088328076
193  79.21069518716577
194  78.77415966386555
196  78.38426453819841
197  77.83431952662721
198  77.19541616405307
199  77.19467956469165
202  77.01133501259446
203  76.50380710659898
204  76.12911392405063
206  76.94437257438551
207  76.37084398976982
208  76.37084398976982
209  75.11786600496278
210  74.39924433249371
211  73.55212355212355
212  72.97596795727637
213  72.97596795727637
217  72.83758389261745
218  72.01338688085676
219  71.35838926174496
220  70.67615176151762
221  69.82907133243607
222  69.83692722371967
223  69.83692722371967
224  76.4857849196539
225  75.8238841978287
226  75.38968824940048
227  74.54076738609113
228  73.80280046674446
229  73.25614035087719
230  72.59647058823529
231  72.05535924617196
232  70.98564593301435
233  70.36144578313252
234  69.62796504369538
235  69.8359375
236  71.14093959731544
237  72.43667546174143
238  74.65359477124183
239  75.9656538969617
240  75.9656538969617
241  75.25128865979381
242  74.51746442432083
243  74.17654639175258
244  73.5053050397878
245  73.88156123822341
246  73.88156123822341
247  73.88156123822341
248  73.88156123822341
249  73.88156123822341
250  73.88156123822341
251  73.88156123822341
252  73.88156123822341
253  73.88156123822341
254  73.49416909620992
255  73.49416909620992
256  73.49416909620992
257  73.49416909620992
258  73.49416909620992
259  73.49416909620992
260  73.49416909620992
261  73.49416909620992
262  73.49416909620992
263  73.49416909620992
264  73.49416909620992
265  73.49416909620992
266  73.49416909620992
267  67.48609077598829
268  66.13107511045655
269  65.33714285714285
270  64.46826516220028
271  63.731428571428566
272  63.20256776034236
273  62.66043165467626
274  67.9099590723056
275  67.9099590723056
276  72.54204398447607
277  71.92555831265508
278  71.36170212765957
279  70.81343283582089
280  70.34470158343484
281  69.71052631578948
282  69.00118063754428
283  68.20984759671747
284  67.32126168224299
285  66.31221198156682
286  65.59400230680508
287  64.91179839633448
288  64.1487414187643
289  63.70171428571429
290  63.86857142857143
291  69.09486607142857
292  72.13971397139714
293  72.13076923076923
294  71.76054852320675
295  71.42381974248927
296  70.49788135593221
297  69.8525641025641
298  69.05402542372882
299  68.30636461704422
300  67.57297297297298
301  66.82527472527472
302  69.68313641245972
303  74.57285873192436
304  77.5323325635104
305  78.63636363636364
306  78.55981416957027
307  78.10046189376443
308  77.53757225433526
309  76.84077892325315
310  76.33715596330275
311  75.64375715922108
312  75.63085714285714
320  76.5615292712067
321  75.56599286563615
323  75.68571428571428
331  76.24249699879952
332  75.558352402746
333  74.84329199549042
334  74.00550660792952
335  72.98586956521739
336  72.27645788336933
337  71.65877287405813
338  70.74097664543524
339  69.86305732484077
340  69.43160127253446
341  68.17470525187566
342  67.45972073039742
343  66.84130434782608
344  65.89123196448391
345  65.14301675977654
346  64.47732426303855
347  66.09863945578232
348  70.72271714922049
349  71.99436302142053
350  71.56201975850713
351  71.09251101321586
352  70.52297592997812
353  69.83570646221249
354  69.18647764449291
355  68.33947939262472
356  67.27650273224043
357  66.71349557522124
358  65.99890350877193
359  65.01336302895324
360  64.38274336283186
361  63.88351648351649
362  63.27894156560089
363  62.67035398230088
364  61.96004439511654
365  63.5551912568306
366  68.37365010799137
367  68.33512931034483
368  67.99354838709678
369  67.22881355932203
370  66.75026455026455
371  65.96053997923157
372  65.31584470094438
373  64.56670113753879
374  63.59607438016529
375  63.04338842975207
376  62.46949327817994
377  61.78846153846153
378  61.192229038854805
379  60.58763931104356
380  59.931137724550894
381  59.265861027190326
382  62.22731707317074
383  68.23705179282868
384  68.45829244357213
385  67.947265625
386  67.42356377799416
387  66.85302593659942
388  66.17487922705314
389  65.4840579710145
390  64.88590604026845
391  64.21847930702599
392  63.44281524926686
393  62.601778656126484
394  61.9958115183246
395  64.82513661202186
396  66.30058479532164
397  68.66166281755196
398  70.23340961098398
399  71.72298850574713
400  73.58009153318078
401  73.83654937570942
402  73.67873303167421
403  73.23222222222222
404  72.48536036036036
405  71.85454545454546
406  71.16055045871559
408  72.10765550239235
409  72.26284348864993
410  72.26284348864993
411  72.26284348864993
412  75.03061224489795
413  75.22307692307692
414  75.22307692307692
415  74.4596670934699
416  74.4596670934699
417  74.4596670934699
418  74.4596670934699
419  74.4596670934699
420  74.4596670934699
421  74.4596670934699
422  70.55316455696203
423  70.55316455696203
424  70.55316455696203
425  69.06180469715699
426  69.06180469715699
427  69.06180469715699
428  69.06180469715699
429  69.06180469715699
431  69.02025316455696
432  68.46301020408163
433  67.73503184713375
434  67.73503184713375
435  67.73503184713375
436  67.73503184713375
437  67.73503184713375
438  67.73503184713375
439  67.73503184713375
440  67.73503184713375
441  67.73503184713375
442  67.73503184713375
443  67.73503184713375
444  67.73503184713375
446  71.35622817229337
447  70.8527397260274
448  69.90969899665552
449  69.0707182320442
450  68.25925925925925
451  67.49783080260303
452  66.4772234273319
453  65.67582417582418
454  65.41195652173913
455  69.59023354564756
456  73.43546694648478
457  73.8279792746114
458  73.41958762886598
459  72.99393326592518
460  72.12205128205129
461  71.54128440366972
462  70.76525336091004
463  69.99064449064448
464  69.29629629629629
465  68.75983436853002
466  68.02763561924257
467  67.11007268951194
468  66.41157894736843
469  65.44915254237289
470  64.78232758620689
471  64.52391546162403
472  69.21896162528216
473  70.92236384704519
474  72.58323632130384
475  72.75
476  72.29103608847497
477  71.91355140186916
478  71.16724738675958
479  70.77598152424942
480  69.96140350877192
481  71.61407766990291
482  71.61407766990291
483  71.61407766990291
484  71.61407766990291
485  71.61407766990291
486  71.61407766990291
487  71.61407766990291
488  71.61407766990291
489  71.50065019505851
490  71.50065019505851
491  71.50065019505851
492  71.50065019505851
493  71.50065019505851
494  70.57835820895522
495  70.57835820895522
496  69.54656862745098
497  68.92028985507247
498  67.80387409200968
499  68.67399267399267
500  71.09002433090025
501  73.27532777115614
502  72.97166469893743
503  72.65691788526435
504  71.90847457627119
505  71.12925170068027
506  70.66592427616926
507  69.78824833702882
508  69.3355408388521
509  68.66703662597115
510  68.65444444444445
514  70.53341013824885
515  69.71477272727273
516  68.90293453724605
517  68.24943310657596
518  70.13009049773756
519  71.65005793742758
520  73.10404624277457
521  74.66935483870968
522  74.8362369337979
523  74.14219653179191
524  73.67610419026047
525  72.5376827896513
526  71.68969422423557
527  71.13961407491487
528  70.56036446469248
529  70.00454029511918
530  69.35810810810811
531  68.60045662100457
532  67.83390607101947
533  67.03460207612457
534  65.78413068844807
535  68.28538812785388
536  71.99654775604142
537  74.5201793721973
538  75.16326530612245
539  74.84399551066218
540  74.06263982102908
541  73.27790178571429
542  72.72116461366181
543  71.4009111617312
544  70.79749715585893
545  70.18181818181819
546  69.59331797235023
547  68.94514285714286
548  68.45591647331787
549  70.26092233009709
550  70.5757946210269
551  71.05148005148006
552  71.05148005148006
553  71.05148005148006
554  71.05148005148006
555  71.05148005148006
556  71.05148005148006
557  71.05148005148006
558  74.41321243523316
559  73.42282749675746
560  73.42282749675746
561  71.64424320827943
562  70.97051282051282
563  70.34889753566796
564  70.39605263157895
565  70.39605263157895
566  70.39605263157895
567  70.39605263157895
568  70.39605263157895
569  70.39605263157895
570  70.39605263157895
571  70.39605263157895
572  70.39605263157895
573  70.39605263157895
574  70.39605263157895
575  70.39605263157895
576  70.39605263157895
577  70.39605263157895
578  70.39605263157895
579  70.39605263157895
580  70.39605263157895
581  70.39605263157895
582  70.39605263157895
583  70.39605263157895
584  70.39605263157895
585  70.39605263157895
586  70.39605263157895
587  65.62592047128129
588  65.62592047128129
589  65.62592047128129
590  65.62592047128129
591  65.62592047128129
592  65.62592047128129
593  65.62592047128129
594  65.62592047128129
595  65.62592047128129
596  65.62592047128129
597  65.62592047128129
598  65.62592047128129
599  65.62592047128129
600  65.62592047128129
601  65.62592047128129
602  65.62592047128129
603  65.62592047128129
604  65.62592047128129
605  65.62592047128129
606  65.62592047128129
609  74.33799237611181
610  73.41116751269035
611  72.56045340050377
612  71.78066914498142
613  71.30940594059406
614  70.19386503067484
615  69.54712362301102
616  68.90061349693252
624  69.25
632  69.97412677878395
633  69.45165394402035
634  68.49358974358974
635  68.2563775510204
636  67.2
637  66.4656290531777
638  65.79354838709678
639  65.13144329896907
640  63.87289234760051
641  63.049286640726336
642  62.226143790849676
643  61.62647444298821
650  64.656
651  64.74722222222222
652  66.25174825174825
653  67.6792189679219
654  68.44992947813822
655  67.95804195804196
656  67.3944055944056
657  67.3944055944056
658  67.3944055944056
659  67.3944055944056
660  67.3944055944056
661  67.3944055944056
662  67.3944055944056
663  67.3944055944056
664  67.3944055944056
665  67.3944055944056
666  67.3944055944056
667  67.3944055944056
668  67.3944055944056
669  67.3944055944056
670  67.3944055944056
671  67.3944055944056
672  67.3944055944056
673  67.3944055944056
674  67.3944055944056
675  67.3944055944056
676  67.3944055944056
677  67.3944055944056
678  67.3944055944056
679  67.3944055944056
680  67.3944055944056
681  67.3944055944056
682  67.3944055944056
683  67.3944055944056
684  67.3944055944056
685  67.3944055944056
686  67.3944055944056
687  67.3944055944056
688  67.3944055944056
689  67.3944055944056
690  67.3944055944056
691  67.3944055944056
692  67.3944055944056
693  67.3944055944056
694  67.3944055944056
695  67.3944055944056
696  67.3944055944056
697  67.3944055944056
698  67.3944055944056
699  67.3944055944056
700  67.3944055944056
701  67.3944055944056
702  67.3944055944056
703  67.3944055944056
704  67.3944055944056
705  67.3944055944056
706  67.3944055944056
707  67.3944055944056
708  67.3944055944056
709  67.3944055944056
710  67.3944055944056
711  67.3944055944056
712  67.3944055944056
713  67.3944055944056
714  67.3944055944056
715  67.3944055944056
716  67.3944055944056
717  67.3944055944056
718  67.3944055944056
719  67.3944055944056
720  67.3944055944056
721  67.3944055944056
722  67.3944055944056
723  67.3944055944056
724  67.3944055944056
725  67.3944055944056
726  67.3944055944056
727  67.3944055944056
728  67.3944055944056
729  67.3944055944056
730  67.3944055944056
731  67.3944055944056
732  67.3944055944056
733  67.3944055944056
734  67.3944055944056
735  67.3944055944056
736  67.3944055944056
737  67.3944055944056
738  61.75548589341693
739  61.029827315541596
740  60.31955484896662
741  60.20930232558139
742  60.20930232558139
743  60.20930232558139
744  60.20930232558139
745  60.20930232558139
746  60.20930232558139
747  60.20930232558139
748  60.20930232558139
749  60.20930232558139
750  60.20930232558139
751  60.20930232558139
752  60.20930232558139
753  60.20930232558139
754  60.20930232558139
755  60.20930232558139
756  60.20930232558139
757  60.20930232558139
760  71.15875169606512
761  70.81290322580645
762  70.10922330097087
763  69.38657407407408
764  68.80485115766263
765  67.84108108108109
766  66.99785177228786
767  66.33439829605963
768  65.34530095036959
769  64.41949152542372
770  63.7318376068376
771  63.14873417721519
772  62.28661749209694
773  61.26210526315789
774  60.66417910447761
775  60.0210970464135
776  59.57081545064378
777  58.74860335195531
778  60.08738938053098
779  63.69472502805836
780  67.2439024390244
781  71.05742145178765
782  71.9154175588865
783  71.63280423280423
784  70.98326359832636
785  70.58161157024793
786  69.40657084188912
787  68.90946083418108
788  68.06256306760848
789  67.06161616161616
790  66.21165644171779
791  65.18266253869969
792  64.41194644696189
793  63.811416921508666
794  63.02127659574468
795  62.603045685279184
796  65.35300101729399
797  68.21399594320486
798  70.86108273748724
799  70.82779456193353
800  69.73520561685055
801  69.15346534653466
802  68.19132149901381
803  67.41816367265469
804  66.82834331337325
805  66.016
806  65.32767232767233
807  64.58257345491388
808  63.9487951807229
809  62.926877470355734
817  63.45368620037807
818  62.35687732342008
819  61.6274328081557
820  60.86797752808988
821  60.232209737827716
822  59.50750469043152
823  58.68542435424354
824  57.96327683615819
825  57.29517502365185
826  56.48487712665407
827  55.19540229885058
828  54.46175908221797
829  53.88974113135187
830  53.00769971126083
831  52.34153543307086
832  51.693306693306695
833  50.94605394605395
834  50.14514514514515
835  49.586413586413585
843  54.150095602294456
844  53.11634615384615
845  52.56057692307692
846  52.01720841300191
847  51.388405797101456
848  50.754679802955664
849  53.807286673058485
850  58.12511848341232
851  60.840782122905026
852  60.61235955056179
853  59.73909006499535
854  59.1294227188082
855  58.508936970837254
856  57.92877225866917
857  57.210476190476186
858  56.47293447293447
859  55.7440305635148
860  54.96628131021194
861  54.272015655577306
862  53.25320197044336
863  52.46146245059289
864  51.824175824175825
865  51.27128712871287
866  50.69617706237425
867  54.10069101678184
868  57.71675126903553
869  59.489751887810144
870  61.311731843575416
871  62.8512585812357
872  64.06145251396649
873  63.35494505494505
874  63.03667745415318
875  62.298838437170005
876  61.719461697722565
877  60.8985655737705
878  60.356778797145765
879  59.61895360315893
880  58.487154150197625
881  57.58712871287129
882  57.06387225548902
883  56.097125867195246
884  55.365269461077844
885  54.73532338308458
886  54.11224489795919
887  53.3414882772681
888  53.21079429735234
889  60.922779922779924
890  64.93129770992367
891  67.12674743709226
892  66.66175115207373
893  66.03102189781022
894  65.41382488479263
895  64.74163568773234
896  64.00636942675159
897  63.443108233117485
898  62.25116279069768
899  61.419172932330824
900  60.68431001890359
901  62.917860553963706
902  64.04056795131847
903  65.97014925373135
904  66.55888888888889
905  67.86453744493392
906  68.94909502262443
907  70.33944954128441
908  71.31797235023042
912  71.72885283893395
913  73.26598173515981
914  74.21779859484778
915  73.29629629629629
916  72.70412844036697
917  72.06861642294713
918  71.23449830890642
919  70.58836689038031
920  70.33990719257541
926  71.11492890995261
927  70.5377245508982
928  69.71108490566037
929  69.13411764705883
930  68.1227651966627
931  66.97587454764776
932  66.37063778580024
939  66.72277227722772
940  65.8762109795479
941  65.20143884892086
942  64.24257932446264
943  63.38712871287129
944  62.60115052732502
945  61.92263056092844
946  61.2907196969697
947  60.62241054613936
948  60.92264150943396
949  64.13584905660377
950  65.80660377358491
951  65.71625344352617
952  65.15934065934066
953  64.38082191780822
954  63.77013574660633
955  63.13484162895928
956  62.444043321299645
957  61.737272727272725
958  61.0467032967033
959  60.27848101265823
960  59.37207207207207
961  58.723792160437554
962  57.842727272727274
963  57.17171717171718
964  56.50781968721252
965  55.884191176470594
966  55.26578699340246
967  54.52601702932829
968  53.74762808349146
969  52.670754716981136
970  51.990412272291465
971  51.35961538461538
972  50.844488188976385
973  50.14257620452311
974  54.0111835973905
975  58.12999071494893
976  59.513863216266174
977  59.1360225140713
978  58.347457627118644
979  57.75375939849624
980  57.15406427221173
981  56.60057471264368
982  55.939163498098864
983  55.210877862595424
984  54.4447646493756
985  53.8813725490196
986  54.05588235294118
987  58.78997161778619
988  62.530459231490156
989  65.60437556973564
990  65.18099547511312
991  64.64161319890009
992  63.996353691886966
993  63.37350505979761
994  62.64357338195077
995  61.7550831792976
996  60.8552995391705
997  60.45087235996327
998  59.64425770308124
999  58.79494382022472
1000  58.12033582089552
1001  57.4957426679281
1002  56.67816091954023
1003  56.066925315227934
1004  54.996019900497515
1005  54.198984771573606
1006  53.642276422764226
1011  56.10710382513662
1012  55.49781659388647
1013  54.66336633663366
1014  54.33816964285714
1022  57.04290429042905
1023  56.45193370165745
1024  55.648376259798425
1025  56.97637795275591
1026  57.698630136986296
1027  58.028538812785385
1028  58.131185270425775
1029  60.76511627906977
1030  63.20253164556962
1031  63.91471962616822
1032  63.66510538641687
1033  62.97199533255542
1034  62.55516431924883
1035  61.796274738067524
1036  61.2300469483568
1037  60.4959349593496
1038  59.84883720930233
1039  59.30581395348837
1043  60.155952380952385
1044  59.72650602409638
1045  58.99523241954708
1046  58.27163461538461
1047  57.925619834710744
1048  57.060747663551396
1049  56.13901869158879
1050  55.46714456391875
1051  54.92727272727272
1052  54.119901112484555
1053  53.54867256637168
1054  52.85605095541402
1055  53.86978508217446
1056  56.72049689440993
1057  57.21212121212122
1058  56.93333333333334
1059  56.035294117647055
1060  55.518128654970766
1061  55.08294392523365
1062  54.38461538461539
1063  53.82134570765662
1064  53.27895981087471
1065  52.66627358490567
1066  51.4993954050786
1067  51.0271546635183
1068  50.50060168471721
1069  49.83374384236453
1070  51.22195121951219
1071  53.87169811320754
1072  55.84210526315789
1073  58.19718309859155
1074  60.51127819548873
1075  62.82775712515489
1076  62.601953601953596
1077  62.24150485436893
1078  61.58900836320191
1079  61.17827626918536
1080  60.59202813599062
1081  59.89709443099274
1082  59.1703431372549
1083  58.57481296758105
1087  59.65126050420169
1091  59.45958795562599
1092  59.45958795562599
1093  58.12599681020734
1094  57.742038216560516
1095  57.08653846153847
1097  58.36198347107438
1098  58.36198347107438
1099  57.44093178036606
1100  56.74837662337663
1108  56.888748419721864
1109  56.08393285371703
1110  55.348706411698544
1111  53.886187845303866
1112  53.16888888888889
1113  52.43105320304018
1114  51.66666666666667
1115  50.96041666666666
1116  50.1577868852459
1117  49.342650103519674
1118  48.774093264248705
1119  47.90670859538784
1120  46.92381974248927
1121  46.23060109289618
1122  48.587500000000006
1123  50.85668449197861
1124  51.35407725321889
1130  51.64745011086474
1131  53.53964757709251
1132  55.9807073954984
1133  59.3286937901499
1138  59.64130434782609
1139  61.76897689768977
1140  64.43454345434543
1141  67.58218451749735
1142  69.54697286012527
1143  69.29684210526315
1144  68.71218487394958
1145  68.19725738396625
1146  67.23386243386243
1147  66.36921420882669
1148  65.64285714285714
1149  64.77986725663717
1154  65.67418263810598
1155  64.56565656565657
1156  63.722284434490476
1157  62.997752808988764
1158  62.32018038331455
1159  61.597300337457824
1160  60.617647058823536
1161  59.79776536312849
1162  59.130090497737555
1163  58.32542372881356
1164  57.278965129358824
1165  56.36924803591471
1166  55.5964325529543
1167  54.95238095238095
1168  54.33446327683616
1169  53.62356979405034
1170  53.01184834123222
1171  52.050299401197606
1172  51.33292978208233
1179  52.239285714285714
1180  51.57227488151659
1181  50.96823529411765
1182  49.92553191489361
1183  49.505350772889415
1184  48.86883273164861
1185  50.54787878787879
1186  50.69613947696139
1187  51.32699619771863
1188  51.786171574903975
1189  53.644918444165626
1190  55.80657395701644
1191  58.80994897959184
1192  60.24116161616162
1193  60.796504369538084
1194  60.61302211302211
1195  60.38546798029557
1196  59.91251518833536
1197  59.28245192307692
1198  58.949471210340775
1199  57.769230769230774
1200  57.17700112739571
1201  56.55369127516778
1202  55.89257142857143
1203  55.23536036036036
1204  54.75314285714286
1205  54.19316843345112
1207  55.820480404551205
1208  56.97036082474227
1209  57.057915057915054
1210  57.854881266490764
1211  59.132450331125824
1212  60.309651474530824
1213  61.12466487935657
1215  62.7292817679558
1216  63.22413793103448
1217  63.22413793103448
1218  63.22413793103448
1219  63.22413793103448
1220  63.22413793103448
1221  63.22413793103448
1222  63.22413793103448
1223  63.22413793103448
1224  63.22413793103448
1225  63.22413793103448
1226  63.22413793103448
1227  63.22413793103448
1228  63.22413793103448
1229  63.22413793103448
1230  63.22413793103448
1231  63.22413793103448
1232  63.22413793103448
1233  63.22413793103448
1234  63.22413793103448
1235  63.22413793103448
1236  63.22413793103448
1237  63.22413793103448
1238  63.22413793103448
1239  63.22413793103448
1240  63.22413793103448
1241  63.22413793103448
1242  63.22413793103448
1243  63.22413793103448
1244  63.22413793103448
1245  63.22413793103448
1246  63.22413793103448
1247  63.22413793103448
1248  63.22413793103448
1249  63.22413793103448
1250  63.22413793103448
1251  63.22413793103448
1252  63.22413793103448
1253  63.22413793103448
1254  63.22413793103448
1255  63.22413793103448
1256  63.22413793103448
1257  63.22413793103448
1258  63.22413793103448
1259  63.22413793103448
1260  63.22413793103448
1261  63.22413793103448
1262  63.22413793103448
1263  63.22413793103448
1264  63.22413793103448
1265  63.22413793103448
1266  63.22413793103448
1267  63.22413793103448
1268  63.22413793103448
1269  63.22413793103448
1270  63.22413793103448
1271  63.22413793103448
1272  63.22413793103448
1273  63.22413793103448
1274  63.22413793103448
1275  63.0
1276  63.0
1277  63.0
1278  63.0
1279  61.0
1282  4.160714285714278
1288  4.160714285714278
1289  4.226415094339615
1290  4.226415094339615
1291  4.226415094339615
1292  4.226415094339615
1293  4.226415094339615
1294  4.226415094339615
1295  4.226415094339615
1296  4.226415094339615
1297  4.226415094339615
1298  4.226415094339615
1299  4.226415094339615
1300  4.226415094339615
1301  4.269230769230774
1302  4.269230769230774
1303  4.226415094339615
1304  4.226415094339615
1305  4.226415094339615
1306  4.226415094339615
1307  4.226415094339615
1308  4.226415094339615
1309  4.226415094339615
1310  4.226415094339615
1311  4.226415094339615
1312  4.160714285714278
1313  4.160714285714278
1314  4.160714285714278
1315  4.226415094339615
1316  4.226415094339615
1317  4.226415094339615
1318  4.226415094339615
1319  4.226415094339615
1320  4.226415094339615
1321  4.226415094339615
1322  4.226415094339615
1323  4.226415094339615
1324  4.226415094339615
1325  4.226415094339615
1326  4.269230769230774
1327  4.226415094339615
1328  4.226415094339615
1329  4.226415094339615
1330  4.226415094339615
1331  4.226415094339615
1332  4.226415094339615
1333  4.226415094339615
1334  4.226415094339615
1335  4.269230769230774
1336  4.269230769230774
1337  63.0
1338  63.0
1339  63.0
1343  61.740112994350284
1344  62.36138613861387
1345  61.82710280373831
1346  61.82710280373831
1347  61.82710280373831
1348  61.82710280373831
1349  61.82710280373831
1350  61.82710280373831
1351  61.82710280373831
1352  61.82710280373831
1353  61.82710280373831
1354  61.82710280373831
1355  61.82710280373831
1356  61.82710280373831
1357  61.82710280373831
1358  61.82710280373831
1359  61.82710280373831
1360  61.82710280373831
1361  61.82710280373831
1362  61.82710280373831
1363  61.82710280373831
1364  61.82710280373831
1365  61.82710280373831
1366  61.82710280373831
1367  61.82710280373831
1368  61.82710280373831
1369  61.82710280373831
1370  61.82710280373831
1371  61.82710280373831
1372  61.82710280373831
1373  61.82710280373831
1374  61.82710280373831
1375  61.82710280373831
1376  61.82710280373831
1377  61.82710280373831
1378  61.82710280373831
1379  61.82710280373831
1380  61.82710280373831
1381  61.82710280373831
1382  61.82710280373831
1383  61.82710280373831
1384  61.82710280373831
1386  64.85992217898833
1387  64.1216041397154
1388  63.40600522193212
1396  64.02564102564102
1397  63.35568181818182
1398  62.599999999999994
1399  61.955531453362255
1400  61.111111111111114
1401  60.51092611862643
1402  59.70689655172414
1403  58.879960317460316
1404  57.8384539147671
1412  60.23593287265548
1418  63.51417769376181
1419  62.614366729678636
1420  62.02646502835539
1421  60.965290806754226
1422  63.17293233082707
1423  65.25883476599809
1424  67.26172607879926
1425  66.57021677662583
1426  65.81998114985862
1427  65.15784586815228
1428  64.29694727104533
1429  63.59945504087193
1430  62.50224618149146
1431  61.49774977497749
1432  60.86498649864987
1433  60.08340888485948
1440  62.685483870967744
1441  61.850853548966754
1442  61.32760180995476
1443  60.58930190389846
1444  59.84395198522623
1445  59.1822429906542
1446  59.39068441064639
1447  60.966313763233885
1448  62.38715953307393
1449  62.37181996086106
1450  61.73039215686275
1451  60.995039682539684
1452  60.44169960474308
1453  59.75320829220138
1454  59.089641434262944
1455  58.246464646464645
1456  57.68954918032787
1457  58.49406688241639
1458  59.051198257080614
1459  60.334085778781045
1460  61.69594594594595
1461  62.18967452300785
1467  62.497089639115245
1468  63.85697538100821
1469  65.9208381839348
1470  66.35232558139535
1471  65.82867132867133
1472  65.22727272727273
1473  64.39976958525345
1474  63.68793503480279
1475  62.653153153153156
1476  61.74942791762014
1477  61.02064220183486
1478  60.097477064220186
1479  59.46039035591275
1480  58.76027397260275
1481  57.99305555555556
1482  60.30357142857143
1483  64.66857142857143
1484  64.0228310502283
1485  63.51244343891403
1486  62.84329199549042
1487  61.95632183908046
1488  61.21354764638346
1489  60.5338785046729
1490  59.918887601390495
1491  59.131672597864764
1492  60.67643467643468
1493  63.19451697127937
1494  64.03653585926928
1495  63.78991596638656
1496  63.19384615384615
1497  63.19384615384615
1498  63.19384615384615
1499  63.19384615384615
1500  63.19384615384615
