1  94.31827805222301
4  95.87855655794587
5  96.41316526610643
6  96.39340813464236
7  96.29986052998606
8  96.03611111111111
9  95.94602076124568
10  95.83344899375433
11  95.54852320675106
12  95.40662438336857
13  95.35426958362739
14  95.11888111888112
15  94.95489781536293
16  94.89510985116938
17  94.61620469083155
18  94.36298932384342
19  94.20352112676056
20  93.98301486199576
21  93.89750889679715
22  93.65504978662874
23  93.34593437945792
24  93.33357091945831
25  93.01127554615927
26  92.8940350877193
27  92.64664310954063
28  92.37321937321937
29  92.22560113154172
30  91.99858156028368
31  91.8388928317956
32  91.82636428065202
33  91.46137026239067
34  91.27206477732794
35  90.90654205607477
36  90.90654205607477
37  90.90654205607477
38  90.90654205607477
39  90.90654205607477
40  90.90654205607477
41  89.93081761006289
42  89.6061588330632
43  89.51742627345844
44  89.42134831460675
46  89.12511415525114
47  88.80670103092784
48  88.64686192468619
49  88.42949234488316
50  88.11233307148468
51  87.91881342701015
52  87.4858454475899
53  87.28247734138972
54  86.87198795180723
55  86.82732732732732
56  91.16226138032306
57  93.59147685525349
58  93.62134502923976
59  93.50977552498189
60  93.4361170592434
61  93.23170731707317
62  92.95719298245614
63  92.78169014084507
64  92.07926397735315
65  91.39313244569026
66  91.08503162333099
67  90.97973445143256
68  90.4808094905792
69  90.12100139082058
70  89.89631176061239
71  89.63958333333333
72  89.32098765432099
73  89.06095890410958
74  88.92925170068027
75  88.76057298772169
76  88.70588235294117
77  88.50924024640658
78  88.44216290212184
79  88.35102040816327
80  88.18515997277059
81  88.5048010973937
82  94.72539573296628
83  94.8840579710145
84  94.90088858509911
85  94.78817056396149
86  94.7624914442163
87  94.55320600272852
88  94.42671232876712
89  94.2863978127136
90  94.15535956580733
91  94.0518417462483
92  93.94733288318703
93  93.80725319006045
94  93.73499662845583
95  93.67876344086021
96  93.4789972899729
97  93.2940350877193
98  93.01574074074074
99  93.01574074074074
100  93.01574074074074
101  93.01574074074074
102  93.01574074074074
103  93.01574074074074
104  93.01574074074074
105  88.26287262872629
106  87.20384204909286
107  85.57090576395242
108  84.56587301587301
114  84.49773755656109
115  83.09333333333333
116  82.70963704630789
117  83.15749039692702
118  83.65708812260536
119  84.24455825864277
120  85.26346153846154
121  87.46139119336311
122  88.45992366412214
123  89.28534538411878
124  89.98463508322664
125  90.45454545454545
126  91.41176470588235
127  92.1413043478261
128  92.42628205128206
129  92.93079365079365
130  93.34165067178503
131  93.59526854219949
132  93.87253027405991
133  94.11614550095724
134  95.70806658130601
135  98.8547557840617
136  99.06949806949807
137  99.23230373230373
138  99.37628205128206
139  99.45716112531969
140  99.46350832266324
141  99.44593730006397
142  99.38476312419974
144  99.37451984635084
145  99.31605886116444
146  99.20795892169448
147  99.06153846153846
148  98.80628608082104
149  98.72936660268715
150  98.5403329065301
151  98.39719029374203
152  98.19782330345711
153  97.96854942233634
154  97.76717557251908
155  97.67051282051281
156  97.59053103007038
157  97.42519181585678
158  97.25112107623318
159  97.11004478566858
160  96.70716112531969
166  100.60282776349615
167  100.50096836668818
168  100.43447385409942
170  100.10744336569579
171  99.8948051948052
172  99.74103065883888
173  99.66710439921208
174  99.46503957783642
175  99.23122529644269
176  99.21805006587616
177  102.41222879684418
178  105.83277140930547
179  109.54140570633264
180  109.6614119259767
181  109.75271002710028
182  109.6358732299393
183  109.5935397039031
184  109.36941813261163
185  109.29918588873812
186  109.1288766368022
187  108.92318244170096
188  108.5481171548117
189  108.36414565826331
190  108.21403752605977
191  108.1415683553088
192  107.94117647058823
193  107.38424326192121
194  107.22290809327846
195  107.1015785861359
196  107.01357773251867
197  106.54325955734407
198  106.36768617021276
199  106.07631578947368
200  106.03265839320706
201  105.52100840336135
202  105.3389175257732
210  106.0995385629532
212  105.74950560316414
213  105.47709424083769
214  105.22039473684211
215  104.89709762532982
216  106.59581425768476
217  108.59682749504296
218  109.07312252964427
224  111.40482398956975
225  115.07269155206288
226  118.03213367609254
228  118.12146003775959
229  118.23252937538652
230  118.11289327575571
231  118.11289327575571
232  118.11289327575571
233  118.11289327575571
234  118.11289327575571
235  118.11289327575571
236  118.11289327575571
237  118.11289327575571
238  118.11289327575571
239  118.11289327575571
241  122.61826252377932
245  122.0943989930774
246  121.92550505050505
247  121.61422278162365
248  121.4971572962729
249  120.35336381450033
250  120.05032258064516
251  119.72449642625081
252  119.2133072407045
253  118.41672067401166
254  111.92810880829015
255  104.40882543802726
256  97.91923834537099
257  92.9318783068783
258  90.37896825396825
259  90.01672240802675
260  89.89694148936171
261  89.83311170212765
262  89.59986816084377
263  89.4323258869908
264  89.17693836978131
265  88.9202657807309
267  89.35733512786003
268  89.2342586323629
269  89.10871033085753
270  89.10067567567567
271  88.92842673869008
272  88.84324324324324
273  88.64035087719299
274  88.4650067294751
275  88.21081081081081
276  88.0944669365722
277  87.92542372881356
278  90.40823211875843
279  94.96849865951742
280  98.91783567134269
281  102.97607973421927
282  105.24121935056328
283  105.25725593667546
284  105.2268244575937
285  105.10104986876641
286  104.84280052840158
287  104.52766798418972
288  104.39564068692206
289  104.27496671105193
290  104.09980171844018
291  103.91507570770244
292  103.81406044678056
293  103.50099403578528
294  103.27109634551495
295  102.68452380952381
296  100.71944809461235
297  99.79362972793629
298  99.59403973509933
299  99.33089214380826
300  99.21675531914894
301  99.02598267821452
302  98.6078301260783
303  98.348
304  98.09873248832555
305  98.03187250996015
306  97.83855903935958
307  98.3953795379538
308  100.75555555555556
309  101.54477611940298
310  101.53861788617886
311  101.46987136086662
312  101.15211459754434
313  101.07749830047587
314  100.9392302498312
315  100.70385395537525
316  100.61616161616162
317  100.25990597716589
318  100.0886932972241
319  101.41276306856756
320  103.92682926829269
321  104.37711577522003
327  105.21751025991793
328  108.51074151074151
329  111.85164051355207
330  112.61075725406936
331  112.4985935302391
332  112.44366197183098
333  112.20871398453971
334  111.97827610371408
335  111.82608695652175
336  111.73407977606718
337  111.60771929824561
338  111.28730822873082
339  111.02172389628592
340  110.82794943820224
341  110.58397212543554
342  110.50522648083623
343  110.16689750692521
344  109.81805458362491
345  109.78041958041959
346  109.68153310104529
347  109.30656424581005
348  108.97677691766361
349  108.88297126839524
350  108.63559915907499
351  108.45763888888888
352  108.11436541143655
353  107.99305072967339
354  107.78333333333333
355  107.71875
356  107.29488950276243
357  108.33007676203769
358  110.71664275466284
359  110.6412652767793
360  110.53333333333333
361  110.37366548042704
362  109.94079885877318
363  109.87384176764077
364  109.84483985765124
365  109.61402266288951
366  109.24947145877378
367  109.01912181303116
368  108.94968107725018
369  108.77247191011236
370  108.67515923566879
371  108.51226348983883
372  108.15941011235955
373  107.96330275229357
374  107.67563739376772
375  107.57861189801699
376  107.32980972515855
377  107.16538192011213
378  106.7444996451384
379  106.68909348441926
380  106.36678445229683
381  106.3053003533569
382  108.59201141226819
383  109.64650827933765
384  109.56048675733715
385  109.34310221586847
386  109.24821173104435
387  108.83273766976411
388  108.78928571428571
389  108.6305278174037
390  108.53911806543385
391  108.2983699503898
392  107.93024911032029
393  107.8136073706591
394  107.68435951875443
395  107.48273431994363
396  107.40649258997882
397  106.92248062015504
398  106.85312719606466
399  107.23175053153793
400  108.86723768736617
401  108.78891257995735
402  108.50770308123249
403  108.4231843575419
404  108.351011863224
405  108.22369337979094
406  107.89447938504543
407  107.87526278906797
408  107.51743375174337
409  107.42278127183788
410  107.10306406685237
411  106.97909407665506
412  106.71566597653555
413  106.49828178694159
414  106.19064005505851
415  106.06511309115834
416  106.3841463414634
417  107.41931034482758
418  107.30864197530863
419  107.27117486338798
420  107.12087912087912
421  106.98356164383561
422  106.73209366391185
423  106.4735758407687
424  106.3837689133425
425  103.92620689655172
426  100.9481228668942
427  100.25878378378378
428  99.99661246612466
429  99.89932432432433
430  99.53602693602693
431  99.27542087542088
432  100.0882154882155
433  102.96521739130435
434  104.89806795469687
435  105.60697518443997
441  107.37705998681608
442  109.89632107023411
443  112.04861580013505
444  112.98222829801777
450  113.87767795438839
451  116.21229449606862
452  117.62258756254468
453  117.7008547008547
454  117.64971751412429
455  117.52140350877193
456  117.2528409090909
457  117.01779359430606
458  116.9576570218772
459  116.62341325811002
460  116.5073477956613
461  116.2111581920904
462  115.94810659186535
463  115.57770034843205
464  112.79260780287474
465  109.35231078365706
466  107.71668909825033
467  107.58815701929474
468  107.14621059691481
469  106.81695827725437
470  106.5841121495327
471  106.36133333333333
472  103.77479892761394
473  101.26337169939066
474  100.13223140495867
475  99.2798325191905
476  99.08589835361488
477  99.01988217967599
478  99.26719768283851
479  100.032
480  101.48716067498165
481  103.74137931034483
482  104.22968980797637
483  104.32072727272728
484  105.68139029688632
485  109.28404952658411
486  111.78726483357454
492  115.88819007686932
493  119.70600414078675
494  119.70600414078675
495  119.70600414078675
496  119.70600414078675
497  119.70600414078675
498  119.70600414078675
499  119.70600414078675
500  119.70600414078675
501  119.70600414078675
502  119.70600414078675
503  119.70600414078675
504  119.70600414078675
505  119.70600414078675
506  119.70600414078675
507  119.70600414078675
508  119.70600414078675
509  119.70600414078675
510  119.70600414078675
511  119.70600414078675
512  119.70600414078675
513  119.70600414078675
514  119.70600414078675
515  119.70600414078675
516  119.70600414078675
517  119.70600414078675
518  119.70600414078675
519  119.70600414078675
520  119.70600414078675
521  119.70600414078675
522  125.73337902673063
523  125.73337902673063
524  116.51287128712872
525  108.64567983924982
526  106.70080321285141
527  106.69767441860465
528  106.51045178691841
529  106.33154362416107
530  106.07161981258366
531  105.94492948287441
532  105.77105978260869
533  105.03590785907859
534  103.06735395189003
535  102.15189873417722
536  102.05407303370787
537  102.00139860139859
538  101.87456687456688
539  101.81445448227936
540  101.59790209790211
541  101.41254355400696
542  101.35277777777777
543  100.97788527988942
544  100.94064872325742
545  100.85596140592695
546  100.6408106219427
547  100.31705639614856
548  100.28777472527472
549  100.07063711911357
550  99.94146005509643
551  99.83701657458563
552  99.16701173222913
553  99.10180055401662
554  98.87708333333333
555  98.56854558107167
556  98.2712100139082
557  98.1210235131397
558  102.38545953360767
559  105.34489937543373
560  105.29488950276243
561  104.90839694656489
562  104.77477477477478
563  104.70470262793914
564  104.50172294968988
565  104.27548209366391
566  104.03859407305308
567  103.80397532556546
568  103.54432989690721
569  103.30089102124742
570  102.93557230980123
571  102.73636991028295
572  103.29098360655738
573  105.00905292479109
574  105.16411682892907
575  105.0999310820124
576  105.00828729281767
577  104.80027643400138
578  104.79243986254295
579  104.39172413793104
580  104.32164948453608
581  104.11310344827587
582  103.8803061934586
583  103.66319444444444
584  103.52449965493443
585  103.26712802768165
586  103.20816044260027
587  102.72594142259413
588  102.51315789473685
589  102.34372834372834
590  102.20429362880887
591  102.14889196675901
592  101.71737613398466
593  101.64944134078212
594  101.3367839889579
595  101.21008984105045
596  100.86518415566366
597  100.69252077562327
598  100.43093922651934
599  100.15691672401927
600  99.99447513812154
601  99.79520547945205
602  99.63567493112947
603  99.32443531827516
604  99.83862068965517
605  101.28472222222223
606  101.239446366782
607  101.02689655172414
608  100.91666666666666
609  100.69177608845888
610  100.4649548924358
611  100.29117442668519
612  100.17095205003474
613  100.01803051317614
614  99.78491620111731
615  99.7391910739191
616  99.35413744740532
617  99.18367346938776
618  99.51912181303116
619  101.2029598308668
620  101.2029598308668
621  101.23446327683615
622  101.07072135785006
623  100.7122807017544
624  100.5378627034678
625  100.37102473498234
626  100.28008444757214
627  100.22714486638537
628  99.89351198871651
629  99.71841919548342
630  99.59505300353356
631  99.38461538461539
632  99.20483641536273
633  99.02227011494253
634  99.00718907260963
635  98.64553314121036
636  98.44740634005764
644  100.01855817273376
645  100.15778251599147
646  102.5828530259366
647  103.58640636297903
648  103.59957020057307
649  103.32292405961675
650  103.21428571428572
651  103.04378531073446
652  102.7953091684435
653  102.64839857651245
654  102.51521585279548
655  102.29556650246306
656  102.26234132581101
657  103.76868327402136
658  105.84549356223175
659  105.83875530410184
660  105.76408450704226
661  105.53074204946996
662  105.28250175685173
663  105.23190442726633
664  104.98796886058032
665  104.94918842625265
666  105.0812324929972
667  107.15487977369165
668  108.07483962936564
669  108.11522048364154
670  107.99574769666903
671  107.90934844192634
672  107.83169014084507
673  107.6811797752809
674  107.6764500349406
675  107.21864050455501
676  106.96083916083916
677  106.85564853556485
678  106.88485694347523
679  108.8357894736842
680  110.38571428571429
681  110.49927849927849
688  111.22380952380952
689  113.04455051710421
690  114.82820097244732
691  116.52768729641693
692  117.67073170731707
693  118.02676399026764
694  118.08576051779934
695  118.08622078968574
696  117.78725099601593
697  117.63721657544957
698  117.32813717848792
699  117.16490166414523
700  116.57485029940119
701  116.37971872686899
702  115.6530909090909
703  114.87608695652173
704  114.2584985835694
705  113.10106007067138
706  111.83414975507347
707  109.53514265831593
708  107.33036935704514
709  106.93131868131869
710  106.51161202185793
711  105.75322033898306
712  101.99125168236878
713  100.2265415549598
714  99.20281124497993
715  99.01718440185063
716  99.32589587559161
717  100.41902136457615
718  101.51456310679612
719  103.19337016574585
720  105.60589444825223
721  108.48468345813478
728  109.72154471544715
729  111.54701441317776
730  111.53867214236824
731  111.35109289617486
732  111.05003427004797
733  110.91540577716643
734  110.73754385964912
735  110.45609065155807
736  110.09393063583815
737  109.70109090909091
738  107.82412060301507
739  107.22794636556105
740  107.19592696629213
741  106.8661028893587
742  106.81575246132209
743  106.44714881780251
744  106.36801675977654
745  106.02480510276399
746  105.9569209039548
747  105.49438202247191
750  105.60227272727272
751  105.39268121041519
752  105.1647966339411
753  105.13725490196079
754  104.90182328190744
755  104.80701754385964
756  104.4379407616361
757  104.39697406340058
761  104.54645270270271
762  104.51912568306011
763  104.22157996146436
764  104.058526740666
766  104.18471337579618
767  104.27690700104493
768  104.7184265010352
769  104.96891191709844
770  105.8572864321608
771  105.92750744786494
772  106.01923076923077
776  105.9581351094196
777  106.54632282712512
778  106.66315789473684
779  106.85658536585366
780  106.953125
781  107.0544015825915
782  107.44921875
783  107.60629921259843
784  107.99122807017544
785  108.85577841451767
786  110.03266090297791
787  110.6066985645933
788  110.69134615384615
789  110.65209125475286
790  110.57818532818533
791  110.53216374269006
792  110.13513513513513
793  109.57888349514563
794  109.57888349514563
795  109.57888349514563
796  109.57888349514563
797  107.48529411764706
798  105.5
799  105.5
800  105.5
801  105.5
802  105.5
803  105.5
804  105.5
805  105.5
806  105.5
807  105.5
808  105.5
809  105.5
810  105.5
811  105.5
812  105.5
813  105.5
814  105.5
816  108.74465811965811
817  107.7737881508079
818  107.29272030651342
819  107.14790286975717
820  106.69010043041607
821  106.24145299145299
822  106.09192200557104
823  105.76044568245126
824  105.59777313848295
825  105.34815844336345
826  105.14355062413316
827  104.69882026370576
828  104.64993122420907
829  104.41156228492773
830  104.2706043956044
831  103.99931459904045
832  103.82876712328766
833  103.57818930041152
834  103.44513031550068
835  103.17056396148556
836  102.76608996539792
837  102.5961405926947
838  102.45529573590096
839  102.11862068965517
840  101.94652777777777
841  103.55749128919861
842  108.13710247349823
843  110.27857142857144
844  110.28240405503259
845  110.08739985433357
846  109.61963636363637
847  109.54446854663775
848  109.37122302158274
849  109.14830813534917
850  108.69701383831027
851  108.62011577424023
852  108.19309838472833
853  108.27737226277372
854  108.73622336517266
855  112.18364312267659
856  113.75225903614458
857  113.69381598793363
858  113.6418570375829
859  113.36162361623616
860  113.23460410557185
861  112.67541229385307
862  112.48956780923994
863  112.27259148618373
864  112.03486646884272
865  111.88179148311306
866  111.52437223042836
867  111.3860294117647
868  111.17547723935388
869  110.855587808418
870  110.81073241479334
871  110.22441520467837
872  110.22431259044862
873  109.85796683489545
874  109.81182408074983
875  109.44725433526011
876  109.21223021582733
877  108.91991341991343
878  108.6764705882353
879  108.31651045421773
880  107.88144329896907
881  107.59710586443259
882  106.98592788038698
883  107.50655542312276
884  108.16712328767123
885  108.69350649350649
886  108.93216630196937
887  108.735918744229
888  108.59171597633136
891  108.37384506041222
892  108.05166312809625
893  107.8738548273432
894  107.73632538569424
895  107.49302649930266
896  107.15586206896552
897  107.11781011781011
898  106.83414295628036
899  106.64726264726265
900  106.42906336088154
901  106.27468706536857
902  105.77077562326869
903  105.71043538355218
904  105.44074844074845
905  105.08413793103449
906  104.97648686030428
907  104.65793103448276
908  104.46458333333334
909  104.1875
910  104.10855949895617
911  103.73328690807799
912  103.5372191011236
913  103.41357592722184
914  102.99294781382228
915  102.89652728561305
916  102.4960460100647
917  102.40271816881258
918  102.15687679083095
919  102.0165111270639
920  101.74893617021277
921  102.87437544610992
922  103.92109038737446
923  103.94054441260745
924  103.65539568345324
925  103.27658045977012
926  103.15103793843952
927  103.0333569907736
928  102.88365453247681
929  102.81811697574892
930  102.36637931034483
931  102.15114613180515
932  102.05424696645252
933  101.948350071736
934  101.5151953690304
935  101.31841155234656
936  101.214440433213
937  100.93862815884476
938  100.86034732272068
939  100.45772594752187
940  100.35584604212056
941  100.06846321922797
942  99.85930735930737
943  99.62590448625181
944  99.32924187725632
945  99.141312184571
946  98.92749461593684
947  98.71159420289855
948  98.89863407620416
949  102.04091888011486
950  103.79283154121865
951  103.57276657060518
952  103.42580645161291
953  103.28988603988604
954  103.07473309608541
955  102.9957264957265
956  102.82051282051282
957  102.56344086021505
958  102.24604316546763
959  102.1554441260745
960  101.82834757834758
961  101.69985673352436
962  101.34870317002881
963  101.18478260869566
964  101.03302225412779
965  100.88461538461539
966  100.81540697674419
967  100.45745454545454
968  100.13206162876008
969  99.93527272727272
970  99.800878477306
971  99.63597122302158
972  99.13338139870223
973  99.02603036876356
974  98.92836468885673
975  98.77305475504323
976  98.47804175665947
977  98.15620542082739
982  99.24683544303798
983  99.18085855031669
984  98.99226441631505
985  98.68824771287825
986  98.59831460674158
987  98.2380617977528
988  98.19101123595506
989  97.962911126662
990  97.81183932346724
991  97.53258584442887
992  97.21534130893737
993  97.19607843137254
994  96.94113524877365
995  99.99018232819074
996  105.51247327156094
997  105.80928571428572
998  105.64784756527877
999  105.60616678346182
1000  105.40864714086472
1001  105.29616724738676
1002  105.02712100139081
1003  105.0125086865879
1004  104.78351955307262
1005  104.52491228070176
1006  104.34180790960451
1007  104.09148486980999
1008  103.8387784090909
1009  103.61417322834646
1010  103.44142857142857
1011  103.25035868005739
1012  102.95241528478732
1013  102.4001452432825
1014  102.30115273775216
1015  102.1841726618705
1016  102.13656069364163
1017  101.95107913669065
1018  101.84503982621288
1019  101.56603773584905
1020  101.38322487346349
1021  101.16605972323379
1022  100.93241279069767
1023  100.50806451612902
1024  100.23291697281411
1025  100.1040293040293
1026  100.06510607168983
1027  99.66324284666177
1028  99.21577380952381
1029  99.01554404145077
1030  98.9430894308943
1031  98.65387453874538
1032  98.22074074074074
1033  98.04286770140428
1034  97.95558845299777
1035  97.81152993348115
1036  98.05674281503316
1037  100.89821693907875
1038  100.91375464684015
1039  100.89634601043997
1040  100.64323111443531
1041  100.42899850523169
1042  100.16228399699474
1043  100.11936936936937
1044  99.94568452380952
1045  99.69783096484667
1046  99.40956651718983
1047  99.23652694610779
1048  98.94881305637982
1049  98.81443298969072
1050  98.69623059866962
1051  98.30303030303031
1052  98.02402402402402
1053  98.73580620741862
1054  101.48982785602504
1055  101.78197908286404
1056  101.76106194690266
1057  101.74418604651163
1058  101.3524783634933
1059  101.03794466403161
1060  100.91222570532915
1061  100.86734693877551
1062  100.68754894283477
1063  100.56953125
1064  100.29397967161844
1065  100.08719135802468
1066  100.04765564950038
1067  99.7888719512195
1068  99.52319391634981
1069  99.24693251533742
1070  99.0728527607362
1071  98.92972972972973
1072  98.76325903151422
1073  98.55007704160246
1074  98.3276923076923
1075  98.07390300230946
1076  97.8953488372093
1077  97.66511266511267
1078  97.3289371605896
1079  97.20390625
1080  96.94012441679627
1081  96.68842268842269
1082  96.65393608729539
1083  96.4138198757764
1084  96.05361305361305
1085  95.86171875
1086  95.97213375796179
1087  98.39333862014274
1088  99.49044585987261
1089  99.28446215139442
1090  99.27149681528662
1091  99.01828298887122
1092  98.82893685051958
1093  98.78778386844166
1094  98.55598755832037
1095  98.29402637703646
1096  98.02890625
1097  97.74824081313525
1098  97.6721183800623
1099  97.61305361305361
1100  97.44961240310077
1101  97.15949960906958
1102  96.83516483516483
1103  96.69694596711042
1104  96.55843137254902
1105  96.3544600938967
1106  95.96162881754111
1107  95.9169929522318
1108  95.7478397486253
1109  95.6023346303502
1110  95.33849728892332
1111  94.92313664596273
1112  94.8711943793911
1113  94.61254901960784
1114  94.36171875
1115  94.01477449455676
1116  94.71181102362205
1117  98.8918918918919
1118  99.3956661316212
1119  99.22611464968153
1120  98.93152866242039
1121  98.8011049723757
1122  98.7771653543307
1123  98.5350669818755
1124  98.283676703645
1125  97.96172248803828
1126  97.84956452889944
1127  97.69424743892829
1128  97.51819620253164
1129  96.89553429027113
1130  96.81104883907125
1131  96.64171974522293
1132  96.57370517928287
1133  96.4241214057508
1134  95.96722621902478
1135  95.8261217948718
1136  95.74059247397918
1137  95.6424
1139  98.17538213998391
1140  97.96051571313457
1141  97.90901771336553
1142  97.77662957074722
1144  97.47063555913113
1145  97.11977491961414
1146  96.90799031476998
1147  96.7393744987971
1148  96.5624
1149  96.36444086886564
1150  96.10699919549478
1151  96.02914979757085
1155  98.63517915309447
1156  98.42483660130719
1157  98.31621841890791
1158  98.00651465798046
1159  97.76283618581907
1160  97.56035889070147
1161  97.51058631921825
1162  97.3219789132198
1163  96.99512195121952
1164  96.61237785016286
1165  96.56006493506493
1166  96.47921760391199
1167  96.29119086460032
1168  95.90309446254072
1169  95.76171243941842
1170  95.56331168831169
1171  95.45565500406835
1172  95.20146222583266
1178  97.96991869918699
1179  97.9105560032232
1180  97.67434471803018
1181  97.56995230524643
1182  97.29143314651722
1183  96.95310015898252
1184  96.79904306220095
1185  96.59984089101034
1186  96.57438345266507
1187  96.26146419951729
1188  96.0992
1189  95.8871096877502
1190  95.73895582329317
1191  96.75121163166398
1192  100.83688524590164
1193  104.1404399323181
1194  105.05982905982907
1196  105.07422852376982
1197  104.89256198347107
1198  104.84349258649094
1199  104.61939690301548
1200  104.40986257073564
1201  104.2421052631579
1202  103.89123376623377
1203  103.85482562854826
1204  103.63702506063055
1205  103.4562248995984
1206  103.37237479806139
1207  103.21497584541063
1208  102.78064516129032
1209  102.65325824617861
1210  102.44148506860371
1211  102.17888799355359
1212  101.89837398373984
1213  101.80339805825243
1214  101.64615384615385
1215  101.35610932475885
1216  101.18342719227675
1217  101.0096463022508
1218  100.62781350482315
1219  100.38670936749399
1220  100.28422738190552
1221  100.26725521669343
1226  102.64878048780488
1227  102.51738075990299
1228  102.34219001610306
1229  102.06396761133604
1230  101.85032362459546
1231  101.82910874897792
1232  101.67763157894737
1233  101.42075163398692
1234  101.2082304526749
1235  102.91570247933885
1236  105.2241529105126
1237  105.19828326180257
1238  105.10634648370498
1239  104.93921232876713
1240  104.71111111111111
1241  104.61276595744681
1242  104.23339011925043
1244  103.78559322033898
1245  103.59052453468698
1246  103.45147679324894
1247  103.28389830508475
1248  103.03942953020135
1249  102.89121338912133
1250  102.72727272727272
1251  103.36394271272115
1252  104.8459552495697
1253  104.72727272727272
1254  104.70951156812339
1255  104.36054421768708
1256  104.14795918367346
1257  104.09044368600684
1258  103.76023890784984
1259  103.67805294619983
1260  103.54995730145174
1261  103.51965811965812
1262  102.87008547008547
1264  102.6448275862069
1265  102.56847545219638
1266  102.20971867007673
1267  101.97036409822184
1268  101.86113463166808
1269  101.756734006734
1270  101.64063811922753
1271  101.58838383838383
1273  103.04635193133046
1274  102.86864406779661
1275  102.7
1276  102.62573099415204
1277  102.5119341563786
1278  102.10500410172273
1279  101.91290057518488
1280  101.63097199341021
1281  101.57733664185278
1282  101.25020508613618
1283  100.90140845070422
1284  100.88651315789474
1285  100.64893617021276
1286  100.39818631492167
1287  100.22850122850123
1288  99.88327814569536
1289  99.54833333333333
1290  99.4729392173189
1291  99.2029826014913
1292  99.45903010033445
1293  101.63010204081633
1294  101.6321155480034
1295  101.50509337860781
1296  101.22616033755274
1297  101.05822784810127
1298  100.77552742616034
1299  100.71500843170321
1300  100.3590831918506
1301  100.10650887573965
1302  99.83670033670035
1303  99.75210792580101
1304  99.62741799831792
1305  99.43293718166385
1306  98.85436071126165
1307  98.69406779661017
1308  98.55857385398981
1309  98.31037414965986
1310  98.06525423728814
1311  97.7810650887574
1312  97.65617021276596
1313  97.42978723404255
1314  97.30867346938776
1315  96.5863829787234
1316  96.47399829497016
1317  96.20545609548168
1318  96.00339558573853
1319  95.68915456874467
1320  95.77172061328791
1321  97.6538789428815
1322  97.6268146883006
1323  97.43605150214592
1324  97.13796058269065
1325  96.81132075471697
1326  96.58153580672993
1327  96.45768566493956
1328  96.2301724137931
1329  96.16724137931035
1330  95.83931623931623
1331  95.56089193825044
1332  95.4534585824082
1333  95.14359415305245
1334  96.23190932868351
1335  98.68439407149084
1336  98.37040280210158
1337  98.31652173913044
1338  98.16262975778547
1339  97.92480553154711
1340  97.795670995671
1341  97.60809646856158
1342  97.14334763948497
1343  96.91780821917808
1344  96.69012875536481
1345  96.64827586206897
1346  96.27589208006962
1347  96.20988725065047
1348  95.93701466781708
1349  95.66781115879829
1350  95.50561797752809
1351  95.36805555555556
1352  98.53819139596138
1353  99.59681697612731
1354  99.51325088339223
1355  99.31089459698848
1356  99.0273368606702
1357  98.81026979982593
1358  98.67100694444444
1359  98.57802964254577
1360  98.1895652173913
1361  98.06822107081175
1362  97.73109965635739
1363  97.6342512908778
1364  97.4170249355116
1365  97.17672413793103
1366  97.06426735218508
1367  96.46313963573287
1368  96.42547660311959
1369  96.19948409286329
1370  96.01899827288429
1371  95.56994818652849
1372  95.46293103448276
1373  95.31628303495312
1374  95.1395744680851
1375  94.96130696474634
1376  94.55148936170212
1377  94.32194705380017
1378  94.15332197614991
1379  94.14590443686006
1381  95.75369886858138
1382  95.46447140381282
1383  95.39047619047619
1384  95.3877901977644
1385  95.24893071000855
1386  94.82553191489362
1387  94.67291311754686
1388  94.51360544217687
1389  94.34834324553951
1390  94.10295358649789
1391  93.94767932489451
1392  93.64182895850973
1393  93.48763853367434
1394  93.48937977909941
1395  98.33420138888889
1396  98.56299559471366
1397  98.57665505226481
1398  98.5724197745013
1399  98.48615916955018
1400  98.36703483432456
1401  98.09487825356842
1402  97.66078925272879
1403  97.54606365159128
1404  97.33978132884778
1405  97.20450751252088
1406  96.82809917355371
1407  96.59748953974895
1408  96.4675540765391
1409  96.22979797979798
1410  96.15741507870754
1411  95.833748960931
1412  95.6814011676397
1413  95.38487394957983
1414  95.3139240506329
1415  95.19663865546218
1416  97.83347566182749
1417  100.05414847161572
1418  100.01913043478261
1419  99.90103270223753
1420  99.72010398613517
1421  99.66983578219534
1422  99.41788478073947
1423  99.25682593856655
1424  99.05917159763314
1425  98.87179487179486
1426  98.7686440677966
1427  98.57744107744108
1428  98.14297658862876
1429  97.9452401010952
1430  98.58010118043845
1431  101.93199651264167
1432  101.88331892826275
1433  101.78133102852203
1434  101.54363001745202
1435  101.39119170984456
1436  101.19810508182601
1437  101.11835334476844
1438  100.81206896551724
1439  100.65608919382504
1440  100.28
1441  100.06099656357388
1442  99.81030042918455
1443  99.57327586206897
1444  99.34559452523524
1445  99.17125645438898
1446  98.93949870354365
1447  98.6695427092321
1448  98.48759623609922
1449  98.2037037037037
1450  99.70102214650767
1451  103.0207075064711
1452  103.51781059947871
1453  103.50434027777777
1454  103.44087837837839
1455  103.33500000000001
1456  103.24234904880066
1457  102.95269168026101
1458  102.8352365415987
1459  102.7952691680261
1460  102.59836065573771
1461  102.40538336052202
1462  102.19482619240097
1463  102.02748585286984
1464  101.94702526487367
1465  101.69028006589787
1466  101.36527436527436
1467  101.08026208026209
1468  103.7817427385892
1469  106.89030612244898
1470  107.3891248937978
1471  107.42091836734693
1472  107.32630691399663
1473  107.23341729638959
1474  107.03263598326359
1475  106.7109440267335
1476  106.58250000000001
1477  106.26766417290108
1478  106.22019867549669
1479  105.99342105263159
1480  105.78413736713
1481  105.6032786885246
1482  105.50325203252032
1483  105.26876513317191
1484  104.97054140127389
1485  104.629392971246
1486  104.42536115569823
1487  104.4238782051282
1488  103.98107255520505
1489  103.8452380952381
1490  103.61934972244251
1491  103.3452380952381
1492  103.29477020602218
1494  102.74050632911393
1495  102.61155063291139
1496  102.35326514555467
1498  101.8676122931442
1499  101.76386687797148
1500  101.71054718477399
