1  39.78339542309739
2  39.43582887700535
3  39.20660276890308
4  38.88228999464954
5  38.65757089352594
6  38.423629590207554
7  38.079787234042556
8  37.865456486919385
9  37.582217461167645
10  38.90326028861571
11  41.38141025641026
12  41.28920786815523
13  41.10680127523911
14  40.87406616862327
15  40.54355959380011
16  40.34256792754395
17  40.0267094017094
18  39.8572192513369
19  39.32441113490364
20  39.11318739989322
21  38.83297644539614
22  38.64898177920686
23  38.327982878544674
24  38.10096153846153
25  37.841568206229866
26  37.65786637931035
33  40.06641671130156
34  39.8166219839142
35  39.60418904403866
36  39.36021505376344
37  38.938370846730976
38  38.670784103114926
39  38.568206229860365
40  38.21646178514163
41  37.96178686759957
42  37.727370689655174
43  39.517075773746
44  41.9620320855615
45  42.002665245202564
46  41.91329787234042
47  41.818859882791685
48  41.45956079271559
49  41.33315593400745
50  41.1328
51  40.78103356419818
52  40.63805970149254
53  40.31416400425985
54  40.25572722429409
55  39.775991425509105
56  39.51857835218094
57  39.27219251336898
58  39.13215623327983
59  40.262653169952046
60  44.67493112947659
61  47.839529120198264
62  49.46042120551924
66  48.376326530612246
68  48.34411085450347
69  48.56818181818181
70  48.84089414858646
71  48.843828715365234
79  50.46301864101022
80  50.91491911324147
81  50.62787950383934
82  50.41338813857898
83  50.09021675454012
84  49.643948296122204
85  49.41914769410391
86  49.039135514018696
87  48.70952659263588
88  48.583186360964135
89  48.349168646080756
90  47.42772277227722
91  47.04695767195767
92  47.03691496374424
93  46.708945260347136
94  45.61258041458184
95  45.550324675324674
96  45.92342752962625
97  46.757185332011886
99  46.95664739884393
100  46.68844696969697
101  46.63062200956938
102  46.17457114026236
104  46.26448362720403
105  45.17726657645467
107  45.58167770419426
109  45.61909353905497
110  45.08161350844277
111  44.87795992714025
112  44.32405745062836
113  44.09833187006146
114  43.736254295532646
115  43.62819455894477
116  43.44841592201462
117  43.0204081632653
118  43.14436885865457
119  44.50264950794852
120  49.04765291607397
121  51.20288903479974
122  51.469287469287465
123  51.62048894062863
124  51.77120535714286
125  51.56263736263736
126  51.14802809292274
127  50.96695557963163
128  50.57618025751073
129  50.212317666126424
130  50.017799352750814
131  49.62419006479482
132  49.295196977873715
133  49.03351351351351
134  48.46788990825688
135  48.22414726583649
136  47.73922413793103
137  47.60700808625337
138  47.181132075471695
139  46.99837750135208
140  46.56650511577814
141  46.27066450567261
142  46.01669359181476
143  45.508620689655174
144  46.110027100271
145  49.518924849149755
146  49.57414448669202
147  49.527173913043484
148  49.1679306608884
149  49.036472509526405
150  48.70261437908496
151  48.26673924877518
152  48.04034896401309
153  47.66015200868621
154  47.387954422137824
155  47.17666303162487
156  46.91975982532752
157  46.54945652173913
158  46.229535398230084
159  45.85936599423631
160  45.417085427135675
163  47.011015911872704
164  46.83352402745996
165  46.72597473915431
166  46.56890080428954
167  46.24237560192617
168  45.952713594841484
169  45.50831991411701
170  45.19423692636073
171  44.915907873593994
172  44.47849462365592
173  44.16362660944206
174  44.01984978540773
175  43.65347593582888
176  43.37279057311194
177  43.04484783769354
178  42.75828877005348
179  40.02081109925294
180  38.5782092772384
181  38.39623655913978
182  38.0593900481541
183  37.76169983862292
184  37.55980603448276
185  37.300861141011836
186  36.96511003757381
187  36.68440860215054
188  36.3449758194519
189  35.977861771058315
190  35.703763440860214
191  35.5271943995692
192  35.1275565123789
193  34.92270270270271
194  34.66053059014618
195  34.48262757871879
196  36.54056958624396
197  37.98985042735043
198  37.91288081239979
199  37.67258064516129
200  37.38305807139052
201  37.068669527897
202  36.80183585313175
203  36.719525350593315
204  36.338727076591155
205  35.87723093564088
206  35.741518578352185
207  35.58775731310942
208  35.22108108108108
209  35.055978260869566
210  34.69064359113034
211  34.57569180683667
212  34.17405582922824
213  34.00109289617487
221  37.89086021505376
222  37.62222222222222
223  37.263356718834316
224  37.02813852813853
225  36.68939393939394
226  36.572826086956525
227  36.09806034482759
228  35.82225823878984
229  36.75121424716676
230  40.31004836109618
231  41.08489054991992
232  40.94962486602358
233  40.834675254965106
234  40.4882226980728
235  40.239142091152814
236  40.047261009667025
237  39.72551130247578
238  39.53444564047362
239  39.455771305285865
240  39.01881720430107
241  40.6116504854369
242  43.450537634408605
243  43.551871657754006
244  43.48900804289545
245  43.28073000536769
246  43.1152
247  42.89274279615795
248  42.51685393258427
249  42.299305184393376
250  41.886266094420606
251  41.59775641025641
252  41.25227151256013
253  41.02934898612594
254  40.65064794816415
255  40.3701124799143
256  40.11474530831099
257  39.86613333333334
258  39.50512129380054
259  39.011745862253065
260  38.707774798927616
261  38.403733333333335
262  38.22192513368984
263  37.749061662198386
264  37.6200215285253
265  37.27126805778491
266  36.9935691318328
267  36.62096774193549
268  36.20828848223897
269  35.88565264293419
270  35.63611859838275
271  35.494315105576604
272  34.994082840236686
280  35.74396135265701
281  35.50512129380054
282  35.29047875201721
283  34.827939590075516
284  34.65446716899892
285  34.358725013506216
286  33.950489662676816
287  33.756786102062975
288  33.62689804772235
289  33.34723726977248
290  32.96366594360087
291  32.82237914177078
292  33.04959128065396
293  36.35629709364909
294  36.13936170212766
295  35.82321332616873
296  35.70793140407288
297  35.42471667566109
298  35.302801724137936
299  34.91241268135411
300  34.8052716514255
301  34.52900107411385
302  34.22270037654653
303  33.85145317545748
304  35.59452201933405
305  38.93957219251337
306  39.93630573248407
307  39.96282527881041
308  39.747474747474755
309  39.56647090229578
310  39.27064464571124
311  39.08983957219252
312  38.66129032258064
313  38.498117267348036
314  38.15021459227468
315  37.8982869379015
316  37.708310991957106
317  37.40828402366864
318  37.126805778491175
319  36.795577130528585
320  36.59623655913978
321  36.14822771213748
322  35.84781435509984
323  35.63129399025446
324  35.58629989212514
325  38.72962763086886
326  40.70600858369099
327  40.74491978609626
328  40.562098501070665
329  40.3338683788122
330  39.95034703683929
331  39.70683162990855
332  39.446112600536196
333  39.161152614727854
334  38.99144842330304
335  38.5655209452202
336  38.45586652314317
337  38.013896312132545
338  37.82092772384034
342  41.2667731629393
343  40.99252136752136
344  40.75107066381156
345  40.44117647058823
346  40.229367631296896
347  40.086863270777485
348  40.68368479467259
349  41.140753828032985
350  41.42953020134229
351  41.97398669086509
352  42.465144230769226
353  42.56495828367103
354  42.508040500297795
355  42.254610350981565
356  41.75681950087058
357  41.618443804034584
358  41.38952164009112
359  41.19044943820225
360  41.025000000000006
361  40.560758082497216
362  40.440220385674934
363  40.058630136986295
364  39.861731083287964
365  39.4061135371179
366  39.14516999460335
367  38.816359696641385
368  38.53958785249458
374  40.57135164243404
375  40.371980676328505
376  40.00428036383093
377  39.68813741277509
378  39.506186121570735
379  39.217087587318645
380  38.87101996762007
381  38.70626349892008
382  38.39224137931035
383  37.89800323799244
384  37.64724919093851
385  37.51954397394137
386  38.82700650759219
387  42.10955961331901
388  42.50296815974096
389  42.407188841201716
390  42.11805929919137
391  41.81229773462783
392  41.80798274002157
393  41.39405405405405
394  41.1466307277628
395  40.96657681940701
396  40.91995673336939
397  40.89578833693305
398  40.61488321564367
399  40.50351161534306
400  40.38753387533875
401  40.009724473257705
402  39.684095860566444
403  39.466991341991346
404  38.8343357025697
409  37.831515812431846
410  31.297399783315285
411  26.68254790264112
412  24.71866874674987
413  24.008381351492915
414  23.605427974947816
415  23.400208441896808
416  22.87932843651626
417  22.748019017432654
418  22.422139830508485
419  22.004289544235917
420  21.977211068909384
421  21.561213434452867
422  21.400108577633006
423  21.22418553285479
424  20.95024875621891
425  20.90677025527191
426  21.79630635524171
427  26.841855561412757
428  26.900795755968176
429  27.007442849548113
436  29.58989361702129
437  31.559693318729472
438  33.24714828897338
439  33.92320261437908
440  33.99726626571898
441  34.8456082924168
447  36.95452054794521
448  39.47694840834248
451  39.84653194975424
452  45.28073993471165
453  45.87947165657677
454  50.75787728026533
455  52.473106476399565
456  52.58365331870543
457  52.46330777656078
458  52.07423580786026
459  51.77856365614798
460  51.29523293607801
461  50.950189496480775
462  50.67722555980339
463  49.975969415619886
464  49.55768179332969
465  49.527929901423875
466  49.53155603917301
467  50.27040261153428
468  52.12144420131291
469  54.50984682713347
470  56.819868995633186
471  57.93893129770993
472  58.33223684210526
473  58.53114754098361
480  58.75124103695532
481  59.90953412784398
482  59.995640326975476
483  60.80618892508143
484  61.11601307189542
485  62.177437020810515
486  63.172961138478385
487  64.05421686746988
488  64.82417582417582
489  65.0727969348659
496  66.17743702081052
497  66.10583742498636
498  65.78799559471365
499  65.56427015250544
500  65.42849284928492
501  65.2078990674712
502  64.76872246696036
503  64.42612064194797
504  63.70165745856353
505  63.416528008874096
506  62.929164360819044
507  62.39365256124722
508  61.91434927697442
509  61.50581073602656
510  60.91453940066593
515  62.85730027548209
516  62.54380165289257
517  62.36438809261301
518  62.07454445057979
519  61.78121546961326
520  61.57577433628319
521  61.33885209713024
522  61.887721238938056
523  64.81823174080176
524  64.9607201309329
532  65.96782496782497
533  67.09640287769784
534  69.1725888324873
535  70.16974595842956
536  70.48192771084338
537  70.39704329461458
538  69.84897959183674
539  69.47747747747748
540  69.10826210826211
541  68.77989130434783
543  68.57768924302789
544  68.52150117279125
545  68.3179104477612
547  68.52785145888595
549  68.26498422712933
550  68.14338235294117
551  67.90502117362371
552  67.44522144522145
553  67.21478463329453
554  66.9485549132948
555  66.51888436955258
556  68.4044289044289
557  71.15375586854461
558  71.32616279069768
559  70.9855324074074
560  70.87377521613833
561  70.49631310266591
562  70.13693181818182
563  69.91732729331824
564  69.53167420814479
565  69.23059490084985
566  68.82022471910112
567  68.67229729729729
568  68.1863354037267
569  67.74760022586109
570  67.45563139931741
571  67.0517726505346
572  66.79084228377614
573  66.50606585788562
574  67.69835234474017
575  67.71980676328502
576  68.82679425837321
577  70.06256517205422
578  71.16400911161732
580  71.34486373165619
582  71.25321463897131
589  70.382762991128
590  70.28439235040099
591  69.99641791044776
592  69.87543453070684
593  69.81022727272727
594  69.53020134228188
595  69.18847006651885
596  68.72956664838179
597  68.42896475770925
598  68.11630434782609
599  67.852637302882
600  67.45885558583106
601  67.53980370774264
602  70.19006007646095
603  70.71832517672648
604  70.64254624591948
605  70.15863562533839
606  69.91716621253406
607  69.57560975609756
608  69.27223427331887
609  68.97608695652174
610  68.69487870619946
611  68.26601520086862
612  67.98274932614555
613  67.77628032345014
614  67.16099405726634
615  66.95828819068255
616  66.62302236770321
617  66.25095057034221
618  66.00489929232444
619  65.64542483660131
620  67.37110016420361
621  71.8640350877193
622  72.82532751091703
623  72.77789934354486
624  72.41134751773049
625  72.18435448577681
626  71.8991825613079
627  71.68736383442265
628  71.21668472372697
629  71.01032608695652
630  70.79089924160347
631  70.31670281995662
632  69.94047619047619
633  69.69159891598916
634  69.28933189655173
635  69.09100758396534
636  68.86728060671723
637  68.40312163616792
638  68.22926829268293
639  70.72426868905742
640  73.07903225806452
641  73.04399141630901
642  72.89833243679398
643  72.57714895888948
644  72.20215053763441
645  72.03150026695141
646  71.66613418530352
647  71.43666488508819
648  71.17184154175588
649  72.0010718113612
650  76.95532831001077
651  81.6598161168199
652  82.7008
653  82.71329418045916
654  82.65773968934118
655  82.35897435897436
656  82.0807486631016
657  81.9192944949225
658  81.24612092027823
659  81.11673773987206
660  80.92279020234292
661  80.56595744680851
662  80.29887520085698
663  79.99893446989877
664  79.72601279317698
665  79.33867521367522
666  79.12606837606837
667  78.70513499205929
668  78.40533333333333
669  78.0042735042735
670  80.12379935965849
671  81.85207100591715
672  81.78598180845371
673  81.4879485806106
674  81.26960257787326
675  80.98384491114702
676  80.47991430101767
677  80.27326203208555
678  80.07276618512573
679  79.6460883448643
680  79.34705882352941
681  79.00641025641026
682  78.7577045696068
683  78.30883919062833
684  78.11483253588517
685  77.57663847780127
686  77.27085533262935
687  76.9984093319194
688  76.64266807834834
689  76.21961620469084
690  76.03970354685019
691  75.65449735449735
692  75.21817221341786
693  75.0470401691332
694  74.51527924130664
695  74.16922263352724
696  73.92067689053411
697  73.56675461741425
698  73.1832627118644
699  73.04663487016428
700  72.52556668423827
701  72.21748288572932
702  71.9181626187962
703  71.60367454068242
708  74.4574299312533
709  74.20338983050847
710  73.82585751978891
711  73.32413793103449
712  73.0989417989418
713  72.74524312896406
714  72.5300316122234
715  72.09692796610169
716  71.8186119873817
717  71.51505546751189
718  71.14308426073131
719  70.1466275659824
720  69.66881443298969
721  69.66881443298969
722  69.66881443298969
723  71.60317460317461
724  71.60317460317461
725  74.0609243697479
726  74.72857142857143
730  72.69950738916256
732  73.41309255079007
733  73.56813819577735
734  74.5585874799358
735  75.16266666666667
737  75.13092783505155
738  74.68058252427184
739  73.89338235294117
740  73.6920384951881
741  73.62857142857143
745  73.23272490221643
746  74.27879581151832
747  78.60107095046854
748  78.60254691689008
749  78.26541554959786
750  78.10859427048634
751  77.93223684210527
752  77.43950294310007
753  77.09168303863785
754  76.93886743886743
755  76.60938490805327
756  76.0926737633062
757  75.91801242236025
758  75.6013431013431
759  75.26509661835749
760  74.95810891681627
761  74.53996447602131
762  74.35924617196702
763  73.96061140505584
764  73.5712596096984
765  72.93435836782969
766  72.5968617984309
767  72.0825
768  70.98048780487805
769  70.50240153698367
770  70.50240153698367
771  67.60283687943263
772  67.60283687943263
773  67.60283687943263
775  69.88022284122563
777  69.93333333333334
779  70.82663847780127
780  70.22985074626865
781  69.84410646387833
782  69.2829181494662
783  68.93696027633851
784  68.63740771123872
785  68.69716599190284
786  72.66174298375185
787  74.83650458069063
788  74.84568320870156
789  74.64963503649635
790  74.25641025641026
791  74.02418841502228
792  73.73951158422041
793  73.44636251541307
794  73.11138161898965
795  72.91440626883664
796  72.61483253588517
797  72.38777908343125
798  71.95641931684335
799  71.64027939464493
800  71.03656413232734
801  70.75028901734105
802  70.48801369863014
803  70.07373794668179
804  69.75548060708263
805  69.46327683615819
806  68.97313933967543
807  68.72742474916387
808  68.42505592841164
816  72.77904451682953
817  72.40303358613218
818  71.84494867639114
819  71.60490463215258
820  71.17876489707476
821  70.9292656587473
822  70.42755991285404
823  70.20293797606094
824  69.83206106870229
825  69.90933767643865
826  71.90874524714829
827  72.2204767063922
828  72.12047541869259
829  71.83387270765911
830  71.46290322580646
831  71.18343195266272
832  70.85583153347733
833  70.53556034482759
834  70.28602150537634
835  69.92101020956476
836  69.32703723691311
837  69.14860515021459
838  68.78467350242849
839  68.31051212938006
840  68.12439156300704
841  67.63194819212089
842  68.50730124391563
843  71.09031909140076
844  71.95309973045822
845  71.78326180257511
846  71.37614678899082
847  71.08660570199032
848  70.86785329018339
849  70.42733657482442
850  70.2
851  69.88560687432867
852  69.40948275862068
853  68.99464668094218
854  68.86205045625336
855  68.36955352339967
856  68.06774193548387
861  70.11063372717508
862  69.58966074313409
863  69.25763256561328
864  69.0075026795284
865  68.67416934619507
866  68.31316916488223
867  68.06928034371643
868  67.7740203972088
869  67.42756756756756
870  67.10662358642972
874  69.9588455371459
875  69.77438370846731
876  69.28533190578159
877  69.0354267310789
878  68.8058981233244
879  68.37734836285561
880  68.06378378378379
881  67.77813677975229
882  67.34032258064516
889  69.17485159201296
890  69.05072854830006
891  68.60496492174852
892  68.26415094339623
893  67.99784133837021
894  67.74594594594595
895  67.28980032379924
896  67.02048517520215
897  67.02753779697625
898  70.40183883180097
899  70.3621154883972
900  70.30644288034651
901  70.01401617250674
902  69.60614224137932
903  69.31749460043197
904  68.97297297297297
905  68.7728501892915
906  68.25107991360692
907  68.20432432432432
913  70.5698051948052
914  70.23848238482385
915  69.92779587404995
916  69.26392644672796
917  69.08517520215634
918  68.75054112554112
919  68.2742980561555
920  68.06446370530878
921  67.78067318132464
922  67.32914847161572
923  67.03250270855905
924  66.47187329328236
925  66.09593495934959
931  68.13034072471606
932  67.94273365748244
933  67.26937669376694
934  67.00863464651916
935  66.64032697547684
936  66.17254476397179
937  65.97624190064795
938  65.57828696126569
939  65.22312703583061
940  67.3176406926407
941  69.54109961894393
942  69.34216216216217
943  69.07879114948732
944  68.81725067385445
945  68.34505137912384
946  67.96284329563812
947  67.67843563280826
948  67.26190476190476
949  67.00269687162891
950  66.61935834692768
951  66.10318746623447
952  65.69695321001088
953  65.53711790393012
959  67.17269293038316
960  66.5615468409586
961  66.27883053600434
962  65.91963322545847
963  65.60457516339869
964  65.24986361156574
965  64.78769733260751
966  64.59058565955118
967  64.16756756756757
968  63.662854030501094
969  67.97980349344978
970  71.01686615886834
971  70.97452574525745
972  70.7256064690027
973  70.23127035830619
974  70.06019522776573
975  69.59662493195427
976  69.26497571505666
977  68.93181818181819
978  68.39092872570194
979  68.14967462039046
980  67.80926724137932
981  67.98494623655914
982  72.72351982618142
983  76.28874388254486
984  76.36127636560303
985  76.21734417344173
986  76.03877221324717
987  75.37310195227765
988  75.06320907617504
989  74.80719656283566
990  74.36947141316074
991  74.05990286022666
992  73.75590128755364
993  73.31142241379311
994  72.93709677419355
995  72.26602046311255
996  71.74458874458874
997  69.27213647441104
998  69.27213647441104
999  69.27213647441104
1000  69.27213647441104
1001  71.49411764705883
1002  72.63057324840764
1003  74.96859504132232
1004  75.72141372141373
1007  75.29169574319609
1008  75.27619663648125
1009  75.12765957446808
1010  74.73712255772647
1011  74.4463568559954
1012  74.04834176503654
1013  73.70099118942731
1014  73.12280701754386
1015  72.95760869565217
1016  72.37925445705024
1017  72.04308023694131
1018  71.69855692143238
1019  71.20257234726688
1020  70.82163899303696
1021  70.29635584137192
1022  69.2308584686775
1023  67.0863453815261
1024  65.5126582278481
1025  65.5126582278481
1026  65.5126582278481
1027  65.5126582278481
1028  73.56653992395437
1029  75.6141592920354
1030  76.55903614457831
1034  76.23388704318937
1035  75.80663329161452
1036  75.53293051359516
1037  75.32032615026209
1038  74.83858042358328
1039  74.59671945701358
1040  73.97122302158273
1041  73.73030634573304
1042  73.22343324250681
1043  72.80660888407367
1044  72.45956079271559
1045  74.86706456863809
1046  78.81972602739727
1047  79.18454001088732
1048  79.10966340933767
1049  78.65709642470206
1050  78.19537136706136
1051  77.86441586280814
1052  77.24038461538461
1053  77.01543374135179
1054  76.47121535181236
1055  76.13113006396588
1056  75.67853347502657
1057  75.20149253731343
1058  74.57692307692308
1059  74.17790759426447
1060  73.7134533898305
1061  73.17331206804892
1062  72.95473908413206
1063  72.22445738485972
1064  71.78180833784515
1065  70.18136200716846
1066  70.18136200716846
1067  68.6784140969163
1068  70.64912280701755
1069  70.64912280701755
1070  76.32824427480917
1071  77.3125
1072  77.10174717368962
1073  76.42292870905588
1074  75.85689045936395
1076  76.24821312540611
1077  75.9138141809291
1078  75.58487194758786
1079  75.3435867672664
1080  74.8365106874639
1081  74.53234115626789
1082  74.02716468590832
1083  76.06744186046511
1084  79.99287410926365
1085  79.71971496437055
1086  79.44121071012806
1087  79.08870967741936
1088  78.66780821917808
1089  78.50506756756756
1090  77.95305429864253
1091  77.63060538116592
1092  77.05191873589165
1093  76.48407281001138
1094  75.78206650831353
1095  74.28345864661654
1096  73.70188133140377
1097  70.90756302521008
1098  70.90756302521008
1099  70.90756302521008
1100  70.90756302521008
1101  70.90756302521008
1103  74.77011494252874
1104  74.84398976982096
1105  76.75441412520064
1106  77.58036809815951
1107  77.64479166666666
1108  76.926614481409
1109  76.5864312267658
1110  76.23920552677029
1113  76.07727272727273
1114  75.52033570045191
1115  75.10078023407021
1116  73.6550888529887
1117  71.6987951807229
1118  71.6987951807229
1119  71.6987951807229
1120  71.6987951807229
1121  71.6987951807229
1122  71.6987951807229
1123  71.6987951807229
1124  71.6987951807229
1125  71.6987951807229
1126  71.6987951807229
1127  71.6987951807229
1128  71.6987951807229
1130  72.87636363636364
1131  72.40314136125654
1133  72.57299270072993
1138  73.06746031746032
1139  72.52035749751738
1140  72.28542713567839
1148  75.49079754601227
1149  75.22628951747089
1151  75.07412687099074
1152  74.54811119030649
1153  76.28898426323319
1154  79.0934306569343
1155  79.08142857142857
1156  78.88235294117646
1157  78.636925188744
1158  78.221926910299
1160  77.42422279792746
1161  77.22384273937857
1162  76.89305816135085
1163  76.34014869888476
1164  75.84181818181818
1165  75.4733053389322
1166  75.47041243275552
1172  78.81919905771495
1173  78.332368268674
1174  77.90767455279861
1175  77.59647125782584
1176  77.14017094017095
1177  76.77331825890333
1178  76.368004522329
1179  75.86848072562358
1180  75.41193181818181
1181  74.5111111111111
1182  72.25688073394495
1183  68.91208791208791
1184  68.91208791208791
1185  68.91208791208791
1186  68.91208791208791
1188  73.80246913580247
1189  73.91666666666667
1190  75.46495726495726
1191  76.72123893805309
1192  76.7721021611002
1193  76.13339466421343
1194  75.79409209383145
1195  75.31087662337663
1196  75.08812260536398
1198  74.9954367666232
1199  74.73008849557522
1200  74.1996303142329
1201  75.18784872907625
1202  77.73588456712673
1203  78.09987745098039
1204  77.97788697788698
1205  77.56608328304164
1206  77.30126277811185
1207  76.97920380273321
1208  76.4850439882698
1209  76.10486233157586
1210  75.7441058079356
1211  75.33428734974241
1212  74.8367463026166
1213  74.49600912200684
1214  74.00285062713797
1215  73.79636982416336
1216  73.3402934537246
1217  72.67588932806323
1218  72.32197614991482
1224  71.96650717703349
1225  72.95161290322581
1226  72.95161290322581
1227  72.95161290322581
1228  72.95161290322581
1229  72.95161290322581
1230  73.41463414634147
1231  74.15894039735099
1235  73.93706293706293
1236  74.84818941504179
1237  75.03290246768508
1242  78.39274924471299
1243  79.02629016553067
1244  78.8736059479554
1245  78.26709206927985
1246  78.1171875
1247  77.73637103336046
1249  78.02054794520548
1250  77.60216508795669
1251  77.38239159001314
1252  77.02187902187902
1253  76.40619077700569
1254  76.03831658291458
1255  75.56896551724138
1256  75.26110772976263
1257  74.98232784887264
1258  74.45251058681185
1259  74.1934131736527
1260  73.5497572815534
1261  72.97608558842039
1262  70.86042823156225
1263  70.41171477079796
1264  70.84343434343434
1265  74.35429936305732
1266  76.76350364963504
1267  76.82999308914997
1268  76.65528781793842
1269  76.375
1270  76.29353846153846
1271  75.78768328445747
1272  75.65125570776256
1273  75.43058690744921
1274  74.98947368421052
1275  74.76263736263736
1276  74.29171210468921
1277  74.05157437567861
1278  74.59428257284222
1279  78.5762331838565
1280  78.7128712871287
1281  78.65357337697763
1282  78.2390590809628
1283  77.94011976047904
1284  77.7108695652174
1285  77.24275560415528
1286  76.92091007583966
1287  76.68017287952458
1288  76.02457673402512
1289  75.70665212649945
1290  75.16675719717544
1291  74.80869565217391
1292  74.3767011431682
1293  73.99891540130152
1294  73.78486486486487
1295  73.17471513836136
1296  74.11261505143476
1297  76.51423877327491
1298  76.50386740331491
1299  76.04630650496141
1300  75.87064676616916
1301  75.49010989010989
1302  75.07868852459016
1303  74.89994562262099
1304  74.37261320240043
1305  74.12560909583108
1306  73.54171180931745
1307  73.21367061356297
1308  72.91076257436453
1309  72.29288025889967
1310  72.00322927879441
1311  71.59251336898396
1312  72.80878414568826
1313  77.09972752043596
1314  80.05418719211822
1315  79.96958174904942
1316  79.57769355711966
1317  79.19347826086957
1318  78.93726338561385
1319  78.5201072386059
1320  78.09945945945945
1321  77.76782841823056
1322  77.2514745308311
1323  76.95810955961332
1324  76.37988228999465
1325  75.95391211146838
1326  74.93906605922551
1327  72.71196172248804
1328  69.67248908296943
1329  69.67248908296943
1330  69.67248908296943
1331  69.67248908296943
1332  75.04878048780488
1333  78.51675977653632
1334  80.42314990512334
1335  80.9275147928994
1336  81.04517704517704
1337  80.89716684155299
1338  80.76429287863591
1339  80.07022471910112
1341  79.94878048780488
1343  79.89770491803279
1344  79.588161209068
1345  79.36346863468634
1346  78.99878493317132
1347  78.51971326164875
1348  81.13546056592415
1349  83.60587882423515
1350  83.43888242142026
1351  83.10317002881844
1352  82.71100917431193
1353  82.29766647694935
1354  81.97567873303167
1355  81.51941474395048
1356  81.20660694288914
1357  80.74764281752634
1358  80.38355408388522
1359  79.72440509131157
1360  79.31170973062122
1361  78.92193512919187
1362  78.5228013029316
1363  78.0551912568306
1364  77.62894450489662
1365  77.05917480998914
1366  76.44578976334617
1367  75.16777188328912
1368  75.16777188328912
1369  71.0
1370  71.0
1371  71.0
1372  74.18681318681318
1373  76.14390243902439
1374  77.30858806404657
1375  77.5609756097561
1376  76.79145473041709
1377  76.04938271604938
1380  76.4289356277884
1381  76.11320754716981
1382  75.6889414547605
1383  75.48176027793862
1384  75.17141230068337
1385  76.06613454960092
1386  80.66031195840554
1387  80.54825813820673
1388  80.27715565509519
1389  79.87953151143336
1390  79.45214521452145
1391  79.0093355299286
1392  78.72475570032573
1393  78.34084809447128
1394  77.95937161430119
1395  77.30249867091972
1396  76.95072308516336
1397  76.48806366047745
1398  76.04893617021277
1399  75.6183651804671
1400  74.74677147669848
1401  72.66075949367088
1402  73.08296296296297
1403  73.08296296296297
1404  73.14285714285714
1405  75.03827751196172
1406  79.13849765258216
1407  81.55052790346907
1408  82.06100478468899
1409  81.6762513312034
1410  81.43504531722054
1411  81.0151371807001
1415  80.95332918481643
1416  80.57080745341615
1417  79.65779220779221
1418  77.92210321324245
1419  77.92210321324245
1420  77.92210321324245
1421  77.92210321324245
1422  77.92210321324245
1423  77.92210321324245
1424  77.92210321324245
1425  77.92210321324245
1426  77.92210321324245
1427  77.92210321324245
1428  73.0
1429  73.26605504587155
1430  73.77307692307693
1431  75.71322620519159
1432  75.79299691040164
1435  75.22636103151862
1436  75.28327868852459
1437  74.97684605757196
1438  74.3191354100445
1439  71.91717791411043
1440  69.43356643356644
1441  69.43356643356644
1442  69.43356643356644
1443  69.43356643356644
1444  69.43356643356644
1445  69.43356643356644
1446  73.0
1447  73.08754208754209
1448  74.00160771704181
1449  74.93144208037825
1450  74.66396761133603
1451  74.11394712853236
1452  73.86095392077607
1454  74.22072072072072
1455  74.08058608058609
1456  73.57904191616767
1457  73.12877492877493
1458  72.66195590729225
1459  72.26532887402453
1460  72.07479224376732
1461  75.4733560090703
1462  78.50569476082005
1463  78.36980920314254
1464  78.15602443087174
1465  77.74986195472115
1466  77.27019650655022
1467  76.74277929155313
1468  76.49703504043127
1469  76.00917926565874
1470  75.61616702355461
1471  75.22060409924488
1472  74.7668449197861
1473  74.32868632707775
1474  73.83181085437937
1475  73.10903260288616
1476  72.81229946524064
1477  72.15831556503198
1478  71.79730458221024
1479  71.04333516182118
1480  70.2759680393362
1481  68.25105042016807
1482  67.61433447098976
1483  69.3921568627451
1484  74.04838709677419
1485  74.04838709677419
1486  79.58449809402795
1487  79.59298618490968
1489  80.04477611940298
1490  80.49037864680322
1491  80.26364692218351
1492  79.90614709110868
1493  79.65779467680608
1494  79.22216245293168
1495  78.54754273504274
1496  74.45964724746125
1497  72.6247357293869
1498  72.21966862640299
1499  72.03815580286168
1500  71.61764705882354
