98.21949221949222
98.05414273995078
97.92857142857143
97.68770226537217
97.50691619202604
97.1106590724166
96.94601128122483
96.628
96.57463884430177
95.96293311845287
95.76966292134831
95.67441860465117
95.5019920318725
95.21349206349207
95.09952229299363
94.73906125696102
94.56904761904762
94.42268041237114
93.92754777070064
93.80726698262244
93.5863708399366
93.39683794466403
93.1244094488189
92.88721207307387
92.6629746835443
92.51271860095389
92.35368754956384
91.93589743589743
91.74308300395256
91.53381066030231
91.49005568814638
90.98801916932908
90.91134185303514
91.36754176610978
92.91377921031426
92.69718875502008
92.48635634028892
92.36968724939855
92.08380338436744
91.99278267842823
91.84227381905525
91.65182829888712
91.48245614035088
91.27662957074722
91.1408
91.3
92.68276972624798
92.4912
92.30732484076434
92.11900958466454
91.8630904723779
91.66984884645983
91.59220985691574
91.4988047808765
91.22292993630573
90.95234312946783
90.79936558287073
90.59270998415214
90.41237113402062
90.27835051546391
89.82664526484751
89.63187702265373
93.89408866995073
93.89408866995073
93.89408866995073
101.61931818181819
104.47852760736197
104.89363920750782
105.08086253369272
105.19067443796837
105.1788617886179
105.09648405560098
104.84532671629447
104.75591836734694
104.50776778413737
104.23658536585366
104.06477732793522
103.9837793998378
103.5558232931727
103.42316975060338
103.00806451612902
102.76106194690266
102.48162939297124
102.27126805778491
101.87039999999999
101.58253968253968
101.23707239459029
101.05103668261563
100.64888535031847
100.06902086677368
99.76152623211448
99.45657370517928
98.93396976929196
98.59952418715305
98.26645519429024
97.75437201907789
97.50239616613419
96.89532117367169
96.55582137161085
95.75638977635782
94.51571709233792
92.0
92.0
92.0
92.0
92.0
92.0
92.0
106.71717171717171
106.96926454445665
106.1575907590759
105.66319165998397
105.26315789473685
104.77063492063492
104.42067876874506
107.14668652271035
107.62573529411765
107.34751261715934
107.05240488155061
101.80330448465776
106.15766738660906
105.24819624819625
100.64852255054433
100.27863777089783
103.91510791366906
103.35724533715926
98.5097125097125
98.02560124127231
97.53875968992247
97.06081601231716
96.3449074074074
95.9236700077101
95.22342064714947
94.18356374807988
93.64082885648503
93.08569242540169
92.39538461538461
91.98699311400154
91.29869130100077
90.8989280245023
90.23029839326702
89.80395136778115
89.04354469060351
88.71158213474641
88.28212927756654
88.00840336134453
87.5019040365575
87.36585365853658
87.079571537873
86.90352220520674
91.09110473457676
86.0229357798165
85.60556844547564
85.22136817832437
84.83935434281322
84.4041570438799
84.02713178294573
83.50618238021639
83.11154144074361
82.68368136117556
81.99457364341086
83.32770529547199
89.29034749034749
93.20185614849188
94.29402515723271
96.40853658536585
97.59128978224456
97.99844236760124
98.33803921568628
97.98989898989899
97.85242121445043
97.68307692307692
97.6205837173579
97.34146341463415
97.23628048780488
97.11675511751326
97.01361573373677
96.7547312641938
96.35557240333586
96.23030303030302
95.97121212121212
95.87924528301886
95.49358490566038
95.34887218045112
95.06526631657914
94.92792792792793
94.47871545929799
94.07928197456994
93.76991809381981
93.46182634730539
93.11967090501122
93.02897473997028
92.64592592592592
92.27440828402366
92.08928571428571
91.8751846381093
91.49705014749263
91.38133725202057
91.00368188512519
90.84558823529412
90.68455882352941
90.31369661266568
90.0498899486427
89.75238795003673
89.3935389133627
89.05347985347986
88.65741417092768
92.36086051353227
88.2014705882353
88.95787139689578
90.59761549925484
90.2272047832586
90.04383358098069
89.72720533728688
89.53965900667161
89.32095096582466
89.026706231454
88.8426883308715
88.56537890044576
88.3089552238806
88.21060606060605
88.90359897172236
88.90359897172236
88.90359897172236
88.90359897172236
88.90359897172236
94.47368421052632
94.58659793814434
94.35512510088782
94.3433962264151
94.25968109339408
94.14814814814815
93.93584905660377
93.66166541635408
93.31198191409193
93.1488406881077
92.94236526946108
92.62266964951529
92.35901271503366
92.18073188946975
91.69419642857143
91.39520958083833
91.15026296018031
90.94913986537023
90.61958146487295
90.35580524344569
90.18576779026218
89.76104868913858
89.65272591486183
89.2087415222306
89.09752438109527
88.6311844077961
88.5581222056632
88.1806500377929
87.98049512378094
87.60452830188679
87.32054176072235
87.16124148372445
86.64647993943981
86.37404580152672
86.1670480549199
85.84738041002278
85.7126524390244
85.2729357798165
85.21249047981722
84.88429118773946
84.55606407322655
84.18328220858896
84.05936777178103
83.92526964560862
86.35857805255023
89.22645914396887
89.66848673946959
89.56501547987617
89.31534309946029
89.04813664596273
88.74629195940672
88.5772797527048
88.27725856697819
88.18449612403101
87.88586956521739
87.56911196911197
87.33949191685912
87.11792086889061
86.64152410575427
86.32175925925925
86.14895267649341
85.7262180974478
85.47953667953668
85.16114109483424
84.82079131109387
84.59210526315789
84.23839009287926
83.84609375
83.66407465007777
83.23909657320873
82.96904024767802
82.62403100775194
82.38383838383838
82.12015503875969
81.70178156467854
81.34880123743233
81.02478698683191
80.70897832817337
80.34520123839009
80.12015503875969
79.73219814241486
79.41544401544401
79.07303807303808
80.14027149321267
81.16104294478528
83.7279411764706
85.44310344827586
86.06993006993007
86.97502714440826
87.74215033301617
88.46952789699571
88.65475223395613
88.61848341232228
88.3942380591357
88.17530487804878
88.08384146341463
87.77227722772277
87.44655041698256
87.25037821482601
87.07541478129714
86.85907046476761
92.78823529411764
92.646492434663
85.85041761579348
85.46101438304315
85.24265259984928
85.02484939759036
84.73906485671192
84.36039453717754
84.26303854875283
83.93641180923542
83.56633813495073
83.24905087319667
83.04859529233106
82.52683295540439
82.35881907645722
82.11413454270597
81.84504913076341
81.47392290249434
81.18140589569161
80.9384030418251
83.22003034901365
85.10235026535254
85.20697498104624
86.98934426229508
88.17640320733105
89.24871355060034
90.2368932038835
92.0479704797048
93.35007385524372
93.83055198973042
94.0298826040555
94.22920696324951
93.89821428571429
94.00680272108843
93.76298701298701
93.48107255520505
93.3384734001542
92.91819571865443
92.62135176651306
92.39310344827587
92.11941448382126
91.95775729646698
91.58049535603715
91.37403993855607
91.15781370284834
90.90168970814132
90.25771604938272
90.16679477325134
89.91858678955454
89.56712962962963
89.3041474654378
89.16018306636155
88.8752869166029
88.44003055767762
88.10906298003073
87.90548780487805
90.10558530986994
91.9227202472952
91.94435857805254
91.70419254658385
91.42835130970724
91.29096477794793
90.94648318042813
90.60648148148148
90.22519083969466
90.08048595292331
89.74400618716165
89.53214562354763
89.25461538461539
89.07269914926528
88.91284046692607
89.4751838235294
89.69967532467533
89.69967532467533
89.69967532467533
89.69967532467533
92.94528301886793
93.1671511627907
93.73034934497817
93.77535545023697
93.56806282722513
93.40860215053763
92.88342585249802
92.73626373626374
92.60975609756098
92.26862123613313
92.01891252955083
92.0695102685624
91.66068222621185
91.09327217125383
91.09327217125383
91.09327217125383
91.09327217125383
91.09327217125383
91.09327217125383
91.09327217125383
91.09327217125383
91.09327217125383
91.09327217125383
91.61102106969206
92.11913357400722
92.14575289575289
91.83558178752108
91.67252396166134
91.35955940204563
91.07509881422925
90.88695652173914
90.55319148936171
90.2276295133438
89.78806907378336
89.60613207547169
89.35697399527187
89.05329153605015
88.72235294117647
88.45676100628931
88.16562009419152
87.7680250783699
87.34539732494099
87.06823529411764
86.6903073286052
86.34878240377063
85.934439178515
85.70718232044199
85.34200157604413
84.937106918239
84.63153724247226
84.07594936708861
83.79080824088749
83.5115354017502
83.15316760224539
82.8376
82.53784219001611
82.18709677419355
81.88673139158576
81.41538461538461
80.98211382113821
80.6103896103896
80.20880913539968
79.98050365556458
79.63725490196079
79.3743842364532
80.2479541734861
84.46812749003983
84.46812749003983
84.46812749003983
99.55601659751036
101.64655172413794
101.49597238204834
100.8887859128823
100.50975402883799
100.28
100.07833333333333
99.98751040799334
99.40878938640132
99.31821929101402
98.99753492193919
98.72667757774141
98.3949716139497
98.17437145174372
97.85268214571657
97.51207729468598
97.23330651649235
96.66907051282051
96.46116893514812
96.11075697211155
95.69928400954655
95.41984126984127
95.05162827640984
94.56155679110405
94.20963855421687
93.57724957555179
93.39669421487604
93.39669421487604
93.39669421487604
93.39669421487604
98.17805755395683
98.35386631716906
99.05717488789239
99.08229166666666
99.22388059701493
99.26246719160105
99.21548821548822
98.87251655629139
98.62819455894476
98.48896156991006
98.19174757281553
97.925
97.69293257514215
97.26666666666667
96.95288383428107
96.71801140994296
96.31229773462783
95.9635922330097
95.64192495921696
95.23913043478261
95.11173633440515
94.56406124093473
94.11057692307692
93.83506805444355
93.50400641025641
93.03030303030303
92.7877094972067
92.36664044059795
92.03338632750398
91.62589356632247
91.35765265662172
90.8493690851735
90.69992144540456
90.20141065830721
89.90951638065522
89.62138953942232
89.21003134796238
88.98181818181818
88.63278171788811
88.25949367088607
87.66406926406927
87.754039497307
87.754039497307
87.754039497307
87.754039497307
95.43344155844156
96.13720642768851
96.17218543046357
96.23992322456814
96.09564474807857
96.0222956234517
95.8373786407767
95.67380952380952
95.32860520094563
95.13264495631454
94.66061562746646
94.42088607594937
94.1935736677116
93.56460454189506
93.31959564541214
93.07065217391305
92.67233384853168
92.25039123630673
91.98299845440495
91.42978395061728
91.19463601532567
93.50269853508095
97.92763664357199
101.1882530120482
103.00075414781297
102.88066465256797
102.7554882664648
102.56884875846501
102.27702702702703
101.97814619442352
101.3475975975976
101.11676646706587
100.80421686746988
100.26931732933232
100.05354449472097
99.7622641509434
99.28582259287339
98.9132075471698
98.51091045899173
109.19163129169193
97.48872180451127
98.21036814425244
111.81894990947495
101.49387442572741
101.53199691595991
101.43491577335375
101.14908256880733
100.79846153846154
100.30781010719755
100.06738131699848
99.6973886328725
99.35348125478194
99.0310606060606
98.52104055087987
104.86351351351351
104.62491582491583
104.18745785569791
103.86244099797707
103.35906040268456
103.04761904761905
102.59427048634244
101.70412999322951
101.92369477911646
101.51975887474883
100.66351989211059
100.28523489932886
99.80553679945982
98.91711590296495
99.044474393531
92.06461307287753
91.75299401197604
92.36692506459949
92.98322147651007
92.98322147651007
92.98322147651007
92.98322147651007
94.52439024390245
94.41576086956522
94.19582664526484
94.00840336134453
93.60655737704919
93.42611940298508
93.04876219054763
92.88830584707647
92.22781954887218
92.00823970037453
91.82347235693501
91.82347235693501
92.5
92.5
92.5
92.5
93.24732824427481
93.30614406779661
93.14734088927638
92.85483870967742
92.5804248861912
92.27231807951988
92.06681681681681
91.52714932126698
91.29811320754717
90.88394875659382
90.48860182370821
90.20586025544704
89.87565938206481
89.78181818181818
89.78181818181818
89.78181818181818
89.78181818181818
89.78181818181818
96.0
96.0
96.16575591985428
96.60851648351648
96.1230283911672
95.78519195612431
95.56328583403186
95.15347721822542
95.02498048399687
94.42933537051184
94.18083462132921
93.78031496062992
93.33333333333333
93.77589453860641
93.77589453860641
93.77589453860641
93.77589453860641
93.77589453860641
97.29588607594937
97.12444444444444
96.87452830188678
96.64291845493563
96.35679611650485
96.03154574132492
95.79240898528273
95.46183500385504
95.02012383900929
94.51981351981352
94.20894371626831
93.7211155378486
94.43498168498168
94.33754512635379
93.5
93.5
93.5
93.5
99.65032679738562
100.51771653543307
101.7308868501529
101.44683257918552
101.64497041420118
101.56357078449054
101.06689246401355
100.71964856230032
100.39282930631333
99.77406832298136
99.43299767621998
99.03323029366305
98.71931196247067
98.39984411535464
97.98835403726707
97.64724164724166
97.41822429906543
97.2684630738523
97.2684630738523
97.2684630738523
97.2684630738523
97.2684630738523
98.67980295566502
98.5870786516854
98.96303501945525
99.28923076923077
99.02994652406417
98.72525439407956
98.48510638297873
97.94311624072547
97.75438596491227
97.40398406374501
96.872
96.60272873194222
96.32258064516128
95.73058252427184
95.48759007205764
94.92028985507247
94.668543845535
94.38712241653418
93.85714285714286
93.55422647527911
93.2076677316294
92.6642685851319
91.98173153296267
91.59887459807074
91.19267515923566
90.76583801122695
90.352
89.95032051282051
89.57188498402556
89.1137629276054
88.76671974522293
88.11492418196329
87.72734499205087
87.35091926458833
86.93010325655283
86.5955766192733
86.08142292490119
85.73830293417922
85.19221604447975
84.83095238095238
84.1887390959556
83.80396825396825
83.40999206978589
82.92789223454834
82.59952418715305
82.10087370929308
81.67462211614956
81.23971518987342
80.76133651551312
80.14218381775333
85.08964451313756
91.29960784313725
96.7871835443038
100.54036770583534
101.25620496397119
101.1032565528197
107.59610027855153
107.42788129744652
100.08685446009389
99.90923317683881
99.41436464088397
99.05740884406516
98.5512118842846
98.21500386697602
98.02083333333334
97.55944055944056
96.9707467282525
96.67378048780488
96.1152959262106
95.7737003058104
95.39437689969606
94.9206712433257
94.60938682816048
94.00305110602594
93.5969696969697
93.00913242009132
92.60271903323263
92.10197869101978
91.69450714823175
91.22356495468279
90.78903903903904
90.46651617757712
90.0
89.62396382818388
88.97811320754717
88.57218442932728
89.33003300330033
89.33003300330033
89.33003300330033
89.33003300330033
89.33003300330033
93.97642679900744
94.59556786703601
94.25920245398773
94.05763473053892
93.69805680119582
93.54110612855007
93.07212622088655
92.83765752409192
92.43805309734513
92.0459940652819
91.63868065967017
90.93615441722346
90.7656595431098
90.31621423330888
89.93047337278107
89.60132158590308
89.26793557833089
88.73161764705883
88.4394387001477
87.92079940784603
87.46647015475313
86.99109792284867
86.56698741672835
86.14626865671642
85.75647668393782
85.45925925925926
85.03425167535369
84.60970149253731
84.15063385533185
83.55955056179775
83.18318318318319
82.73408239700375
82.33258088788563
81.88905660377358
81.43527630582892
81.14935557240334
80.60935143288084
80.28473804100227
79.51215805471125
79.21967963386727
78.902124430956
78.34591679506934
78.19292851652575
82.02281368821293
86.65795541890853
90.1637337413925
90.14755351681957
89.7066462948816
89.34307692307692
89.01530221882173
88.61973986228003
88.31787072243345
87.96186117467582
87.506106870229
87.17777777777778
86.45015337423312
86.21297709923664
85.88311688311688
85.52479023646072
85.13196033562166
84.79112471308339
84.42933537051184
84.10281797410511
83.8422256097561
87.1637337413925
89.07744874715262
88.6234756097561
88.33333333333333
88.12015209125475
87.8078967350038
87.43150684931507
88.767776096823
90.99393479909023
90.85692771084338
90.41180923542771
90.14393939393939
89.87179487179488
89.3444360333081
89.14750378214826
88.72658610271904
88.42173252279635
90.20030120481928
90.16729464958553
89.75732531930879
89.30891238670695
89.08577878103837
88.71729323308271
88.26691729323308
88.00599700149925
87.61348314606741
87.20663650075414
86.6374531835206
86.3365890308039
85.91011235955057
85.57591623036649
85.1558734939759
84.79581151832461
84.33911077618689
84.04314912944739
86.04491017964072
85.76510067114094
85.38386123680242
85.14231927710843
84.69156086631814
84.33935289691497
84.0
83.64328808446456
83.31978931527465
82.86539923954372
82.38838612368023
81.92677345537757
81.56495468277946
81.2540168324407
80.88088012139606
80.37138508371385
80.09498480243161
79.77981651376147
79.14449541284404
78.86074980872226
81.2006056018168
84.96803652968036
86.73018292682927
86.22222222222223
86.02047005307051
85.74453654860588
85.37967914438502
84.97105864432596
84.62168309325246
84.23664122137404
84.02353834472285
83.57850609756098
83.25816249050874
82.94516374714395
82.61865049279757
82.28625664388763
81.75246772968869
81.37263794406651
81.06990881458967
80.67471698113208
80.41811320754717
81.38943396226415
83.53688212927757
83.38443935926773
83.20136778115501
82.69469696969696
82.30833333333334
82.1005331302361
81.98786039453718
84.8214016578749
86.75397426192279
86.70681818181818
86.4209726443769
86.14935557240334
85.76
85.34424980959635
85.19741837509491
85.0557251908397
87.41140684410647
88.47746371275782
88.12471482889734
87.82952815829528
87.37748851454823
87.10357958872811
86.86788154897495
86.39405487804878
86.17338403041825
86.15542077331311
88.30992366412214
88.65073245952198
88.27846153846154
87.9717125382263
87.37912509593247
87.18126428027418
86.90327494287891
86.4544061302682
86.20398773006134
85.82068965517242
85.51193225558121
85.51454823889739
87.39907550077042
86.88820826952526
86.46517027863777
86.21505376344086
85.87374903772132
85.5030959752322
85.23333333333333
84.94984567901234
84.5092879256966
84.08043310131477
83.7050193050193
83.35752895752896
83.01942501942501
82.63523956723338
82.33900928792569
81.91879350348027
81.53255813953488
81.28284389489954
83.025
83.76371308016877
83.76371308016877
83.76371308016877
83.76371308016877
83.76371308016877
83.76371308016877
96.42545454545454
97.95009242144178
98.56576402321083
98.83940397350993
98.69098039215686
98.4455835962145
98.07456828885401
97.7256289308176
97.5397951142632
97.08542319749216
96.76545166402536
96.09968602825745
95.80705882352942
95.38611544461779
95.08177570093459
94.61219702892885
94.18521400778211
93.81605611847233
93.39274691358025
93.0411171450737
92.30538461538461
92.04009252120278
91.62412993039443
91.1112828438949
90.91666666666667
90.34544049459042
89.95496894409938
89.47136222910217
89.16525096525096
88.44980544747082
88.11413043478261
87.66536661466459
87.2592879256966
86.92569659442725
86.33333333333333
85.99301784328937
85.39483971853011
85.13717848791894
84.34482758620689
84.06625097427903
83.68478260869566
83.20686963309915
82.84765625
82.25410476935106
81.91130298273156
81.49449685534591
81.07686274509804
80.4770206022187
80.008681925809
79.5751582278481
79.04351265822785
78.69462025316456
78.28480509148767
77.8695306284805
77.4437350359138
79.18489378442172
81.05784469096672
80.5812101910828
80.28638867033831
79.93098039215687
79.58293838862559
79.1675845790716
78.91751767478398
78.53591160220995
77.92374213836477
77.61695447409733
77.44242902208202
76.89159465828752
76.64498432601881
76.17360565593087
76.6983632112237
77.77080062794349
77.31521739130434
76.78588235294117
76.61472868217054
76.29137529137529
75.84831899921814
75.60764430577223
75.21428571428571
74.88015564202334
74.50234741784037
74.17289719626169
76.3057915057915
80.4803996925442
82.68174846625767
82.33256528417819
82.08499234303216
81.60613026819924
81.41023682200152
81.15366972477064
80.66615265998458
80.22907153729072
79.98779557589626
79.59111791730474
79.31050228310502
78.99847094801223
78.56892612338157
78.3000761614623
77.993907083016
80.49774096385542
87.27840481565086
89.45015105740181
89.22833458929917
89.0427927927928
88.61106955871354
88.25753012048193
88.02560240963855
87.5984962406015
87.31006006006007
86.72080838323353
86.56940298507463
86.07957957957957
85.78657616892912
85.42069486404834
85.1357839459865
84.64868913857678
84.3993993993994
84.00525131282821
83.38559639909977
83.13943028485757
82.66092814371258
82.3861758076634
82.03857791225415
81.60644677661169
81.33008252063016
80.96458176337603
84.13519637462235
84.95691609977324
84.69196093163035
84.27966742252457
84.02320359281437
83.7940074906367
83.44629349470499
83.06024096385542
82.90716981132076
86.3499245852187
87.30896759608139
87.0112443778111
86.65161775771257
86.39261492087415
86.12198795180723
85.74043510877719
85.34210526315789
85.0625
84.54559155990957
84.36623963828184
86.61019490254873
88.82134746404239
88.65789473684211
88.32904689863842
88.07698113207547
87.73684210526316
87.35562310030394
86.91185410334346
86.64172335600907
86.21725965177896
85.868840030326
85.42900302114803
85.25113464447806
84.76760030280091
84.96142208774585
88.60574018126889
90.88922610015175
90.69856819894498
90.26626323751891
90.07505686125853
89.67494356659142
89.31515151515151
88.9711684370258
88.58823529411765
88.26928895612708
87.69772727272728
87.40045766590389
87.11541381928626
86.72562358276645
86.2692601067887
85.91641337386018
85.50304414003044
85.1432950191571
84.84154662623199
84.22196796338673
83.90742157612854
83.4717125382263
83.0802752293578
82.79214780600462
82.35437262357415
82.07951070336391
81.66666666666667
81.20153846153846
80.73008507347255
81.92638036809817
84.95161290322581
85.73204633204634
85.38153846153845
85.16475095785441
84.84052388289676
84.49615384615385
83.98063516653757
83.79568234387047
83.42517267843438
83.20991479473277
82.86332046332046
84.08333333333333
86.54715510522213
86.44972720187062
86.16847826086956
85.58671875
85.32040341349884
85.03718048024787
84.71975019516003
84.39147286821705
84.12326656394453
83.72903726708074
83.47356143079315
83.0411171450737
82.61687306501548
82.19088098918084
81.90527950310559
81.68919968919968
85.23728813559322
88.59676175790285
90.67185069984448
90.72024729520865
90.49922958397535
90.08294930875576
92.64578499613302
96.23584173778123
97.26734216679657
97.02480620155039
97.62431800467654
98.84289080911233
99.88406940063092
100.0841836734694
100.0841836734694
100.0841836734694
100.0841836734694
100.0841836734694
100.0841836734694
99.5219123505976
99.85435168738898
99.50444444444445
99.01693404634581
98.83307210031347
98.61176470588235
98.32018927444796
97.92115534738485
97.57589984350548
97.25585023400936
96.88810641627543
96.57298985167839
96.16422513492675
95.57232212666145
95.22583139984532
94.66459627329192
94.37354988399072
93.84520123839009
93.62857142857143
93.15639445300462
92.76602316602316
92.32871439568899
91.70207852193995
91.3631498470948
90.98229407236336
90.67356321839081
90.17588325652842
89.76615384615384
89.3704268292683
88.99152542372882
89.11841100076394
92.57552285050349
93.655546935609
93.27463149728472
92.80590062111801
92.54643962848297
92.17424826522745
91.75984555984556
91.2760736196319
90.76952822892498
90.4148773006135
90.0935085007728
89.71660231660232
89.25154320987654
88.9064914992272
88.5399534522886
88.11317829457364
87.6984496124031
87.04375
86.64898595943838
86.30811232449298
85.76438569206843
85.4264475743349
84.84952978056427
84.54836193447738
84.1615925058548
83.64945226917058
83.10772833723654
85.28262548262548
88.93725793958171
90.36612021857924
90.11300309597523
89.71062839410396
89.61265432098766
89.40600924499229
89.13657407407408
88.69938650306749
88.48125478194338
88.16781609195402
88.1180981595092
87.80245022970904
87.51369863013699
87.28220858895706
86.98854087089381
86.8026013771997
86.3623188405797
86.24119448698316
85.88770053475936
85.65287356321839
85.30886850152905
85.10450038138825
84.81010719754977
84.41403238242097
84.27880184331798
83.82244427363567
83.5723124516628
85.74524714828897
88.00692840646651
87.91167434715821
87.67799227799227
87.42354740061162
87.26799387442573
88.02448355011477
94.85255920550038
97.88449612403102
97.90215716486904
97.92621060722522
98.81735159817352
102.54818812644564
104.43312597200622
104.3746105919003
103.97521301316809
103.7094017094017
103.43044822256569
103.2907965970611
103.10906298003073
102.75729646697388
102.59722222222223
102.23443504996158
102.11094108645753
101.5462962962963
101.27722772277227
101.14569031273837
100.65134099616859
100.35415079969536
100.193893129771
103.5343099460293
107.44679186228481
110.07148530579826
110.07171314741035
109.93169181890389
109.62460567823344
109.35516969218627
109.05947660586835
108.82061369000786
108.44767899291895
108.14878621769773
107.86614173228347
107.29755327545382
106.90752351097179
106.75295043273013
107.83937007874016
110.10063897763578
110.12259615384616
109.99121405750799
109.52339413164155
109.3298969072165
108.73364854215919
108.46835443037975
108.08867775138559
107.78633150039278
107.27460317460317
107.11329661683715
106.71237194641449
106.43981117230527
106.04625199362042
107.14047619047619
110.0056270096463
111.45045045045046
111.16504854368932
110.8995983935743
110.5556445156125
110.23756019261637
109.85679999999999
111.98624595469255
115.43892165122156
115.16666666666666
114.97775947281713
114.69008264462809
114.26831275720164
114.08994276369583
113.54109031733117
113.19386106623585
112.85483870967741
112.13931144915932
111.91428571428571
111.42482100238664
111.0996015936255
110.58478605388272
110.23272438443209
109.80378250591016
109.25479233226838
109.00555996822875
106.32204724409449
104.7887763055339
104.51168224299064
104.15097276264592
103.69828926905132
103.0956862745098
102.77454831107619
102.39593114241
101.77865612648222
101.37795275590551
100.81982690794649
100.53201581027668
100.13793103448276
99.75295974743489
99.28850664581705
98.91529411764705
98.48122065727699
97.88034188034189
97.48087431693989
97.03488372093022
96.63297045101089
96.15813953488373
95.73659673659674
95.2225656877898
93.60499609679937
93.23320463320464
92.39153846153846
92.12942989214176
91.63882443928847
91.1864406779661
90.78351309707242
90.40168970814132
90.01850424055513
89.44581091468102
89.21036585365853
88.49229583975347
88.17993874425727
87.91006917755573
87.33460949464012
87.05512422360249
88.13937547600914
90.70814132104455
92.07996894409938
91.77641653905053
91.20833333333333
91.0015360983103
90.71714066102997
90.31969111969111
90.79443585780525
93.88582375478927
95.32638888888889
95.22804314329738
94.91351351351351
94.40880989180835
94.09769230769231
93.83333333333333
93.39588100686498
93.1264367816092
92.79816513761467
93.09593246354567
94.59382239382239
95.16345412490362
94.7639846743295
94.31818181818181
94.03243243243243
93.78016910069178
93.40400925212028
93.14854517611026
92.92993145468392
92.45615384615385
92.27405696689762
94.13705972434916
95.06481481481481
94.46491904394757
94.23212913143736
93.95245398773007
93.54503464203233
93.18439173680184
93.06957186544342
