91.33518176216883
91.47804576376005
91.53950617283951
91.59542927733169
91.83641975308642
92.03219814241486
92.11918063314711
92.26851851851852
92.38095238095238
92.48454882571076
92.51269349845201
92.71021671826625
92.81431215299197
92.96172839506173
93.04953560371517
93.08888888888889
93.20261031696705
93.34820322180917
93.47486033519553
93.5702786377709
93.70216718266254
93.8175591531756
94.0278293135436
94.0902348578492
94.20768753874768
94.29364089775561
94.4968944099379
94.5983810709838
94.59712679575266
94.754375
94.82554517133957
94.90869565217392
95.00187032418953
95.02440550688361
94.83385384134915
92.38809344385832
91.58379373848987
89.61144945188794
89.61144945188794
89.61144945188794
89.61144945188794
89.61144945188794
89.61144945188794
89.61144945188794
89.61144945188794
89.61144945188794
89.61144945188794
81.31127982646422
80.22294022617125
80.11657303370787
80.2847533632287
80.78812415654521
80.78812415654521
80.78812415654521
80.78812415654521
80.78812415654521
79.69039145907473
79.56318681318682
79.56930693069307
79.7107438016529
79.99823840281856
80.09002433090025
80.27620221948212
80.27620221948212
80.27620221948212
80.27620221948212
78.85609756097561
78.18232044198895
78.27962085308057
78.44816883923029
78.68963486454652
79.22178105501985
79.37091319052988
79.54468325791855
79.67155756207674
79.88522727272728
80.07090602138436
80.12308564946115
80.2052868391451
80.24703891708968
80.47433728144388
80.55480225988701
80.69705549263873
81.0712266817411
81.24548532731377
81.38735177865613
81.62236166571591
81.7981755986317
82.01990898748578
82.34874429223744
82.41395082904516
82.63995420721237
82.7052089295936
82.76878944348825
82.81739631336406
82.90971822886716
82.98274870615296
83.25847214244686
83.36009174311927
83.56854838709677
83.67745664739884
83.85697741748697
83.91753774680603
84.0672463768116
84.25433526011561
84.4622969837587
84.5993031358885
84.77615429573349
84.82476635514018
84.78646441073512
80.63154796939376
76.74171029668412
76.79254079254079
76.85273573923166
76.99591360186807
77.14611338398598
77.36294564582116
77.58626760563381
77.69122807017544
77.81563593932322
77.88662790697674
77.97848837209303
78.15331010452962
78.33449477351917
78.63519813519814
78.76100998238402
78.91490610328638
78.96643109540636
79.15117647058824
79.23817966903073
79.52089464390818
79.55660377358491
79.6786133960047
79.8569746909947
79.95232489699823
79.96700058927519
80.11931482575311
80.22762299940723
80.54599056603773
80.60176991150442
80.89190785587714
80.98993487270575
81.34124629080118
81.39489311163895
81.60106382978724
81.67101363366923
81.83540556542333
81.94955489614243
82.0367298578199
82.1143193871538
82.22057953873448
82.56272189349113
82.66213821618429
82.79161747343565
82.85629804849202
83.02068557919621
83.22504430005907
83.46030805687204
83.49615612063867
83.63936358279317
83.72555948174323
83.8642266824085
83.98938679245283
84.02064896755162
84.24896755162241
84.41622574955909
84.52181603773585
84.66371158392435
84.80142264374629
84.81435349940688
85.00889679715303
85.15612063867535
85.38721136767317
85.44345766725873
85.61438679245283
85.68294117647059
85.73925838728664
85.93867924528301
85.98817966903073
86.26247798003523
86.39304655274013
86.52179034157832
84.61910447761194
78.96151568975725
76.34245777518929
76.34418604651162
76.42823803967327
76.43717124488603
76.49063231850117
76.65046838407494
76.73232028053769
76.88046647230321
76.96378504672897
77.02737332556785
77.19334112149532
77.49680418361417
77.51046511627906
77.70704717530576
77.74270711785297
77.97456647398845
78.01965317919075
78.23254472013849
78.29578278451763
78.41853770869315
78.5199076745528
78.67453917050692
78.82947976878613
79.00230547550433
79.04663212435233
79.16994219653179
79.24610051993068
79.3581744656268
79.45585689555683
79.71552723059096
79.83969907407408
79.89982628836133
80.07732256203116
80.14277489925158
80.20751445086705
80.34046242774566
80.4206578188113
80.5
80.72938443670151
80.80996523754345
81.02718334297282
81.05153445280834
81.19099826889787
81.32254335260116
81.37543252595155
81.44591484464902
81.63972286374134
81.85878962536023
82.01268742791234
82.09358752166378
82.18229166666667
82.19513607411696
82.35246376811594
82.56810244470314
82.67713787085515
82.91284137129576
83.08682983682984
82.71776589423648
82.57377049180327
82.72337962962963
82.72337962962963
82.72337962962963
82.72337962962963
82.72337962962963
79.88392857142857
78.82009345794393
77.97167325428195
78.06404833836858
78.11785503830289
78.19894675248683
78.35111371629543
78.66666666666667
78.77294117647058
79.153981264637
79.33898305084746
79.53148911124191
79.68731735827002
79.72711267605634
80.02789076118536
80.09518282066163
80.19441210710129
80.32107413893753
80.6664712778429
80.69496487119437
80.82025761124122
81.05361305361305
81.11661807580175
81.23247663551402
81.36851311953353
81.4608644859813
81.68467410452143
81.81566548881037
81.93808411214954
82.02573099415204
82.21357519016969
82.31850117096019
82.4736225087925
82.53086419753086
82.74853113983549
82.84973482616383
83.0736160188457
83.18991793669402
83.3057362507392
83.35182998819363
83.50653206650831
83.61616161616162
83.7578448786264
83.8371121718377
83.96793349168647
84.14803804994055
84.32002383790227
84.44047619047619
84.52440476190476
84.58001189767995
84.79069767441861
84.86217183770883
84.95525059665871
85.07830245068739
85.3741781231321
85.42516398330352
85.58492822966507
85.72281959378734
85.78871548619448
85.95424443106562
85.99398315282792
86.30240963855422
86.45345345345345
86.52912912912913
86.6670673076923
86.79544091181764
86.87185628742515
86.96869355809753
87.0502994011976
87.29820359281437
87.43686415320168
87.59486873508354
87.7567084078712
87.81477069684335
87.96716417910447
87.96716417910447
84.53011329755516
83.14168618266979
83.38633686690224
83.46867612293144
83.61533923303834
83.71344339622641
83.81962397179788
83.97588235294117
84.18640093786635
84.23667252489749
84.40667056758338
84.54112808460634
84.62022339800117
84.86109476162449
84.94290759270159
85.0891495601173
85.20223398001175
85.3327475102519
85.44300822561692
85.55196711685261
85.60787771898883
85.7733175914994
85.84805653710248
86.01945754716981
86.13849765258216
86.27272727272727
86.47079646017698
86.62293144208037
86.64365781710914
86.71878715814506
86.85655008891523
87.03930911256701
87.18672199170125
87.36206896551724
87.47514792899408
87.54718100890207
87.64650059311981
87.76986951364175
87.84469472436277
87.94530321046373
88.11540749553836
88.28180737217598
88.46666666666667
88.56674612634089
88.68214285714286
88.85273159144893
88.92088042831648
89.03044776119403
89.1
89.34892086330935
89.44437799043062
89.62395209580838
89.64808153477219
89.82085080886759
89.95192307692308
89.985559566787
90.08398791540786
90.34591961023142
90.40340218712029
90.6453172205438
90.71929824561404
90.792749244713
90.87545344619105
91.01333333333334
91.22666666666667
91.35233474833232
85.49700598802396
83.30154028436019
83.42486741308191
83.46992924528301
83.64542772861357
83.74246898995865
83.84070796460178
83.9504132231405
84.10743801652893
84.32763700648202
84.45277449822905
84.69774346793349
84.75770142180095
84.8729216152019
84.97448071216617
85.13503866745984
85.27218582489577
85.43944844124701
85.69658886894075
85.77531455961653
85.95860827834433
86.03594967046135
86.23585467540202
86.37192561487703
86.54501800720288
86.60059880239521
86.79616306954436
86.93791440626883
87.11661631419939
87.22323600973236
87.47546941247728
87.5366444579043
87.75816203143894
87.8554070473876
87.9599027946537
88.0559610705596
88.33599019006745
88.4374240583232
88.56830601092896
88.7063492063492
88.83140596469872
88.96371463714637
89.20331695331696
89.28782287822878
89.4017305315204
89.65538461538462
89.8023327194598
90.03635243376463
90.1243076923077
90.2238713667285
90.32818294190359
90.41661500309982
90.48421052631579
87.46306641837369
83.79372738238843
83.83946891973446
83.92857142857143
84.07869249394673
84.23282674772037
84.32929782082324
84.51447527141134
84.7062350119904
84.89257694628847
85.0617059891107
85.17375455650061
85.23100303951368
85.4833232261977
85.71808832425893
85.77132486388385
85.8838905775076
86.11381618989653
86.32602071907374
86.47269417475728
86.62310030395136
86.72151127361364
86.89092017062767
87.05121951219512
87.19729563614014
87.29883649724434
87.49603900060939
87.75550122249389
87.8611449451888
88.07894736842105
88.14969325153375
88.29981606376457
88.32616707616708
88.57572041692214
88.69987775061125
88.80722154222767
89.05991352686844
89.12654320987654
89.3339483394834
89.46206045650833
89.52875695732838
89.75493827160494
89.96037151702787
90.14931846344486
90.20272783632981
90.36081835089895
90.44763092269326
90.62460961898813
90.70890840652447
90.94069912609238
90.5517890772128
86.41579272054287
84.5503640776699
84.64894259818732
84.74652147610405
84.87234042553192
84.92125984251969
85.06969696969696
85.27349909035779
85.42571255306247
85.5735826296743
85.64488808227465
85.67896009673518
85.96004842615012
86.05457853244391
86.21254567600488
86.37750759878419
86.52905569007264
86.72716273442227
86.77784503631962
86.87325651910248
86.99697336561744
87.22738386308069
87.42293689320388
87.51518833535845
87.60705596107056
87.75977995110024
87.83607556368068
87.94868662186927
88.20269442743417
88.32289748311848
88.36642156862744
88.54019488428746
88.6117216117216
88.86106032906764
88.92180818570556
89.15341959334566
89.18479604449938
89.27339901477832
89.4070413835701
89.6056511056511
89.76044226044226
89.90981595092025
89.92387968078576
90.03641975308642
90.24029574861368
88.41769801980197
85.75910194174757
84.58943577430972
84.58213429256595
84.66328358208955
84.70679380214541
84.80606781677572
84.97257006559332
85.17425149700598
85.37365269461078
85.5098389982111
85.61910447761194
85.77764494919306
85.87044776119403
86.01074626865672
86.06801909307876
86.22713687985654
86.27637889688249
86.54186602870813
86.62574850299401
86.88514732411305
86.89800844900422
87.06586102719034
87.1626213592233
87.32164449818622
87.39290012033695
87.5628382441371
87.68110709987967
87.79001203369434
87.93519079345852
88.15398550724638
88.27427184466019
88.35009085402787
88.46727272727273
88.49545178896301
88.66263603385731
88.79783393501805
88.90114526823388
89.19635258358663
89.24223980523433
89.33008526187577
89.40243902439025
89.48082775410833
89.60353227771012
89.8615664845173
89.91052951917224
90.07678244972578
90.21446078431373
90.2233782129743
90.44838118509469
90.47435897435898
90.5565749235474
90.78531770512029
90.94519704433498
90.97350585335798
91.16152897657213
91.28924598269468
91.31669747381393
91.43475572047001
91.59628482972136
91.67267080745341
91.81778606965175
92.01295496607032
92.12376237623762
92.25572755417957
92.31008717310087
92.41454319453076
92.46009975062344
92.6310861423221
92.78410513141426
92.825625
91.18977635782747
86.84932349323493
84.03431667670078
84.01981981981982
84.11437125748503
84.24759036144579
84.43173652694611
84.5167865707434
84.64702345159351
84.75662650602409
84.81626506024097
85.01148036253777
85.11961141469338
85.17163724893487
85.3379854368932
85.53200483091787
85.57211828605914
85.71584699453553
85.89010321797207
85.95368677635588
86.16880733944954
86.30115361262902
86.55866261398177
86.65291262135922
86.8019680196802
86.91391585760518
86.90271132376395
86.59703075291623
87.15151515151516
87.15151515151516
87.15151515151516
87.15151515151516
87.15151515151516
87.15151515151516
83.76190476190476
83.34864643150124
83.11903114186852
83.0941475826972
83.18380062305296
83.34704049844237
83.65664160401002
83.96399751707014
84.09068476249229
84.2591671845867
84.38044831880448
84.55741775294848
84.8584729981378
84.97201492537313
85.13073110285006
85.2122905027933
85.2987012987013
85.53028430160693
85.64753086419753
85.7320987654321
86.07320099255583
86.1253879577902
86.23756218905473
86.37507749535028
86.54523076923077
86.60738461538462
86.72732880937693
86.98463429625077
87.08456790123456
87.16119032858029
87.26116625310173
87.37391304347825
87.4809968847352
87.61466749533872
87.79689440993789
87.95327102803738
88.00563909774436
88.10978670012547
88.16206030150754
88.33459595959596
88.46969696969697
88.55828607435413
88.71020925808497
88.78258105530833
88.97848101265822
89.1902961562697
89.26405559065066
89.37767969735182
89.47066246056782
89.65239616613418
89.75127877237851
89.80665813060179
89.84935897435898
89.97884615384615
90.13461538461539
90.25590299936184
90.33820724729816
90.46658179503501
90.64094387755102
90.70490758444869
90.79539641943734
90.8765195137556
90.93550446998722
91.10659898477158
91.222292590247
91.31956797966963
91.36571428571429
88.35977514053717
86.45499689633768
86.37112763320941
86.40418977202711
86.6584917228694
86.80147058823529
87.03298717165546
87.08078335373317
87.20563035495717
87.30256723716381
87.41000610128127
87.47613219094248
87.66504854368932
87.78976234003656
87.86269744835965
88.06548347613219
88.1875
88.23693803159173
88.31895504252734
88.38008500303582
88.50364520048603
88.67130750605327
88.73926194797338
88.84610742305371
89.0
89.125
89.15483476132191
89.20914634146341
89.30731707317074
89.36880733944955
89.4588163514338
89.53724053724054
89.63846622032867
89.74727272727273
89.91074681238615
90.08180708180709
90.14346764346764
90.24786845310597
90.28248932275778
90.38536585365854
90.48197923029933
90.48353658536585
90.6390243902439
90.74863387978142
90.88543570993296
90.99755799755799
91.00060901339829
91.190332326284
91.3015197568389
91.33272506082724
91.44376899696049
91.48326232501522
91.66364186327888
91.7565112053301
91.863304981774
92.0359756097561
92.11510353227771
92.19817629179332
92.2677261613692
92.30152905198777
92.43715511955855
92.65063907486305
92.71132764920829
92.81379731379731
93.05756276791182
93.14635639926516
93.17074663402693
93.2827417380661
93.14460784313725
89.69975932611311
88.29988123515439
88.23665480427046
88.39081145584726
88.40429338103756
88.57744807121662
88.66349583828776
88.6923076923077
88.82095808383234
88.93002392344498
89.08057726999398
89.28777844671885
89.29676258992805
86.47836395969176
83.85200471698113
83.06151142355009
83.11104617182934
83.20023350846468
83.42573099415205
83.53255131964809
83.63955529549445
83.75878220140515
83.80446271285966
83.86741308190925
84.00470588235294
84.16411764705883
84.29941176470588
84.51209439528023
84.55023640661939
84.75
84.79470588235294
84.88509133765469
85.1067216981132
85.24052132701422
85.37894110648423
85.58259325044405
85.6718009478673
85.79072532699168
85.92166172106825
86.04469606674613
86.1772076372315
86.5421398684997
86.63289630512514
86.72294887039239
86.81134328358209
86.98562874251498
87.18543046357615
87.24924562462282
87.41261261261262
87.52009598080384
87.66666666666667
87.8467548076923
87.96019300361881
88.16616130988479
88.38838475499092
88.52555622369212
88.67835550181378
88.77113526570048
88.94661067786443
89.08975903614459
89.16696914700545
89.27377347062387
89.41454545454546
89.72238986119493
89.82950423216445
90.07242848447962
90.1445929526124
90.21638141809291
90.38470948012232
90.42918454935622
90.47636586863106
90.72185027388923
90.99632127529124
91.08714198659354
91.24498480243162
91.3089133089133
91.42429792429792
91.53427172582619
91.7276073619632
91.93230769230769
91.97594077729796
92.2204433497537
92.38689740420271
92.44286596664608
92.62376237623762
92.75185643564356
92.83354037267081
93.17190388170056
93.28148148148148
93.43051266213712
93.54870530209618
93.60506798516687
93.8797507788162
93.98884758364312
94.13782447466008
94.31474597273854
94.40247678018576
94.53626782393056
94.79588014981273
94.8859102244389
95.05344934742075
95.16149068322981
95.26273291925466
95.3758556316117
93.30740276035132
89.26878436163715
87.64740917212626
87.75044991001799
87.8310447761194
87.94135248354279
88.11983223487118
88.22906698564593
88.34314903846153
88.50627615062761
88.60071513706794
88.78890876565295
88.9622075584883
89.05960264900662
89.24835032993401
89.2954954954955
89.41681681681682
89.67565947242207
89.70288115246099
89.75496688741723
89.88514732411305
90.10261080752883
90.20742092457421
90.34948516050878
90.40084899939357
90.4745145631068
90.65577737447066
90.8429003021148
91.00729040097205
91.07888349514563
91.22437841115828
91.27509068923821
91.39830508474576
91.44121212121212
91.72501514233798
91.92730604764813
92.05971968312005
92.16453382084094
92.24249846907531
92.38871857755979
92.45454545454545
92.58098159509203
92.70981595092024
92.98159509202453
93.08487084870849
93.17343173431735
93.26503067484663
93.32676923076923
93.47874306839186
93.59815384615385
92.37911746426352
89.7719298245614
87.73269689737471
86.80374926772114
86.84266352386564
86.92475014697237
87.2347723240686
87.30468286899823
87.49941451990632
87.61088355763604
87.7821261682243
87.86631640396965
88.03533568904594
88.20494699646643
88.25280567040755
88.51238207547169
88.69905771495877
88.80094506792676
88.95865327820437
89.09085510688836
89.20648967551622
89.3
89.3819362455726
89.56670602125148
89.77280753384343
89.80742049469964
90.11058263971462
90.16795711733174
90.29569892473118
90.41845238095237
90.47698744769875
90.72662298987493
90.82007125890736
91.01492537313433
91.10820451843044
91.23497917906009
91.29362715902323
91.36716417910448
91.47362110311751
91.60155781905333
91.84097677188802
91.95346062052506
92.16016796640672
92.16846522781775
92.25717703349282
92.32553956834532
92.46070785842831
92.48232474535651
92.52432432432433
92.79749851101846
93.02694610778443
93.12086590499098
93.24819711538461
93.1643753735804
89.05023923444976
85.80023364485982
85.81319322825452
85.8003512880562
85.8003512880562
85.86862170087977
86.02106495026331
86.19719133996489
86.32923257176333
86.47038123167155
86.50587544065804
86.60701754385966
86.68325526932084
86.90286717378584
86.97302052785923
87.16110134739309
87.14736842105263
87.34250585480093
87.51609128145114
87.65260691271236
87.75190169689877
87.85630498533725
87.94434680726421
88.15163934426229
88.25470588235294
88.40762463343108
88.54795321637427
88.65263157894736
88.72261072261072
88.78679906542057
88.89344262295081
88.99589923843
89.12492634060106
89.38747784997047
89.45909358446144
89.61189634864546
89.69894366197182
89.82
89.90041249263406
89.96394799054373
90.01477541371159
90.32328605200945
90.40023612750886
90.53837072018891
90.66193013617526
90.74837566450088
90.84801892371378
90.90219324244221
91.0574644549763
91.21878715814506
91.3944246737841
91.47746144721233
91.64660766961651
91.72931442080379
91.81242603550295
91.95370919881306
92.12180629827688
92.20119402985074
91.75810324129652
87.55731922398589
85.88771929824561
85.86857476635514
85.92253931275481
86.11686046511628
86.20794392523365
86.34378629500581
86.40477577169482
86.50290023201856
86.6406976744186
86.82192575406033
86.88372093023256
86.94240837696336
87.18282066163668
87.43240093240094
87.56486329261199
87.71262361838278
87.75946418171229
87.96382730455076
88.04792518994739
88.26244874048038
88.4139344262295
88.51349765258216
88.55854800936768
88.653981264637
88.88418577307466
89.00471698113208
89.2186018957346
89.25325443786983
89.47905604719764
89.50561134081512
89.70973451327434
89.82642180094787
89.97881106533255
90.20899940793369
90.35663507109005
90.46481371969249
90.51154529307283
90.78260869565217
90.9150442477876
91.0462359217546
91.18035714285715
91.26968973747017
91.36135957066189
91.60724896019013
91.81845238095238
91.92700296735904
92.15242080095636
92.21650717703349
92.32294787297784
92.40598802395209
92.55190930787589
92.68671828469327
92.91060786650775
93.11563810665069
93.15320167564333
93.27724550898203
93.376267143709
93.63430613460393
93.73285629099583
93.84188544152745
94.03526598924088
94.15195195195196
94.29560505719446
94.3726670680313
94.4644578313253
94.7513481126423
94.85611077664058
95.0779376498801
95.1653638003608
95.26353790613719
95.38651414810356
95.43693421846712
95.67107636800962
95.90920024052916
95.98016826923077
96.1656662665066
96.24624624624624
96.3021712907117
96.48132530120482
96.62658610271903
96.74620522161506
96.92900485436894
97.00364298724955
97.06492718446603
97.15712545676004
97.35657974530018
97.38573155985489
97.68234575442884
97.74923733984136
97.84026927784578
97.99268292682927
98.10365853658536
98.1965811965812
98.3235831809872
98.48345588235294
98.60749385749386
98.60749385749386
93.9560770156438
91.29752066115702
90.48196333530456
90.5
90.46455770357352
90.53058823529412
90.6746635459333
90.68559718969556
90.83891828336273
90.87727539635937
90.94
91.15416420555228
91.27981109799292
91.33588685916322
91.33588685916322
89.93400713436385
87.97130102040816
86.09455022980958
85.05115408608859
84.56905749851808
83.85430076067875
83.65141864504922
83.60788863109049
83.53356481481481
83.60831889081456
83.68674001158078
83.84216589861751
83.92374350086655
84.1432664756447
84.2560553633218
84.05485986881335
83.64115168539325
83.32165898617511
83.57887323943662
83.57887323943662
83.57887323943662
83.57887323943662
83.57887323943662
83.57887323943662
83.57887323943662
83.57887323943662
83.57887323943662
83.57887323943662
83.57887323943662
83.73165618448637
83.43135725429018
83.23040857334226
83.19492063492063
83.50868486352357
83.6457699330493
83.74401913875599
83.93502658003544
84.13420427553444
84.55417406749557
84.62397179788483
84.84864546525324
85.05500292568753
85.13313782991203
85.35969537199766
85.44935217903416
85.59154929577464
85.70855457227138
85.94148936170212
86.10095011876484
86.20899940793369
86.31331747919144
86.50148192056906
86.6081802015412
86.77698695136418
86.80260818020155
87.03195266272189
87.11859356376638
87.30590339892666
87.34587813620071
87.53424657534246
87.57270560190703
87.73416965352449
87.89148681055156
88.05878824235153
88.22182037371911
88.25707405177604
88.30741410488245
88.3560651780326
88.39324487334137
88.54424242424243
88.76012084592145
88.95891238670694
89.03753026634382
89.20121580547112
89.20704310868246
89.2679658952497
89.3456865127582
89.50060975609756
89.53639143730886
89.48697270471465
89.03798392987582
88.45205479452055
87.42117647058824
87.42117647058824
87.42117647058824
87.42117647058824
87.42117647058824
87.42117647058824
87.42117647058824
87.42117647058824
87.42117647058824
84.90943043884221
84.71117779444862
84.7372311827957
84.96713021491783
84.97415384615384
85.31620795107034
85.51527860994608
85.63267740011926
85.80082256169213
85.97164796219728
86.20082693443591
86.35109532267614
86.53664302600473
86.66194690265486
86.8208778173191
86.85739540365351
87.01657785671995
87.07969303423849
87.37065409546258
87.41833137485311
87.60728982951206
87.67567567567568
87.71764705882353
87.84294117647059
87.96827262044653
87.9970605526161
88.07344300822562
88.28520919269299
88.28520919269299
88.3248670998228
88.49235294117648
88.58602466236054
88.5957696827262
88.66666666666667
88.70387779083431
88.80671773718326
88.95677915926584
89.02536873156342
89.09332545776728
88.00178890876565
85.5970760233918
85.86304604486422
85.91133294186729
85.92802359882006
86.15801886792453
86.19326241134752
86.26461901949203
86.31519810762862
86.47287735849056
86.58510638297872
86.76387249114522
86.7482269503546
86.83500887049084
86.9460580912863
87.05017709563164
87.15721040189125
87.19574216439976
87.22894424673784
87.27041420118343
87.34223013048636
87.41103202846975
87.548463356974
87.69081272084806
87.75398230088496
87.82890855457227
87.83943329397874
87.94055326662743
88.16941176470588
88.21521226415095
88.23851590106007
88.30212014134275
88.34081512108683
88.47610619469026
88.57352941176471
88.59411764705882
88.708063566804
88.73910482921083
88.73910482921083
88.90652557319224
89.01467136150235
89.12669416617561
89.25341246290802
89.34852071005918
89.38470657972732
89.51475796930342
89.60153031194821
89.61189634864546
89.75602586713698
89.80105633802818
89.91637220259129
89.9876252209782
90.06698002350176
90.16588235294118
90.27637006482027
90.38698224852071
90.39277251184834
90.50441956393635
90.59751773049645
90.74500587544065
90.80798590722254
90.91715628672151
90.99057159693577
91.09644970414202
91.16913069189829
91.23665480427046
91.3228672985782
91.41124260355029
91.60684769775679
91.68812758417012
91.82155477031802
91.89893617021276
91.98643067846608
92.11677534084173
92.15288518738846
92.19418052256532
91.51476793248945
86.26852400711321
82.93209518282066
83.1405529953917
83.18731988472622
83.28481012658227
83.3558246828143
83.51100811123986
83.62224797219004
83.84027777777777
83.86095017381228
83.95191193511008
84.09232544720139
84.18601964182554
84.44373549883991
84.5393127548049
84.57383720930233
84.68622893666473
84.79142526071843
84.80231884057972
84.92111368909512
85.07175925925925
85.20196191575303
85.28323699421965
85.49912536443149
85.52886297376094
85.57627118644068
85.6835960303561
85.75773496789259
85.83352803738318
85.97429906542057
86.04526987811956
86.16354044548652
86.3386057410662
86.39695550351288
86.55067369654364
86.61022927689595
86.73536299765809
86.8231850117096
86.87426556991774
86.99941348973607
87.10011778563015
87.22346041055718
87.3934617629889
87.42932242990655
87.64156450671337
87.78550555230859
87.78768328445747
87.44331296673455
86.89988876529478
86.89988876529478
85.77215189873418
83.13822688274547
81.90930599369085
81.10046885465506
80.78652434956638
80.87343441001977
80.77516339869281
80.38602015113351
80.32080048514251
80.26009501187649
80.40164415736935
80.58737580362362
80.84476744186047
80.9622531939605
81.2024432809773
81.42790697674418
81.56660849331007
81.6608695652174
81.76259409380428
81.94614939200926
82.19321449108683
82.39583333333333
82.5522819179665
82.68145161290323
82.77025462962963
82.87953890489914
83.0321469575201
83.20594965675058
83.385500575374
83.61729106628242
83.6674364896074
83.8135103926097
83.89145496535797
84.01093210586882
84.1829128440367
84.24313501144165
84.45214899713467
84.59342560553634
84.74336793540945
84.84344309647602
84.90190421234853
84.94524495677233
85.10611303344868
85.32714617169374
85.44071717755928
85.54123112659698
85.64545980335454
85.7440648523451
85.89204875217644
85.9446386946387
86.06670567583382
86.27953216374269
86.40268065268066
86.56950934579439
86.60620245757752
86.76501457725948
86.88355763604447
87.03512880562062
87.1664705882353
87.21247792819305
87.35735207967194
87.49823943661971
87.70286047869236
87.74136922176712
87.86842105263158
88.04590935844614
88.20934358367829
88.30082742316785
88.44935217903416
88.5433117265763
88.61845972957084
88.77489687684148
88.89222614840989
89.04809976247031
89.27428909952607
89.29502369668246
89.36568047337278
89.58421672555949
89.75088547815821
89.80366646954465
89.8206937095826
85.72802359882006
82.1728323699422
