96.26727272727273
95.72225591267434
95.69533615990309
95.54133977066988
95.35036496350365
95.34486945962355
95.12416717141127
94.9610705596107
94.85359951603145
94.57942787583688
94.40448756822316
94.3141297756216
94.1250755287009
96.14233576642336
97.91692307692307
97.73267933782955
97.71279853031231
97.56898656898656
97.37538086532602
97.16483516483517
97.01352181929931
96.83965728274174
96.64734594264796
96.54075425790754
96.39696048632219
96.27056672760511
96.17861482381531
95.9737003058104
95.73658536585366
95.59841560024375
95.48571428571428
95.35905224787363
95.19525547445255
95.06047648136835
94.94002447980417
94.74238733252132
94.61337386018236
94.49455864570737
94.30484848484849
94.12172854534388
93.93948655256723
93.70273556231002
93.74148418491484
96.73496932515337
97.52521525215252
97.28244746600743
97.20049504950495
96.9648581997534
96.86411365040149
96.54367745876604
96.45192896509491
95.96683046683047
95.9478527607362
95.65550821667681
95.26576852418862
95.01898346601347
94.74878345498783
94.54123396456933
94.46861669713589
94.33150517976843
93.98047589993898
93.82095006090134
93.55109489051095
93.10974862047823
92.9041514041514
92.7107337780473
92.56656534954408
92.09333333333333
91.40351941747574
90.26360338573156
90.23913043478261
89.75587703435805
89.26477683956574
89.10361445783133
88.76516516516517
88.66847172081829
88.53453453453453
90.64320388349515
91.54969325153374
91.51953601953602
91.51953601953602
91.31636363636363
91.24984839296543
90.83749239196591
90.63990267639903
90.63990267639903
90.40473300970874
90.36992116434203
90.02917933130699
89.80981223500909
89.45003028467596
89.42356495468277
89.1858353510896
89.01027190332326
88.68802902055623
85.99581839904421
80.34201183431952
78.28352037802718
78.0177200236267
77.95344725987036
77.55384615384615
76.88474970896391
76.13825424721735
75.87201861547412
75.80791618160652
75.71927781013396
75.53516998827666
75.31020408163265
75.31086577571179
75.44314868804665
75.83691236215903
76.0876887340302
78.10492753623188
78.36533957845434
78.77875072971395
79.31030444964871
79.85772594752187
80.38089622641509
80.98652606912712
81.7782991202346
82.00352319436288
82.58176470588235
81.14017595307918
78.0787771898883
78.53301886792453
79.30460448642266
80.07854630715123
80.989449003517
81.989449003517
82.77328646748681
83.33845245126993
83.96590241034686
84.46745562130178
84.9964705882353
85.7127659574468
85.8064705882353
85.79635079458505
85.84185773074663
85.74647887323944
85.66198008201523
85.46280023432924
85.27326266195524
85.061260210035
86.29512051734274
89.95603089720737
90.21936640765092
90.03862150920975
89.97204045211184
89.83796570076878
89.77948113207547
89.52364066193853
89.30960854092527
88.99529411764706
88.92298647854203
88.73619271445358
88.6355633802817
88.52944640753827
88.27898763978811
88.09988249118683
87.97183098591549
87.8428738317757
87.59895227008148
87.39553990610328
87.27112676056338
87.00291885580852
86.8072429906542
86.69009958992385
86.56429829712272
86.34430082256169
86.13066509711595
85.93911007025761
85.80974750440399
85.54593639575971
85.5
85.27267373380448
85.11957796014067
85.05803048065651
84.78370457209847
84.71695906432748
84.46965232763701
84.46965232763701
84.15529411764706
84.03108504398827
83.91969519343493
86.84365781710915
89.09767718880286
88.95510927347902
88.85966981132076
88.70473372781065
88.56175771971496
88.33116883116882
88.1883460859329
87.99646851088876
87.85345838218053
87.75910693301998
87.54250295159386
87.37662337662337
87.17381092190253
87.06568914956011
86.81679389312977
86.71933962264151
86.52366863905326
86.49320732427643
86.39692852923804
86.11509101585438
85.82308142940832
85.74267291910903
85.55490311215502
85.54171562867215
85.22842043452731
85.13204225352112
84.96432748538011
84.89679300291546
84.73607038123167
84.58357771260997
84.36283704572098
84.2197545295149
84.06585081585082
84.94395796847635
87.3547619047619
87.3547619047619
87.28944246737841
87.07231040564373
86.78533724340176
86.63620283018868
86.46721795629061
86.28907168037603
86.13827304550759
85.98891481913653
85.84259801053247
85.6487919858574
85.53485647334504
85.22748538011696
85.07656341320865
84.99416569428239
84.89772063120982
84.81377699941623
84.63822326125073
84.42958161461402
84.25366139425893
84.12478134110788
83.87338804220398
83.70674486803519
83.53750738334318
83.44254566882734
83.1900293255132
83.67157151265451
86.91978609625669
87.20298507462687
87.1010101010101
86.92471843509188
86.65576694411415
86.55555555555556
86.49082297217288
86.29383886255924
86.12713360800471
85.97647058823529
85.79021803182086
85.5287152161042
85.34567901234568
85.1751611013474
85.01875732708089
84.89994148624928
84.75809299587993
84.63808397397989
84.44805194805195
84.28403064230996
84.04574780058651
83.78227699530517
83.69488536155202
83.50413711583924
83.46607669616519
83.14712778429075
83.02466236054022
82.87617370892019
82.74985388661601
82.4973544973545
82.41324736225089
82.16764361078546
82.03092182030339
81.91666666666667
81.83187390542908
81.73625730994152
81.49035651665693
81.34709302325581
81.00992410974898
80.97146185206756
83.12857977790766
86.16872427983539
86.0868544600939
86.06811509101586
85.99237536656892
85.71361776738749
85.66354593329433
85.35622065727699
85.22085530169889
85.09953161592506
84.9162272993556
84.7407624633431
84.47055359246173
84.36876100998238
84.12974868497955
84.01809690601284
83.76374269005848
83.47941176470589
83.42201294879341
83.23625730994152
83.0907494145199
82.86849795441262
82.8514619883041
82.51803666469544
82.47517730496453
82.1427732079906
82.00471142520612
81.79368790181181
81.70287727539636
81.57235294117648
81.45599527466037
83.12661195779602
86.61907582938389
86.80461811722913
86.78356002365464
86.61952662721893
86.49080118694361
86.4058056872038
86.20813679245283
86.02720283855707
85.71962062833433
85.55654233274127
85.38425103611604
85.31357439241256
84.9568812758417
84.84905660377359
84.56106194690265
84.41259564449676
84.31327433628319
84.28849557522123
83.89829512051735
83.61538461538461
83.47261904761905
83.30522565320665
83.1406528189911
82.91750741839762
82.69767441860465
82.49164677804296
82.41327751196172
82.26438848920863
81.87432351172579
81.71720818291216
81.56748650269947
81.46662657847264
81.24909963985594
81.12002412545235
80.80350665054414
83.22719033232629
86.38932686476653
86.3756038647343
86.31261315630658
86.23958961979481
86.17512077294685
85.85575757575758
85.78006042296073
85.41836734693878
85.29843561973526
85.22001205545509
84.79735417919423
84.72645470905819
84.45558223289316
84.3381208856972
84.2166367444644
83.90303390838787
83.7072152653548
83.60394265232975
83.29647340107591
83.01196888090963
82.79246411483254
82.52565632458234
83.70778443113772
85.62432594367885
85.4868578255675
85.36189334931096
85.23646209386281
85.03349282296651
84.74386594853381
84.67105263157895
84.39448441247002
84.2918918918919
84.21882494004797
83.96190476190476
83.7750449910018
83.57202630005978
83.4457759137208
83.36494597839136
83.04161712247324
82.88598574821853
82.66349583828776
83.97848176927675
85.5190332326284
85.45328511151295
85.37357357357358
84.99280143971205
84.74564040889958
84.58473557692308
84.54469106178765
84.37515006002401
84.21364452423698
83.97083333333333
83.7575938058368
83.5827854154214
83.53377166766288
83.29268292682927
83.23145933014354
82.98512790005948
82.82489577129243
82.65951103160405
82.48066627007734
82.43802145411203
82.25998807394156
81.97321428571429
81.75641791044777
81.56837098692033
81.56837098692033
84.73169267707082
85.39568345323741
85.28040742959857
85.26918465227818
84.97667464114832
84.74237895995218
84.55135135135136
84.51435406698565
84.24700239808153
84.19640718562874
83.9261465157832
83.67423789599522
83.56690561529271
83.43895175699821
83.29611940298507
82.98399525785418
82.78690476190476
82.60559190957763
82.48421679571173
82.35564853556485
82.1959619952494
82.0023682652457
81.87677725118483
83.36595492289443
85.57348530293942
85.47878063359235
85.35988023952096
85.0726622989875
85.04038004750593
84.75775656324582
84.61207411835026
84.36807623585467
84.26281287246722
84.0220369267421
83.90628706998814
83.61693309650681
83.44154302670623
83.34221432800474
83.15615792575133
82.97176470588235
82.84120425029516
82.43957345971565
82.38967971530249
82.21335697399527
82.0112426035503
81.77981109799292
81.64018968583284
81.4295900178253
83.31168831168831
84.85053380782918
84.7862640615749
84.56183115338882
84.3327380952381
84.18994082840237
83.951536643026
83.78418549346017
83.56956004756242
83.43757431629012
83.10295857988166
82.94048320565705
82.68998221695317
82.55035545023696
82.43357058125741
82.1775147928994
82.04370939161252
81.7780401416765
81.5660153937241
81.36714116251483
81.21002949852507
80.9817216981132
80.8823181549379
80.70887573964497
80.50118343195267
80.38612099644128
80.93624557260921
85.23430962343096
87.0955223880597
87.03035714285714
86.84510385756677
86.56454491374183
86.5166270783848
86.3339275103981
86.10401891252955
85.98048492016558
85.6252230814991
85.4625890736342
85.33749257278669
85.02017804154303
84.85933806146572
84.61975162625666
84.46112759643917
84.38456973293769
83.97858417608566
83.79668049792531
83.49524375743162
83.3458110516934
82.96513002364067
82.81409117821195
82.58516320474777
82.39374262101535
82.12418687167357
81.89929328621908
81.66785079928952
81.36481700118064
81.12174940898345
80.96996466431095
81.0381679389313
84.6470588235294
86.3157894736842
86.09506833036245
85.92599171107165
85.61229314420804
85.40617577197149
85.2497034400949
84.90650887573965
84.74705188679245
84.51450562462996
84.29028436018957
84.15742924528301
83.798224852071
83.55905044510386
83.29418742586003
83.11
82.90064667842445
82.64264619019492
82.43329397874852
82.2090694935218
81.9747356051704
81.83548766157462
81.48134991119005
81.32841110454814
81.19244391971665
80.88370720188902
80.79917792131532
81.14652656158786
80.96175200493522
81.855421686747
82.12658227848101
82.30977872947895
82.09662162162162
81.97247119078105
81.92861538461538
81.73072360616844
81.40318772136953
81.32446808510639
81.10837727006444
80.95888824551245
80.48678802113916
80.349234393404
80.05087719298245
80.00058582308142
79.68349970640047
79.42570754716981
79.25586854460094
79.06140350877193
78.75941176470589
78.48087110064743
78.3223335297584
78.11425206124852
77.80117302052786
77.6443268665491
78.86915887850468
82.50356294536817
82.75976331360947
82.6617298578199
82.45803782505911
82.41984732824427
82.07997664915354
81.98826291079813
81.56268393172455
81.51734273956497
81.44287396937574
81.08878504672897
80.83808969132207
80.52112676056338
80.31741409435061
80.04731308411215
79.90303738317758
79.52779403159742
79.31866197183099
79.12229373902868
78.92857142857143
78.61643026004728
78.35193889541716
78.23171445289643
78.17126099706745
77.89606576629477
77.70737463126844
77.55229142185664
77.47027663331372
77.25960969840331
79.04505558806319
85.63167366526694
85.93820558526441
85.82896305125149
85.74076281287246
85.46337105419893
85.30833333333334
85.14878482513338
84.89916963226572
84.50059594755662
84.41239570917759
84.09504132231405
83.96923076923076
83.55634638196916
83.43026706231454
83.24837374334713
82.94372037914692
82.68912529550828
82.31503579952268
82.06135693215339
81.85959715639811
81.56323877068557
81.4337278106509
81.15156897572528
80.9127358490566
80.63916913946588
80.45390070921985
80.03734439834025
79.85495283018868
79.58847980997625
79.55555555555556
79.10585452395033
78.88672566371682
79.74043555032372
82.48234590065829
82.50329144225014
82.41397849462365
82.03909952606635
81.86817102137768
81.66111771700356
81.5871505056514
81.28630705394191
81.15966883500887
80.98817267888823
80.87691401648999
80.41992882562278
80.30883224659158
80.09593878752207
79.86545240893066
79.54976303317535
79.44319526627218
79.16627358490567
78.96629213483146
78.75029585798816
78.41054502369668
81.05778301886792
82.84066587395957
82.54583333333333
82.50029744199881
82.34976247030879
82.15035377358491
81.9093050647821
81.77082102776137
81.35443786982249
81.16666666666667
80.9310141509434
80.57888493475681
80.51094027202839
80.20224056603773
80.08259587020649
79.71176470588236
79.56519174041298
79.38994082840237
79.12094395280236
78.8515671200473
78.5712596096984
78.46690307328605
78.19588235294118
79.15502055196711
83.13139120095124
83.87655050206733
83.76631079478055
83.60949554896142
83.26228537596211
83.09498525073747
83.01881246325691
82.6375442739079
82.5226603884638
82.199179847686
81.9524647887324
81.75497076023392
81.53877790834312
81.46937573616019
81.10929281122151
80.87981330221703
80.57369348209043
80.44483568075117
80.32514619883041
79.78867483946293
79.61254396248535
79.46271285965942
79.16093294460642
78.96493278784337
78.81733021077284
78.45614035087719
78.2688927943761
78.40973036342321
81.50561797752809
81.22628167354155
81.06615925058549
80.95675043834015
80.60339777387229
80.44424882629107
80.23319696084161
80.0579286132241
79.8296511627907
79.51262477980035
79.31671554252199
79.15285880980163
78.94752186588921
78.70612244897958
78.49179366940211
78.21129220023283
78.094022054556
77.85111371629543
81.62997658079625
83.77954144620811
83.71319648093842
83.5391812865497
83.38466008134806
83.25101214574899
82.98200812536274
82.65615878575598
82.51260997067449
82.16220930232558
81.93375944218478
81.77713290771909
81.50700934579439
81.19396051103368
81.06086956521739
80.93984962406014
80.5321261682243
80.35150812064965
79.97508690614137
79.79386218876665
79.5486313337216
79.30371660859466
79.07505773672055
78.88798607080673
78.75144843568945
78.47823563551944
78.5957324106113
81.45268691588785
81.7288037166086
81.64456079115764
81.45956951716114
81.30537883169463
81.2
80.89907192575406
80.69115095430885
80.29941860465117
80.08733371891266
79.95546558704453
79.77867902665122
79.48463768115943
79.26747544771808
79.01388085598612
78.84664351851852
78.65133876600699
78.26132404181185
78.02250432775534
77.89403590040533
80.44302325581396
81.2420197330238
80.92285382830626
80.86527293844367
80.47619047619048
80.30849220103985
79.98495370370371
79.87687861271677
79.51216685979142
79.28933717579251
79.08112773302646
78.87962962962963
78.69595375722544
78.41806601042269
78.18601964182554
79.04493087557604
81.29709302325581
81.05327156919513
80.90023068050749
80.69244186046511
80.35017421602788
80.18677494199535
80.00173812282735
79.7801749271137
79.41705607476635
79.23385689354276
78.94186046511628
78.8219497956801
78.56641310708017
78.43083235638922
78.19625073227886
77.8732476635514
77.75365710942071
77.40799529688418
77.17066043249562
77.05099648300117
76.87456037514654
76.56739258387286
76.39125295508275
76.15529411764706
76.03644914756026
79.95603751465416
85.0888625592417
84.96388395500296
84.91656804733728
84.57260435038212
84.51588235294118
84.30432208407342
84.13939751919669
83.76365795724466
83.49082297217288
83.228453364817
82.93487270574305
82.83461311281748
82.53084223013049
82.34715639810426
82.07983441750443
81.84387936132465
81.62492581602373
81.3207100591716
81.10841232227489
80.9638196915777
80.60939357907253
80.41364985163204
80.29338103756709
80.02424600827912
79.69217081850533
79.53424657534246
79.16874628639334
78.97271648873073
78.68352171326592
78.64583333333333
78.33750745378653
78.05397390272834
77.84432560903149
77.62173396674584
77.45714285714286
77.05763517528223
76.9536541889483
76.53022142429683
76.42346634901727
76.21863799283155
75.99644339063425
75.72971360381861
75.64128494943486
78.32800473653049
83.12972972972973
83.05253731343284
82.77844311377245
82.58911483253588
82.45481747456613
82.20808561236623
81.97568208778173
81.7843137254902
81.42039355992844
81.1165972635336
80.9452380952381
80.5835308056872
80.44292508917955
80.1935866983373
80.08437314319667
79.8114657210402
79.7513258691809
82.10236686390533
83.52787663107948
83.426453143535
83.32682060390763
82.98748510131108
82.62492546213477
82.47565320665083
82.24776119402985
81.95476190476191
81.57951161405599
81.37611408199643
81.02612826603325
80.76644931831653
80.52420800956367
80.30106888361045
80.08145065398335
79.83700178465199
79.64021479713604
79.34388059701493
79.05819477434679
78.80378250591016
78.59678379988088
78.36676557863501
78.14497920380273
77.87919858573954
77.67931238885596
77.47890671420083
77.96519174041298
81.53266033254157
82.01061946902655
81.86427732079906
81.63486454652532
81.46049528301887
81.3780271707029
80.98820754716981
80.85008818342152
80.44608131997643
80.30337078651685
80.02582159624413
79.87809187279152
79.6310223266745
79.48820754716981
79.2610229276896
79.02949852507375
78.8357771260997
78.46714031971581
78.43008849557522
78.0530347672363
77.81348973607038
77.624335499114
78.78121353558926
83.95
85.82549136390709
85.65412186379929
85.54545454545455
85.40154211150653
85.10940272028385
84.99056603773585
84.61986912552052
84.43976261127597
84.29540094339623
83.83667452830188
83.5888625592417
83.38137603795967
83.17781690140845
82.7944477259303
82.5959952885748
82.44404973357015
82.23294117647059
81.93259085580304
81.709431751611
81.4684365781711
81.14319111630626
80.9906103286385
80.55974102413184
80.42958161461402
80.2413388138579
79.9888366627497
79.78395784543325
79.52355712603062
79.3670588235294
78.96302816901408
78.79740871613663
78.51681415929204
78.37742504409171
80.296079578701
85.68214285714286
86.95961995249407
86.90183323477233
86.68127962085308
86.49172576832152
86.3857058476078
86.11608721272835
85.92894891368174
85.49763593380615
85.43867924528301
85.18431831480397
85.02941176470588
84.49055489964582
84.40847557386698
84.16764018691589
83.86265341905319
83.72088940901112
83.47114252061249
83.18648018648018
82.98312972658522
82.73905429071804
82.36379613356766
82.22099125364431
81.92936368943374
81.80011655011656
81.4891495601173
81.23820617355854
81.01045296167247
80.81770529994176
80.51079976649153
81.05539358600583
85.05473808122424
86.08972845336481
86.01233118027011
85.9325117370892
85.66881972988843
85.41363102232667
85.28822495606327
84.9046783625731
84.57434402332362
84.43460410557185
84.16578793204452
83.88564760793466
83.66124346310285
83.45571095571096
83.19291109819872
83.0586186883343
82.74956319161328
82.48336252189142
82.18630295995357
82.01454333915066
81.91125290023201
81.50174825174825
81.3279258400927
81.05330243337195
80.86906141367324
80.75492468134415
80.18049912942541
82.8300464037123
87.1489988221437
87.33214709371293
87.2259587020649
87.11899179366941
86.93935860058309
86.77387229056825
86.48708920187794
86.12470725995315
86.02329644729178
85.74502923976608
85.39634864546525
85.21203271028037
85.00758459743291
84.77972027972028
84.50734861845973
84.01337209302325
83.92504357931435
83.53678634490878
83.20899007589026
83.03654292343387
82.80209545983702
82.45607911576498
82.25131195335277
82.04489795918367
81.61780104712042
81.34868804664723
81.12841371295758
81.0
80.60864485981308
80.34053738317758
80.0824143934997
80.66821615339919
83.54257193188491
83.45588235294117
83.3108504398827
82.97598125366139
82.88121708601521
82.54152046783626
82.2600583090379
81.9737456242707
81.84382284382285
81.50996483001173
81.11857476635514
80.95974329054843
80.68933177022274
80.42298716452743
80.0859649122807
80.00467016929363
79.68676814988291
79.3409090909091
79.22520420070012
78.73122065727699
81.4649381261049
84.10489098408956
83.8243959929287
83.7
83.61506768687464
83.28453850676073
83.08411214953271
82.80679156908666
82.31393298059965
82.1374269005848
81.93011065812463
81.6044732195409
81.3047563123899
81.15915740198946
80.88152492668621
80.48973607038123
80.22026947861745
79.90099589923842
79.70860152135752
79.30575117370893
79.1285046728972
78.90994152046784
78.82913984786425
82.3896103896104
87.43137254901961
88.08778173190984
87.9290780141844
87.75683709869203
87.55357142857143
87.29828706438275
87.11886457717327
86.86894923258559
86.70543093270366
86.39315230224321
86.00117924528301
85.75605434140579
85.44234180958013
85.24117647058823
84.91347851677457
84.7268981753973
84.35849056603773
84.23294117647059
83.77653301886792
79.46426461901949
79.2327637006482
79.03596698113208
78.76963969285292
78.49379065641632
78.22326674500587
77.95011737089202
77.80401416765054
77.49291617473436
76.94634433962264
76.88771310993533
76.55332940483206
76.32140762463344
76.1714621256606
75.74912075029309
75.52678045909359
75.27272727272727
78.2824427480916
80.66902237926973
80.49292452830188
80.29301233118026
80.10928319623972
79.84950029394474
79.56106194690265
79.38557066824364
79.05334114888629
78.79154433352906
78.42282672974571
78.17968291250735
77.86427732079906
77.56923983500295
77.38393384524512
77.12837045720985
76.86666666666666
76.56529411764706
76.35542521994135
75.88823529411765
75.67450058754406
75.47869822485207
75.14529411764705
77.50353773584905
80.47390272835112
80.38776722090262
80.1575221238938
79.85688941454761
79.53353115727003
79.3079196217494
79.06242638398115
78.79787234042553
78.6021251475797
78.57327080890973
78.9690594059406
79.63006632277082
80.26874003189792
81.3640350877193
81.87160326086956
81.93248407643313
81.76175931582162
81.49318316538233
81.4283185840708
81.33608490566037
81.03510825043885
80.58971361776739
80.39452214452214
80.04441846873173
79.76321974148061
79.62266355140187
79.22652582159624
79.0677570093458
78.70654095462581
78.44240992321323
77.99528579846789
77.7630023640662
77.46485528647372
77.23910482921083
76.95985832349469
76.7854609929078
76.51274451689389
76.771546635183
82.28767123287672
85.43514644351464
85.38567164179105
85.2968471148126
85.0308239478364
84.68988095238095
84.51726190476191
84.26610978520286
83.98103141671606
83.65085951393006
83.40716417910448
83.03260225251927
82.89869668246446
82.49851632047478
82.35136741973841
82.02790973871734
81.67002369668246
81.49851632047478
81.18452380952381
80.64179988158673
80.50475059382423
80.22123368920522
79.93508040500298
79.67916666666666
79.5251497005988
79.1283422459893
78.79631828978623
78.57570317175345
78.16331360946745
80.27857142857142
81.47927927927928
81.39904420549581
81.04280618311535
80.75641791044777
80.60635110844817
80.40707434052757
80.04815695600476
79.63151587777112
79.58837627321749
79.35645933014354
79.00178465199286
78.71000599161174
78.57416267942584
78.41666666666667
78.04399524375744
77.80535714285715
77.51312649164677
77.23480333730632
76.94576877234803
76.66806220095694
76.49522673031026
76.22885866351271
75.95280764635604
76.95344725987036
83.38526063511084
83.42413381123059
83.34287418008348
83.13107947805457
82.9030159668835
82.5706618962433
82.3436385255648
82.12566371681416
81.89157336476134
81.3556609365738
81.187832250443
80.98532863849765
80.68900646678425
80.3937054631829
80.1357733175915
79.89541715628673
79.61497641509433
79.26197516262566
78.88093841642228
78.57748968768415
78.27545615067687
78.03227699530517
77.70405167351733
77.56014150943396
77.1170588235294
79.21307647402219
81.60754272245138
81.12698412698413
80.9759671746776
80.74104521432766
80.49676660787772
80.19390743995314
79.9140350877193
79.72124413145539
79.35697538100821
79.19529411764705
78.68933177022274
78.48559670781893
78.14596821659799
77.92635885447108
77.67565982404692
77.41490610328638
77.17450058754406
78.43294117647059
83.15507075471699
85.13270698766883
85.06345475910693
84.91339964891749
84.64591896652965
84.29105786090005
84.08835576360444
83.88706846108836
83.6635349383441
83.22828638497653
83.05614035087719
82.76764705882353
82.48939929328623
82.12763466042155
81.84624413145539
81.50825471698113
81.24292452830188
81.00233508464682
80.90222482435597
80.51162790697674
79.58928571428571
79.1742700729927
79.1742700729927
79.1742700729927
79.1742700729927
79.1742700729927
79.1742700729927
79.1742700729927
79.1742700729927
79.1742700729927
79.1742700729927
79.1742700729927
79.1742700729927
79.1742700729927
79.1742700729927
79.1742700729927
79.1742700729927
79.1742700729927
79.1742700729927
79.1742700729927
79.1742700729927
79.1742700729927
79.1742700729927
79.0
77.41029900332227
78.02342342342342
77.65888689407541
77.65888689407541
77.65888689407541
77.65888689407541
77.65888689407541
77.65888689407541
77.65888689407541
77.65888689407541
77.65888689407541
77.65888689407541
78.85114045618248
78.9621668099742
79.00846262341325
78.74443738080102
78.55827854154214
78.19094602437609
77.92945823927765
77.47368421052632
77.43767785998861
77.13382687927107
76.90171428571429
76.72915468660149
76.57505773672055
76.21658986175115
76.01557991921523
75.85011574074075
81.69483568075117
85.18390129259694
85.04556074766356
84.88506417736289
84.69271445358402
84.31597425394968
84.09794721407624
83.81743709771797
83.48704358068316
83.00528169014085
82.69348209042866
82.47486694263749
82.26823529411764
81.82186948853615
81.68018812463256
81.34726309593879
81.09777517564403
80.79493223335298
80.41093474426808
80.11274221961244
79.82314923619272
79.52941176470588
79.31022326674501
81.4504132231405
82.90589636688505
82.50505651397977
82.51902497027348
82.29847094801224
80.9730010384216
80.9730010384216
80.9730010384216
80.9730010384216
80.9730010384216
80.9730010384216
80.9730010384216
81.25481313703284
81.70173913043479
81.39555555555556
81.16180371352785
80.92274412855377
80.86591179976162
80.43372093023255
80.30694205393
80.08505747126436
79.66242774566474
79.47520184544406
79.24697754749569
79.03188405797101
78.71279675738275
78.52287203242618
78.26581543818921
77.94938917975567
77.67766203703704
77.27456647398844
77.16946211683054
76.79930795847751
76.3906439854192
76.51990445859873
77.56047197640117
77.56047197640117
77.56047197640117
80.42735042735043
80.42735042735043
79.27771010962242
79.42630597014926
79.05830670926518
79.1219512195122
78.79201545396008
78.53117359413203
78.20949554896143
78.08462867012089
77.72083805209513
77.3756345177665
77.09824957651044
76.68595505617978
76.56456120737842
76.25764439411098
76.03473804100227
75.80340909090908
75.59726183685112
75.312606959498
75.65903890160183
80.41019698725377
82.14351851851852
81.90137614678899
81.65835266821345
81.47536231884058
81.1541547277937
80.9361334867664
80.58898550724638
80.32813402657423
79.98446490218642
79.76746849942727
79.34662045060658
79.20463768115943
78.80738177623991
78.57109692396982
78.32949308755761
77.85879629629629
77.69705712637045
77.35561959654179
77.08487297921478
76.85953757225434
76.56703424260012
76.32658959537572
76.06739631336406
76.6300578034682
81.44399303540337
82.52356020942409
82.24523946912868
82.17147806004618
81.8528563185228
81.79953783939919
81.3293033966609
81.09143185738931
80.67550432276657
80.36635944700461
80.09902690326274
79.97415278575531
79.57035321366531
79.29384703852789
79.05778032036613
78.78592036930179
