116.94704433497537
117.10740740740741
117.36945812807882
117.91400491400492
118.15563725490196
118.65288220551378
118.96477987421383
119.34082397003746
119.73257287705957
120.42984693877551
120.63461538461539
121.04161248374513
121.37117346938776
121.58429858429858
121.79818887451488
122.25736235595392
122.50065530799475
122.75632490013317
123.16166883963494
123.5065963060686
123.86234817813765
124.11523178807947
124.49136786188579
124.56644295302013
124.80952380952381
125.00947225981056
125.42972972972973
122.20827586206897
120.46308724832215
120.88919288645691
120.9932157394844
121.36559139784947
121.66212534059946
121.82288828337875
121.86702849389417
122.43956043956044
122.63265306122449
122.74355495251018
122.92905866302866
122.96452933151433
123.37753721244925
123.83147632311977
123.9820193637621
124.00552486187846
121.66387726638773
117.16990920881972
117.35446313065977
117.10406091370558
117.10188679245283
117.12547051442911
117.137106918239
117.6536523929471
117.6423076923077
118.22958397534669
113.97419354838709
113.97419354838709
113.97419354838709
113.97419354838709
113.97419354838709
113.97419354838709
113.97419354838709
113.97419354838709
113.97419354838709
113.97419354838709
113.97419354838709
113.97419354838709
113.97419354838709
113.97419354838709
113.97419354838709
113.97419354838709
113.97419354838709
113.97419354838709
113.97419354838709
113.97419354838709
113.97419354838709
113.97419354838709
113.97419354838709
113.97419354838709
113.97419354838709
113.97419354838709
113.97419354838709
113.97419354838709
113.97419354838709
113.97419354838709
113.97419354838709
113.97419354838709
113.97419354838709
113.97419354838709
92.58741258741259
94.41722745625842
96.99518072289158
97.94742857142857
98.41234840132304
98.9913137893594
99.33049946865037
99.63646055437101
99.45281018027572
96.10665258711721
94.08255933952529
94.28690228690229
94.62043795620438
94.99896265560166
95.23498964803312
95.63825363825364
94.3066528066528
91.18426501035196
90.14626556016597
90.68980021030494
90.93894736842105
91.3781512605042
91.83632523759239
92.19453207150369
92.5456475583864
93.04105263157895
93.49304812834225
93.79615795090714
93.67384284176534
90.42236699239956
87.93600867678958
87.79284164859003
88.07766990291262
88.56939890710383
88.71820175438596
89.13355048859935
89.51986754966887
90.07700650759219
90.46322722283205
90.84210526315789
91.37991266375546
91.76122672508215
92.04130434782608
90.08743169398907
87.90628445424477
88.27362637362637
88.63925438596492
89.00652883569097
89.4298150163221
89.6445652173913
90.09324758842443
90.4330453563715
90.73118279569893
91.17891373801918
88.38272921108742
87.34258271077908
87.81545064377683
88.10425531914893
88.58998935037273
89.01060445387063
89.50845665961945
89.90822784810126
90.34381551362684
90.92789968652038
91.29749478079331
91.79852320675106
92.14745586708203
92.56295525494276
92.99375
93.43198338525441
93.89479166666666
94.1400208986416
91.02085505735141
89.4120707596254
89.92797494780794
90.18426501035196
90.67400419287212
90.99584631360332
91.45198329853862
91.75678496868476
92.12763713080169
92.67052631578947
93.09694415173867
93.5295358649789
93.93103448275862
94.34348739495799
94.66140904311251
95.1754932502596
95.54008438818565
94.64105263157894
90.86406743940991
90.84607329842932
91.05882352941177
91.46041666666666
91.77777777777777
92.07492195629553
92.51578947368421
92.86534446764092
93.22397476340694
93.84315789473685
94.23336853220697
94.62881177707676
95.06498951781971
95.48105263157895
95.81052631578947
96.1434554973822
96.53515215110178
96.96020942408377
97.46186440677965
96.5557894736842
93.98
94.05130890052357
94.18893528183716
94.67932489451476
94.83843717001056
95.19618239660657
95.83315733896515
96.12896405919662
96.57967914438503
96.88510638297873
97.20927723840344
97.58797327394208
98.09102402022756
98.09102402022756
98.09102402022756
98.09102402022756
98.09102402022756
98.09102402022756
98.09102402022756
98.09102402022756
87.25798525798525
88.02868068833652
88.58358662613982
88.96159122085048
89.56320400500626
89.83780487804879
90.28418549346017
90.69204152249135
91.13911060433296
91.68361581920904
91.91477272727273
92.29729729729729
92.79349046015713
93.40863787375416
93.86600221483943
94.01893095768374
94.75334821428571
95.02234636871508
95.35458612975391
95.75334821428571
96.1015625
96.57207207207207
97.03595505617977
97.3195067264574
97.9481981981982
98.16985376827895
98.60933940774487
98.95367231638417
99.35159817351598
99.74631936579841
100.0498866213152
100.6735632183908
100.99081515499427
101.53917050691244
101.89092996555684
102.20209059233449
102.53084982537834
102.9790454016298
103.38569753810083
103.63305978898006
100.6284023668639
98.43008225616921
99.02546296296296
99.2511574074074
99.68949232585597
100.00236406619385
100.42622950819671
100.68364928909952
101.10941176470588
101.56019070321813
101.98226950354609
102.34363852556481
102.79928741092637
103.2398568019093
103.50959232613909
103.85421686746989
104.32928311057108
105.0747384155456
104.64259927797835
104.64259927797835
104.64259927797835
104.64259927797835
104.64259927797835
104.64259927797835
104.64259927797835
92.03012048192771
92.03012048192771
92.81603773584905
93.3293172690763
93.4020618556701
94.10584518167457
94.24397590361446
94.6676217765043
95.35104895104895
95.7797537619699
96.32623169107856
96.79816513761469
97.06363636363636
97.6289707750953
98.06641123882503
98.38510101010101
98.8886075949367
99.35614702154626
99.66791979949875
100.1765447667087
100.63829787234042
101.06226650062266
101.38260869565218
101.82249999999999
102.24234693877551
102.61861074705112
103.13161875945536
103.58264462809917
103.58264462809917
103.58264462809917
103.58264462809917
103.58264462809917
103.58264462809917
103.58264462809917
103.58264462809917
92.42293906810036
92.42293906810036
94.16157989228007
94.52887537993921
94.99303621169916
95.60344827586206
95.86692506459949
96.46847960444994
96.78934624697337
97.45246690734055
97.92361927144536
98.50233644859813
98.92111368909514
99.46736596736596
99.8960739030023
100.32560834298957
100.57274826789839
101.05848623853211
101.44055944055944
101.81084198385236
98.78175519630486
95.87868480725623
94.69864559819413
95.0582306830907
95.36507936507937
95.64212910532277
96.0316027088036
96.4847801578354
96.83219954648527
97.46857142857144
97.8430698739977
98.3175519630485
98.61778290993072
99.19723183391002
99.59425287356322
99.77003484320556
100.30359212050985
100.92848769050411
101.23103850641775
101.68335273573923
102.04225352112675
102.44611819235226
102.85731132075472
103.12987012987013
103.51938895417156
103.92908653846155
104.57177322074789
104.89460784313727
101.73741007194245
99.77488151658767
100.26991676575506
100.45346062052505
100.96762589928058
101.20215311004785
101.63189448441247
102.24150485436894
102.7323600973236
103.08626974483596
103.5170731707317
103.99132589838909
104.33913043478262
104.83082706766918
105.05157232704403
105.52056555269922
106.29205921938089
106.8072625698324
105.18169398907104
101.8738255033557
100.08083441981748
100.52509652509653
100.67135549872123
101.11182519280206
101.43092522179975
102.12580231065468
102.4518987341772
102.88250319284802
103.19974554707379
103.60687022900763
104.09664948453607
104.4702154626109
104.94928478543562
105.23629242819842
105.96740547588004
106.34564643799473
107.01456953642383
107.22800000000001
107.71428571428572
108.16711590296495
108.56621621621622
106.04761904761905
103.56041131105398
103.91916558018252
104.22774869109948
104.625
105.05277044854881
105.3490813648294
105.81225033288948
106.06553079947575
106.64343163538874
107.1413189771198
107.69917582417582
108.07267441860465
109.22693266832917
109.22693266832917
109.22693266832917
109.22693266832917
109.22693266832917
109.22693266832917
109.22693266832917
96.12711864406779
96.84848484848484
97.27536231884058
97.39082969432314
98.13958333333333
98.521484375
99.11956521739131
99.43760984182776
99.95933014354067
99.95933014354067
99.95933014354067
99.95933014354067
99.95933014354067
99.95933014354067
99.95933014354067
99.95933014354067
99.95933014354067
99.95933014354067
91.52
92.8156862745098
92.8156862745098
93.93807339449542
94.48296593186373
94.90562613430127
95.30350877192983
95.86003372681282
96.6483870967742
97.26751592356688
97.70542635658916
98.25
98.50903119868637
98.88333333333333
98.88333333333333
98.88333333333333
98.88333333333333
98.88333333333333
98.88333333333333
98.88333333333333
98.88333333333333
98.88333333333333
98.88333333333333
95.47783251231527
95.47783251231527
96.69354838709677
97.76401869158879
98.20860215053764
98.86372745490982
99.31404958677686
99.62663755458516
99.84513274336283
100.12472647702407
100.71333333333334
100.7862796833773
100.7862796833773
100.7862796833773
100.7862796833773
100.7862796833773
100.7862796833773
100.7862796833773
100.7862796833773
100.7862796833773
100.7862796833773
87.51461988304094
87.17464788732394
87.51559251559252
87.98035714285714
88.5829596412556
89.15579227696405
91.68648648648649
95.17414248021109
96.49878345498783
97.07875894988067
97.69893742621015
98.26525821596243
98.64377182770664
99.02843601895734
99.53051643192488
100.03317535545024
100.53558926487747
101.11826697892272
101.56826137689615
102.01897983392645
102.43911007025761
102.98815165876778
103.26895734597156
103.93276283618582
104.22007255139056
101.73413173652695
98.44935972060536
98.85898942420681
99.06264775413712
99.51764705882353
99.77353992848629
100.26184834123222
100.54904306220095
101.0072202166065
101.51025331724969
102.04860267314703
102.43643031784842
102.93374233128834
103.40713407134072
103.83476132190943
104.21052631578948
104.66297662976629
105.12325285895807
105.45880861850443
106.18333333333334
106.47361647361647
107.18692810457517
107.41720990873533
106.26727509778357
102.5451174289246
101.52846534653466
101.99120603015075
102.03007518796993
102.92269326683291
103.45657568238214
103.73283395755305
104.20650813516896
104.59649122807018
105.10128205128206
105.49234693877551
105.72229299363057
106.1923566878981
106.93997445721584
106.81852791878173
102.42874543239951
100.61529126213591
101.05481120584653
101.34981905910736
101.64832535885168
102.16746987951808
102.47831325301205
103.02053140096618
103.43353293413173
103.67388688327316
104.37288135593221
104.578125
104.91425120772948
105.38489646772229
105.7139393939394
106.45117428924598
106.7560975609756
107.36967418546365
107.70125
107.9471094710947
108.45145018915511
108.83756345177665
109.47948717948718
109.63063063063063
110.37890625
107.75692695214106
105.38697788697789
105.79458794587946
106.05066344993969
106.52747252747253
106.80319803198032
107.41430332922317
107.72379778051788
108.55372945638433
108.90237797246559
109.36065573770492
109.64601769911505
110.18158567774935
110.47759282970551
109.45817245817246
105.35881627620222
101.43504171632895
99.28074245939675
99.70220162224797
99.86658932714617
100.20857473928157
100.71925754060325
101.08070175438596
101.51985981308411
101.9976717112922
102.35882352941177
102.99881936245572
103.56324582338902
104.02774427020506
104.44993662864385
105.22372372372372
105.42822966507177
105.42822966507177
105.42822966507177
105.42822966507177
94.5
94.5
94.5
90.14105263157894
90.35433070866142
90.63358778625954
91.1969111969112
91.52214022140221
91.84201388888889
92.61904761904762
92.95384615384616
93.58687943262412
93.96396396396396
94.19326241134752
94.90316901408451
95.48865619546248
95.90725126475549
96.26455906821963
97.11308562197092
97.60576923076923
98.08668730650155
98.32970451010885
98.94495412844037
99.3036809815951
99.79939209726444
100.12423312883436
100.76283987915409
101.13680781758958
101.67487684729065
101.99668874172185
102.63815789473685
103.00339558573853
103.5875
103.93198529411765
104.11610486891385
103.97846889952153
103.97846889952153
103.97846889952153
103.97846889952153
103.97846889952153
103.97846889952153
103.97846889952153
103.97846889952153
103.97846889952153
103.97846889952153
103.97846889952153
103.97846889952153
103.97846889952153
103.97846889952153
103.97846889952153
103.97846889952153
103.97846889952153
103.97846889952153
103.97846889952153
103.97846889952153
103.97846889952153
103.97846889952153
103.97846889952153
103.97846889952153
103.97846889952153
103.97846889952153
103.97846889952153
103.97846889952153
103.97846889952153
103.97846889952153
103.97846889952153
103.97846889952153
103.97846889952153
103.97846889952153
103.97846889952153
103.97846889952153
103.97846889952153
103.97846889952153
103.97846889952153
92.6608695652174
92.6608695652174
92.6608695652174
92.6608695652174
92.6608695652174
92.6608695652174
92.6608695652174
92.6608695652174
92.6608695652174
92.6608695652174
96.66275659824046
96.73546511627907
96.73546511627907
96.8
96.8
96.8
96.8
96.8
96.8
96.8
96.8
96.8
96.8
96.8
96.8
91.82629107981221
91.54827586206896
92.86082474226804
93.17484008528784
93.48484848484848
91.45019157088123
88.73046875
88.2094017094017
88.65556978233035
89.20320197044335
89.7585394581861
90.36206896551724
90.85568181818182
91.30272108843538
91.8045197740113
92.17152466367713
92.89585666293394
93.3758389261745
93.79415073115861
94.22930648769575
94.68156424581005
95.18936877076412
95.58155230596175
95.99441340782123
96.48379888268155
97.14571746384871
97.39909808342728
97.95744680851064
98.35986547085201
98.9009009009009
99.29875986471251
99.55113636363637
100.0259301014656
100.44331065759637
101.00679501698755
101.44406392694063
101.71118721461187
102.33029612756263
102.50573394495413
100.13780918727915
96.25115207373273
93.79043280182232
94.23684210526316
94.67505720823799
94.92377701934016
95.42207053469852
95.84537246049662
96.35568181818182
96.6590909090909
97.19750283768445
97.43359818388195
97.93424036281179
98.4949152542373
98.99210822998873
99.43764172335601
99.8177727784027
100.31186440677966
100.62302483069978
101.03386004514672
101.38295454545454
101.71283783783784
102.41724137931035
102.61166253101737
102.95802469135802
102.95802469135802
102.95802469135802
102.95802469135802
102.95802469135802
102.95802469135802
94.28326180257511
94.28326180257511
95.10675381263617
95.58381502890174
96.04810996563575
96.54242424242423
96.78902953586498
97.30592991913747
97.69401041666666
98.45696202531646
98.94638403990025
99.33625
99.72527472527472
100.07429963459197
100.61557177615572
101.04332129963899
101.49208282582217
101.72518159806296
102.40722891566264
102.73293413173653
103.3005988023952
103.65934065934066
104.1326164874552
104.54600484261502
104.87014563106797
105.4704433497537
105.63980463980464
106.44499381953028
106.84164588528678
107.34149484536083
107.83375634517766
108.08205128205128
108.6922077922078
107.55149934810952
103.89676616915423
101.20752427184466
101.15329341317366
101.3479809976247
101.77224199288256
102.13427561837456
102.59710494571773
102.97009569377991
103.54665071770336
103.8311377245509
104.20484848484848
104.88996372430472
105.19174757281553
102.60268948655258
99.25903614457832
95.6303317535545
92.67097532314924
92.91637630662021
93.10220673635308
93.6527293844367
94.05317919075145
94.69425287356322
94.83602771362587
95.31010452961672
95.73201856148492
96.13757225433525
96.67824074074073
97.02797202797203
97.56440281030444
98.05964912280702
98.62853773584905
99.02696365767878
99.59080188679246
100.0230024213075
100.46758620689656
100.46758620689656
100.46758620689656
100.46758620689656
100.46758620689656
100.46758620689656
100.46758620689656
100.46758620689656
96.6994382022472
97.46370023419203
98.11752136752136
98.6615969581749
98.95826645264847
99.49562682215743
99.81206171107993
100.24594594594595
100.66141732283464
101.23552631578947
101.73443456162643
102.16751918158567
102.53494282083864
103.25548387096774
103.80344332855094
104.51715039577837
104.51715039577837
104.51715039577837
104.51715039577837
104.51715039577837
104.51715039577837
104.51715039577837
104.51715039577837
98.13503649635037
98.55527638190955
99.38986784140968
100.58932238193019
100.80333951762523
101.04878048780488
101.375
101.97720797720797
102.60597826086956
103.14494680851064
103.38114209827357
104.14586070959264
104.49735449735451
104.7323568575233
105.43741765480897
105.68874172185431
105.6671052631579
100.60668380462725
97.43324937027708
93.79776674937965
93.72989195678271
93.96428571428571
94.34416365824308
94.80591715976331
95.43838862559242
95.81140861466822
96.51157407407408
96.92343387470999
97.4541231126597
97.99077277970011
98.50291036088475
98.97001153402537
99.50873108265425
99.99884526558891
100.49942062572421
101.21954022988506
101.51039260969978
102.19009216589862
102.46251441753172
103.10046189376443
103.38051044083527
103.79418604651163
104.3974358974359
103.4049295774648
100.78928987194412
101.21247113163972
101.47856315179607
101.86906141367324
102.29350348027842
102.63773148148148
103.1639344262295
103.53248259860788
104.25207100591716
104.83393070489845
105.25328554360811
105.66267942583733
106.11786148238153
106.52753977968176
107.18125770653515
107.4430693069307
107.95712484237075
107.30390920554855
104.09890109890111
101.92779783393502
102.41071428571428
102.57278106508875
103.01071428571429
103.39786223277909
103.76337693222354
104.35223160434259
105.02168674698795
105.52912621359224
105.84356197352588
106.32972322503008
106.73405535499398
106.78666666666666
102.63127187864644
99.29452054794521
95.35374149659864
94.11946902654867
94.29120879120879
94.71554575523705
95.04988913525499
95.41620421753608
95.87845303867404
96.38316722037652
96.86180631120783
97.3579295154185
97.89715536105032
98.40131578947368
98.7947598253275
99.34406215316315
99.69221967963387
100.3598901098901
100.60476190476192
100.60476190476192
100.60476190476192
100.60476190476192
100.60476190476192
100.60476190476192
100.60476190476192
100.60476190476192
100.60476190476192
100.60476190476192
100.60476190476192
100.60476190476192
100.60476190476192
100.60476190476192
100.60476190476192
100.60476190476192
77.38255033557047
74.12876712328767
75.23013245033113
75.72162162162162
77.68961352657004
83.58049886621315
84.75193798449612
85.26681127982647
85.63870967741936
86.14438502673796
86.5456475583864
87.02320675105486
87.4812834224599
88.52822151224707
91.87157894736842
92.53389830508475
92.90822784810126
93.52234042553191
93.88842105263159
94.5268703898841
94.94067796610169
95.46292372881356
96.09768907563026
96.57643312101911
97.01987447698744
97.39723109691161
94.1563483735572
91.18936170212766
89.86320254506893
90.28997867803838
90.65175718849841
91.15605095541402
91.65327695560254
92.0010649627263
92.50480256136606
92.86800422386483
93.49145299145299
93.91428571428571
92.118769883351
90.36421725239616
91.03533190578159
91.39462365591397
91.87833511205976
92.34304207119742
92.70525187566989
93.26480086114101
93.70967741935483
94.13405405405405
94.56338028169014
95.3020719738277
95.52857142857142
94.63864628820961
91.80242825607064
89.93626373626374
90.5678059536935
90.82637362637362
91.42295081967212
91.75191256830601
92.41621029572836
92.73869900771776
93.30837004405286
93.68030973451327
94.24249165739711
94.65663322185061
95.1256830601093
95.58315098468272
95.95454545454545
94.63088718510406
92.64667393675028
92.68078175895765
93.02360515021459
93.40239912758997
93.76598049837486
94.19716775599129
94.65864332603938
95.28728070175438
95.79344262295082
96.19824753559693
96.65312843029638
97.1212789415656
97.51659292035399
98.19755826859046
98.5421286031042
99.14046822742475
99.6896551724138
100.2561797752809
100.66517357222844
101.29054054054055
100.25773195876289
96.74379232505643
96.01661129568106
96.46563192904657
96.7754189944134
97.45251396648044
97.83164983164983
98.37682789651294
98.77553310886644
99.31931818181818
99.84615384615384
100.37091319052988
100.70748299319729
101.3590033975085
101.79157175398633
102.4288990825688
102.66552511415526
103.30707762557077
103.67741935483872
102.94528521536671
99.42695356738392
97.2158836689038
97.4949152542373
98.15515288788222
98.51594533029612
98.95578231292518
99.4460839954597
99.78260869565217
100.35771428571428
100.70472895040369
101.36926605504587
101.61761297798378
102.32988505747127
102.64842840512223
103.07827102803739
103.56293706293707
104.02502979737784
104.62174940898345
104.65248226950354
101.21156069364162
98.31525423728814
98.61129943502826
98.73898305084745
99.40610859728507
99.64793577981652
100.12698412698413
100.48109965635739
100.80504587155963
101.28213879408418
101.6337543053961
102.39770114942529
102.66202090592334
103.33372228704783
102.42790152403282
98.35897435897436
95.61699650756694
95.8800461361015
96.28308400460298
96.77853881278538
97.30264672036824
97.60648148148148
98.10561797752808
98.49427917620137
98.94772727272726
99.50057405281285
99.77548682703322
100.37003405221338
99.25691244239631
96.32036613272311
95.51818181818182
95.94557823129252
96.33219954648527
96.75482406356413
97.20270270270271
97.5554298642534
98.0517435320585
98.60568181818182
99.21758737316799
99.51826484018264
99.90702947845804
100.46048109965636
100.73265073947667
101.29784824462061
101.75227272727273
102.1625
102.71231300345224
103.24856815578465
103.52078521939953
100.68457142857143
98.74487471526196
99.30227272727274
99.56980703745744
100.02257336343115
100.464
101.01828571428572
101.42255125284737
101.91950113378684
102.36939010356733
102.78481012658227
103.29214780600462
103.59164733178653
104.02693208430912
104.51938895417156
105.16884661117717
105.52426035502958
106.31067961165049
106.59322033898306
107.11491442542787
107.49815043156596
108.03995006242198
107.39674593241551
103.71275327771156
102.39976133651551
102.5926800472255
103.13301662707838
103.47692307692307
103.96385542168674
104.43333333333334
103.38214285714287
99.09824561403508
94.90296803652969
92.91328828828829
93.02696629213483
93.65173572228443
94.04509582863585
94.3803611738149
94.96184062850729
95.48040313549832
95.97098214285714
96.57256235827664
96.99108138238573
97.49088838268793
97.89752252252252
98.38857142857142
98.75842696629213
99.31972789115646
99.77752553916005
100.22866894197952
100.90763968072976
98.70493685419058
95.72827282728272
93.45842450765865
93.8051948051948
93.99352051835854
94.64030335861322
94.829162132753
95.47551686615887
96.05850487540629
96.61255411255411
96.94638949671773
97.47052401746726
98.1191256830601
98.47639956092206
98.97225305216426
99.45948945615982
99.97421524663677
100.58210645526614
100.61990950226244
97.58920704845815
95.59583789704271
96.18859649122807
96.44530386740331
96.85870755750274
97.17362637362638
97.80989010989012
98.45011086474501
98.83610188261352
99.41287458379578
99.81021087680355
100.32505643340858
100.71100362756953
101.23125
100.32467532467533
100.32467532467533
100.32467532467533
100.32467532467533
100.32467532467533
100.32467532467533
100.32467532467533
86.69392523364486
86.82467532467533
87.15456238361266
87.54803149606299
88.74683544303798
88.96933333333334
89.44243208279431
89.86785260482846
90.49194547707559
90.79443772672309
91.35223160434258
91.80637544273908
92.30824372759857
92.9369894982497
93.50351288056206
93.93310265282584
94.47119815668202
94.75940706955531
95.28473804100227
95.78018223234623
96.14106939704209
96.83505154639175
97.1487414187643
97.69479768786127
98.2048969072165
98.62907268170426
98.62907268170426
98.62907268170426
98.62907268170426
98.62907268170426
98.62907268170426
98.62907268170426
98.62907268170426
92.89312977099236
92.89312977099236
94.68496420047732
95.2989010989011
96.19291338582677
96.42282958199357
96.88873626373626
97.44458930899609
97.96035805626599
98.48792884371029
98.875
99.49938800489596
100.05072463768116
100.40438489646772
100.21954161640531
94.44152744630071
93.0130177514793
93.51182033096927
93.85128805620609
94.37837837837837
94.81387283236994
95.30555555555556
95.5932400932401
96.14682080924855
96.67433831990795
97.24563445867287
97.66552119129439
98.13725490196079
98.5776754890679
98.9771167048055
99.58016147635524
99.81618497109827
100.44634703196347
98.47482837528605
95.43877551020408
94.4784090909091
94.86281179138322
95.17713004484305
95.62853907134767
95.97312430011198
96.40976163450625
96.84580498866214
97.44
97.74256292906179
98.41857798165137
98.69390103567318
99.3121387283237
99.69550173010381
100.16225546605293
100.55827505827506
100.9235294117647
101.61484098939928
102.13301088270859
102.59950556242273
103.05641748942172
104.13368983957218
104.13368983957218
104.13368983957218
104.13368983957218
104.13368983957218
94.0
94.0
90.18622448979592
90.76470588235294
91.16037735849056
91.64123376623377
92.26888217522658
92.76080691642652
93.53611111111111
93.92037786774628
94.48317631224765
95.04718217562254
95.55338541666667
96.13195342820181
96.50980392156862
97.12271540469973
97.50330250990753
94.14195979899498
90.9309090909091
89.21193666260658
89.7937649880096
90.00967351874245
90.43170731707318
90.85611510791367
91.27283511269276
91.82472989195678
92.4311377245509
92.90521327014218
93.4311377245509
93.8404761904762
94.0808561236623
94.78250591016548
95.10011918951132
95.77261904761905
96.05112960761
96.72781774580335
97.12814371257485
97.6159420289855
97.9878197320341
98.4122699386503
98.93796526054591
99.19383825417202
99.44950213371266
100.15184381778741
100.15184381778741
100.15184381778741
100.15184381778741
100.15184381778741
100.15184381778741
89.90551181102362
90.32342007434944
90.32342007434944
91.0552995391705
91.74569789674952
91.98102466793169
92.52751423149905
92.94107142857143
93.4931506849315
93.94841930116472
94.6639344262295
94.84482758620689
95.10650887573965
95.86158192090396
96.0
96.8549019607843
97.01030927835052
97.56979695431471
97.92085427135677
98.4169835234474
98.87297633872976
99.4145728643216
99.93757802746566
98.13584905660377
95.1404853128991
94.30597014925372
94.76361386138613
94.9520295202952
95.30328867235079
95.70479704797047
96.09759036144578
96.63492063492063
96.95487804878049
97.44890510948906
97.73594132029339
98.17783191230207
98.72447724477244
99.1124546553809
99.4798041615667
100.122009569378
100.43134872417983
100.93734939759037
101.37635705669481
101.81414868105516
102.23786407766991
102.57575757575758
102.94756097560975
103.39167686658507
100.07654320987655
95.8457711442786
91.36658354114714
89.79176755447942
90.11479289940829
90.49586776859505
90.86721504112809
91.534262485482
91.90697674418605
92.68109339407745
93.1078320090806
93.47963800904978
93.94730941704036
94.52364864864865
94.94777777777777
95.41479820627802
95.92079207920793
96.23204419889503
96.80415754923413
97.30905077262693
97.6797385620915
98.03973509933775
98.51485148514851
99.00990099009901
99.30186608122942
99.87665198237886
100.1212789415656
100.64437012263099
100.98772321428572
97.6106785317019
94.83296460176992
94.05372807017544
94.53795379537954
94.82385120350109
95.06187845303867
95.47787610619469
96.01646542261251
96.36992316136114
96.83771929824562
97.16083150984683
97.75986842105263
98.08388520971303
98.51735722284434
98.97234513274336
99.55968468468468
99.99330357142857
100.37584650112868
100.88500563697858
101.10746606334843
101.67502850627139
99.62711864406779
97.61818181818182
98.1732283464567
