82.26379310344828
82.52207792207793
82.3516295025729
82.17164816396243
82.03313508920985
81.74616695059625
81.62478632478633
81.2536170212766
81.08875739644971
81.10336134453782
80.73214285714286
80.71428571428571
80.33756345177665
80.22727272727273
80.1060985797828
80.01333333333334
79.83956774729842
79.83970099667773
79.61014131338321
79.3149216817807
79.2798353909465
79.09599332220367
78.93936877076412
78.94758735440932
78.79802143446001
78.77159468438538
78.62479338842975
78.48065843621399
78.27033689400164
78.03067993366501
77.93360995850622
77.79917355371902
77.77493816982688
77.54029605263158
77.4497528830313
77.33774834437087
76.98003327787022
76.80199667221298
76.75416666666666
76.64882943143813
76.5981697171381
76.38884263114072
76.34666666666666
76.25938281901584
75.95309882747068
75.65577889447236
75.48362720403023
75.44584382871537
75.11327134404057
75.05962521294718
74.87121212121212
74.72466216216216
74.68866328257191
74.58635214827295
74.43037974683544
74.2152466367713
73.86344827586207
73.86344827586207
73.86344827586207
73.86344827586207
73.86344827586207
73.86344827586207
73.86344827586207
80.80952380952381
80.89989680082559
80.7535953978907
80.3929889298893
80.32888888888888
80.31370826010544
79.97631578947369
79.81896551724138
79.70692567567568
79.28488372093024
79.0925
78.23770491803279
76.74122448979591
76.4979524979525
76.48822095857027
76.16516762060508
76.08306188925081
75.78867623604465
75.55396825396825
75.35567823343848
75.22859387274156
75.14601420678768
74.8565830721003
74.77594339622641
74.78509803921568
75.46138415245737
75.46138415245737
75.46138415245737
75.46138415245737
75.46138415245737
75.46138415245737
75.46138415245737
75.46138415245737
77.42838709677419
77.489252814739
77.6058458813109
77.59243697478992
77.25693311582381
76.96685529506871
76.80914194065758
76.40223463687151
76.30935251798562
76.1216
75.89936102236422
75.59746434231378
75.41779189833201
75.224
74.97349397590361
74.8348106365834
74.68251410153103
74.48148148148148
74.31489015459724
74.08897959183673
73.772690106296
73.71990171990171
73.52163265306122
73.35650040883074
73.14485596707819
72.94876033057851
72.77037037037037
72.6542904290429
72.47950819672131
72.11092851273624
73.85411572942135
77.8844262295082
78.13978494623656
78.15980230642504
78.09465020576131
78.00575657894737
77.8844262295082
77.78659035159444
77.41816693944354
77.22194719471948
77.08360655737705
76.92565359477125
76.77540983606558
76.64662273476112
76.46826051112943
76.19063270336893
75.9074529074529
75.64744645799011
75.52145214521452
75.287728026534
75.04549214226634
74.84558216350123
74.60526315789474
74.48715824357912
74.11056105610561
73.83169129720854
73.75409836065573
73.60670482420278
73.40935192780968
73.32134096484056
73.15178571428571
73.0986257073565
72.96113360323886
72.91760904684976
72.59758064516129
72.48956661316213
72.17505995203837
72.00558659217877
71.79428117553614
71.67061611374407
71.57549407114624
71.25413060582218
70.98902821316615
70.84905660377359
70.75019516003123
70.43900543900544
70.31782945736434
70.11076684740512
70.11076684740512
69.83333333333333
69.695618754804
69.46401225114855
69.18348623853211
69.10199386503068
68.77837423312883
68.63518659558264
68.51448170731707
68.32496194824962
68.22861468584406
67.99619192688499
68.61222967934377
74.30722433460076
74.27541729893778
74.20499243570347
74.15390447308567
74.01809954751131
73.87386706948641
73.63519637462235
73.56386999244143
73.38818249813015
73.3063670411985
72.88855421686748
72.68048229088168
72.5624060150376
72.42631578947369
72.20528301886793
72.05267118133935
71.81586826347305
71.41251885369532
71.29668674698796
71.01418969380134
70.91747936984245
70.7631184407796
70.53990963855422
70.39489489489489
70.2865671641791
70.27218493661447
71.73006583760059
74.25132877752468
74.24830188679245
74.1812734082397
74.05397301349325
73.93891402714932
73.81523378582202
73.70836473247928
73.60090361445783
73.4487951807229
73.32857142857142
73.18866517524236
72.99775112443778
72.84293193717278
72.64899178491412
72.49062265566391
72.31067961165049
71.9678624813154
71.58937920718026
71.42846441947566
71.18482344102179
70.96858638743456
70.77961019490255
70.48685199098422
70.38963963963964
70.19323308270677
70.09002250562641
69.78689759036145
69.65074626865672
69.54838709677419
69.41392215568862
69.28528752800598
69.28101644245142
68.92267267267268
68.7391952309985
68.6467958271237
68.28976848394323
68.2386278896346
68.06904231625835
68.64532744665195
73.73738872403561
75.39520958083833
75.31366691560866
75.21268656716418
75.03605592347314
74.7373068432671
74.61521580102414
74.4929889298893
74.41058122205663
74.08290155440415
74.0
73.77573529411765
73.61453744493392
73.44649446494465
73.25972120322817
74.75652173913043
77.97634885439763
77.98518518518519
77.95735294117647
77.82695139911635
77.7808619430241
77.55457875457876
77.4041450777202
77.15668883961567
77.10608308605342
76.7989652623799
76.75633383010432
76.5689783743475
76.30223880597015
76.0924683072334
75.9479940564636
75.7369985141159
75.38513513513513
75.26220886551465
75.00301204819277
74.93717277486911
74.7548435171386
74.61936437546194
74.2817843866171
74.17682020802377
73.79346210995543
73.73525073746313
73.57843866171004
73.48918717375093
73.02077151335311
72.91145833333333
72.88261515601783
72.6169741697417
72.33608402100525
72.04437869822485
71.9274074074074
71.7189591078067
71.59910913140311
71.40104555638536
71.36397608370703
75.04089219330855
76.23733938019652
75.743993993994
75.57851239669421
75.42081447963801
75.30665669409125
75.0475113122172
75.02479338842976
74.78883861236802
74.72009029345372
74.46148036253777
74.39664378337147
74.20804859529233
74.12176560121766
73.97260273972603
73.65591397849462
73.55521472392638
73.37136294027565
73.23511214230471
73.16279069767442
73.00617283950618
72.5484375
72.41277258566979
72.32165109034268
72.07776049766719
71.98525989138868
71.82747853239657
71.56606724003127
71.40923317683881
71.24784988272087
70.88732394366197
70.78066037735849
70.58034321372855
70.45546875
70.1900698215671
70.1547433903577
69.82568093385214
69.64012490241998
69.52476780185758
69.0895061728395
69.03103180760279
68.84099766173031
68.68015564202335
68.44167962674962
68.31332813717849
68.3040435458787
68.06842923794713
67.89544025157232
67.65992217898832
67.4949494949495
67.32841614906832
67.20657276995306
66.83908948194663
66.6983632112237
66.60862745098039
68.01846153846154
73.22152395915161
73.00235478806907
72.90816326530613
72.67893500391543
72.50078125
72.31455399061034
72.1935987509758
71.97639653815892
71.92289535798584
71.53286384976526
71.4894283476899
71.24685534591195
70.94724409448818
70.94251968503937
70.63166144200628
70.43348982785602
70.27458693941779
69.97163120567376
69.76904761904763
69.57503949447077
69.45712037765539
69.27773406766326
69.0921875
68.86435331230284
68.72634069400631
68.50901960784314
68.40629921259843
68.1046875
68.01714731098987
67.60815047021944
67.48238057948316
67.27010148321624
67.116134060795
66.78951486697966
66.639653815893
66.56572769953051
72.54949337490257
74.4897476340694
74.32237871674491
74.35579937304075
74.04248623131393
73.89481946624804
73.74528301886792
73.57977883096366
73.35887412040657
73.05633802816901
72.8796875
72.65824782951854
72.5337519623234
72.30673896204493
72.11111111111111
71.85680566483084
71.6650868878357
71.55302435192459
71.20373250388802
71.08255451713396
70.80514419329695
70.62587685113016
70.59296875
70.22488408037094
70.23805855161787
74.24114021571648
75.88844936708861
75.3912704598597
75.33050193050192
75.23153846153846
75.0958904109589
74.6952822892498
74.49961802902979
74.41355674028941
74.2994692949204
73.92727272727272
73.81107738998483
73.44648318042813
73.33972392638037
73.12404287901991
72.79650721336371
72.60684410646388
72.46960486322189
72.34650455927051
71.80572289156626
71.71622641509434
71.49320241691844
71.26873580620742
70.99392097264437
70.7607223476298
70.55891238670695
70.27924528301887
70.0414156626506
69.75849056603774
69.52420574886536
72.7713437268003
77.0229357798165
77.32003069838834
77.30521472392638
77.0666161998486
76.9567526555387
76.76373212942062
76.43498098859315
76.35240274599542
76.04761904761905
75.91585274229902
75.69717772692601
75.43096872616323
75.26884996191927
75.02863602110023
74.86136363636363
74.47859327217125
74.31866464339909
74.17530487804878
73.89749430523918
73.65831435079727
73.42041127189643
73.41310975609755
73.14746543778801
72.93129770992367
72.42149390243902
72.38884644766998
72.17777777777778
71.84158415841584
71.706463878327
71.35681470137825
71.29823212913143
71.15950920245399
70.68307692307692
70.3011583011583
70.25116279069768
73.46409266409266
76.35483870967742
76.25058365758755
76.00773395204949
75.92824074074075
75.7136258660508
75.44058641975309
75.0652841781874
74.95026778882938
74.81560826319816
74.68027734976887
74.49461538461539
74.02532617037606
73.88153846153845
73.76
73.38198757763975
73.27981293842556
73.01153846153846
72.7707203718048
72.53239656518345
72.43950039032006
72.16445830085736
71.88715953307393
71.78003120124805
71.46171875
71.30434782608695
70.9615987460815
71.88906128782001
76.93327974276528
79.15604575163398
78.85725806451613
78.75
78.57772435897436
78.55813953488372
78.41726618705036
78.14172604908947
77.90880253766852
77.81832543443917
77.40796812749004
77.33280381254964
77.17865612648221
76.81593625498007
76.34661354581674
76.22011084718923
76.01106719367588
75.58165728077232
75.40761300555116
75.24583663758922
75.05180533751962
74.83201267828844
74.5416
74.2543720190779
73.95734597156398
73.71678599840891
73.43277645186953
73.29150119142176
73.77629513343798
78.4693376941946
80.31203931203932
80.1962692619627
79.95326349717969
79.77669902912622
79.62783171521036
79.47034930950447
79.14665592264303
78.95502008032129
78.85565356856455
78.5432
78.31109324758843
77.8630904723779
77.80457890433361
77.33973710819009
77.35016286644951
77.01379310344828
76.0
78.58549222797927
78.58549222797927
78.58549222797927
82.36617647058823
82.94884910485933
82.90070921985816
82.51106194690266
82.46121147715196
82.35460992907801
81.91609756097562
81.84903846153846
81.33178869323447
81.22714932126696
80.7659192825112
80.5272078501338
80.36910994764398
80.06857638888889
79.66753926701571
79.48442906574394
79.16162489196196
78.81074168797954
78.44472789115646
78.24114671163575
78.03032855939342
77.60753138075314
77.36462699077954
77.25619834710744
76.87510271158587
76.71475680131904
76.30057803468208
76.03824247355574
75.70640713706408
75.46103896103897
75.2514193025142
75.02252614641995
74.74077046548956
74.50952380952381
74.3832288401254
78.64646464646465
83.31150159744409
88.48248407643312
93.32668329177058
97.20117845117845
100.16450216450217
100.4906462585034
100.29577464788733
100.29826014913007
100.0073589533933
99.7578947368421
99.52504038772213
99.27390599675851
99.11208967173738
98.81300160513644
98.70900321543408
98.47284345047923
98.0731319554849
97.78425196850394
97.52180685358255
97.29666924864446
96.94388152766953
96.78992248062016
96.54256965944273
96.178955453149
96.0297256097561
95.65357967667437
95.22357414448669
95.06899166034874
94.86605783866058
94.48131197559115
94.22003034901365
93.97441685477803
93.70967741935483
93.29100529100529
93.08126410835214
92.58538404175988
92.25111773472429
92.09009679821295
91.87158671586715
91.46863468634686
91.11707680835198
90.8541820873427
90.66470154753132
90.51395007342144
89.8716814159292
89.64127218934911
89.29490022172949
88.95488165680473
88.79985228951256
88.58064516129032
88.09191176470588
87.86818851251842
87.37915742793791
87.11201179071482
86.77606461086637
86.64096916299559
86.1628760088041
85.93997071742314
85.59838472834068
85.40131578947368
85.1063829787234
84.75200583515682
84.45882352941176
84.2723279648609
83.82751091703057
83.74835886214441
83.29692082111437
83.10269482884195
82.80161054172767
82.64087591240876
82.05391432791728
81.84536834427425
81.76839038601602
81.44941348973607
81.05718475073314
84.48670021567217
87.72106824925817
87.88567186340015
87.81844802342606
87.56023651145603
87.40044085231447
87.1453744493392
86.83885209713024
86.60885608856088
86.44863266814487
86.07562408223201
85.97007299270074
85.49446494464945
85.12950699043414
84.90160349854227
84.61436950146627
84.31070110701107
84.013206162876
83.8638018936635
83.4860088365243
83.18121790168746
82.87772925764192
82.47063142437592
82.23774689100219
81.88548504741065
81.6800878477306
81.31621423330888
81.02119883040936
80.8970588235294
80.47967479674797
80.19763138415988
79.96470588235294
79.67647058823529
79.35055350553506
79.09587020648968
78.98972853998532
78.76344878408254
78.69305451829723
78.46575342465754
78.91434927697442
78.91434927697442
78.91434927697442
83.09964412811388
84.26884779516358
85.24087591240875
85.76451612903226
85.575
85.56948228882834
85.08871662360035
85.02090301003345
84.59448160535118
84.47364085667216
84.16229508196722
83.83224755700326
83.6
83.39214113873295
83.09011164274322
82.59461599366587
82.26656151419559
82.1596837944664
81.80204241948154
81.56053459119497
81.30775254502741
80.92923794712286
80.74039215686274
80.43169398907104
80.00777000777
79.7755261106781
79.52909231962762
79.29643962848297
79.03287461773701
78.67356321839081
78.4354103343465
78.33843797856049
77.94144486692015
77.54670750382849
77.32036613272311
77.22826908541194
76.99849962490623
76.68735806207418
76.3948562783661
76.36925395629238
76.01730624529722
75.75207860922147
75.44645550527903
75.2377358490566
75.93124065769805
81.55335365853658
86.93823299452697
92.01062959934588
96.11535199321459
97.18787878787879
97.12285223367698
96.89333333333333
96.74666666666667
96.48429752066116
96.2983606557377
95.92504118616145
95.82213114754099
95.42719227674979
95.11460855528652
94.84244372990354
94.45323741007195
94.20459952418716
93.88353413654619
93.55344418052256
93.15457413249212
92.96575875486381
92.68021892103205
92.23442367601245
91.99380325329201
91.60711523588554
91.26425269645608
91.05134099616858
90.88591117917305
90.38731856378915
90.13785224676313
89.96217851739789
89.51285930408471
89.05681818181819
88.69509433962264
88.41767371601209
88.13735849056604
87.84887218045112
87.58095952023989
87.34805389221557
86.97772828507794
86.69821162444113
86.41063515509602
85.95181616011861
85.70334572490707
85.48478099480327
85.24170965364775
84.83653846153847
84.62768319763138
84.43722304283604
83.89756816507001
83.58923303834808
83.30679327976625
82.95220588235294
82.65217391304348
82.42031134173462
82.16801173881144
81.78330893118594
81.58504398826979
81.16458486407053
80.8832968636032
80.56838235294117
80.22834067547724
80.02067946824225
79.85302806499261
79.54022140221402
79.17815249266862
79.08851499634235
78.89068231841526
78.40819312362838
78.11507647487254
78.0109409190372
77.86559532505478
77.5893508388038
77.20248538011695
77.13250366032212
76.76810534016094
76.67885881492319
76.11674008810573
76.06029411764706
75.78095238095239
75.56135194709772
75.18108504398828
75.02124542124542
74.81359649122807
74.49852724594993
74.25624082232012
74.2051282051282
78.00294767870302
78.93745401030169
78.77605321507761
78.6560885608856
78.38472834067548
78.2511013215859
77.92093704245974
77.7527512839325
77.31314623338257
77.26346863468635
77.03837638376383
77.01328413284133
76.75645756457564
77.01985294117647
79.90044576523032
79.74294205052006
79.55596738324685
79.35181079083519
79.09117865085248
78.960088691796
78.79763663220089
78.61189591078067
78.32739420935413
80.42973977695168
81.67290419161677
81.56044776119403
81.41523525018671
81.22939866369711
80.97904191616766
81.29626865671642
82.67093373493977
82.92284644194757
82.71375186846039
82.67240089753179
83.1695423855964
84.84190902311708
85.40699404761905
85.29219330855018
85.06017830609213
85.04101416853095
85.52936802973977
86.48798798798799
86.47336834208552
86.09917971662938
85.71996996996997
85.58028379387602
85.53193087903831
85.9689349112426
85.76378539493294
85.64470762398224
85.32590942835931
84.97847067557535
84.59760658189978
84.55472263868066
85.5631067961165
86.19195751138088
85.79302501895376
85.666919000757
85.4224924012158
85.3498475609756
84.89825360668185
84.53419452887537
84.47464042392127
84.19616858237548
83.84238714613619
83.63802281368821
83.48970251716247
83.31772831926324
83.00384319754035
82.79141104294479
82.4735226400614
82.27917620137299
82.07120980091884
81.73012232415903
81.62003058103976
81.41947852760737
81.02877138413686
80.77657935285053
80.58786936236392
80.2248062015504
80.00546448087432
79.73634945397816
79.55702094647013
79.34860248447205
79.04163393558524
78.73490196078431
78.56230529595015
78.22248427672956
77.93312352478364
77.70445660672401
77.51531814611155
77.33832807570978
77.08555729984302
76.77962085308057
76.5717665615142
76.37931034482759
75.99524187153052
75.8
75.58883647798743
75.38666666666667
75.1843137254902
74.87381703470031
74.58313632781717
74.40580847723704
74.29905808477237
73.82938388625593
73.5800627943485
73.46781789638932
73.147128245476
72.81225451688924
72.44652615144419
72.29292929292929
72.12206572769954
71.70859375
71.37285491419657
71.15683229813665
71.47017815646785
76.096875
76.60941176470588
76.49570647931304
76.38054474708171
76.14809041309431
75.98839907192576
75.53613053613054
75.41039565554694
75.21389961389961
74.99149922720247
74.69242658423494
74.65146831530139
74.33152594887684
74.15073815073815
73.94414274631497
73.53209590100542
75.95147839272175
79.23402617397998
79.878125
79.67776917118513
79.66409861325116
79.50498848810437
79.3174481168332
79.05311778290994
78.7047031611411
80.98857578065498
83.22709776751347
83.463133640553
83.3763358778626
83.24198473282443
82.83003048780488
82.64067278287462
82.41908396946565
82.08951798010712
81.77269260106789
81.50191570881226
82.51065449010655
83.68060836501901
83.43419062027232
83.22205438066466
82.8648854961832
82.57012888551934
82.25267175572519
82.06748466257669
81.77129700690713
81.53184957789716
81.25766871165644
80.83588957055214
80.74517374517374
80.47045280122794
80.06846153846153
79.70833333333333
79.69013006885999
79.30411171450737
79.00232198142415
78.75115919629057
78.53786707882534
78.26073380171741
78.18429237947123
77.62857142857143
77.34570765661253
77.24303405572755
76.86335403726709
76.63959783449343
76.51863354037268
76.22291021671826
75.9640625
75.7529319781079
75.33978328173374
75.18076027928628
75.00700389105059
74.53224553224553
74.3623076923077
74.17384615384616
73.86542923433875
73.52300613496932
73.43034055727554
73.03664122137404
72.76726144297905
72.76726144297905
77.37996941896024
79.97581903276131
79.87597503900156
79.7948717948718
79.44470224284609
79.41608662026296
79.01393188854489
78.75613496932516
78.6084942084942
78.46559633027523
78.25115919629057
77.87867078825347
77.6510736196319
77.52207591014717
77.18908531898539
76.80915438324283
76.64280215550423
76.43817619783617
76.19132455460883
75.86003110419907
75.64076923076924
75.35795887281036
75.17354740061162
75.05598755832037
74.43086325439266
74.20182094081942
74.19408642911297
73.63101604278074
73.45295902883156
73.30927051671732
73.09741248097413
72.78181818181818
72.34120335110434
72.2924600152323
72.00988593155894
71.9787072243346
76.91723614274868
80.47031611410948
80.4322033898305
80.35213414634147
80.26641221374045
79.95281582952816
79.73800456968773
79.55504587155963
79.39405487804878
79.10859728506787
78.94255479969766
78.53419452887537
78.38127853881278
78.18099547511312
77.62833206397563
77.41565349544074
77.34924242424242
76.99167297501893
76.68309325246399
76.47789634146342
76.28778625954199
75.9158453373768
75.59969673995451
75.26518063028439
74.98173515981735
74.8926123381569
74.4299923488906
74.33893129770992
74.2256331542594
73.82671755725191
73.58205521472392
73.37327188940093
77.06131718395156
81.27691107644306
81.96296296296296
81.83515625
81.7765625
81.57542768273717
81.49922480620155
81.30739299610894
81.03596559812354
80.6875968992248
80.63959783449343
80.35431235431236
80.10172143974961
79.78643803585346
79.66225680933852
79.40046118370485
79.20652173913044
78.75743348982786
78.64953271028037
78.33178294573644
78.10947204968944
77.81380915438324
77.65116279069767
77.4173712528824
77.21052631578948
76.78257517347726
76.68283294842186
76.18561484918793
75.92994611239415
75.65378670788253
75.40215716486902
75.2095531587057
74.83883346124328
74.6262471220261
74.57559478127398
74.14658480429777
73.76402767102229
73.53199691595991
73.39860681114551
74.56501901140685
78.40418929402638
79.42546583850931
79.45645412130638
79.36813611755608
79.07993850883935
78.7766692248657
78.49228395061728
78.41962905718702
78.13782542113323
78.00765110941086
77.64597701149425
77.36083269082498
77.12557427258805
76.80478395061728
76.88411358403684
80.85714285714286
83.18872357086923
82.755624515128
82.67722007722007
82.56800618238022
82.44744976816074
82.26117103235747
81.70199692780338
81.48139534883721
81.27594158339738
80.75019275250578
80.5950540958269
80.51665375677769
79.98929663608563
79.69525267993875
79.59511077158136
78.94329501915709
78.74539877300613
78.61013046815042
78.35159817351598
78.01440485216072
77.64980842911878
77.42331288343559
77.29538461538462
76.9442748091603
76.623944742901
76.55513016845329
76.12251148545177
75.93587786259542
75.72469325153374
75.45795107033639
75.17660550458716
74.86463878326997
74.63230769230769
74.2829754601227
74.0852534562212
73.84762633996937
73.48030888030888
73.19648318042813
72.94720734506504
72.62980030721967
72.45672333848532
72.153905645785
71.77030162412993
71.47372488408037
71.32710280373831
71.02080123266563
70.79495026778883
71.89280245022971
76.4804992199688
77.43205027494109
77.39327599687256
77.22360248447205
76.95762711864407
76.84343821949348
76.66947852760737
76.41601866251943
76.23611111111111
75.92496171516079
75.76103500761035
75.35446906035142
75.04583651642476
74.82004555808656
74.6442234123948
74.33690658499235
74.11960635881907
73.83282904689864
73.72465960665659
73.38901601830663
73.10498489425981
72.86726998491704
72.68999247554552
72.44294294294295
72.2452687358062
71.93580060422961
71.8637048192771
71.70179372197309
75.67243975903614
79.47449768160742
79.44885496183205
79.3416477702192
79.1470367591898
78.95993953136811
78.83873398643557
78.56212121212121
78.3955960516325
78.151171579743
77.87792012057272
77.49546142208774
77.33030990173847
77.11486486486487
76.7788679245283
76.42348484848485
76.27149321266968
75.98716981132075
75.76882530120481
75.39425981873111
75.16830188679245
74.84494382022471
74.65767790262173
74.36563209689629
74.12014925373134
73.89402985074626
73.71194029850746
73.2135922330097
72.94630872483222
72.734375
72.40163325909428
72.11760355029585
71.93968726731198
71.6323639075317
71.51912978244562
71.23476297968398
71.13408239700375
75.16616766467065
77.15981735159818
76.87725903614458
76.6797583081571
76.3546468401487
76.14542728635682
75.99029850746268
75.79584261321455
75.24833209785027
75.08792846497765
74.95311355311355
74.64914877868246
74.31052244297277
74.06552494415487
73.86814814814815
73.61883738042678
73.18181818181819
72.86681383370126
72.66814486326682
72.48760932944606
72.05604719764011
71.84428044280443
71.63676470588236
71.34477720964207
71.08308823529411
70.77172312223858
70.32626188734454
70.07011070110701
69.77138643067846
69.6509225092251
69.21481481481482
69.109305760709
72.82279411764706
77.38432835820896
80.2814871016692
80.1867469879518
80.1122754491018
80.03895131086142
79.83668903803132
79.59864966241561
79.2723880597015
79.08170914542728
78.9108469539376
78.63323353293413
78.03520599250936
77.82679496669134
77.69139465875371
77.2145536384096
77.18093093093093
76.75297619047619
76.32145508537491
76.14179658500372
75.94025392083644
75.36583522297808
75.1137048192771
74.88164794007491
74.71546546546547
74.21266968325791
74.01351351351352
73.6891891891892
73.49924812030075
73.14318181818182
72.70468277945619
72.4
72.07963936889557
71.85109599395314
71.67368421052632
71.4777021919879
71.03918613413715
72.98797896318557
77.81845688350984
84.90468870099923
88.94996028594122
90.91077170418006
90.64776357827476
90.47622820919176
90.36846275752774
90.16679968076616
89.81583072100314
89.40530007794233
89.08658346333853
88.84108527131782
88.4968992248062
88.31720430107526
87.81504221028396
87.5441400304414
87.33561643835617
86.86979560938683
86.41527987897126
86.23960695389268
85.7580283793876
85.49664429530202
85.19790888722927
84.80059303187547
84.4326923076923
84.12481644640235
83.76843657817109
83.33456973293768
82.89660265878878
82.55893254262416
82.13946587537092
81.88487084870849
81.59733530717986
81.34319526627219
81.07264640474426
80.75219941348973
81.03645833333333
80.92216456634544
80.61950856291884
80.36438767843727
80.04041916167665
79.77054034048852
79.4118529632408
79.1624251497006
78.87910447761195
78.51843491346877
78.1221317542561
77.89320388349515
77.625
77.21189591078067
76.90766939687268
76.7189591078067
76.35324869305452
75.97928994082841
75.57546468401488
75.2220566318927
74.89458054936897
74.66320474777449
74.54120267260579
74.03584764749813
73.76070901033974
73.51854599406528
73.08556547619048
72.68713017751479
72.33333333333333
72.0828402366864
71.85122131754257
71.52292899408285
71.13716814159292
70.88880706921944
70.69139465875371
70.31767337807607
69.86696230598669
69.81079083518108
69.29015544041451
68.98970588235294
68.65904059040591
68.71344599559147
72.45037037037036
74.1598207617625
73.76461880088823
73.68026706231454
73.58953574060428
73.53777777777778
74.14085820895522
74.14085820895522
74.14085820895522
74.14085820895522
74.14085820895522
75.45970695970696
76.49731182795699
77.30673575129534
78.45170193192273
78.78154106689246
78.7959349593496
78.42778649921507
78.13793103448276
77.80798192771084
77.18479880774963
77.019985196151
76.68929889298893
76.245434623813
76.00587803085966
75.69395280235989
75.4407894736842
75.05624543462382
74.90101892285298
74.40751445086705
74.13221329437546
73.88333333333334
73.64956647398844
73.414440433213
73.10131195335276
72.8804347826087
72.63419913419914
72.48384781048098
71.97598253275109
71.74421965317919
71.40517241379311
71.09789702683103
70.90057636887607
70.66497829232996
70.3558106169297
70.05975521958243
71.88595866001425
75.65572574762946
75.335734870317
75.04906204906204
74.94147398843931
74.85621387283237
74.64187725631768
74.31036983321248
74.036469730124
73.89882697947215
74.09381818181818
76.77292899408285
77.24107142857143
76.9660014781966
76.82026627218934
76.50785340314137
76.24813710879285
76.07721139430285
