106.00441696113074
105.75837742504409
105.73665791776028
105.65616797900262
105.55304347826086
105.3244176013805
105.17217391304348
105.11294526498696
105.08093994778068
104.7734375
104.62086956521739
104.59858532272325
104.64145907473309
104.51509769094139
104.32275132275132
102.88898756660745
102.2122807017544
102.21560035056967
102.16768558951965
102.07261592300962
101.87854609929079
101.87720848056537
104.94832275611967
105.62352941176471
105.11160714285714
105.1042780748663
105.04355555555556
104.96319018404908
104.86451048951048
104.72854640980736
104.60926573426573
104.46505608283002
104.46717817561807
104.29032258064515
104.23161453930685
104.1702838063439
104.10473815461347
103.93851132686083
103.7914308811641
103.67122186495178
103.58049167327518
103.39294117647059
103.37089201877934
103.25714285714287
103.2593726090283
103.10365853658536
102.93964858670742
102.798937784522
102.64437689969606
102.63027108433735
102.45671641791046
102.28443782576322
102.27691165553081
102.09651076466221
102.08647450110865
101.97802197802199
101.86710719530103
101.83700440528634
101.72541879096869
101.52221412964312
101.40638606676342
101.26479076479077
101.23761665470208
101.02997858672377
100.95092460881935
100.77949438202248
100.57363253856943
100.52473867595819
100.15395381385585
102.82833217027215
107.76244665718349
108.6034236804565
108.6206652512385
108.56346967559944
108.50388143966126
108.3812193412754
108.21997206703911
108.11891515994436
108.01137980085349
107.36490528414757
107.36490528414757
107.36490528414757
107.36490528414757
107.36490528414757
107.36490528414757
107.36490528414757
107.36490528414757
107.36490528414757
112.502849002849
112.20833333333334
112.22160883280756
112.28035982008996
112.2654462242563
112.01111111111112
111.6401028277635
111.5995145631068
111.49536321483771
111.19617224880383
111.19617224880383
111.19617224880383
111.19617224880383
111.19617224880383
111.19617224880383
111.19617224880383
111.19617224880383
109.39946380697052
109.55614973262033
109.50780669144982
109.41275402943238
109.29047949965253
109.02558782849239
108.87578070784178
108.60110803324099
108.31568088033012
108.07639366827254
107.73916035788025
107.25017182130584
106.87594762232942
106.52861035422343
106.11635865845312
105.87920384351406
105.37994542974079
105.07123287671233
107.16574965612105
108.85933147632312
108.0367231638418
107.37982832618026
106.98087818696884
106.19217081850533
105.27665706051873
104.58840372226199
103.95214285714286
104.94385216773276
104.90021231422506
103.99009200283086
103.0354609929078
102.38784067085953
101.5576786978061
100.79970326409496
100.44694035631294
99.9931506849315
100.2365907421014
99.67579250720462
98.85285714285715
98.4222853087296
97.95140845070424
97.48945147679325
97.21488178025035
96.86615811373093
98.77853725222147
102.82821229050279
103.8069306930693
103.67543252595155
103.61464750171115
103.63923182441701
103.61038062283737
103.46354883081156
103.40467997247075
103.36965517241379
103.36388697450035
103.24792817679558
106.26717557251908
106.52198185624565
106.66020761245674
106.72714681440443
106.74000000000001
106.87031900138696
106.87826685006877
106.84072022160665
105.80096751900484
100.44391570360298
100.40801086218602
100.34646739130434
100.25898305084746
100.11748633879782
100.05324232081912
99.9210347174949
99.77032520325204
99.60458839406208
99.10122282608695
97.81898305084746
97.83288227334236
97.79945982444295
97.78475033738192
97.7058428475487
97.68075117370893
97.68075117370893
97.62299465240642
97.62299465240642
97.52638610554442
97.51468624833112
97.46702198534311
97.37724550898204
100.79110512129381
101.78734858681023
101.77613941018767
101.77613941018767
101.77613941018767
101.77613941018767
101.77613941018767
101.77613941018767
102.72420837589377
102.49025974025975
102.46325648414987
102.38628649015615
102.31091877496671
102.14562458249833
102.08872581721147
101.79466666666667
101.76053511705686
101.73253493013972
102.69235924932977
104.9580230196344
104.91486486486487
104.92307692307692
104.89473684210526
104.84750337381917
104.84029649595686
104.40513166779203
102.19015957446808
101.55970647098064
101.50367401469606
101.43486973947896
101.31441922563418
101.25049966688874
101.05953177257524
101.06639839034204
100.876254180602
103.6369168356998
103.58870967741936
103.52913596784997
103.47994652406416
103.38353413654619
103.39973172367539
103.32436069986541
103.15198386012105
103.1377688172043
103.01146325016857
102.90927419354838
102.86854460093898
102.77031564808595
102.6489932885906
102.61383478844863
102.44354838709677
102.44354838709677
102.29522528581035
102.20324105334234
102.12659932659932
101.95292535305985
101.76747311827957
101.66420416386836
101.54637096774194
101.53230148048452
101.46029609690444
101.34592043155766
101.225
101.21066846725185
101.65853658536585
103.7089552238806
103.60337837837838
103.52271186440677
103.51252538930264
103.39054054054054
103.26904922454484
103.18298446995274
103.08616010854817
103.04681139755766
102.83288227334236
102.79769959404601
102.74780256930359
102.61798512508452
102.55675675675676
102.46179851250845
102.59986459038592
104.61228668941979
104.4090909090909
104.18188010899183
104.15871934604905
104.03267528931246
103.94129692832765
103.87191780821918
103.81215846994536
103.6861810755616
103.66235534377128
103.56666666666666
103.46671195652175
104.99243986254295
104.97936726272351
104.900826446281
104.75394105551749
104.61823166552433
104.58944482522276
104.5061559507524
104.42513736263737
104.23367697594502
104.10323468685479
104.08173076923077
104.03379310344828
103.97653554175292
103.84848484848484
103.70681348933242
103.58620689655172
103.53453038674033
105.46569646569647
105.57865557865557
105.53888506538198
105.35490605427975
105.15244755244755
105.15244755244755
105.10956036287509
104.97560975609755
104.88321678321678
104.81289418360197
104.77106741573033
104.70464135021098
104.70464135021098
104.47079521463758
104.38569424964936
104.23949579831933
104.23949579831933
104.08938547486034
104.08964558721334
103.99441730635031
105.93719469644103
106.26470588235294
106.22152341020265
106.20446615491974
106.06624825662482
105.92564280750521
105.89283228949199
105.77184466019418
105.60471567267683
105.52050034746352
105.50902777777777
105.4375
105.30145530145529
105.20957668285912
105.15203870076019
104.95718232044199
104.94263994471319
104.78314917127071
104.69198895027624
104.61011080332409
104.45473684210526
102.37482614742697
102.34676858929812
102.24844720496895
102.05459571527298
101.9792817679558
101.86307053941908
101.82527624309392
102.25961538461539
104.17373175816539
103.9371546961326
103.81332408049965
103.79209979209979
103.48331015299027
103.37656033287101
103.2807745504841
103.26643598615917
103.21294363256786
103.17327766179541
103.11541119557705
103.04227304227305
102.86740331491713
102.875
102.8016586040083
102.62543192812716
102.40883977900552
102.29054520358869
102.28827586206896
102.20553633217993
102.09916782246879
101.97430555555556
101.94448299791812
101.80916030534351
101.76805555555555
101.57931034482758
101.35457063711911
101.3597773138483
101.21998612074948
101.11343075852471
101.01597222222222
102.46061884669479
103.78481012658227
103.73465067043048
103.6994382022472
103.48246844319775
103.35495118549511
103.27032661570536
103.1089521165857
102.97282229965157
100.10409437890354
100.12707182320442
100.04520547945205
99.96098562628336
99.8639455782313
99.67413441955193
99.59959211420802
99.58571428571429
99.57501697216566
102.52325581395348
102.46821599453179
102.40068493150685
102.25428375599725
102.19436813186813
102.0716723549488
102.00273410799727
101.94618528610354
101.81484002722941
101.63740715732612
101.58203916272788
101.5715249662618
101.4264507422402
102.35245901639344
104.27831491712706
104.17056396148556
104.05075445816186
103.98288843258042
103.92386831275721
103.782340862423
103.67622950819671
103.58775510204082
103.44877049180329
103.28060522696012
103.26634549208535
103.21045392022009
103.08984910836762
102.9931506849315
102.94542974079127
102.89638718473074
102.78736413043478
102.65196743554952
102.54347826086956
102.45833333333334
102.33791208791209
102.25326012354152
102.20562028786841
102.02539464653398
102.0
101.94463431305536
101.77868295994568
101.67027758970886
101.6277027027027
101.6062246278755
101.53120759837178
101.3305954825462
101.26247436773752
101.13626978664831
101.14118457300276
101.0275671950379
100.94820441988949
100.86551724137931
100.76875430144528
100.61564859299932
100.5321038251366
100.42915811088295
100.32921810699588
100.25085910652922
100.14119259766963
100.08189951823813
99.98765432098764
99.79632152588556
99.66826265389878
99.54948805460751
99.52743484224965
99.4136518771331
99.20574162679426
99.12945205479451
99.12311901504788
99.0528455284553
102.33820459290189
102.30243902439025
102.26111111111112
102.10475534114404
102.056810403833
102.03349282296651
101.86397812713602
101.72260273972603
101.74777244688143
101.58896551724138
101.52668052668054
101.46376811594203
101.27159640635799
101.24413793103449
101.19862068965517
101.06116838487972
100.93305728088336
100.78312412831241
100.67552447552447
100.63636363636363
100.60406447091802
100.46759581881534
100.3600278551532
100.17896935933148
100.16643550624133
100.13730929264909
99.91833910034602
99.7914364640884
99.6525069637883
99.53514265831593
99.4866760168303
99.4600903614458
99.48218262806236
99.48218262806236
99.48218262806236
99.48218262806236
99.48218262806236
99.48218262806236
99.48218262806236
99.48218262806236
99.48218262806236
99.48218262806236
99.48218262806236
102.89703588143526
102.68381430363866
99.70710059171597
99.65701357466062
99.28719723183391
99.17416666666666
98.88334674175383
98.71987480438185
98.68970814132103
98.62462235649548
98.52615844544096
98.35476718403547
98.33357933579336
98.21707137601177
97.91823444283648
97.93237410071941
97.83045977011494
98.74498567335243
101.04492753623188
101.00434153400869
100.81428571428572
100.65068002863279
100.57849462365591
100.5336676217765
100.42078853046596
100.20916905444126
100.12230215827338
99.9158878504673
99.76022972002872
99.73706896551724
99.61227436823106
99.5982596084119
99.51233671988389
99.23272727272727
99.10007251631617
98.95234657039711
98.8020158387329
98.62745098039215
98.59479015918959
98.51014492753623
98.41582002902757
98.22100656455143
98.13251267197683
97.92514534883722
97.92514534883722
100.75073746312685
100.73470891672807
100.71944035346098
100.61708394698086
100.49926470588235
100.2459499263623
100.19557195571956
100.08670095518002
99.99120879120879
99.83783783783784
99.71774193548387
99.66201322556944
99.61634756995582
99.52893772893773
99.3210332103321
99.21845018450185
99.00147167034584
98.86377025036819
98.84841795437822
98.58223201174744
98.45961820851689
98.39178283198825
98.06622516556291
98.04649446494466
97.8377581120944
97.77736686390533
97.74556213017752
97.61098901098902
97.4155749636099
97.05137481910275
96.99927901946648
96.91341991341992
96.79494584837545
96.68606321839081
96.54382183908046
96.51074498567336
96.16202712348323
95.87330960854092
95.83845604002859
95.65785714285714
95.59714285714286
95.59714285714286
95.27078891257996
95.2549715909091
95.00566973777462
94.856022808268
94.75498575498575
96.12827781715096
98.19713261648747
98.0214592274678
97.86695278969957
97.73891273247497
97.76945039257673
97.65787598004277
97.55917788802267
97.48121899362155
97.19929328621907
97.16076487252124
97.11481218993622
96.9680624556423
96.85195729537367
96.81864530225783
96.80933852140078
96.80933852140078
96.80933852140078
96.80933852140078
96.80933852140078
96.80933852140078
96.80933852140078
96.80933852140078
96.80933852140078
101.15743440233237
100.83502304147466
100.58381030253474
100.2973174366617
100.14357864357865
100.01973220577872
99.84545454545454
100.39278278972935
103.41562932226833
103.37105624142661
103.32332878581173
103.24029952348536
103.22547683923706
103.00339443312967
102.82835820895522
102.71486761710794
102.57443915703604
104.9675190048376
105.95435684647302
105.7375596455351
105.7341079972659
105.45473110959836
105.44013605442177
105.30189959294437
105.20822102425876
104.94425560842964
104.79539295392954
104.44008124576845
101.7421299397187
101.70772303595206
101.55659121171772
101.37749667110519
101.27710843373494
101.06208277703604
101.30187416331995
104.33468834688347
104.53573859768551
104.46372881355933
104.36518771331058
104.25017041581458
104.07201646090536
104.0488644184446
103.79739904175221
103.66347469220247
103.52123287671233
103.56043956043956
103.44619602467444
103.38820301783264
103.14669421487604
102.97113402061856
102.80997949419002
102.74145006839944
102.64207650273224
102.47368421052632
103.17969821673526
104.49515905947442
104.37267080745342
104.25294525294525
104.15151515151516
103.96465696465697
103.77282086479067
103.71692940370116
103.6275720164609
103.40720221606648
103.21586206896552
103.06740792216817
102.83924843423799
102.8118948824343
102.69188445667126
102.62156593406593
102.5401509951956
102.27316403568977
102.08024691358025
102.08361891706647
101.92940370116517
101.7226376614548
101.609375
101.53551912568307
101.29810298102981
101.12474713418746
101.02170963364993
100.777628032345
100.6967654986523
100.61140939597315
100.52854264607119
100.3176943699732
100.16801075268818
100.05555555555556
100.07491638795986
102.09552845528455
101.76148648648649
101.58983050847458
101.49325236167341
101.40527740189445
101.33760107816713
101.27132303559435
101.16936572199731
101.07832545577313
100.81019450033534
100.5700808625337
100.43194070080862
100.42409802586793
100.33537414965986
100.25850340136054
100.04904632152588
99.93360711841206
99.78979591836735
99.79033356024507
102.17825189263593
102.1159122085048
101.99793388429752
101.87371310912835
101.70054570259208
101.62328767123287
101.47216494845361
101.3742289239205
101.26675786593708
101.0528483184626
100.92465753424658
100.77792915531336
100.71515975526853
100.48431105047749
100.48431105047749
100.35455167693361
98.66002747252747
98.26946933149551
97.91008922443376
97.8173076923077
97.74520547945205
97.6072157930565
97.3686730506156
97.347022587269
97.23565573770492
96.9377990430622
96.77906976744185
96.7235494880546
96.55281207133059
96.39312714776632
96.28865979381443
96.21771978021978
95.95610425240055
95.74023303632625
95.62217659137578
95.44147843942505
95.30458590006845
95.16358658453115
95.0633514986376
94.77663934426229
94.66415352981494
94.560522696011
94.52653342522399
94.38651994497937
94.15368852459017
93.9050240880936
93.79931271477663
93.70054945054945
93.52164948453608
95.31629834254143
97.80389429763561
97.78357689631176
97.6797520661157
97.54470426409904
97.37914364640883
97.27678571428572
97.17751884852639
96.99107142857143
96.99107142857143
98.67192862045299
100.02283737024221
99.82548476454294
99.7352537722908
99.65085910652921
99.54246575342466
99.39273474982865
99.27621658670321
99.17959183673469
99.0189445196211
98.96414073071719
98.79471544715447
98.67095463777929
98.5489932885906
98.47538772757923
98.30889341479973
98.15192437542201
98.05053908355795
97.8777027027027
97.73798239675017
97.68243243243244
97.60501355013551
97.40675675675675
97.30081300813009
97.21138211382114
96.9755268524813
96.88424657534247
96.75428963623884
96.67876712328767
96.52527322404372
96.38930774503083
96.20190346702924
96.09952283571916
96.0006821282401
95.95088676671215
95.70987654320987
95.59931506849315
95.42365887207703
95.19143054595715
95.09247757073844
95.00898410504492
94.82475660639777
94.74808094905792
94.62282533054976
94.44784422809458
94.26917712691771
94.14076655052264
96.56139105748758
96.20406732117812
96.20631578947368
96.18715083798882
95.97398030942335
95.81888653981677
95.68185003503854
95.55314685314686
97.29861111111111
98.15767634854771
98.09342560553634
98.00277585010409
97.8326359832636
97.62664816099931
97.56615598885793
97.40761245674742
97.25773195876289
97.19394773039889
96.98963372494816
96.89798750867453
96.73574408901251
96.5802213001383
96.45284327323162
96.42302357836338
96.27685950413223
96.03261623872311
97.53347578347578
98.8097713097713
98.8097713097713
98.8097713097713
98.8097713097713
98.8097713097713
98.8097713097713
98.8097713097713
98.8097713097713
98.8097713097713
98.8097713097713
98.8097713097713
98.8097713097713
99.08301886792452
99.10947368421053
99.04666666666667
98.98813868613138
98.93256433007986
98.88337684943428
101.47826086956522
102.026913372582
101.89607201309329
101.73815261044177
101.66771902131018
101.42890995260663
101.38940809968847
101.2210200927357
100.46390168970814
98.46252838758517
98.50489089541009
98.23930982745686
98.17102315160568
98.11575802837939
97.98880597014926
97.77151335311572
97.70436067997043
97.60798816568047
97.34940652818992
97.3410275502606
97.23031203566123
97.11764705882354
96.85619469026548
96.75943745373797
96.75943745373797
96.61235119047619
96.35324869305452
96.23248882265275
96.00890868596882
95.84112843355605
95.78470675575353
95.54592592592593
95.37879911045219
95.21439169139465
95.1058475203553
94.88872512896094
94.84536082474227
94.74207811348563
94.58993338267949
94.3628912071535
94.3038632986627
94.05177514792899
93.97045790251107
93.73127753303964
93.62444771723122
93.37407952871871
93.23230088495575
93.06686260102866
92.97866077998529
92.94342395297575
92.70007369196757
92.63858093126386
92.44050258684405
92.2
91.99108469539375
91.97785977859779
91.87759643916914
94.59138972809667
94.92099322799098
94.72993248312078
94.76975169300226
94.68895567242674
94.53483146067416
94.53863465866466
94.47191011235955
94.18993993993993
94.07593984962406
93.99322799097065
93.93962264150943
93.83193277310924
93.78260869565217
94.1425251742835
96.65327029156816
96.64645669291338
96.4905808477237
96.29260700389105
96.15612802498049
96.02388289676426
95.88366718027736
95.72635658914729
95.63320463320463
95.56018518518519
95.41347626339969
95.27446483180428
95.0734506503443
94.91717791411043
94.86307692307692
94.81769230769231
94.73189522342065
94.58171959721146
94.39736638264911
94.14418604651163
94.11455108359134
93.93090062111801
93.85769828926905
93.79828660436137
93.64957264957265
93.45468509984639
93.34942528735633
93.19754035357417
93.0554272517321
92.94517374517375
92.83410852713179
92.665625
92.45043616177637
92.3546756529065
92.1944847605225
92.1944847605225
92.1944847605225
92.1944847605225
92.1944847605225
92.1944847605225
92.1944847605225
92.1944847605225
92.1944847605225
92.1944847605225
92.1944847605225
92.1944847605225
92.1944847605225
92.1944847605225
92.1944847605225
92.1944847605225
92.03583815028902
91.91935483870968
91.70275066548359
91.6206322795341
91.44899598393575
91.32634032634033
91.18567026194145
91.11153262518968
90.98045112781955
90.77003745318352
90.55423476968797
90.36637298091043
90.24852071005917
90.24852071005917
93.78560830860535
93.94022140221402
93.89159292035399
93.85114222549743
93.54358974358975
93.40919037199124
93.3009495982469
93.23387096774194
93.16654438738078
93.12222222222222
93.06213017751479
92.72131147540983
92.69604182225541
92.60344827586206
92.49660889223813
92.3185975609756
92.24119448698316
92.15543644716692
92.15478927203065
93.39431206764027
95.1756862745098
94.95193798449613
94.61226053639847
94.47121212121212
94.36184708554126
94.29000751314801
94.20135236664163
94.07825432656132
94.09398496240601
93.82410179640719
93.74087862993298
93.60808823529412
93.27651792245794
93.30415754923413
93.16399416909621
93.13483965014578
92.8557902403496
92.78827838827839
94.68041237113403
95.6296840558413
95.48717948717949
95.23279648609078
95.19148936170212
95.15801024140454
94.89779411764705
94.8373804267844
94.74742268041237
94.74742268041237
94.6232523914643
94.4874446085672
94.36148148148148
94.3461823573017
94.08614232209737
94.00747384155456
93.87005227781927
93.82846441947565
93.81498127340824
93.76554307116105
93.66666666666667
93.41954887218046
93.20870870870871
93.05709992486852
93.05709992486852
92.8987246811703
92.82706766917293
92.78662659654395
92.63738738738739
92.41492537313432
92.38450074515649
93.17189835575486
94.77441332323997
94.72075471698113
94.45739910313901
94.26831091180867
94.13561847988078
94.0186150409531
93.83481481481482
93.70758928571429
93.72774098601913
93.51575091575091
93.33235509904623
94.39592430858806
95.91348233597692
95.81433691756273
95.76583629893238
95.63236337828246
95.56382978723404
95.41359773371104
95.28652886671418
95.09421841541756
94.921639108555
94.87382840663302
94.82828282828282
94.59146782357195
94.51455604075691
94.46013167520117
94.26509572901325
94.00365764447696
93.92461197339246
93.85385756676558
93.82925018559763
94.79577995478523
96.26984126984127
95.98572501878287
95.82766439909297
95.80545041635125
95.6494382022472
95.55138784696175
95.52663165791448
95.3578947368421
95.07410179640719
95.00749063670412
94.83547169811321
94.78792452830189
94.74246987951807
94.67792792792793
94.58664666166541
94.45802098950524
94.26636904761905
93.95927601809954
93.9255079006772
93.7603305785124
93.7603305785124
96.61579347000759
96.56416097190585
96.52206432311144
96.13187641296156
96.16704119850186
96.03122676579926
95.82679496669134
95.64275147928994
95.57995578481946
95.4789667896679
95.32380952380953
95.20661764705882
94.91231884057972
94.84470246734398
94.74379562043795
94.69482884195193
94.52186588921283
94.44081336238199
94.18609703113685
94.1150506512301
93.94250363901018
93.84554024655547
93.75544267053701
93.61388286334056
93.29395017793594
93.168458781362
92.94571428571429
92.88205861329521
92.7430207587688
92.65855404438082
92.44017094017094
92.29073941134243
92.18168812589414
91.95608351331893
91.84946236559139
91.65667380442541
91.35623229461757
91.26988636363636
91.1930447125621
91.03118355776046
92.93653032440056
93.38798586572439
93.21742209631728
93.13783403656821
92.97891777933943
92.83192686357243
92.78098591549296
92.58608573436402
92.38736842105263
92.30937279774489
92.08912280701755
92.01902748414376
91.95207892882311
91.74803711634547
91.66476868327402
91.72921108742004
94.19732205778718
94.11954992967651
94.04243281471004
93.98226950354609
93.74431818181819
93.60327635327636
93.47432239657633
93.319375443577
93.23629893238434
93.12080057183702
93.07383512544803
92.87545257060101
92.78684971098266
92.62526920315865
92.48243727598566
92.40503597122301
92.26430123099203
92.14836363636364
92.15490909090909
91.93103448275862
91.69450549450549
91.56323529411765
91.47944199706315
91.26218611521418
91.25684678016285
91.21005917159763
91.02004454342985
90.91333333333333
90.54922279792746
90.54922279792746
90.48071216617211
90.26008968609865
90.20643231114435
89.98716981132075
89.70945945945945
89.5977358490566
89.57630979498862
89.4123947972456
89.28074245939675
89.12095531587057
91.60405300077943
92.40700389105058
92.39035769828926
92.27829457364341
92.00625978090767
91.81313526192338
91.59671104150353
91.58018867924528
91.5244094488189
91.36299212598425
91.24940428911835
91.14976228209191
90.83687943262412
90.66377952755906
90.61780929866036
90.47422680412372
90.36972111553784
90.16006339144215
90.03241106719368
89.83557312252964
89.64794303797468
89.57874015748031
89.47736298649723
89.4352660841938
89.26819620253164
89.46942017474186
91.78628389154704
91.67355043685464
91.60411718131434
91.53169572107765
91.44514601420678
91.3436507936508
91.39140811455847
91.1917591125198
90.92651757188499
90.81145584725537
90.60365369340747
90.58552108194112
90.20436187399031
89.50687146321746
89.42088091353996
89.27777777777777
89.21434392828036
88.9785655399835
88.60702614379085
88.55028618152085
88.45894909688013
88.39917695473251
88.38404605263158
90.51400329489292
90.95850622406638
90.67518549051937
90.58813838550248
90.43763676148797
90.43763676148797
90.43763676148797
90.43763676148797
90.43763676148797
90.43763676148797
90.43763676148797
90.43763676148797
90.43763676148797
90.43763676148797
90.43763676148797
91.96292134831461
94.62659380692168
95.02032520325203
94.89597570235384
94.69580924855491
94.53398738612474
94.40776699029126
94.19073569482289
94.16723549488054
94.05559322033898
93.86376021798365
93.663272233537
93.51145552560646
94.66982408660351
97.45883940620783
97.20466666666667
97.07166556071665
96.982119205298
96.69602649006623
96.69195250659631
96.54359313077939
96.44599072233268
96.25494071146245
96.01051939513478
98.38278145695364
98.82317880794702
98.71986754966888
98.5902823374918
98.37434210526317
98.33486842105263
98.29152987524623
98.05770491803278
97.91968400263332
97.54917491749174
97.44825313117997
97.4320580474934
100.62841894596397
101.6
101.5634178905207
101.45466666666667
101.31149732620321
101.2566844919786
100.8915502328676
100.72642762284197
100.63576158940398
100.50925925925927
100.30636604774536
100.20199335548173
99.99538866930172
99.81896551724138
99.67483443708609
99.51822398939694
99.40159045725646
99.23576158940398
99.07732980832782
98.78312458800264
98.6763732627399
98.56651224354732
98.48972829688535
98.33796296296296
98.03219448094612
100.11420982735723
101.24077800134138
100.99334664005323
100.76789297658863
100.67866666666666
100.59614105123087
100.46843853820599
100.32908847184987
97.83959731543624
97.33891493636972
97.24448897795591
96.98524480214621
96.81270903010034
96.70766129032259
99.0384356035064
100.27668252889191
100.0882154882155
99.80189317106152
99.71534820824883
99.55697909642616
99.41987829614604
99.21520706042091
97.50713800135962
96.8538938662991
96.70604395604396
96.46090534979425
96.31647300068353
96.21506849315068
96.15637860082305
97.62
98.99445599445599
98.98891966759003
98.82459818308874
98.63636363636363
98.48439716312058
98.4049645390071
98.23962804005723
97.55555555555556
95.91751824817518
95.8014652014652
95.63716166788588
95.36496350364963
95.27465303140978
95.9077380952381
96.78448918717375
98.32600454890068
98.34294385432474
98.34294385432474
98.30257186081695
98.18415094339622
98.07890743550834
97.85128983308041
96.20076335877863
95.63803680981596
95.62058371735792
95.47673531655225
95.36648814078042
95.2542372881356
95.61340607950117
95.66875
96.00235294117647
96.97872340425532
97.74980205859066
97.74980205859066
97.72015810276679
97.64500792393028
97.58795562599049
97.57301587301588
97.6378763866878
96.6053882725832
96.01259842519684
95.92795614722004
95.79513343799059
95.76369327073553
95.76369327073553
96.9968774395004
99.67272727272727
100.5765265662173
100.45773524720893
100.1073985680191
99.94488188976378
99.72421875
99.43362136684996
97.75452399685287
97.18260869565216
97.12480376766091
96.93025078369905
96.8640625
97.87509758001562
101.00560897435898
101.72951471758154
101.50437549721559
101.34262948207171
101.11181601903252
100.97941409342835
100.74272226593234
98.5886469673406
98.5276923076923
98.41788743253662
98.26425269645608
98.1955350269438
97.97511312217195
98.26827430293896
101.2427701674277
101.19413092550789
101.01044776119403
100.64379562043796
100.49891067538127
100.44444444444444
100.19698058950395
100.13525179856114
99.91141034727144
99.78465869106263
99.60350877192982
102.47171145685996
102.40440653873489
102.27935813274982
101.92395437262357
101.92395437262357
101.92395437262357
101.92395437262357
101.92395437262357
101.92395437262357
101.92395437262357
101.92395437262357
101.92395437262357
101.92395437262357
100.13333333333333
100.56049638055842
101.84705882352941
103.35359589041096
