67.52806652806653
66.70219435736676
65.92984293193717
65.53283898305085
64.63022508038586
66.21986607142857
70.28390804597701
74.19816723940436
76.1125
75.65652173913044
75.13398692810458
74.57096424702058
73.9709051724138
73.48972972972973
72.69664138678223
72.27582417582417
71.58379578246392
71.74722838137473
74.66118421052632
76.36893203883496
77.4888888888889
77.38842105263159
76.90114464099896
76.3219814241486
75.94294605809128
75.20646506777894
74.74534161490683
73.93548387096774
73.74476987447699
76.02745512143612
77.01382978723404
76.3087318087318
75.95941727367325
75.13395638629284
74.7396694214876
74.07933194154488
73.21540062434964
72.60084925690022
72.00752688172042
71.37257019438445
70.6822125813449
70.04814004376368
69.58893709327549
68.84039087947883
68.1305334846765
67.4380776340111
70.5
70.5
70.5
70.5
70.5
70.5
139.0
79.0
79.0
79.04878048780488
78.53952569169961
78.08277027027027
77.653312788906
76.98283261802575
76.43293492695884
75.62594458438288
74.79004854368932
73.5812865497076
72.94748858447488
72.14174107142857
71.3795782463929
70.58241758241758
69.8473282442748
69.08637873754152
68.3509561304837
67.4532967032967
68.96405919661734
68.96405919661734
68.96405919661734
68.96405919661734
68.96405919661734
137.5
137.5
84.63235294117646
84.57548845470693
84.26224328593997
83.79912663755458
83.35338345864662
82.76041666666667
82.08620689655173
80.83720930232558
137.60784313725492
137.60784313725492
137.60784313725492
137.60784313725492
137.60784313725492
139.5
139.5
78.0
78.0
77.78350515463917
77.222
76.30744849445325
75.38830584707647
75.41044776119404
77.267776096823
77.33333333333333
76.82837837837837
75.90736040609137
75.3202380952381
74.31077981651376
73.10579064587974
72.44748358862144
71.43899782135077
70.66160520607376
70.00649350649351
70.8082788671024
73.67169373549883
76.24709976798144
79.63001145475373
82.0981256890849
81.68872017353578
81.02637130801688
80.03936170212766
79.34179894179894
78.72228320526894
77.96171171171171
78.35400225479142
80.36122177954847
80.36122177954847
80.36122177954847
80.36122177954847
141.5
139.5142857142857
136.9879518072289
136.9879518072289
83.24586288416076
82.79924953095684
82.16719242902208
81.54518950437318
81.13915416098226
80.2279792746114
79.29008567931457
78.5705950991832
77.79701834862385
76.84044943820224
75.88852097130243
74.71615720524018
73.69206008583691
72.97667020148462
72.33333333333333
71.47729672650475
70.65454545454546
69.75692963752665
69.20322580645161
67.79565217391304
70.76637554585153
74.00891861761427
76.09513274336283
75.61380798274003
74.97823721436343
74.38665254237289
73.57368421052631
73.0667372881356
72.04705882352941
71.22795698924732
70.43973941368078
69.7562028047465
72.99015317286653
74.59824368825467
75.91512513601741
75.49893842887474
74.85516506922258
73.97371188222924
73.5395152792413
72.98091198303287
72.45675105485232
71.83806519453208
71.44456177402323
70.64505844845908
70.21251348435814
69.57020364415862
71.95152792413066
74.02330508474576
75.09253417455311
74.57688338493293
73.96141814389989
73.46878198567042
72.90861889927311
72.35831622176592
71.61435897435898
70.72182006204757
70.31347962382445
69.56367432150313
68.92537313432835
68.31614349775785
67.75195822454307
69.8170731707317
71.74320241691844
74.10977443609022
75.65258855585832
75.29458388375166
74.58407079646018
73.96962332928311
73.49413145539906
72.68886337543054
72.28422273781902
71.63882352941177
71.10314465408806
70.68526466380544
70.13559322033899
70.13559322033899
70.13559322033899
70.13559322033899
70.13559322033899
70.13559322033899
70.13559322033899
75.05172413793103
75.6225
74.90295358649789
74.49376114081997
73.92182410423453
73.404833836858
72.86906474820144
71.87791495198903
71.2838370565046
70.18513853904282
69.61008610086101
68.79642857142858
67.94021101992966
67.47344110854503
66.61129943502824
65.79932356257046
65.24249165739711
64.38919514884233
63.293668122270745
62.4774972557629
61.613082039911305
60.8191011235955
60.31003382187147
59.408
58.67790697674418
60.08716136631331
65.12078977932636
71.34861407249467
74.86157024793388
74.38561438561439
73.71797418073486
73.01951219512195
72.32338787295477
71.74536585365854
71.21179883945841
70.33268671193017
69.32694151486098
68.75
68.01544401544402
67.33333333333333
66.56534365924492
66.06666666666666
65.24091778202677
64.44368932038834
63.65306122448979
62.55413385826772
61.72458045409674
61.194
60.433299899699094
59.61201629327903
61.5213849287169
65.51909184726522
69.1891891891892
72.14197530864197
71.20060483870968
70.45975855130784
69.88164493480441
69.22840119165839
68.518444666002
67.73467336683417
67.21725888324873
66.41919191919192
65.565749235474
64.6123076923077
63.923312883435585
63.23578076525337
62.51991614255765
61.69092827004219
60.888888888888886
60.48363252375924
59.56323060573858
58.62568008705114
57.51582649472451
58.820697954271964
62.85806451612903
66.33872976338729
69.40543735224587
69.52914798206278
69.17453347969264
68.39590075512406
67.46169989506821
66.77234927234927
66.10082304526749
65.33884297520662
64.48360655737704
63.983505154639175
63.161094224924014
62.59342915811088
61.75102459016394
60.80848861283644
60.123061013443646
59.50886339937435
58.75343915343916
59.868869936034116
63.73625140291807
66.9714937286203
67.60132158590308
66.95011086474501
65.95546129374337
65.42841993637327
64.71580063626723
63.73072861668426
63.25630252100841
62.55190677966101
61.686708860759495
60.833869239013936
60.14702702702702
63.83035714285714
66.50164293537787
68.10848549946294
67.57203389830508
67.09166666666667
66.38397502601457
65.70582120582121
65.22783505154639
64.52200614124872
63.59090909090909
62.83522142121524
62.41571871768356
61.58539094650206
60.76239669421487
60.402275077559466
59.651113467656415
58.90308839190628
58.2967032967033
63.09722222222223
65.43816254416961
66.85889570552148
66.85889570552148
70.21114369501467
70.97155361050328
71.005444646098
70.43639291465378
69.83157894736843
68.8027397260274
68.08900523560209
67.44667503136763
66.565
65.82947624847746
65.18579881656805
64.71012805587893
63.67995444191344
63.53785310734463
68.03236994219654
69.85197740112994
69.22619047619048
68.46504237288136
67.93980992608236
67.2119341563786
66.49131767109296
65.76954314720813
69.21739130434783
70.98286937901499
73.63665594855306
73.662486938349
73.22108495394063
72.53387259858442
71.91940298507463
71.2861328125
70.52878048780488
69.43834296724471
68.77228682170542
68.5397890699904
71.17647058823529
71.97849462365592
71.25047619047619
70.58076923076923
69.89326923076923
69.33747609942638
68.24350336862368
67.5543792107796
66.9412915851272
66.13222331047992
65.3421568627451
64.52889324191969
63.702649656526006
62.76787463271303
62.16666666666667
60.927290836653384
60.18458417849898
59.52845528455285
58.70666666666666
60.92497430626928
63.77732379979571
66.47813121272365
66.22673267326732
65.57240704500978
64.51409135082605
63.75778210116732
62.96646942800788
62.39169139465875
61.648166501486614
60.82613065326633
60.08110882956879
59.4454732510288
62.51328374070138
66.57397691500525
68.95918367346938
69.7936507936508
69.3050193050193
68.66408518877057
67.90209125475285
67.45489078822412
66.68541468064824
66.0124521072797
64.89251439539348
64.27735124760076
63.515325670498086
62.80232558139535
61.85826001955034
65.10500963391137
67.9960396039604
71.45454545454545
74.57523809523809
73.75749063670412
73.30394857667585
72.41879562043796
71.83287671232877
71.0671506352087
70.18982742960945
69.3257299270073
68.41074681238615
67.38181818181818
66.58325750682438
65.59510869565217
64.76448942042319
64.00824175824175
63.20421245421245
62.32073732718894
61.58677685950413
60.49770431588614
59.271186440677965
58.62440419447093
57.69348659003832
56.99617224880383
56.265957446808514
55.47804878048781
54.70923379174853
53.71513944223108
57.809809809809806
63.78654970760233
67.97616777883698
67.74094707520891
67.03803339517626
66.30996309963099
65.55088702147526
64.95189639222941
64.10332103321034
63.34875115633673
62.27179006560449
61.48747591522158
60.729100529100535
60.78776978417267
142.0
142.0
142.0
142.0
142.0
142.0
142.0
71.66299559471365
70.9780621572212
70.10685805422648
69.18436578171091
68.49033149171271
67.58157894736843
66.69548872180451
65.46272189349112
64.42437923250564
63.63134657836645
62.92307692307692
61.979851537645814
60.97033898305085
60.11894736842105
59.20542231491136
58.464847848898216
57.02398331595411
56.161392405063296
55.4755838641189
54.53028692879914
53.62286324786325
52.78322440087146
51.98891352549889
51.30237825594564
53.54314159292035
59.64161220043573
62.4900314795383
61.99094567404427
61.1345962113659
60.383616383616385
59.52894211576846
58.726538849646815
57.81883316274309
56.72821576763485
56.00736067297582
59.65625
62.727272727272734
65.31724845995893
65.09145728643216
64.45508982035928
63.64208456243854
62.99901380670612
61.713567839195974
61.03638253638253
60.31483457844183
59.409677419354836
62.38762214983713
65.50228310502283
69.76099210822998
71.4438444924406
70.8409090909091
69.6969696969697
69.0909090909091
68.12586719524282
67.38921568627451
66.47208619000979
65.58284600389864
64.75531914893617
63.894277400581956
63.15077821011673
61.96379647749511
61.15175097276264
60.211389961389955
59.522727272727266
58.54900000000001
57.71049949031601
58.46735751295337
62.81967213114754
65.72881355932203
64.79823702252693
64.1215953307393
63.35172413793103
62.3035019455253
61.48627450980392
60.79960899315738
59.85573122529644
59.090099009900996
58.236710130391174
56.991769547325106
56.18181818181819
55.69809322033899
60.222570532915356
63.565749235474
63.67774420946627
63.003003003003
62.30624380574827
61.531405782652044
60.31516352824579
59.60221550855992
58.77844914400805
57.9616935483871
57.339157245632066
56.555669050051065
55.7435367114788
54.97175732217573
54.2029598308668
55.02699784017278
59.6970684039088
64.09061488673139
67.17665615141956
66.32274590163935
65.36842105263158
64.38004032258064
63.53118712273641
62.3679435483871
61.485971943887776
60.58948432760364
59.720408163265304
58.96777546777547
58.10498409331919
57.63249727371864
57.01551480959097
57.01551480959097
57.01551480959097
57.01551480959097
57.01551480959097
57.01551480959097
57.01551480959097
66.70143149284253
65.8042414355628
64.84892086330935
63.90394736842106
62.52496954933008
61.720902612826606
60.610344827586204
59.762174405436014
58.981961668545665
57.9453125
57.19222222222223
56.30309734513274
55.49661399548533
54.53272101033295
53.7424789410349
53.12374100719424
58.402255639097746
58.402255639097746
58.402255639097746
58.402255639097746
58.402255639097746
58.402255639097746
67.02116402116403
67.02116402116403
64.60385438972163
63.614564831261106
62.957413249211356
61.98088235294118
60.794326241134755
59.94514767932489
59.242382271468145
58.022566995768685
61.94466403162055
64.54524361948955
67.57494866529774
71.79411764705883
74.65990783410139
74.54553571428572
73.82216264521895
73.19115044247788
71.98585322723254
71.07508833922262
70.03755458515283
69.08267370272647
68.23137598597721
67.26223776223776
66.29762949956101
65.36219081272085
64.37056737588652
63.174688057040996
62.127833182230276
61.183394160583944
60.24163568773234
59.50147492625369
58.66737064413938
60.31460674157303
62.83189655172414
62.83189655172414
62.83189655172414
62.83189655172414
68.47586206896551
68.47586206896551
68.33333333333333
67.39615384615385
66.63430420711974
65.86716417910448
64.41176470588235
63.382352941176464
62.4718826405868
61.61971830985915
60.63954802259887
59.58496732026144
58.66338797814208
57.66630785791173
56.59418729817007
55.114101184068886
54.239013933547696
53.414424111948335
52.46443965517241
56.327529923830255
60.22272215973004
63.088202866593164
62.53621621621622
61.56059009483667
60.580844490216265
59.74766355140187
58.85849056603773
58.04831932773109
57.188034188034194
57.888051668460704
62.43216630196936
65.39760348583879
65.24654622741764
64.10259067357514
63.19650205761317
62.45445026178011
61.58718487394958
60.707368421052635
61.668085106382975
65.64050901378579
68.91054313099042
72.09644670050761
74.93406593406593
74.07850834151128
73.48487804878049
72.59786821705427
71.74903846153846
70.93358999037537
70.14942528735632
69.17516843118383
68.26911907066795
66.9583746283449
66.28335170893054
66.02222222222223
66.02222222222223
66.02222222222223
66.02222222222223
66.02222222222223
66.02222222222223
66.02222222222223
66.02222222222223
66.02222222222223
66.02222222222223
73.29718875502007
72.38659793814433
71.6838905775076
70.77323943661972
69.76891891891891
68.49111675126903
67.50121951219512
66.61328588374852
65.68192219679634
64.79325842696629
63.65241228070175
62.867549668874176
62.013215859030836
64.55283648498332
68.54201183431952
67.90233074361821
67.2663043478261
66.59056806002144
65.64240506329114
64.75653082549634
63.90382626680454
63.1694045174538
62.293085655314755
60.84551148225469
60.03838174273859
59.2710970464135
58.33722163308589
57.3836344314559
59.55117270788912
63.671009771986974
67.2218649517685
67.44665271966527
66.38492871690428
65.51814516129032
64.74521651560927
63.80441323971915
63.16649949849548
62.28753680078508
61.44433497536946
60.55533399800598
59.66026289180991
58.40347293156282
57.55532786885246
57.006249999999994
61.521465968586384
64.91753653444677
67.98466257668711
68.03510531594785
67.13163064833006
66.50098231827111
65.38953488372093
64.37414965986395
63.40194174757282
62.66310679611651
61.684210526315795
60.7235294117647
59.97912524850895
59.04382470119522
58.262425447316105
56.91983967935872
56.19071644803229
55.379450661241094
54.511794871794876
53.65977249224406
56.17118997912317
60.845520082389285
63.34514170040485
62.43589743589743
61.21887159533074
60.30323846908735
59.423228346456696
58.51848151848152
57.81533804238143
56.91924227318046
56.13056680161944
55.47570850202429
54.21325051759834
53.33755274261604
57.23391215526047
60.77891504605937
63.238
62.37795275590551
61.534975369458124
60.67222767419038
59.7781036168133
58.55172413793103
57.59032576505429
56.75099601593625
55.98905472636815
55.319472616632865
54.455747711088506
53.72923076923077
52.9541188738269
52.92781316348196
59.56628982528264
63.8494516450648
66.00194931773879
65.22011385199241
64.41477272727273
63.51274787535411
62.864022662889525
62.025375939849624
61.1728045325779
59.95746785361028
59.26214574898785
58.54722222222222
58.54722222222222
58.54722222222222
58.54722222222222
58.54722222222222
58.54722222222222
69.97777777777777
69.97777777777777
68.41164658634538
67.36130136986301
66.46056782334385
65.38970588235294
64.4862258953168
63.582345191040844
62.6576923076923
61.60342717258261
60.38310185185185
59.435428571428574
58.53506787330316
57.435320584926885
56.62388392857143
55.63626373626374
54.75747508305648
53.88066298342541
52.96885428253616
51.77246871444824
50.926886792452834
55.64420803782505
60.23659673659674
64.44791666666667
68.21603563474387
67.95166487647691
67.09404388714734
66.11887382690303
64.90481064483112
63.953893442622956
63.0082135523614
62.04545454545455
61.15724563206578
60.3274244004171
59.45330535152151
63.24811218985977
66.82599355531687
66.79211087420043
65.85833333333333
65.24173553719008
64.3360824742268
63.5103734439834
62.504158004158
61.66631689401889
60.84768907563026
61.297502714440824
65.43163841807909
68.70462232243517
71.85382059800665
72.19042437431992
71.42320085929109
70.75210084033614
69.81695966907962
69.01233299075025
67.7269035532995
66.6989032901296
65.76108870967742
64.95020325203252
63.987927565392354
63.10253807106599
62.11806981519507
61.18679050567596
60.55061179087875
60.55061179087875
60.55061179087875
60.55061179087875
60.55061179087875
60.55061179087875
60.55061179087875
60.55061179087875
72.51190476190476
71.99701492537314
70.42043222003929
69.23702422145328
68.19751166407465
67.15351506456241
66.35695187165776
65.37124183006536
64.31969309462916
63.614873837981406
62.818619582664525
62.818619582664525
62.818619582664525
62.818619582664525
62.818619582664525
62.818619582664525
62.818619582664525
62.818619582664525
71.01639344262296
70.55223880597015
69.2994011976048
68.40070298769771
67.0354267310789
66.05530642750374
65.18636995827538
64.33866666666667
63.55439056356488
62.63648124191462
61.80209698558322
66.21144278606965
68.99195402298851
72.25418410041841
75.31155778894473
77.2466281310212
76.4703110273327
75.88555347091932
75.04921077065924
73.99000908265214
73.05329719963866
72.17145421903052
71.19446922390722
70.54884547069271
69.65066666666667
68.6232269503546
67.6969964664311
66.89759572573463
65.36476868327402
64.6459286367795
64.07292817679559
63.918414918414925
63.918414918414925
63.918414918414925
63.918414918414925
63.918414918414925
63.918414918414925
69.59883720930233
69.59883720930233
68.41468682505399
67.55917667238423
66.39760837070254
65.53129346314326
64.73307291666667
63.85503685503686
62.812354312354316
61.650723025583986
60.611827956989245
59.7186512118019
58.81496881496882
57.86714727085479
56.801432958034795
56.05835010060362
55.13394683026584
54.4549138804458
53.056237218813905
52.19111570247934
51.19496855345912
53.781217750257994
57.66386554621849
60.771750255885365
60.227544910179645
59.43418467583497
58.48571428571428
57.37400793650794
56.396414342629484
55.60119047619048
54.89447236180905
54.11295336787565
53.51805869074492
53.25765765765766
53.25765765765766
53.25765765765766
53.25765765765766
53.25765765765766
53.25765765765766
53.25765765765766
68.58959537572254
68.58959537572254
67.29425287356322
66.13533834586467
65.28064516129032
63.78623718887262
62.85416666666667
61.84533333333333
60.872093023255815
59.96291560102301
58.92682926829268
58.19241192411924
57.790000000000006
57.790000000000006
57.790000000000006
57.790000000000006
57.790000000000006
57.790000000000006
57.790000000000006
57.790000000000006
57.790000000000006
66.5
66.5
66.5
63.788759689922486
62.75979557069847
61.560509554140125
60.62759643916914
59.647727272727266
58.65320334261838
57.80080213903743
56.43506493506493
55.51813471502591
54.740834386852086
53.811345646438
52.99421965317919
52.63026819923371
52.63026819923371
52.63026819923371
52.63026819923371
52.63026819923371
52.63026819923371
52.63026819923371
139.5
139.0
65.98941798941799
65.98941798941799
65.98941798941799
62.59470468431772
61.29545454545455
60.05211726384364
59.12149532710281
58.13283582089552
57.16740740740741
56.31223628691983
55.324250681198905
54.43638850889192
54.92946058091286
62.48239895697523
65.17574257425743
64.3806146572104
63.65694282380397
62.796747967479675
61.83237657864524
61.282633371169126
60.34807256235828
59.57798165137615
58.19119351100811
57.21974148061105
56.351515151515144
55.63853727144867
55.66460905349794
55.66460905349794
55.66460905349794
55.66460905349794
55.66460905349794
55.66460905349794
55.66460905349794
55.66460905349794
67.0
66.65283018867925
66.65283018867925
64.29661016949153
63.45454545454545
61.742622950819666
60.924882629107984
60.054411764705875
58.896551724137936
58.05840455840456
57.26553672316385
56.47698744769875
55.62376237623762
54.96509598603839
54.96509598603839
54.96509598603839
54.96509598603839
54.96509598603839
54.96509598603839
54.96509598603839
54.96509598603839
70.0
70.0
69.20581113801452
68.51059730250482
67.62689075630252
66.29225908372828
65.34493192133132
64.48066298342542
63.57449664429531
62.40755208333333
61.552598225602026
60.018382352941174
59.19541616405307
58.279289940828406
57.39953271028037
56.37645687645687
55.48108747044917
54.67538644470868
58.459396751740144
62.44032444959444
69.97787610619469
71.8839190628328
71.16838842975207
70.26578411405295
69.61333333333333
68.74846625766871
68.02713567839196
67.04950495049505
66.34465534465535
65.14755732801595
64.24874623871615
63.289447236180905
62.477777777777774
61.6239837398374
60.69989722507708
59.82762201453791
58.9460020768432
58.58016877637131
63.705141657922354
66.96016343207354
68.43232323232323
67.81231671554252
67.10388349514564
66.53913894324853
65.61100386100387
64.9193857965451
64.0608108108108
62.83739045764362
62.08713272543059
61.36750272628136
60.57654320987655
60.73988439306359
60.73988439306359
60.73988439306359
60.73988439306359
60.73988439306359
60.73988439306359
60.73988439306359
68.5
69.28467153284672
68.29923273657289
67.596
66.6470588235294
65.3603744149766
63.81303116147309
62.705163043478265
61.93915343915344
60.8527528809219
60.02784810126582
59.018987341772146
58.19363057324841
62.070528967254404
65.01861042183623
69.9207100591716
69.1586592178771
68.53752759381898
67.88172043010752
66.94130202774814
66.3175965665236
65.50160771704181
64.63816475495308
64.02534318901795
62.4136460554371
62.02078774617068
66.52169076751946
69.68694690265487
73.2472647702407
75.39224137931035
74.85477178423237
74.29791666666667
73.42002063983489
72.29116465863454
71.39390862944163
70.4984802431611
69.63855421686748
68.81990049751244
68.04221105527638
67.08980827447023
66.29196337741607
65.437430786268
64.921875
64.921875
64.921875
64.921875
64.921875
64.921875
64.921875
64.921875
73.32377049180327
72.5303738317757
72.02443609022556
71.02272727272727
70.07291666666667
68.95454545454545
67.8442280945758
66.61216216216216
65.86551264980027
69.70067114093959
74.94750656167979
76.77610062893082
76.33136094674556
75.33217993079585
74.44642857142857
73.7258064516129
72.95647558386412
72.00105596620908
70.91013584117033
69.91182572614107
68.97311271975181
68.05876288659793
67.12512926577043
66.25545171339564
65.44734098018769
64.39727463312369
63.55579399141631
65.17429193899783
69.1647465437788
73.48594847775176
78.6075205640423
82.26731470230862
81.81142857142858
81.15604395604396
80.3029315960912
79.83930510314875
78.60910031023785
77.65702479338843
76.84458077709611
75.93449334698056
75.12040816326531
74.10323886639677
73.08713272543059
72.18781725888324
71.19328585961343
74.745963401507
78.40183696900115
81.12603062426383
80.82413793103449
80.23634336677814
79.39135254988913
78.32359307359307
77.70418006430869
76.78858350951374
75.48042328042328
74.4521556256572
73.65010351966873
72.86377708978328
71.8721649484536
70.92086330935251
69.96212896622313
68.8898043254377
68.00622406639005
66.52301255230125
65.60457856399584
64.72639484978541
63.71428571428571
63.71428571428571
63.71428571428571
63.71428571428571
63.71428571428571
63.71428571428571
63.71428571428571
73.5
73.5
73.5
72.58064516129032
71.17117117117117
70.47611202635915
69.3219814241486
68.38310708898945
67.31936127744511
67.31936127744511
67.31936127744511
67.31936127744511
67.31936127744511
67.31936127744511
67.31936127744511
67.31936127744511
67.31936127744511
67.31936127744511
138.5
138.5
138.5
71.5
69.91919191919192
69.91919191919192
69.91919191919192
66.3465909090909
65.23885918003565
64.18150087260035
63.290909090909096
63.290909090909096
63.290909090909096
63.290909090909096
63.290909090909096
63.290909090909096
63.290909090909096
63.290909090909096
63.290909090909096
63.290909090909096
63.290909090909096
139.0
140.5
140.5
73.13903743315508
73.13903743315508
73.13903743315508
70.81978021978021
69.97582417582417
69.08771929824562
69.08771929824562
69.08771929824562
69.08771929824562
69.08771929824562
69.08771929824562
69.08771929824562
69.08771929824562
69.08771929824562
139.0
139.0
139.0
72.5
72.5
72.5
68.71621621621621
67.82494969818913
67.04816955684008
66.16068052930056
66.16068052930056
66.16068052930056
66.16068052930056
66.16068052930056
66.16068052930056
66.16068052930056
66.16068052930056
66.16068052930056
66.16068052930056
66.16068052930056
66.16068052930056
67.0
67.52970297029702
67.52970297029702
65.78211009174312
64.86858316221766
63.92222222222222
63.084229390681
62.23694029850746
61.639583333333334
61.639583333333334
61.639583333333334
61.639583333333334
61.639583333333334
61.639583333333334
61.639583333333334
61.639583333333334
70.49431818181819
70.49431818181819
70.49431818181819
68.62020202020202
67.7575221238938
66.72053872053873
65.71052631578948
64.95391705069125
63.95562130177515
63.09302325581395
61.954992967651194
61.267313019390585
65.92887029288703
69.90934065934066
75.14211212516297
78.2180916976456
77.9055489964581
76.91058823529411
76.31116121758737
75.48555555555555
74.58050383351588
73.53536452665941
72.64820846905538
71.87783783783784
71.00970873786407
70.1984897518878
69.35437430786268
68.65811965811966
67.86423357664233
67.52504317789293
67.52504317789293
67.52504317789293
67.52504317789293
67.52504317789293
67.52504317789293
67.52504317789293
67.52504317789293
139.5
73.0
73.0
73.0
71.86214442013129
70.98648648648648
70.08812949640287
69.28938356164383
68.02233676975945
67.01102941176471
67.01102941176471
67.01102941176471
67.01102941176471
67.01102941176471
67.01102941176471
67.01102941176471
67.01102941176471
67.01102941176471
138.0
138.0
138.0
70.5
70.08421052631579
70.08421052631579
68.80053191489361
68.01978021978022
67.17495029821073
66.02872531418312
64.46733668341709
63.65397350993378
62.70198675496688
61.75666074600355
61.75666074600355
61.75666074600355
61.75666074600355
61.75666074600355
61.75666074600355
61.75666074600355
61.75666074600355
61.75666074600355
61.75666074600355
138.5
139.0
140.0
141.0
67.60330578512396
67.60330578512396
67.60330578512396
67.60330578512396
67.60330578512396
67.60330578512396
67.60330578512396
67.60330578512396
67.60330578512396
67.60330578512396
67.60330578512396
67.60330578512396
67.60330578512396
67.60330578512396
67.60330578512396
67.60330578512396
138.5
138.5
65.5
65.5
65.5
63.672248803827756
62.64968152866243
61.98069498069498
60.98366606170599
60.06768189509306
59.33333333333333
58.33444816053512
57.05357142857143
55.98420221169036
55.34872611464968
54.25832012678289
53.25660964230171
53.26592356687898
58.905213270142184
64.13561847988078
68.35245901639344
67.52185089974293
66.8927680798005
66.18238213399503
65.26682986536107
64.34883720930233
63.576312576312574
62.654545454545456
62.19764397905759
61.285318559556785
60.34464043419267
63.67660910518053
64.74044585987261
64.40138888888889
63.86540880503145
63.25421686746988
62.74941724941725
62.091220068415055
