95.63971880492092
95.67711053089643
95.65853658536585
95.54086956521739
95.52512998266897
95.27610008628128
95.15958369470945
95.05887445887446
95.00086956521739
94.67711053089643
94.33130434782609
94.05749128919861
93.94594594594595
93.81668114682884
93.65592334494774
93.2997393570808
93.13062283737024
92.9895104895105
95.27145359019265
94.81929824561404
94.74912280701754
94.85913043478261
94.58716392020816
94.48576358930111
94.27905004240883
94.24252775405637
93.798796216681
93.79216354344122
93.4288179465056
93.2965811965812
93.09153122326775
92.84687767322498
92.70929241261722
92.5228426395939
92.33106960950764
91.94567062818336
91.64543889845095
91.3258232235702
91.19930974978429
91.08505154639175
90.96904557179708
90.73229706390327
90.35355285961872
90.27320034692107
90.05785837651122
89.83548664944014
89.57029876977153
89.27031802120142
89.1873889875666
89.01065719360568
88.94117647058823
88.61355311355311
88.32567049808429
87.9464105156724
89.63024282560707
91.312567132116
92.52891692954785
92.38289205702648
92.4028484231943
92.40672782874617
92.35706914344685
92.16089613034623
92.20824949698189
92.20824949698189
92.18951612903226
91.95779220779221
91.94612794612794
91.86764705882354
91.90585533869115
91.97604035308953
94.19888475836431
94.19888475836431
94.19888475836431
94.19888475836431
94.19888475836431
94.19888475836431
94.19888475836431
94.19888475836431
94.19888475836431
94.19888475836431
94.19888475836431
94.19888475836431
94.19888475836431
94.19888475836431
100.6796267496112
100.37697841726619
100.33859397417504
100.0840220385675
99.87851662404091
99.8055235903337
99.4123595505618
99.23017621145374
99.0702875399361
98.8954895489549
98.59849300322928
98.23290598290598
97.89738219895288
97.85154639175258
97.37007077856421
97.23237338629593
97.12745098039215
96.71677982541223
96.76149425287356
96.55565693430657
98.57909090909091
102.1492673992674
102.11631944444444
102.3407960199005
102.31168831168831
101.9944089456869
101.78035143769968
101.58110236220472
101.24403815580285
101.13944223107569
100.96974522292993
100.7716785998409
100.53343823760818
100.22955974842768
100.12687155240346
99.88984375
99.67688679245283
99.54088050314465
99.31934731934732
99.25443330763301
99.13107170393215
102.26434108527133
101.79602750190986
101.96293494704992
101.78787878787878
101.75396226415094
101.51784358390282
101.25781845919145
101.18802762854949
100.73992395437261
100.65299924069856
100.44893292682926
100.2423780487805
100.31216931216932
99.91327300150829
99.67567567567568
99.34238310708899
99.25301204819277
98.97979041916167
98.80030030030031
98.83982035928145
100.79865771812081
100.60339734121123
100.60456553755523
100.42124542124543
100.28519593613933
100.1883537023724
99.69176136363637
100.86685353889278
102.68491228070175
103.05598320503849
103.09803921568627
103.06189151599443
102.7921270718232
102.74913614374569
102.37222222222222
102.26888426888428
102.18282548476455
101.8914996544575
101.57112970711297
101.32453092425295
101.2494788047255
100.96738376127689
100.61223071577484
100.43955276030748
100.23028611304954
100.13620569840167
99.8026407227241
99.55710306406685
99.48191933240612
101.053324099723
101.22214484679665
101.23832417582418
101.11862068965517
100.53682037164486
100.47560137457045
100.33995887594243
100.19191226867719
99.68181818181819
99.61618257261411
99.46116504854369
99.22889043963713
99.13375796178343
100.6124087591241
102.46147919876734
103.7463601532567
104.67293233082707
104.83833211411851
105.04996431120628
104.96332863187588
104.80407303370787
104.59157894736842
104.18340306834031
103.96327096327096
103.81463414634146
103.42529534398888
103.38056125941137
102.65034965034965
102.53593859036985
102.2866108786611
101.82282913165267
101.52480782669463
101.29032258064515
101.12150837988827
100.74225352112677
100.63124560168896
100.41771269177127
100.42545710267228
103.24732715609409
104.57916959887403
104.67109867039889
104.65003513703444
104.46418539325842
104.30232558139535
104.13058659217877
103.72912280701755
103.6624649859944
103.44475524475524
102.95909732016925
102.6683133380381
102.44922425952045
102.40098661028894
102.07681465821
101.78661971830985
101.58073654390935
101.43701067615658
101.31285714285714
101.17510853835022
101.2299703264095
101.54639175257732
102.10273327049953
102.62249346120313
103.3126022913257
103.44626168224299
103.13953488372093
102.96681415929203
102.89218523878438
102.82501807664497
102.66835626357712
102.63326071169209
102.28726483357454
101.95766423357665
101.80948905109489
101.62371888726207
101.55766423357665
100.80455547391624
100.73416789396171
100.26705796038152
100.30102790014683
99.89149560117302
99.70436067997043
99.55841293166789
99.39209948792978
99.14587892049599
98.91562729273662
98.53031409788167
98.425
98.06181015452539
97.94395280235989
97.82926829268293
99.0248719824433
101.44740740740741
101.93259259259258
101.9358407079646
101.79370885149964
101.55345454545454
101.48979591836735
101.18995633187774
101.06642599277978
100.89090909090909
100.41776798825256
100.28645066273933
99.89311859443632
99.67256637168141
99.42677514792899
99.27749077490775
98.93617021276596
98.81199111769061
98.6144668158091
98.22188905547226
97.83858858858858
97.69340329835083
97.47694633408919
98.53584905660378
100.37537537537537
100.20437405731523
100.20497362471741
100.16201959306707
99.95792637114951
99.58576779026217
99.54320060105184
99.27873779113449
99.2126524390244
98.993893129771
98.80152671755725
98.53680981595092
98.38473282442749
98.17318007662836
97.9739663093415
97.83346007604563
97.43010752688173
99.41381928625665
101.33866057838661
102.24773413897282
102.06878306878306
102.23994038748137
101.95830230826508
101.66963622865627
103.92477876106194
103.7634092578986
103.8613352898019
103.80921052631578
103.61855670103093
103.52254249815226
103.4194977843427
103.062125748503
102.72310007524455
102.59391239792132
102.47913561847989
102.25074850299401
101.73582089552238
101.64732142857143
101.41119402985075
101.21455085374907
101.00374251497006
100.66937869822485
100.50220588235294
100.28265682656826
101.03815113719736
102.86681222707423
104.64845434938893
105.31693198263386
105.13832853025937
105.16737891737893
104.92158273381295
104.82153179190752
104.60217391304349
104.56613372093022
104.40689149560117
104.10260223048327
104.00446096654275
103.77744807121661
103.45995591476856
103.06754772393539
102.85850439882698
102.81378299120234
102.67424798239179
102.22420193021529
102.0412675018423
101.77514792899407
101.60572687224669
101.00743494423793
100.91333333333333
100.56802973977696
100.25151057401813
100.11295180722891
99.7899096385542
99.6436609152288
99.3011320754717
99.23939393939395
98.84206471494608
98.52049497293117
100.88820354664611
103.12003179650239
105.18210361067504
105.64307692307693
105.68631897203326
105.72305389221557
105.52473763118441
105.20252225519287
105.03430656934307
104.88636363636363
104.65454545454546
104.55259365994236
104.14450035945363
103.94939415538133
103.84255319148936
103.66123316796597
103.1320085166785
102.86209335219236
102.71257062146893
102.3552068473609
102.14764621968617
101.87046263345195
101.72727272727272
101.64275668073137
101.39746300211416
101.04717655468193
100.51077586206897
100.66879886282871
100.19194823867721
101.02494654312189
103.84950773558369
103.97529992942836
104.17485955056179
104.07826694619148
103.90160502442428
103.62482468443199
103.64300773014757
103.24839857651246
103.10369318181819
102.9012784090909
102.67864693446089
102.61185603387437
102.19585418155825
101.8555240793201
101.68652482269503
101.66126760563381
101.49187279151943
101.42634560906515
103.68785310734464
104.35534816941852
104.43319268635724
104.37368050668543
104.30602240896359
103.9673611111111
103.90284524635669
103.7604748603352
103.60656883298392
103.33121916842848
103.03538570417551
102.84555712270804
102.59916492693111
102.09103840682788
101.99507389162562
101.79777623349548
101.45174825174826
101.54714384033035
101.32574189095928
101.0137741046832
100.69267624914443
100.60163710777627
100.2707182320442
99.85606060606061
99.80427291523088
100.52257181942545
101.91808873720137
103.3358361774744
102.88493150684931
102.99047619047619
102.74982911825018
102.35375086028905
102.20893470790378
102.31174089068826
101.6124828532236
101.54283755997258
101.28073770491804
101.09814687714481
100.76870281400137
100.70054570259208
100.45071380013596
100.14873200822481
99.99658236500342
102.21428571428572
103.70956641431522
104.02205375603032
104.35127860026918
104.0418956043956
103.94786729857819
103.54986338797815
103.5735593220339
103.26226158038148
103.18460490463215
102.89402173913044
102.5017088174983
102.40191387559808
102.21685927940177
101.79453924914677
101.56527682843472
101.419795221843
101.21174863387978
101.12388774811772
100.8191196698762
100.57465753424657
100.41431520991053
100.18144329896907
99.79531357684355
99.64665286404417
99.63736263736263
102.61145617667357
104.98876404494382
105.91818181818182
105.88469601677149
105.80224403927069
105.61678321678322
105.45252945252946
105.49486652977413
105.39877300613497
105.26744186046511
104.98334489937542
104.4775397373877
104.44879725085912
104.28364389233954
103.96666666666667
103.65700483091788
103.45947802197801
103.29621993127148
103.07916666666667
102.98956884561892
102.65453296703296
102.55257731958763
102.24913971094287
102.03936464088397
102.43570451436389
104.41468531468531
104.89790209790209
105.02638888888889
104.87655172413793
104.69642857142857
104.56267217630854
104.59945317840055
103.91643454038997
103.79504814305365
103.46527777777777
103.26256983240224
103.18469101123596
103.15384615384616
102.8659217877095
102.53673897830652
102.39142656359803
102.32373595505618
102.78397212543554
104.30285714285714
104.87181528662421
105.05833333333334
105.1902478017586
105.2112462006079
104.71802325581396
104.7957597173145
104.60111188325226
104.20206185567011
103.93878954607979
103.89924605894448
103.71027397260275
103.20539419087137
102.80651872399446
102.73850377487989
102.57525773195877
102.21315969842358
101.87405368203716
101.71052631578948
101.46624913013221
101.42251563585823
102.88656924147529
102.91404612159329
102.87796373779636
102.87796373779636
102.56540084388186
102.55088967971531
102.27021121631464
101.98497370398198
101.87288135593221
101.48977987421384
102.65817901234567
103.36664104534972
103.27059712773999
103.0796130952381
102.54906367041198
102.67549668874173
102.58819241982508
103.69635036496351
103.86311239193083
103.62527075812275
103.68357142857143
103.07457386363637
102.91814946619218
102.66642908054169
102.5063649222065
102.03458009880029
101.81
101.50426136363637
101.50988700564972
100.90204369274136
100.85362420830401
100.53379790940767
100.36808957312806
99.86600846262341
99.85532815808045
99.92600422832982
101.77160927617709
101.82932011331445
101.90415785764623
101.68525052928723
101.5890218156228
101.45281690140845
101.20014245014245
100.87878787878788
100.7501754385965
102.02785515320335
102.61978798586573
102.42407277816655
102.09866102889359
101.9145059565522
101.4
101.28388928317956
101.22662889518413
100.91590106007067
100.68772178850249
100.53361641896674
100.38068181818181
101.60344827586206
103.02966714905934
102.743553008596
102.77055039313795
102.3170731707317
102.33787661406026
101.97913669064748
101.57902298850576
101.45779685264664
101.26224783861672
100.81678832116788
100.59370424597364
100.51062271062271
100.21799561082662
100.05477424130274
100.91024682124159
102.37721324095457
103.65533230293663
105.09280742459396
105.04496951219512
105.10225563909773
104.98663697104678
104.79282576866764
104.62051282051283
104.26273062730627
104.21107011070112
103.82589612289686
103.73615160349854
103.25459896983077
103.01400147383936
102.70833333333334
102.41703377386196
102.04484304932735
101.73293768545994
101.47925925925927
101.19837157660992
100.90664675130694
100.63663440059568
100.42665673864482
101.6850625459897
102.94407158836688
102.78429933969186
102.78429933969186
102.49708454810497
102.02738712065137
101.65783664459161
101.72833211944646
101.30820399113082
100.98435171385991
100.92889221556887
100.5755988023952
100.2612951807229
100.01965230536659
99.80273141122913
99.46229260935144
99.38163884673747
98.98461538461538
98.7808112324493
98.5926222935044
99.52582557154953
101.26645768025078
102.76990185387132
104.99402390438247
105.59183673469389
105.56536796536797
105.63192721257238
105.63242375601926
105.35481304693715
105.2094861660079
105.10419906687403
104.6557632398754
104.12810559006212
104.12442396313364
103.91194486983154
103.69236583522297
103.25806451612902
102.93251533742331
102.84905660377359
102.3474962063733
102.0790273556231
101.55673222390317
101.26040878122635
100.95858433734941
100.89857250187828
100.56110283159464
100.09253731343284
100.01930215293244
99.76940133037694
99.96674057649668
104.9745127436282
107.80664206642066
109.18047337278107
109.26150474799124
109.1057622173596
108.90014577259475
108.88345323741007
108.57112068965517
108.26312005751258
107.92063492063491
107.80358422939068
107.3405327573794
107.02387843704776
107.11469534050178
106.52886002886004
106.56129032258065
106.08848920863309
105.94500723589002
105.69039145907473
107.4925584691708
109.29722024233786
109.22636103151862
109.65806001395674
109.31351733899504
109.24982256919802
109.10113960113961
108.71337579617835
108.60606060606061
108.15433854907539
108.11024182076814
107.79210711768852
107.33522727272728
107.0086145010768
107.06458481192335
106.71540099361249
106.23424068767909
106.07214285714286
105.7515923566879
105.40314510364547
105.140625
104.92688172043012
104.6953125
104.27758007117438
104.01935483870967
104.96844319775596
108.06647807637907
109.71389080856946
109.70580110497238
109.72626472626473
109.67869535045108
109.3170731707317
109.29030006978367
109.0160055671538
109.80470914127423
109.76064200976971
109.67526132404181
109.68537768537769
109.43667820069204
109.01815642458101
108.95649171270719
108.83379501385042
108.72030386740332
108.1117279666898
107.89258489258489
107.69193324061196
107.64567474048442
107.3731553056922
107.0090782122905
106.82205163991625
106.68030513176144
106.2112676056338
105.82311977715878
105.70146137787057
105.35298245614035
106.68819444444443
107.67916666666667
107.29725931131412
107.4446764091858
107.11752577319588
106.75709342560555
106.40776699029126
106.10470836261419
105.7111735769501
105.47649122807017
105.28852920478536
105.13098591549296
104.94922425952045
104.51198871650212
104.29553508150248
104.12561750176428
103.67517730496454
103.5954738330976
105.99588477366255
106.75260597637248
106.59972299168976
106.47980501392757
106.63319672131148
105.88389771941948
105.70277777777778
105.56914523974983
105.26791927627
104.82700421940928
104.61177295024527
104.29234012649331
104.09816384180792
103.74947071277347
103.39874301675977
103.15994338287332
103.05059732958539
102.74016853932585
102.54947368421053
102.2076002814919
102.16361071932299
101.89303307529909
101.65365507452094
101.29922371206774
101.25673758865248
102.55119214586256
104.45292439372325
106.45218002812939
106.43267882187939
106.71012482662968
106.52058618283323
106.26474719101124
105.91941135248774
105.81723419041
105.7085357390701
105.41127348643006
105.30779944289694
104.79184247538677
104.5506329113924
104.39621318373071
104.39621318373071
106.32602545968882
106.34142956280361
106.62226775956285
106.12751212751212
105.97241379310344
105.45091164095372
105.22035087719298
105.07243319268636
104.83426966292134
104.4519298245614
104.19971969166082
104.01819454163751
103.7413914265636
103.37166900420758
103.3840782122905
103.03109540636042
102.67067137809187
102.55353393981805
102.29073033707866
102.12473572938688
103.28701117318437
105.09359605911331
106.20099786172487
106.30649717514125
106.47501759324419
106.17753120665742
105.79624478442281
105.48909218859959
105.32743988684584
104.99368421052631
104.69519094766619
104.38515901060072
104.57740585774059
103.92455516014235
103.80782918149467
103.44214285714285
103.32901367890568
102.92235801581596
102.76606498194946
102.56452775775054
102.4744787922358
104.078360891445
104.18505079825835
104.03636363636363
103.7555396711937
103.50322118826057
103.31827956989247
103.12508986340762
103.05539772727272
102.6246418338109
102.50250536864709
102.28458781362008
102.07359307359307
101.81563845050215
101.5998578535892
101.45955619183965
101.39040114613181
101.05886575735822
100.8200290275762
100.5605511240029
100.51308139534883
100.26642599277977
100.06258992805755
99.83297336213103
99.5155010814708
99.44444444444444
99.16473988439307
98.94246176256374
98.82886149383611
98.60853835021707
98.52363636363637
98.16885964912281
98.09509875640089
97.96806966618287
97.97893972403776
97.67246376811593
97.69458483754514
97.5174672489083
100.52123830093592
106.36438152011922
111.48921933085502
111.71863669325597
112.05504587155963
112.06263194933146
112.08613445378151
111.98093220338984
112.04031117397454
112.00568181818181
111.96650035637919
112.00071684587815
111.92595255212078
111.78232758620689
111.70860448300795
111.67704561911658
111.33406593406593
111.3029197080292
111.11674008810573
111.00948212983224
110.86959706959706
110.68594436310394
110.49448934606906
110.32624633431085
110.24798239178284
110.12435991221653
109.85819793205317
109.78231797919761
109.47870778267254
109.30058651026393
109.3201754385965
109.00220588235294
108.91307523739957
108.84168482207699
108.68181818181819
108.59100797679477
108.33357558139535
108.09630702389572
108.01088534107402
107.99062725306416
107.74533715925395
107.58878504672897
107.44252873563218
107.38637992831542
110.0319829424307
111.77969762419006
111.74137931034483
111.57928571428572
111.5491452991453
111.47857142857143
111.42214285714286
111.33618843683084
111.33618843683084
111.1729537366548
111.0912330719886
110.79532577903683
110.70063694267516
110.59746657283603
110.47709654686399
110.29428369795343
110.19620253164557
110.12570621468927
109.77195467422096
109.59003558718861
109.55017793594305
109.3916430594901
109.21803977272728
109.03614457831326
108.87375886524822
108.63591549295775
108.51188811188811
108.47722494744218
108.23314606741573
108.07327285415212
107.88005578800558
107.664095371669
110.58907026259759
112.49964362081255
112.46153846153845
112.37358757062147
112.27754237288136
112.18688293370946
111.78446466060183
111.7561146051712
111.55331010452961
111.52748782185108
111.37899860917942
111.26132404181185
111.11026352288488
110.84775086505189
110.4920083391244
110.30263157894737
110.21473245309242
109.97919556171983
109.79930555555555
109.768326417704
109.6278272789582
109.42817869415808
109.36451169188446
109.07265250171349
109.05061559507524
108.97123287671232
108.71585449553878
108.65635738831615
108.39725085910652
108.2816997943797
108.07162346521146
107.92328767123288
107.68160217243721
107.56909462219197
107.47885402455663
107.31457627118644
107.14741847826087
107.07833787465941
106.90589031821258
106.85840108401084
106.66147596479351
106.55375253549695
106.3
106.2896691424713
106.13888888888889
106.10237288135593
106.03783783783783
105.8902356902357
105.80836707152497
105.76902356902357
105.63403106009453
105.4056795131846
105.31529093369417
105.21293800539084
105.04514824797843
104.96540027137041
104.81935047361299
106.82396750169262
110.32463967055594
110.64211975223675
110.55745554035568
110.53940217391305
110.50237933378654
110.50170183798502
110.35694822888283
110.17370572207085
110.00272108843538
109.95040760869566
109.7993220338983
109.73680649526386
109.48600682593857
109.21084745762712
109.16949152542372
108.95740365111561
108.82309250506415
108.74308833445718
108.50852079072938
108.13369345037137
108.01417004048582
107.7606490872211
107.71100607697502
107.52496626180837
107.31830417227457
107.17206477732793
107.00540175557056
106.76283783783784
106.50135685210313
106.31661016949153
106.1668918918919
107.42158859470469
109.3328738800827
109.21595598349381
109.23630136986301
109.14609053497942
108.95923913043478
108.89183673469387
108.88519021739131
108.75831636116769
108.49622512010981
108.38540245566166
108.33401639344262
108.2758855585831
108.02301963439405
107.8174982911825
107.70923913043478
107.5825968728756
107.46516393442623
107.36756756756756
107.38903924221921
107.6754716981132
108.38428262436915
108.70103092783505
108.65053050397879
108.40054127198917
108.29659863945578
108.22329427980702
107.9762066621346
107.89139344262296
107.70768184908226
107.45796308954203
107.36759700476514
106.92474576271186
106.84725050916498
106.64610169491525
106.45727956254272
106.16621438263229
106.0067842605156
105.87364130434783
105.68428184281842
105.41655359565807
105.10020311442113
104.95411605937922
104.82051282051282
104.62171274443696
104.44392209536602
104.25269541778977
104.06536388140162
103.91413116970926
103.74612794612796
107.13692098092643
109.77423920736022
111.53763440860214
112.27421465968587
111.97614314115307
111.78523489932886
111.7457969065232
111.5726962457338
111.50687757909216
111.25258086717136
111.20933424845573
110.98504418762747
110.79537729435758
110.50170648464163
110.3956194387406
110.29604365620736
110.11179277436946
109.73378839590444
109.58585164835165
109.32229123533472
109.21763085399449
108.90971272229822
108.81352459016394
108.52469135802468
108.40877914951989
108.27353951890035
107.96860068259386
107.77428180574555
107.55264969029594
107.40605643496215
107.25938566552901
107.0498974709501
106.89549180327869
106.81326949384405
106.45635738831615
106.1838134430727
106.10631001371742
105.86780821917807
105.7387448840382
105.50274348422496
105.33104866346812
105.08979591836734
104.90238907849829
104.77359781121751
104.37886067261496
104.2021932830706
103.95355191256832
103.79383561643836
103.65625
106.4378453038674
109.24284717376133
109.2111888111888
109.27348643006263
109.15807799442896
109.10208333333333
108.88575361321404
108.77439446366782
108.61703601108033
108.49414197105445
108.30365769496204
108.07872928176795
107.88551724137932
107.539780521262
107.32964754664823
107.13982179575052
106.90391214824983
106.7283356258597
106.47241379310344
106.1853122855182
105.97388316151202
105.76252573781744
105.36231884057972
105.17768595041322
104.9095270733379
104.80464480874318
104.48596851471595
104.25239398084815
104.00135869565217
103.984785615491
103.67918858001502
103.09829059829059
102.99375
103.00068399452805
103.02749140893471
103.02546455609084
102.91355463347165
102.8341395991707
102.64885496183206
102.37560975609756
102.25
101.80236604036187
101.64979195561719
101.51214434420541
101.28998609179416
101.04146510020732
100.81301369863013
100.48865979381443
100.08928571428572
100.28307059629884
102.68156424581005
103.004851004851
102.9375866851595
102.85625431928128
102.54206896551725
102.36174636174636
102.12569060773481
101.75379310344827
101.54878892733564
101.26537664132688
101.07241379310345
100.87430939226519
100.61644782308224
100.37976437976438
99.99238227146814
99.75952875952876
99.33102493074793
99.22790055248619
98.80247763248451
98.54733932273669
100.18491660623641
101.1796157059315
102.66612111292963
103.35381026438569
104.117776152158
104.69804741980474
104.96409214092141
104.53435114503816
104.16969273743017
104.02173913043478
103.63877266387726
103.38391608391609
103.22724113968033
102.94564459930314
102.49204152249135
102.2970159611381
102.06634416033172
102.16426116838488
103.63716814159292
103.28738800827016
103.26849894291755
102.64842105263158
102.47317073170731
102.13085399449037
101.74202496532594
101.58592132505176
101.33928571428572
100.99516240497582
100.66689798750868
100.39307958477508
100.24257083621285
99.90562109646079
99.4388888888889
99.32577319587628
98.88162422573984
98.61348005502063
98.31276005547849
98.14563106796116
99.5646492434663
101.44716585024493
104.62351294611616
104.70850767085076
105.00899653979238
106.382005899705
106.37725490196078
106.58562691131499
107.12703101920236
107.78860028860029
107.19336626676076
107.17679558011051
107.03092783505156
106.94959128065395
106.50751366120218
106.08532423208192
105.89870836165873
105.78240109140518
105.23923444976077
105.08534067446662
104.31940509915015
104.1148600143575
104.52469577666429
105.66594827586206
105.58029197080292
105.37767923133777
105.16790490341754
104.83577712609971
104.78279569892473
105.58557284299859
105.20284697508896
105.06680731364276
104.76293706293706
104.25017618040874
103.89507042253521
103.54207573632539
103.3076923076923
103.13683483068417
106.17229254571026
106.25589459084605
106.1009046624913
106.13001383125865
105.72115384615384
105.48725017229498
105.09203296703296
104.82798634812286
104.55402615278734
104.12699514226232
103.9186935371786
103.22145328719724
101.87857641311933
100.13064628214038
98.36948915325402
96.29901960784314
95.74225245653817
104.58934828311142
92.72681704260651
92.10609659540776
91.41408668730651
90.4421052631579
89.1235119047619
88.36424332344214
88.0544776119403
87.97257227575982
87.67523879500368
87.23988226637233
86.80941869021339
86.4692082111437
86.23927272727273
85.86617647058823
85.65547445255474
85.46511627906976
84.995597945708
84.4835886214442
83.9919413919414
82.9919413919414
81.15127272727273
79.01244509516837
76.72466960352423
74.82662765179225
73.23914643119942
72.98008849557522
75.57546468401488
75.00971599402092
75.02989536621824
74.88888888888889
74.72234595397178
74.60547742413027
74.2135922330097
74.0031225604996
73.7893481717011
73.91065830721003
74.00391849529781
73.95668986852282
73.81345565749236
73.70888030888031
73.48796147672552
73.02747252747253
73.15339805825242
73.30747398297068
74.03625632377741
74.1536
73.85625
73.67972350230414
73.40729483282675
73.14645308924486
73.04075471698113
72.8157894736842
72.58008982035928
72.24374079528718
72.01117734724292
71.79511834319527
71.50073313782991
71.38771031455742
71.12563915266618
70.92961876832844
70.51965065502183
70.34036363636363
69.90728476821192
72.18804664723032
74.40574374079529
76.16157205240175
75.97338129496403
76.00644237652112
75.70951704545455
75.52164655784244
75.28369795342273
74.82944090587402
74.68881118881119
74.4090909090909
74.20868347338936
73.84738675958188
73.61725817675713
73.31612002791347
73.21233356692362
72.9110644257703
72.46438547486034
72.32464788732395
72.07627711686494
71.73033707865169
71.56083916083917
71.32657342657343
71.13742071881607
71.54628330995793
75.88415067519546
77.32579505300353
77.32328190743338
77.23886925795053
77.04778636683064
76.74647887323944
76.61614035087719
76.34663865546219
76.12789880534083
75.63994374120956
75.38756983240224
75.19901547116737
74.8951442646024
74.71078431372548
74.29222144358795
74.14617006324666
76.27196064652144
76.27542372881356
76.0142755174875
75.77698863636364
75.46943078004216
75.34531360112756
74.94444444444444
74.58509142053445
74.34180790960453
74.17243816254417
73.82145377558221
73.31872791519434
73.16466431095407
72.97033898305085
72.56445993031359
72.31166077738516
72.2930029154519
73.48075278015398
73.38602520045819
74.35260115606937
75.09823182711199
75.25172413793103
75.15427657873701
74.97932618683002
74.86641791044777
74.5010989010989
74.2891304347826
73.93691080493112
73.78401727861771
73.25017818959373
73.13118279569892
72.74623655913979
72.46005706134095
72.26824034334764
71.87473002159827
71.69186465082794
71.43155619596541
71.06594982078853
70.78787878787878
70.44869942196532
70.1885838150289
69.97326589595376
69.72931785195937
69.43330930064889
69.08906589427951
68.93998553868403
68.67391304347827
71.455
73.86714801444043
73.98350071736012
73.92456896551724
73.79064748201439
73.66141732283465
73.37535816618912
73.13247863247864
72.85519713261648
72.5311381531854
72.31241084165478
71.94328786791098
71.83010752688172
71.46680942184155
71.28080229226362
71.05903527717783
70.86073223259153
