125.30708661417323
125.52673492605234
124.01660210293304
122.89615384615385
122.86169045005488
122.89840746842394
122.98898071625345
123.11676812396237
123.4066852367688
123.61722222222222
124.18683770217513
124.3579831932773
124.56438969764838
124.75968556990455
125.12040133779264
125.36586726157279
125.53437674678591
125.7298364354202
126.04065499717674
126.3374647887324
126.60249150622877
126.8788907753254
127.19646924829158
127.43646723646724
127.62435970404098
127.91566951566952
128.15601611974668
128.86190754827385
129.05312868949233
129.40819964349376
129.6801909307876
129.8607442977191
129.6670644391408
126.68477043673013
125.02995642701525
122.80533333333332
115.98456175298804
113.17598842815815
112.994227994228
113.1161665053243
113.339414306289
113.55098133078027
113.79777992277992
114.05184829572732
114.39748549323016
114.9647342995169
115.20145631067962
115.50316301703162
115.92950899368012
116.19483682415976
116.52131308182263
116.92867683226758
117.21605550049554
117.5226480836237
118.03093812375249
118.27707808564232
118.66432865731463
118.90655154900965
119.17158859470469
119.69116896375702
119.98213374170496
120.28915046059365
120.57894736842105
121.09907120743034
121.51378055122206
121.82084861183866
122.24365750528541
122.33245521601685
118.71299093655588
115.31332357247439
115.35467980295567
115.64700146270113
116.12635201573255
116.2140748031496
116.53639082751745
116.8669314796425
117.23019431988041
117.44344793223718
117.74837418709355
118.01432098765432
118.35151214675261
118.64385614385614
118.83625438157236
118.96845267901853
116.29107752315943
112.44726749760306
112.42788920725883
112.5506419400856
112.55481410867492
112.98714897667777
113.2604961832061
113.57142857142857
113.75299186213499
114.21876495931068
114.46168582375479
114.62929389312977
114.92571152918475
115.29190751445087
115.8011639185257
116.12109562710236
114.3164677804296
110.8788452437293
110.75907590759076
110.86613055818353
111.01789077212806
111.43747050495517
111.69482676791647
112.29036827195468
112.56714285714285
112.82198952879581
113.25260663507109
113.5168967158496
113.65846736045413
114.16872623574145
114.48331744518589
114.69536107125776
115.30658337337817
115.5069745069745
115.91934709553529
116.14244186046511
116.4034749034749
116.87408847836656
117.1682151589242
117.39183874139627
117.91261659302896
118.56981871631552
117.9334637964775
115.15822179732314
114.77061611374407
114.85932284215545
114.99903984637541
115.5050505050505
115.75337837837839
116.08417997097243
116.5104015481374
116.78288508557458
117.15046409379579
117.39428289797931
117.72955665024631
118.14109521460287
118.34465780403741
118.63754368447329
117.77283950617283
112.81061692969871
112.67347908745248
112.74035254883277
113.03182897862233
113.26944971537002
113.58369098712447
113.87726838586437
114.18460066953611
114.56400384985562
114.86901884968583
115.36166103331723
115.65041042974408
115.98299319727892
116.2611003861004
116.50653753026634
116.91876208897486
117.252208047105
117.7562286272594
117.94788593903638
118.27794263105835
118.55776892430279
118.98505976095618
119.2408795602199
117.38564356435643
114.70420492991784
114.55004812319538
114.78761490082245
114.8975845410628
115.1137463697967
115.37142857142857
115.61396702230843
115.99072718399219
116.37676915568571
116.62731707317073
116.95665024630543
117.33761739990113
117.76633663366337
118.05701536936044
118.21293532338308
115.8744546776539
113.60559305689489
113.25718390804597
113.47335573691791
113.61865635572741
114.00575539568345
114.33349351273426
114.57301204819277
114.87078109932497
115.27534113060429
115.60537897310513
115.88850855745721
116.24338883447601
116.47647058823529
117.01084812623274
117.35855588526212
117.68319286068419
118.08950770760816
118.39212755356253
118.81628599801391
119.0721034311288
119.46466165413534
119.57307885484681
116.60934489402698
114.68499043977056
114.80442095146564
114.86361445783132
115.22098646034817
115.51669085631349
115.77604673807205
116.06342182890856
115.3643486777669
113.52376333656645
111.74952380952381
111.0242741551642
111.2153991497402
111.18862559241705
111.59478672985782
111.91008045433034
112.14035087719299
112.44070208728652
112.97873345935727
113.29224178962399
113.6661877394636
113.9923518164436
114.40384615384616
114.66827386692381
114.93903024483917
115.30568948891032
115.71173346209561
116.12884333821376
116.40715335619794
116.72208558780127
116.96606000983768
115.01646489104115
111.96036294173831
111.7341532639546
111.832383665717
112.13966745843231
112.5467111534795
112.9175011921793
113.2082336045955
113.52986512524085
113.75990338164252
114.20461095100865
114.5048076923077
114.67162032598274
115.325
115.57998084291188
115.97977852672123
116.25856246985046
116.48599033816424
116.82250242483026
117.12075654704171
117.4345498783455
117.7653359298929
118.16070553650172
116.52071290944124
113.00513778608126
109.71268132896584
106.19770642201834
103.24899057873486
102.17774822695036
102.42863514719001
102.74545454545455
103.39122729286663
103.68451584114234
104.07031597685804
104.37106918238993
104.79973297730308
105.20652659812248
105.54333183655142
106.08723021582733
106.44044943820225
107.04179775280899
107.42017186793306
107.6913357400722
108.16027088036117
108.49433106575964
108.94684234438891
109.35387403715451
109.8023625624716
110.12086917157085
110.8203125
111.27518315018315
111.65036900369003
112.03149606299212
112.5268767377201
112.97547431744562
113.29944029850746
113.73610462400748
114.08695652173913
114.80598410472183
115.08372530573848
115.55691439322672
115.85220274751302
116.3533870203695
116.62434617213505
117.05478799428299
117.45337773549001
117.85040885040885
118.41996142719383
118.82290150412422
119.15392109108622
119.49027237354085
119.87415295256534
120.0190243902439
117.06451612903226
112.43723751749883
108.438263229308
108.57818181818182
108.90154968094804
109.2266301869585
109.7408592321755
110.05936073059361
110.36759981642956
110.86173633440515
111.30027548209367
111.82320441988949
112.17671421997238
112.6703448275862
113.03282478039759
113.46157450796626
113.87581699346404
114.33317691224778
114.51740357478833
114.97000937207122
115.45858680393074
115.83793911007027
116.24811320754716
116.5809792843691
116.95672848311935
115.9468438538206
112.30493482309124
110.47893772893772
110.35681399631676
107.55671506352087
105.72136363636363
105.70846536894523
105.72854561878952
106.12449255751015
106.42002718622564
106.60045248868778
107.03818181818181
107.36544549977386
107.86863636363637
108.12209567198178
108.45285584768811
108.81976212259835
109.33652530779753
109.72760511882998
109.9609195402299
110.2814951545916
110.693234476367
111.17006487488416
111.63475836431226
111.88920056100982
112.1435250116877
112.5323336457357
112.843808630394
113.12734082397003
113.53918348193336
113.73562676720076
114.33317602642757
114.63846880907371
115.00236630383341
115.43672692673644
115.55841678588459
115.97131931166348
116.35547061634018
116.79875419262099
117.06159769008661
117.68710767745051
117.95793036750484
118.12614347616756
118.42518159806295
118.82916265640038
117.72357723577235
112.94962335216573
108.76122823098075
107.74036697247706
107.74343620451404
108.00830258302582
108.28920664206642
108.70891364902508
108.90769944341372
109.1740139211137
109.56983758700696
109.88791106993979
110.17247791724779
110.56910190786412
110.88677494199536
111.1113172541744
111.33442316674451
111.17257462686567
106.60173754000914
100.38116591928251
94.01481149012567
86.57554275587063
86.34053815615351
86.67602495543672
87.05263157894737
87.46164139161463
87.82713837886251
88.29324324324324
88.77657657657657
89.0875056382499
89.64808988764045
90.07065706570657
90.3744893327281
90.79004524886878
91.10654627539503
91.53429602888086
91.91101123595506
92.1640307275192
92.35
92.70558836892322
92.89849795175239
93.11498415572657
93.28571428571429
93.47456857402362
93.64781021897811
93.86718041704442
93.92384860921112
90.23561151079137
85.28762243989314
85.63775971093044
85.54283137962128
85.76041200179131
85.96003592276605
86.14092751013057
86.32807570977918
86.63500678426051
86.91628959276018
87.29427792915531
87.46793997271487
87.81278331822303
88.00136177939174
88.28081264108353
88.57097361237489
88.82497721057429
88.99180327868852
89.26889995473064
89.74691075514875
89.95791399817017
90.303127874885
90.6095325389551
90.85871559633027
91.2394495412844
91.65409383624655
91.89257722452743
92.40730466944059
92.68582020389249
92.93790546802595
93.26706920575941
93.5576122165664
93.75161588180978
94.1784886416319
94.5549322113137
94.88001845869866
95.55118110236221
95.81961878196188
96.30973451327434
96.58889407372843
96.94704779756327
97.4235294117647
97.71649484536083
98.03424015009381
98.5049272641952
99.05303030303031
99.48913043478261
99.91306413301663
100.29378262933079
100.69081439393939
101.21670644391409
101.45324427480915
101.98949880668258
102.3083932853717
103.09521531100478
103.39061752034466
103.72447013487476
104.10182516810758
104.4074074074074
104.88309178743961
105.17181467181467
104.64302827024437
102.2373522458629
102.6728307254623
103.00047438330171
103.27891480247501
103.66096053257252
104.08515699333967
104.46812559467173
104.83036144578313
105.21090387374463
105.61825131390349
106.11514572384138
106.4512893982808
106.88671128107075
107.1904990403071
107.60840173829068
107.23054755043228
103.84269662921349
102.4316813339509
102.91061452513966
103.34295020939973
103.70610328638497
104.14988290398126
104.5091506335054
105.00420954162769
105.31396438612933
105.78851540616247
106.18092105263159
106.58388312912348
107.07089201877935
107.63699906803356
107.85875706214689
108.2024482109228
108.63666352497643
109.04125644631974
109.36184210526315
109.80979284369116
110.28011336797354
110.56567093409198
110.99059266227658
111.36747273589378
111.62001897533207
112.1123701605288
112.39481132075471
112.64936290703162
113.04784462340123
113.53670162059103
113.87600567912921
114.10333333333332
114.3047619047619
110.89458955223881
107.09421641791045
106.9767008387698
107.11319868482856
107.39008419083255
107.91572504708098
108.23102310231023
108.63356973995272
108.92168960607498
109.36260085429521
109.70128022759602
110.0316091954023
110.38031533683707
110.71626132570339
111.43006164058795
111.60753457319981
111.95219885277247
112.3661567877629
112.49760306807286
112.95096153846154
113.27224627224626
113.583532790809
113.864472410455
114.44160231660231
114.76750972762646
114.97621359223301
115.33623609095307
115.58438409311348
114.10236600676002
110.07444286391654
108.48016997167139
108.57373162636321
106.59179780639008
103.8292102759277
103.27144203581527
103.26132075471699
103.29711856400567
103.46146572104018
103.61026615969581
103.96723646723646
104.18913768461172
104.7277108433735
104.91026871401152
105.28530397319292
105.65751445086705
105.89927710843374
106.27673860911271
106.68561710398444
106.94368932038836
107.41944847605225
107.77308066083576
108.1491739552964
108.53715395823215
108.90873596876526
109.19430814524043
109.51255539143278
109.88621873467386
110.171513060621
110.77124505928853
111.13024173655648
111.31944444444444
111.69588905398712
112.09589718240238
112.35232383808096
112.61304780876495
112.92896448224113
113.29435282358821
113.62707599396074
113.07081868407835
108.53834808259586
107.07930367504835
107.56189083820664
107.70484581497797
107.99950641658441
108.25298210735586
108.6235119047619
109.09185700099306
109.3354870775348
109.76737309019222
110.1264880952381
110.29865604778496
110.63920595533499
110.8911735205617
111.16305988928032
110.24587706146926
105.04688255195747
105.25557710960233
105.60398445092324
105.68469785575049
105.89522417153995
106.36070381231671
106.66830466830467
106.91442542787286
107.26843657817109
107.83235294117648
108.180966469428
108.48736998514116
108.8261515601783
109.20339830084959
109.43843843843844
109.84181636726547
110.20439780109945
110.46984924623115
111.04158316633266
111.28844221105527
111.54692230070636
111.97278225806451
112.26036400404449
112.58105369807498
112.4359233097881
108.23416789396171
105.2848162475822
105.46404275996113
105.69058077110786
105.99317073170732
106.40949119373778
106.75208640157093
107.08826429980276
107.61549851924975
107.92867756315007
108.2834410740925
109.01137487636004
109.28649453823238
109.63568588469184
110.08595702148926
110.33182730923696
110.61928679055751
111.11791269443052
111.38147961751383
112.03266331658291
112.28895612708018
112.69843671205246
112.97184514831574
113.26814516129032
113.66666666666666
113.9964303926568
114.31792788217369
112.70761421319797
105.6611328125
105.4165457184325
105.76567817209528
106.00682593856655
106.45565302144249
106.82911392405063
107.30226824457594
107.6301775147929
108.11857707509881
108.65564874198323
109.1360946745562
109.45779543197617
109.8760619690155
110.27594810379242
110.64463220675944
111.10805402701351
111.36818409204602
111.84357821089455
112.31240582621798
112.69934310257706
113.05634517766498
113.33502538071066
113.72782564622403
114.07668867445403
114.5147507629705
114.81730279898218
115.22488526262111
115.71145038167938
116.10701484895034
116.44616177228232
116.70660522273425
117.11088400613184
117.426735218509
117.69421487603306
114.34551827741612
106.90172839506172
99.06460674157304
99.3478466635116
99.85809523809525
100.2223282442748
100.72193024366938
101.04484732824427
101.60552644116245
102.05969436485196
102.50551030186871
103.10813397129186
103.53246753246754
103.80721153846153
104.31241015812171
104.73798076923077
105.0637373249638
102.89885496183206
97.21639344262294
92.63007940214852
92.24930491195552
92.4789644012945
92.90333024976873
93.42124711316397
93.77163904235728
94.21857670979668
94.69800833719314
95.05687645687645
95.59443155452436
95.95636025998142
96.36067101584342
96.7391910739191
97.1437265917603
97.47716682199442
97.96304957904584
98.37709497206704
98.7077497665733
99.37248479176415
99.93079096045199
100.37316957959376
100.93317535545023
101.36643026004728
102.01362781954887
102.3488262910798
102.86078338839076
103.259697256386
101.53358384217943
98.21415182755389
98.72280037842953
99.06831119544592
99.49199623352166
99.98672985781991
100.30232558139535
100.94468085106382
101.45707547169812
101.7147619047619
100.9307116104869
100.02666666666667
100.28257887517147
100.58685661764706
101.11353104726598
101.31174277726001
101.96351730589336
102.24623352165725
102.97214353163362
103.27277017461066
103.78707224334602
104.21219281663517
104.69146919431279
105.1248213434969
105.65445026178011
105.99091343854616
106.64971209213053
107.20811455847254
107.77820267686425
108.17201724964063
108.67807228915663
109.0566311713456
109.55
109.18402282453638
104.8875351452671
101.31308411214954
98.69885057471265
98.4950135992747
98.87928669410151
99.23946886446886
99.78201009637448
100.25196486361534
100.76947902259106
101.21448598130841
101.67213883677297
102.37388024516737
102.88779342723004
103.30311614730878
103.73045949786831
104.29588014981273
103.6115623506928
101.80968360498562
100.36941176470589
98.8554054054054
97.43775280898876
96.47732375392906
96.56241488878803
96.82040816326531
97.29201101928375
97.66544286369894
98.0443213296399
98.63979963570128
97.47389969293756
96.47923533289386
94.7352657004831
94.7352657004831
94.7352657004831
94.7352657004831
94.7352657004831
94.7352657004831
94.7352657004831
88.3780487804878
89.35470383275262
89.57871640153593
89.77885079671657
90.23364907532702
90.57575757575758
91.01478260869565
91.48198594024605
92.05929919137466
92.6845667870036
93.1400636653024
93.65771506599908
94.24443434802363
94.66606005459509
92.95311091073039
87.0372050816697
81.63558171118153
80.43816725978648
81.10573476702508
81.40311804008908
81.98220640569394
82.50671441360788
83.03566651805617
83.50156319785619
84.02678571428571
84.51994621246078
85.11235955056179
86.02604400538841
86.51504265828468
87.078125
87.59909706546276
88.16538635336647
88.65671641791045
89.1731289449955
89.73877551020408
90.33619133574007
91.25034075420264
91.74466151749205
92.37913832199547
92.82733485193621
93.53546910755149
93.98809523809524
94.53253895508708
95.10409090909091
95.64951768488746
96.44701527070801
96.89370629370629
97.5074142724745
97.96455223880596
98.5814171750352
98.98118532455315
95.9005066789498
91.53191489361703
91.45429362880887
91.74733919481722
92.06123388581952
92.61955025240937
92.95290858725762
93.68712226871223
93.9632558139535
94.63674418604651
94.98324802233597
95.80883720930233
96.36363636363637
96.74226804123711
97.40018832391713
97.8069516204791
97.77006100422338
93.37140246687986
89.5041095890411
87.20054570259208
87.25226039783001
87.65942028985508
88.25971093044264
88.72061482820976
89.26280323450135
89.72061482820976
90.37454873646209
90.8484710178001
91.39158279963404
92.16894353369763
92.59908675799086
93.1669708029197
93.75022999080036
94.27989005955108
94.66758367721229
95.23513266239708
95.75833714024668
96.24724264705883
97.0032169117647
97.57536764705883
98.05583756345177
98.61834862385321
99.0309325946445
99.63084761463641
100.12877731287773
100.62708719851577
98.62534309240621
96.3840579710145
95.56775067750678
95.79291553133515
96.29191143244464
96.72644098810613
97.25361663652802
97.7336956521739
98.15860822413015
98.66711956521739
99.44626593806922
99.88990406578347
100.40273348519362
100.8901098901099
101.50296127562643
102.05141037306643
102.43643088303283
103.01667438628995
103.32809611829944
104.15850277264326
104.64107308048104
104.6237897648686
99.8809201623816
93.24012567324955
88.41461228148812
88.31742458352093
88.86078782453
89.52030685920577
90.0601872492198
90.52695417789758
91.10744538564423
91.65011286681715
92.16987897803675
92.81451612903226
93.28481297881929
93.79402444545043
94.64460562103355
95.14542998649257
95.70938628158845
96.22731397459165
96.71077762619373
97.28377767736106
97.67796610169492
98.32421340629276
98.77262287551676
99.5567867036011
99.86648122392211
100.35914179104478
100.79570895522389
101.49322746380196
99.82939267501159
97.99403396053236
98.18526989935955
98.59274563820018
98.98208543867707
99.56168831168831
99.96632841328413
100.4995357474466
100.86583101207057
101.37430426716142
101.71075919888216
102.2540945250351
102.71556182416549
103.44460093896714
103.95684803001876
104.392037470726
104.37096018735363
100.85977011494253
99.20036680421825
99.5893431327515
99.82095062298109
100.07820453493753
100.78561484918794
101.26007497656983
101.61495327102804
102.15764925373134
102.56317519962424
103.02763466042154
103.44082979726545
104.05851816894761
104.39011764705882
105.2164461247637
105.55253104106973
106.03425309229306
106.58781532603521
107.17627599243856
107.73127962085309
108.10318592486924
108.69819391634981
106.328197945845
98.10880590133702
93.85251141552511
92.59470561387494
92.96306429548564
93.45454545454545
93.79176201372998
94.30853994490359
94.6962962962963
95.31304748732134
96.0926694329184
96.57868020304568
97.08476146364058
97.54040168145727
98.0684161199625
98.61459786145979
99.08980355472404
99.56790697674418
100.25922421948911
100.67890772128061
101.18301886792453
101.62919225318848
102.11000474158368
102.61414333175131
103.11291090995712
103.37237093690248
103.97815764482431
104.62398081534772
105.07347328244275
105.45903210349785
105.60477326968973
102.1921274601687
99.5713621571362
99.68551401869159
99.79360601786553
100.16087577344122
100.59496676163343
100.91182078169686
101.21070234113712
101.43979057591622
101.60772163965682
101.91443594646272
102.03733843944471
100.03464641670621
96.09660697455232
93.3625703564728
93.25186219739292
93.27187206020696
93.30475741874706
93.515507518797
93.62511759172155
93.63499529633114
90.62563627950023
85.08105604446503
83.59591267998142
83.67810760667903
83.85574685900419
84.30997679814385
84.53351955307262
84.73809523809524
85.29804104477611
85.5780453913849
86.07059916395727
86.66479400749064
86.9911586784551
87.47309833024119
87.77575757575758
88.20655737704918
88.46520317608594
88.71475563909775
89.16
87.09107806691449
78.42863784286378
77.52638888888889
77.79226828132278
78.04530593180756
78.57690531177829
79.00889096864763
79.5092936802974
79.99342414279005
80.4786443825441
81.28751164958061
81.79532710280374
82.37921348314607
82.8424497428705
83.42201405152225
84.02637776731041
84.36162187647336
84.82612781954887
85.61401869158878
86.048
86.44266163284568
87.05482041587902
87.3776620918126
87.8611374407583
88.32955618508026
88.74573863636364
89.14837786259542
89.83174904942966
90.2610153256705
90.59827420901246
91.07851637764932
91.51344860710854
91.95355587808417
92.33108108108108
92.82786885245902
93.18067632850241
93.910592808552
94.29556412729026
94.74539282250242
95.16048780487804
95.48050682261209
96.0190336749634
96.32958435207824
96.82973503434741
97.14090019569471
97.64864864864865
98.0446735395189
98.446735395189
98.87814504193389
99.31363860167406
99.68094534711965
100.00196947316593
100.34746180384425
100.7619990103909
101.21307385229541
101.64679358717436
101.95
102.41983967935872
102.81086519114689
103.15053218449063
103.80311401305877
104.1164453524004
104.54735234215886
105.11770674784373
105.47806122448979
105.88928390045709
106.2089476359939
106.57502569373074
104.4951947395043
99.4934869739479
99.65270065623423
99.94803871625064
100.35516888433982
100.6469984607491
100.91114535182331
101.31584309730005
101.72899590163934
102.0340206185567
102.41288659793815
102.71472708547888
103.0905815748842
103.62038934426229
103.91177996886353
104.2540597171294
104.65797705943692
104.9565445026178
105.37165354330708
105.80920020909566
106.0888071466106
106.6183651804671
107.00160427807486
107.32870122928915
107.68147751605996
108.12433011789925
108.45420258620689
109.04139433551198
109.30076004343105
109.88604143947656
110.4624183006536
110.93304061470911
111.3426997245179
109.82786885245902
104.25656132833423
103.05065274151437
103.54414125200643
103.75933831376734
104.08368869936035
104.84991931145777
105.02364320257925
105.4398273070696
105.91540948275862
106.25686591276252
106.57158410451824
106.99945711183497
107.39835164835165
107.66923925027564
108.38333333333333
108.67072495849474
109.24292845257904
109.65871254162042
110.00281056773468
108.00934065934067
102.20918918918919
99.74483853890948
100.29605963791266
100.7719957081545
101.28143392188336
101.67438105489774
102.13468733297702
102.4679590737749
102.8511552928533
103.39331896551724
103.79946091644206
104.24838012958963
104.9151809832523
105.19174361759913
104.72267536704732
99.94267515923568
98.69419759539988
99.10686223153483
99.37963446475196
99.7883597883598
100.15412748171369
100.63894736842104
100.93312269615586
101.40295358649789
101.75953389830508
102.02329274748544
102.52284803400639
102.79394583112055
103.07586206896552
103.57324840764332
104.10752118644068
104.41559139784945
104.74449812130972
105.1409978308026
105.56444683136412
105.9060475161987
106.38170005414185
106.79360780065005
107.3680479825518
107.64285714285714
108.28133552271484
108.56120218579235
108.94878854625551
109.29955947136564
109.50138504155125
106.63364180729451
104.73499734466277
105.50542888165037
105.73885008060182
106.21231766612641
106.53174172544763
106.78769733260751
107.22415669205658
107.46666666666667
107.96359624931054
108.3335170893054
108.91962821213778
109.19978046103184
109.5465564738292
109.93274041133964
110.30521642619311
110.76381909547739
111.13933967543369
111.46028169014085
111.84675615212528
111.48650168728909
106.7361863488624
105.9059326563335
106.47969680563075
106.64347357065805
106.9138025095472
107.32196969696969
107.56375474769398
107.94803063457331
108.43815283122595
108.83956043956044
109.22087244616233
109.59171270718232
109.94023242944107
110.1376044568245
110.70951585976627
110.97017445132246
110.7749860413177
103.30393198724761
102.9211356466877
103.3052294557097
103.40160427807487
103.77352472089314
104.21755519655358
104.45913978494625
104.8211382113821
105.18524501884761
105.75930922827847
106.25825663237683
106.54417344173442
106.99783315276272
107.30965292841648
107.76348773841963
107.99074074074073
108.46619411123228
108.86388583973655
109.3204845814978
109.46828461114175
105.63841201716738
102.11867088607595
102.24282678002126
102.79144667370645
103.13258785942492
103.44556558682953
104.30375066032752
104.51089845826688
105.0616038236856
105.52981895633653
106.19724284199364
106.42826666666667
106.9594882729211
107.3940362087327
107.77872795296634
108.36887452880991
108.84062668827661
109.25389157273216
109.64051585169264
109.80582524271844
110.34733441033926
110.6726481783578
111.10497835497836
111.59497816593887
112.06947483588621
112.51100110011001
112.92011019283746
113.39912039582188
113.746301369863
114.18815716657443
114.61465852304275
114.01272827891533
109.37686567164178
107.95730100158144
108.32121859967931
108.78205128205128
109.02876931273309
109.45464247598719
109.8493879723257
110.20161725067385
110.7205169628433
110.99351000540833
111.76505697232773
112.09656652360515
112.52855603448276
112.88594594594595
113.37601296596435
113.7407809110629
114.11406844106463
114.52318603382433
114.75668303327878
110.1813361611877
108.0668407310705
108.24524312896406
108.50738396624473
108.65559071729957
109.00687466948705
109.25026511134676
106.96943005181348
104.547363031234
104.92445125063807
105.01434426229508
105.39197530864197
105.74500768049155
106.07131782945737
106.40396659707724
106.80186721991701
107.22302904564316
107.62253374870198
108.03707571801567
108.41727748691099
108.8135593220339
109.31559728742828
109.63679245283018
109.94365455502896
110.36536430834212
110.74176408076514
111.33937133724028
109.3368365738308
105.55144032921811
105.14380081300813
105.4668380462725
105.64817668207499
105.89979445015416
106.29164504411001
106.54470284237726
107.2049561177078
107.41017653167185
107.6619937694704
108.21008840353613
108.51016154247003
108.74144286466561
109.16745406824147
109.41328413284133
109.78095238095239
107.61912225705329
103.40051413881747
101.8210685483871
102.01522842639594
102.43609406952964
102.72727272727272
103.01211509338718
103.43111337061515
103.7453069507864
104.25918367346938
104.58569222851261
105.01732042791645
105.31717380092832
105.84556182657772
106.28136293236965
106.50907205806118
107.00413436692506
107.37441740031072
107.85194805194806
108.19834710743802
104.9385162601626
101.72281234193221
101.66666666666666
101.72320080523403
102.03993933265926
102.53137651821862
102.87961557916034
103.51026694045174
103.814380418154
104.2511462047886
104.74655084312724
105.08
105.42497430626926
105.91034836065575
106.33505420753744
106.76222336592897
107.34293059125963
107.5630513751946
107.96628630705393
108.20010504201682
108.49108079748163
106.99689440993788
102.55223880597015
101.67989949748744
101.9182422074604
102.29876796714579
102.6050333846944
102.90005125576627
103.33299232736573
103.68302658486708
103.95487179487179
104.29298701298701
104.67471736896198
105.29937952430197
105.55572998430142
105.98904538341158
106.3685311029796
106.52925809822361
107.04123173277662
107.35540254237287
107.70603813559322
108.10179324894514
108.5212992545261
108.83058071390516
109.18293333333332
109.39004815409311
109.73397435897436
110.07258064516128
110.35791173304628
110.6742301458671
111.05035192203573
111.6218122626153
111.71412984178941
112.18882257189365
112.41748633879781
112.4391043145822
107.80021197668256
105.46161879895561
105.86276595744681
106.17758985200845
106.55608718766614
106.98724082934609
107.2639405204461
107.57821676454886
107.82549972987574
108.10943396226415
108.50730914997293
108.87750677506776
109.22793719545209
109.72321914083741
110.03875545851528
110.41561987984707
110.60241625480505
110.95201323772753
111.18186843559978
109.39779614325069
104.6853146853147
