94.29595015576324
97.57235772357723
97.7816091954023
97.56937799043062
97.19108280254777
96.73028391167193
96.57661927330173
96.33228840125392
95.57680250783699
95.29032258064517
94.85347432024169
94.46341463414635
94.22390317700454
93.90638930163448
93.45291479820628
93.27164179104477
92.95
92.481426448737
92.19208211143695
91.94956772334294
91.38360175695462
92.81940298507463
96.0016077170418
96.5424
96.27287319422152
95.73040752351098
95.62243285939968
95.3250773993808
94.81832543443917
94.4645061728395
94.28834355828221
93.7040971168437
93.4773413897281
93.2299703264095
92.79970326409496
92.42370370370371
92.01804511278195
91.41604754829123
91.38325991189427
91.08235294117647
90.65462427745665
90.17481481481481
89.84789156626506
89.4423076923077
89.21565731166913
88.73502994011976
91.11944869831547
91.46472392638037
91.22473604826546
90.81957186544342
90.49172932330828
90.11077844311377
90.05052005943537
89.45089285714286
89.08095952023989
88.97014925373135
88.39497041420118
88.18507462686567
87.94875549048317
87.4043795620438
87.25149700598803
86.99375975039001
86.2573673870334
86.2573673870334
86.2573673870334
86.2573673870334
86.2573673870334
86.2573673870334
91.39603960396039
91.45077720207254
92.45423728813559
93.26229508196721
92.90521327014218
92.9602510460251
92.58527827648115
92.39429530201342
91.96579804560261
91.78637770897832
91.55319148936171
91.21353383458647
90.7565982404692
90.34153400868307
90.23680456490727
89.79050279329608
89.4979079497908
91.28913963328633
95.44179104477612
95.50741839762611
95.55959302325581
95.18091168091168
94.81971830985916
94.49929478138223
94.1750700280112
93.80645161290323
93.46935933147633
93.27361111111111
92.9904109589041
92.56087551299589
92.18367346938776
91.97849462365592
91.39809782608695
91.02724795640327
90.65182186234817
90.51836734693877
90.05825242718447
89.5800933125972
88.29315960912052
88.29315960912052
88.29315960912052
88.29315960912052
88.29315960912052
88.29315960912052
88.29315960912052
88.29315960912052
88.29315960912052
88.29315960912052
88.29315960912052
86.41436464088397
86.48275862068965
86.80423280423281
86.84901531728666
86.71887550200803
86.80614203454894
86.53199268738574
86.24436741767764
85.95859872611464
85.6039156626506
88.32771822358346
91.33281733746131
91.43491577335375
91.09186746987952
90.87752161383285
90.79043600562588
90.51666666666667
89.92797783933518
89.66073871409029
89.27916666666667
88.7327001356852
86.45856353591161
85.44039270687237
85.228
84.92146596858639
84.6086956521739
84.42424242424242
84.03030303030303
83.84168865435356
83.57519788918206
83.33246073298429
82.94195250659631
82.69433465085639
82.42049934296978
81.91525423728814
81.70603674540682
81.33989501312335
81.03698811096433
83.41501976284584
86.40425531914893
88.14227642276423
87.82051282051282
87.76241610738255
87.38315217391305
87.18194254445964
86.93931034482759
86.65484311050477
86.32328767123288
86.08207934336525
85.65573770491804
85.28571428571429
85.1013698630137
84.51962110960758
84.16323731138546
83.78697421981003
83.59303882195448
83.3686327077748
83.1307901907357
85.90444145356662
88.36216216216216
88.76390773405699
88.43265306122449
88.30254350736278
87.90106951871658
87.76541554959786
87.33643617021276
87.08735332464146
86.73377483443709
86.46587926509186
86.00922266139658
85.62385321100918
85.3841059602649
84.91743119266054
84.64397905759162
84.52686762778507
85.47174770039422
87.60522875816993
88.80713342140027
88.57368421052631
88.2401055408971
87.95294117647059
87.55176933158585
87.2532299741602
86.81307189542484
86.53585397653194
86.27249357326478
85.88642297650131
85.57328145265889
85.06597671410091
84.70731707317073
84.53580562659846
84.06088082901555
83.7201540436457
83.56370656370656
85.85529715762274
87.91258278145695
87.5229357798165
87.3380829015544
86.918954248366
86.66492146596859
86.39634941329857
86.01171875
85.68270481144343
85.49086161879896
84.96368352788586
84.80181347150258
87.42763157894737
89.37926509186352
88.77003942181341
88.65006553079948
88.39814814814815
88.02766798418972
87.81806108897743
87.55333333333333
86.92885906040269
86.66088117489987
86.42323097463284
85.86037234042553
85.63925729442971
85.30748663101605
84.96688741721854
84.61690885072655
84.3157894736842
83.76657824933687
83.87105263157895
87.5
89.84811827956989
89.35397039030956
89.08053691275168
88.86559139784946
88.61133069828722
88.29014844804318
87.66798418972331
87.4451871657754
86.8825857519789
86.86058981233244
86.48936170212765
88.4227212681638
90.09876543209876
90.32967032967034
90.12414733969986
89.66437414030261
89.49048913043478
88.94421768707483
88.71293800539084
88.32388663967612
87.86595174262735
87.64926372155288
87.37135278514589
86.88069705093834
86.38359788359789
85.95295698924731
85.58179419525067
85.26294820717132
84.83510638297872
84.564
84.1248322147651
83.73092369477912
83.5033467202142
86.05797101449275
87.544474393531
87.01886792452831
86.60991957104558
86.46719160104986
86.00132802124834
85.72582781456954
85.39342105263158
84.84707446808511
84.67506631299734
87.31691078561917
89.41114058355437
88.84718498659518
88.67962466487936
88.31946308724832
87.97463284379172
87.61405835543766
87.1358189081225
86.89285714285714
86.44121532364598
85.93253968253968
85.63612217795485
85.45272969374167
84.80291005291005
84.5676741130092
86.63492063492063
90.79463087248322
90.81501340482573
90.55093833780161
90.17438692098092
89.86442953020135
89.65587044534414
89.16238159675237
88.7489932885906
88.60810810810811
87.83311081441923
87.59205298013245
87.23373173970784
86.79494007989348
86.48741721854304
86.07539682539682
85.72450331125827
85.35809018567639
84.90787716955941
84.36387782204515
85.7271523178808
88.78032345013477
91.35939643347051
90.98110661268556
90.70405405405405
90.45331529093369
90.05858310626704
89.77540106951872
89.09864864864865
88.81073825503356
88.51347708894879
88.00405953991881
87.69594594594595
87.25403225806451
86.88015978695073
86.46666666666667
86.13297150610583
85.55585464333782
85.13821138211382
84.84075573549258
84.36535859269283
84.1604938271605
83.68876860622463
83.2987721691678
83.02194787379973
82.68113975576662
84.66214382632293
84.91839557399723
84.44027777777778
84.32777777777778
83.85345997286296
83.79025710419486
83.32971506105835
82.85175202156334
82.38315217391305
81.97560975609755
81.75033377837116
80.03566529492456
77.67994505494505
77.2268326417704
76.97375690607734
76.56712328767124
76.1920438957476
75.4959349593496
75.09254143646409
74.5732044198895
74.34979423868313
73.9640387275242
73.37637362637362
72.90668523676881
72.53846153846153
72.18818681318682
71.56435643564356
73.86401098901099
75.9025069637883
78.54781420765028
79.90771349862258
79.66935483870968
79.27260458839406
79.04011065006915
78.78990450204638
78.28904109589041
78.20930232558139
80.72274562584118
82.16847826086956
81.78301886792453
81.54324324324324
81.26949384404925
81.10259917920656
80.76944065484311
80.20793433652531
79.90983606557377
79.4741847826087
79.05722070844686
78.7012278308322
78.40939597315436
78.12483039348712
77.57994579945799
78.47837837837838
80.98058252427184
82.16944444444445
81.92011019283747
81.87603305785125
81.49245541838134
81.16093535075653
82.26666666666667
84.01532033426184
84.85634588563458
84.41850828729282
84.21081081081081
83.80378890392423
83.52739726027397
83.03601108033241
82.72077028885832
82.39207650273224
82.15076071922545
81.60416666666667
81.00139275766017
80.62605042016807
80.22829131652661
79.95886524822696
79.56981664315938
79.13604488078542
79.34405594405594
81.70967741935483
82.59577464788732
82.17821782178218
82.06714285714285
81.71104815864022
81.62733812949641
81.20659971305595
81.12357954545455
82.07681365576103
83.00855920114122
83.14857142857143
83.03879310344827
82.6842105263158
82.4180790960452
82.11714285714285
81.77247191011236
81.37042253521126
81.01410437235543
80.63025210084034
80.07428571428571
79.72355430183357
79.31258840169731
78.97163120567376
78.61830985915493
78.17453505007153
79.1379800853485
81.72972972972973
82.2703488372093
81.8005698005698
81.70128022759602
81.26512968299711
81.01870503597122
80.76304654442878
80.308908045977
80.00717360114777
79.72571428571429
79.23076923076923
78.86899563318778
78.25255474452555
78.0922401171303
77.84692417739628
77.22594752186589
76.98240469208211
76.49199417758369
76.00733137829911
75.60837070254111
76.89710144927537
79.01764705882353
80.00869565217391
79.54545454545455
79.27913669064748
78.97976878612717
78.64204545454545
78.25578034682081
78.06752873563218
77.32137733142038
77.13100436681222
77.42380261248186
80.59510086455332
82.24492753623188
82.046783625731
81.61911554921541
81.36441893830703
81.03423680456491
80.48988439306359
80.27104136947219
79.90359712230216
79.76394849785407
79.12981455064194
79.08538350217077
82.15099715099716
83.14884393063583
82.46820809248555
82.1257225433526
81.92908827785817
81.54232424677188
81.13285714285715
81.0127659574468
80.62517680339462
80.14367816091954
79.98288159771755
79.27221438645981
79.09155937052932
79.23676470588235
80.21522693997072
80.4435975609756
80.36111111111111
80.2281776416539
80.07044410413476
79.61411411411412
79.20679468242245
78.92941176470588
78.56129985228951
77.2643504531722
74.0980091883614
72.64817749603803
72.5765625
71.97368421052632
71.70499243570347
70.82704402515724
70.37947122861587
70.0215716486903
69.54517611026034
69.24148606811146
68.71317829457364
69.99525316455696
75.02080237741457
77.09288824383164
76.48484848484848
76.28550932568149
75.9913544668588
75.60145985401459
75.26542324246772
74.95203488372093
74.30680173661361
73.89306358381504
73.72198581560284
72.83936324167873
72.4669540229885
71.84480234260614
73.3030303030303
76.03741007194245
76.12285714285714
75.96028368794326
75.44921316165951
75.02702702702703
74.70239774330042
74.0653409090909
73.77298050139275
73.28429985855729
72.91926345609065
72.71205673758865
72.1798866855524
72.58426966292134
74.7625
74.95880681818181
74.94366197183099
74.72214580467676
74.38174273858921
73.99435028248588
73.87891737891738
73.62181303116148
76.00141242937853
76.98579545454545
76.70323488045007
76.56371191135734
76.1908077994429
75.98891966759003
75.56903765690376
75.28936170212766
74.75211267605634
74.50702247191012
73.8778409090909
73.54596100278552
72.99136690647482
72.6581560283688
75.39917127071823
77.9472182596291
78.03932584269663
77.87938288920056
77.66432584269663
76.98614958448753
76.7952314165498
78.10893854748603
80.15266106442577
80.53867791842475
80.30315500685872
79.95604395604396
79.80437756497948
79.58620689655173
78.91596638655462
78.72954230235784
78.4943661971831
78.00558659217877
77.69971671388102
77.50564971751412
78.53081232492997
79.95584045584046
80.80603448275862
80.38243626062322
79.9492957746479
79.74824191279887
79.45492957746478
79.21776504297995
81.34388489208634
83.04671532846716
85.34580838323353
86.6751879699248
86.3089552238806
85.87593423019432
85.67616191904048
85.30572289156626
84.85498489425981
84.51928783382789
84.18873668188736
83.71555555555555
83.50593471810089
82.91691394658754
82.44642857142857
82.10928143712574
81.79253731343283
81.50223546944858
81.27245508982035
83.42942942942943
84.58722741433021
84.5552099533437
84.08962264150944
83.80062305295951
83.5
83.4225352112676
85.4218009478673
86.83089430894309
88.17218543046357
87.98160535117057
87.54013377926421
87.29672131147541
86.98349834983499
86.65097402597402
86.27823240589198
85.8782894736842
85.49180327868852
85.15789473684211
84.65849673202614
85.65957446808511
86.04152823920266
85.64909390444811
85.4512987012987
85.3192868719611
84.65849673202614
84.30179445350734
81.62764227642276
79.80064829821718
78.98701298701299
78.54516129032258
78.12175324675324
77.70793650793651
77.18314424635332
77.14469453376206
80.21533442088091
81.5016501650165
80.99205087440382
80.54285714285714
80.17011128775835
80.05079365079365
79.78526645768025
79.26886792452831
81.79483037156704
84.0890756302521
84.23316912972085
83.94728171334431
83.51592356687898
83.00966183574879
82.62539682539682
82.28164556962025
82.05288461538461
81.62875197472354
81.16825396825396
80.71317829457364
80.2601880877743
79.67596899224806
79.3796875
79.65785381026438
82.5888
83.06891025641026
82.4826498422713
82.11320754716981
81.76489028213166
81.32819722650231
80.78181818181818
80.33990895295904
79.93655589123867
81.72382397572079
83.68037974683544
83.63664596273291
83.27527216174184
83.06125574272588
82.65960665658093
82.01951951951952
81.58197932053176
81.2834067547724
80.69767441860465
80.35982658959537
79.9404255319149
79.378223495702
78.93069306930693
78.37945791726105
80.90743338008416
83.20324005891017
83.3
82.80456490727532
82.57325746799431
82.18454935622317
81.73533619456366
81.31258840169731
80.67760342368045
80.40673211781206
79.81398601398601
79.47426981919332
78.79218967921896
78.51549295774647
78.12394366197184
80.35605006954103
82.86741889985896
82.4777618364419
82.07560627674751
81.75280898876404
81.27142857142857
80.85533707865169
80.57524613220816
80.01274787535411
79.74858757062147
79.23654390934844
79.21267605633803
82.53142857142858
84.4597364568082
83.58092485549133
83.39167862266858
82.71267605633803
82.52094972067039
81.96605374823197
81.44522471910112
80.8293370944993
80.4654442877292
79.9324894514768
79.58553546592489
78.99016853932584
78.65223463687151
78.30672268907563
77.89400278940028
81.39915373765868
85.92857142857143
85.44202898550725
84.82972582972583
84.67924528301887
84.11337209302326
83.72883787661407
83.48933143669986
82.683908045977
82.48587570621469
82.76793248945148
86.50714285714285
88.59822747415066
88.06203840472674
87.61572052401746
87.39187227866474
86.81571428571428
86.6137339055794
85.950213371266
85.58815232722144
84.86901408450704
84.56118143459915
83.96100278551532
83.50762829403607
83.10729023383769
82.58611111111111
82.17414965986394
83.69642857142857
86.77428571428571
88.74814814814815
88.40962099125365
87.79797979797979
87.81676136363636
87.3945868945869
86.84180790960453
86.54765291607397
85.69338959212376
85.18775510204081
84.81717451523545
84.26603001364256
83.85422343324251
83.42391304347827
83.05298913043478
83.0377358490566
85.98773841961852
87.13846153846154
86.73305670816045
86.37983425414365
85.95592286501378
85.60580912863071
85.10109289617486
84.57844474761255
84.10547396528705
83.53369272237197
82.70985155195682
82.45295698924731
81.83914209115281
81.4185733512786
82.26251691474967
85.59326788218794
88.46906474820143
88.121776504298
87.80932203389831
87.33380480905234
86.76117318435755
86.48543689320388
85.76462395543176
85.4047287899861
84.86768802228413
84.33743169398907
83.90041493775934
83.51846785225719
82.6449864498645
82.27897574123989
81.73605442176871
81.97936726272353
84.87656033287101
87.76487663280116
88.82794117647059
88.40472673559823
87.98985507246377
87.58748221906117
89.29985443959244
90.86384266263238
92.37066246056783
92.74021909233177
92.62848297213623
92.4066265060241
91.81524926686217
91.6685878962536
90.73417721518987
90.4062059238364
89.92947813822285
89.4874651810585
88.89275766016713
88.55418381344307
87.76319350473614
87.34718498659518
86.6639344262295
85.98785425101215
85.62045760430686
86.78918918918919
89.48261474269819
89.73876404494382
89.53462603878117
88.94910591471802
88.73018080667593
87.70705521472392
87.64182692307692
85.91983122362869
85.91983122362869
85.91983122362869
86.51492537313433
86.72906403940887
87.11678832116789
87.52199413489735
87.64659685863874
87.19770114942528
86.95893223819301
86.44363636363636
86.27655986509275
85.8817891373802
85.45076923076923
84.89153046062407
84.59237536656892
83.8877840909091
83.33795013850416
82.77123287671233
82.3006711409396
81.8445945945946
81.55227882037534
84.69021739130434
86.84349030470914
86.21947873799725
85.67881241565452
85.09594594594594
84.68563685636856
84.14973262032086
83.7581081081081
83.13235294117646
82.79116465863454
82.11662198391421
81.76165113182424
82.60916442048517
85.25240054869684
85.56527777777778
85.07340720221606
84.69282814614344
84.24931880108991
83.866576819407
83.43031123139377
82.83695652173913
82.04679144385027
81.93899204244032
85.20107962213226
88.26880222841226
88.70338983050847
88.23870056497175
87.9043600562588
87.6740638002774
87.05263157894737
86.36588720770288
85.87225274725274
85.30620689655173
84.70644718792867
84.30027548209367
83.70923913043478
83.26912568306011
82.73605442176871
81.9298245614035
83.91711956521739
87.09570041608876
87.51680672268908
86.96801112656468
86.66620305980528
86.30458970792768
85.69410150891632
85.25864453665284
84.86878453038673
88.14651493598862
90.61605839416059
90.83748169838945
90.6441893830703
90.31884057971014
89.96866096866097
89.57082152974505
89.06073446327683
88.37964236588721
87.80658436213992
87.36740331491713
86.7896174863388
86.40027700831025
85.74898236092265
87.95435684647303
90.09077598828696
90.51698670605613
89.99854862119012
89.60832137733142
89.21602288984263
88.92178770949721
88.28471248246845
87.71727019498607
87.22777777777777
86.73865199449794
86.27208976157083
85.34794520547945
84.79781420765028
85.03556771545827
88.69632768361582
90.36312056737589
89.6755994358251
89.27982954545455
88.85872576177286
88.39747191011236
87.6237897648686
86.90247252747253
86.70498614958449
85.92127071823204
85.58126721763085
84.77671232876712
84.27951153324288
83.76985195154778
85.5291723202171
90.2919708029197
89.81857764876632
89.52142857142857
89.04829545454545
88.64027777777778
88.22991689750693
87.67265193370166
87.0475543478261
86.7530695770805
85.7956698240866
85.3739837398374
84.77747625508819
84.7398921832884
87.52427184466019
89.47571428571429
88.9163120567376
88.6984572230014
88.33518005540166
87.66711956521739
87.0204081632653
86.61924119241192
85.99320652173913
85.6267029972752
85.13072776280323
84.55238095238096
84.04600811907984
83.3455098934551
82.6778350515464
82.6778350515464
82.6778350515464
82.6778350515464
82.6778350515464
82.6778350515464
85.40883977900552
84.7680608365019
85.08831168831169
85.11557788944724
84.79325842696629
84.43434343434343
83.85608856088561
83.68465430016863
83.21794871794872
82.87230769230769
82.52279635258358
81.6480117820324
82.67893961708394
86.04654654654655
86.77155824508321
86.4044776119403
86.08345534407027
85.54093567251462
85.15242165242165
84.67385057471265
83.82521489971347
83.29018492176387
82.77871148459384
82.25105189340813
81.75592747559274
84.36477115117891
87.26118326118326
87.01569186875892
86.6728837876614
85.998585572843
85.65677966101696
85.14246196403873
84.64066852367688
84.05729877216916
83.52400548696845
83.15650969529086
82.64917127071823
85.71988795518207
89.52089552238806
89.1611030478955
88.71449275362319
88.35057471264368
87.85897435897436
87.35050071530758
86.84247538677918
86.2047685834502
85.70827489481066
84.9427374301676
84.41036414565826
83.91147994467497
83.20926966292134
82.75246132208157
82.1313269493844
84.05263157894737
87.0968660968661
87.68934911242603
87.02773722627737
86.76258992805755
86.20910384068279
85.78
85.25105782792666
84.74568965517241
84.24393723252497
83.64255319148936
82.83903133903134
82.21499292786422
81.90014265335235
82.39794419970632
84.6462962962963
86.04282115869017
86.67204301075269
86.67204301075269
86.67204301075269
86.67204301075269
86.67204301075269
88.85365853658537
88.29910714285714
88.02693602693603
87.65730337078652
87.67091836734694
87.50487804878048
87.05405405405405
86.61806981519507
86.33921568627451
85.79143389199255
85.28076256499133
84.76655629139073
85.7816091954023
88.77835951134381
89.73967684021544
89.30592105263158
88.8528951486698
88.484520123839
88.17781155015197
87.53363228699551
87.24852941176471
86.46989720998532
85.97953216374269
85.52685050798259
84.8800578034682
84.50576368876081
87.13946587537092
89.61669242658424
89.62808641975309
89.38778625954198
88.73604826546003
88.43536404160476
87.87368421052632
87.49560117302053
86.69141193595343
86.30434782608695
85.64483260553129
84.96098265895954
84.51445086705202
84.82158273381295
88.54843517138599
91.17001545595055
90.52743902439025
89.9060606060606
89.34441087613293
88.84649776453055
88.29955290611028
87.725
87.12112259970458
86.69026548672566
86.22254758418741
85.48911465892598
84.57452966714906
84.08892128279884
84.42691751085384
87.88905775075987
91.34069400630915
91.57467532467533
91.1856
90.66197183098592
89.86902927580894
89.46433990895297
88.98632218844985
88.36818181818182
87.61319340329835
87.12971342383108
86.54074074074074
86.0237037037037
85.59499263622975
89.23390894819467
92.11538461538461
92.6360544217687
92.3016393442623
91.9836867862969
91.54003139717426
91.06511627906977
90.43504531722054
89.98782343987824
89.64925373134328
91.88888888888889
94.0350553505535
94.85356454720616
94.25483304042179
94.18544194107453
94.03108808290155
93.20907617504052
93.01470588235294
92.2416
91.58658346333853
91.0233644859813
90.69938650306749
90.03715170278637
89.58108108108108
88.99698795180723
88.59822747415066
88.01353383458647
88.7440119760479
92.05172413793103
94.85472972972973
94.97986577181209
94.61730449251247
94.43946932006634
94.06035889070147
93.46215780998389
93.03961965134707
91.99691833590138
91.69172932330827
90.93061840120663
90.46326836581709
89.67410714285714
89.12107623318386
88.53244837758112
87.8813056379822
87.55223880597015
86.47774480712167
85.87352941176471
86.55917159763314
89.58125
92.72520325203251
92.53896103896103
92.3556942277691
91.99533437013997
91.36544342507645
90.44796380090497
90.13102409638554
89.52395209580838
88.87975646879757
88.31958762886597
87.6774193548387
87.16913946587538
86.67109144542773
85.78002894356005
85.40489913544668
88.33131618759455
91.36842105263158
91.18571428571428
90.80817610062893
90.37325038880249
89.88372093023256
89.4939024390244
88.44796380090497
88.00607902735563
87.51117734724292
86.99398496240602
86.53138686131386
85.68235294117648
85.32142857142857
84.75072463768116
84.05718475073314
83.13254786450663
82.67638483965014
82.66861313868613
85.63582089552239
87.73082942097027
87.22136222910217
86.85365853658537
86.47747747747748
85.78358208955224
85.03422619047619
84.54185022026432
83.82640949554896
83.37683284457478
84.7764705882353
88.29485179407176
90.54982817869416
90.06444906444906
90.60881542699724
91.41450777202073
91.41450777202073
91.41450777202073
91.41450777202073
91.41450777202073
91.41450777202073
91.41450777202073
91.41450777202073
91.41450777202073
91.41450777202073
91.41450777202073
91.41450777202073
86.77835051546391
86.25263157894737
86.51420454545455
86.36754176610978
86.06479481641469
85.68138195777351
85.20812182741116
86.3144758735441
89.25597269624573
89.8841059602649
89.6578073089701
89.34272300469483
88.77812995245642
88.37888198757764
87.87906976744186
87.0
86.53333333333333
86.53533834586466
90.07936507936508
91.69421487603306
90.85150078988941
90.64596273291926
90.06748466257669
89.26969696969697
88.90591805766313
88.19667170953102
87.58753709198812
87.13403614457832
86.57206537890045
86.07196401799101
85.49538461538461
84.57380952380953
84.57380952380953
84.57380952380953
84.57380952380953
84.57380952380953
84.57380952380953
84.57380952380953
84.57380952380953
84.57380952380953
84.57380952380953
84.57380952380953
89.77575757575758
90.11832061068702
90.10030395136778
89.92676056338028
89.94774346793349
89.40481400437636
88.89920948616601
88.39335664335664
87.61397670549084
87.06862745098039
86.46021840873635
86.07919254658385
85.37904468412943
84.81109445277362
86.59606656580938
90.07814992025519
90.32857142857142
89.70219435736676
89.23846153846154
88.6404833836858
88.21363636363637
87.57503714710252
87.00746268656717
86.56656804733728
86.07934131736526
85.44411764705882
85.90075187969924
89.3586956521739
91.63175122749591
90.89776357827476
90.72527472527473
90.24031007751938
89.84129429892141
89.269578313253
88.67275494672755
87.7218045112782
87.23308270676692
86.61194029850746
86.17138599105812
85.50446428571429
85.047197640118
84.51846381093057
83.88592592592593
83.50438596491227
87.29538461538462
88.53798449612403
87.74882995319813
87.46554364471669
86.97256097560975
86.63030303030303
85.8952802359882
85.70623145400593
84.69026548672566
84.16691285081241
83.66421207658321
83.62241887905604
86.73731343283582
88.8871473354232
88.51321928460342
88.15277777777777
87.68624420401855
86.98638426626324
86.56801195814649
86.01038575667656
85.51627218934911
84.88088235294117
84.45294117647059
83.89201183431953
83.41288433382138
86.3562874251497
89.97253634894992
89.35646687697161
89.10393700787401
88.56942277691108
88.23394495412845
87.54211332312404
87.20030816640985
86.66818873668188
86.33233532934132
85.4171686746988
84.83136094674556
84.2072072072072
83.72700296735906
84.2870090634441
87.9297385620915
91.23008849557522
94.52880658436214
94.57314629258516
94.15101289134438
93.79541446208113
93.52768166089966
93.16107382550335
92.89739413680782
92.20975609756097
91.90408805031447
91.13975155279503
91.17757009345794
93.43726937269372
93.78066914498142
93.9536541889483
93.57118353344768
93.31103678929766
92.94590163934426
92.2771474878444
92.27866242038216
91.46383647798743
90.84954407294833
90.1822358346095
89.98030303030303
89.1306990881459
88.56363636363636
88.04619970193741
87.43070044709388
86.92825112107623
86.42215568862275
85.60772659732541
85.22511485451761
86.46666666666667
86.34893617021277
86.34893617021277
86.34893617021277
86.34893617021277
86.34893617021277
86.34893617021277
86.34893617021277
86.34893617021277
84.50322580645161
84.94140625
85.33444816053512
85.2741935483871
84.87201735357918
84.71153846153847
84.10865874363327
84.4624183006536
88.25445705024312
91.2588996763754
90.55950540958268
90.00151285930409
89.64644970414201
89.11306901615272
88.366568914956
87.55524475524476
87.0268361581921
86.42620689655172
86.00693481276005
85.47534246575343
84.8326474622771
84.7629009762901
88.52966101694915
90.57101449275362
89.6742209631728
89.31549295774649
88.81118881118881
88.49374130737135
87.85277777777777
87.3781163434903
86.76177285318559
86.25316455696202
85.66759002770083
84.90233837689134
84.46498599439776
86.25571428571429
89.16446402349486
89.65976331360947
89.16053019145802
88.67867435158502
88.37209302325581
87.83866279069767
87.1919191919192
86.6978417266187
86.06056338028169
85.67094017094017
86.0070821529745
88.45370370370371
90.79109589041096
92.98095238095237
94.11174242424242
96.95991561181435
97.61587982832617
97.47514910536779
97.3
97.0072202166065
96.69444444444444
96.2312925170068
95.61627906976744
94.90879478827361
94.00626959247649
93.62249614791988
92.85758039816233
92.61818181818182
91.91815476190476
91.4102189781022
90.7106824925816
90.28718703976436
