91.51197357555739
91.17157275021026
90.9983305509182
90.73150457190357
90.59354304635761
90.4393063583815
89.91556291390728
89.85596026490066
89.56347256347256
89.15333882934873
88.95559210526316
88.68185516680228
88.605220228385
88.13900245298447
87.99425758818704
87.73224489795918
87.57967479674797
87.19148936170212
86.91831683168317
86.82222222222222
86.41368078175896
86.11111111111111
85.92656765676567
85.8246913580247
85.55245901639344
88.58688524590164
91.2603305785124
91.76558603491272
91.62582236842105
91.43996776792909
91.2776432606941
90.91592562651576
90.64620355411955
90.5092221331195
90.23661071143086
89.8682108626198
89.61762391817467
89.45440251572327
89.20031545741325
88.82584712371947
88.67137254901961
88.48665620094191
88.24630924630925
87.92996108949416
87.68981481481481
87.34636015325671
87.062693498452
86.77863777089783
86.52267486548809
86.41302681992337
86.10779816513761
85.76040061633282
85.625
85.32467532467533
84.87052551408988
84.69423368740516
84.47835990888383
84.19740853658537
83.87310030395136
83.66590563165906
83.42013626040878
83.24790874524714
82.82724505327245
82.58415841584159
82.34848484848484
82.26363636363637
81.8329519450801
81.67810831426392
81.5045731707317
81.1980122324159
81.12279355333845
80.52869166029075
80.19519752130131
79.97681607418856
79.68213457076565
79.45862335653518
80.0131274131274
84.73404255319149
86.39087452471483
86.17806160781367
85.72251705837756
85.56960120391271
85.31161048689138
85.20508982035928
89.16430171769977
92.16029962546817
94.24888226527571
94.06420664206642
93.97203826342898
93.17534849596478
93.1642228739003
92.94533527696792
92.65745454545454
92.33333333333333
92.14139941690962
91.89519650655022
91.65465032444123
95.75018155410312
100.8995633187773
102.89431486880466
102.71653543307087
102.46142857142857
102.22230164403146
101.73560767590618
101.46841731724626
101.16262482168331
100.77136752136752
100.30128205128204
99.89985795454545
99.68417317246275
99.28571428571428
98.88944365192583
98.59815733522325
98.28105039034776
97.84363894811656
97.66879432624114
97.25586353944563
96.79971489665004
96.59642857142856
96.31980056980058
95.8816821097648
95.6994301994302
95.46661931818181
95.14030064423766
94.86285714285714
94.57295373665481
94.39285714285714
94.0
96.01005025125627
101.16558206796819
103.02909090909091
102.61860129776497
102.35035971223022
101.96148255813954
101.55979827089337
101.2389891696751
100.89985590778099
100.67123287671234
100.38744588744589
100.13945086705202
99.83297180043384
99.5653429602888
99.1657018813314
98.89283128167995
98.61304347826086
101.13109978150037
102.14650145772595
101.87354651162791
101.59606986899564
101.3033625730994
101.17274052478135
100.57454545454546
100.36131386861314
100.1030701754386
99.85839416058394
99.4514705882353
99.21838235294118
99.05143277002205
98.77679882525698
98.36457564575646
98.01915991156963
97.87371512481644
97.41586360266865
97.2424465733235
97.03392330383481
96.79426891991183
96.53903345724908
96.21671597633136
96.03244837758112
95.61304670126019
95.35433654558932
95.17764618800888
95.03166421207658
94.66444444444444
94.52932442464737
94.24852507374631
94.04428044280442
93.68643439584878
93.41741071428571
93.06083086053413
92.78402366863905
92.54241071428571
92.2655325443787
92.12008895478132
91.79557195571955
91.61299852289513
91.24424647364513
94.96386430678466
96.9013353115727
96.60730253353205
96.4020771513353
96.21290801186944
95.98676470588235
95.6997776130467
95.39246119733924
95.14001473839352
94.77630610743194
94.49851851851852
94.21160911094783
94.00663227708179
93.75294985250737
93.49333333333334
93.23088235294118
93.03584491587418
92.7825128581925
92.3311209439528
92.14926470588236
91.88123167155425
91.64238410596026
91.30729550478998
91.09663250366032
90.92049598832969
90.51610541727672
90.2505510653931
89.87810218978102
89.63823529411765
89.40307242136065
89.11824817518249
88.90197512801755
88.58473954512105
88.32748538011695
88.04754937820044
87.62924667651403
87.27266081871345
87.1125730994152
86.73215599705667
86.53244837758112
88.68359087564386
91.7928519328957
91.87645348837209
91.81619256017505
91.32194767441861
91.11820159535895
90.73512336719884
90.43936092955701
90.23819898329702
90.05065123010131
89.77979651162791
89.50729927007299
89.3372008701958
88.91854545454545
88.74087591240875
88.40145454545454
88.24872727272728
87.97236363636364
87.64956011730206
87.44518027961736
87.16043956043956
86.84955752212389
86.5139705882353
86.36691176470588
86.07342143906021
85.74224519940915
85.60369003690037
85.19026548672566
84.99263080324245
84.723293768546
84.49407407407408
84.04441154700223
83.81953765846383
83.52631578947368
83.33581533879375
82.91734921816828
82.77340267459138
82.55976243504084
82.42316258351893
87.52710843373494
93.14523589269196
95.4290288153682
96.2866108786611
96.30618253189402
95.87967183226982
94.67838765008577
93.83333333333333
93.42125984251969
93.13292117465224
92.53980288097043
92.2301410541945
91.98817442719881
91.50932140193885
91.29844097995546
90.95055350553505
90.55085374907202
90.36377025036819
90.08480825958702
89.55325443786982
89.37564196625091
89.0117994100295
88.63266814486326
88.51223128243143
88.1859778597786
88.00441176470588
87.61509992598076
87.16188373804268
86.9514348785872
86.626010286554
86.47902869757175
86.13772893772894
85.80413895048041
85.57153392330383
85.30155210643015
84.98748159057438
84.6208670095518
84.4580265095729
84.22311631309437
84.40265486725664
89.36296296296297
91.9595588235294
91.74271137026238
91.40700218818381
91.25451916124368
90.85443959243086
90.38712011577424
90.20318148951554
89.99201741654572
89.56715328467153
89.33647570703408
89.14046579330422
88.80423666910153
88.55912408759124
88.11653313911144
87.8717008797654
87.55970695970696
87.29948867786706
87.06350364963504
86.76085356880058
86.55
86.2043956043956
85.80709534368071
85.5084621044886
85.23900293255132
84.99412196914034
84.69526627218934
84.55129151291513
84.27279411764705
84.12179016874542
88.84666177549524
91.73274596182085
92.15036496350365
92.03127272727272
91.68682505399568
91.26449275362319
91.14285714285714
90.89473684210526
90.65010799136068
90.33574529667149
90.21541786743516
89.79812545061283
89.45932325413968
89.27705627705627
89.05603448275862
88.80058013052937
88.5329471397538
88.2483660130719
88.1572463768116
87.80652173913043
87.29446064139941
87.15831517792301
86.91335740072202
86.66861313868613
86.36884057971014
86.05716353111433
85.85311143270623
85.57059253840526
85.18995633187772
84.99927588703838
84.6960641399417
84.51612903225806
84.24306569343065
84.06067251461988
83.78402366863905
83.52100221075902
83.3181148748159
82.93888070692195
82.7778603268945
82.48189209164819
82.36020710059172
81.87899034892354
81.73254086181278
81.50703182827534
81.23278443113773
82.6842105263158
88.38724035608308
88.03367496339678
87.7382005899705
87.61736571008095
87.36881005173689
87.03171091445428
86.69333333333333
86.5793768545994
86.24079528718704
85.84518518518519
85.6358253145818
85.40118870728084
85.12924667651403
84.87034277198211
84.63528539659006
84.44922164566346
84.23276501111934
83.85511575802838
83.51445515196441
83.28869047619048
83.07265917602996
83.58854166666667
88.93529411764706
90.80571847507332
90.45408163265306
90.15552325581395
89.8919708029197
89.45574250182882
89.20598977355733
88.9440813362382
88.6705710102489
88.23892519970951
88.00799418604652
87.69676945668135
87.453216374269
87.12790697674419
86.74653031409788
86.64774381368268
86.16133720930233
85.92447349310095
85.68968023255815
85.45342066957788
85.11700581395348
84.99055918663761
84.54803493449782
84.15713251267198
83.97816593886463
83.68218181818182
83.45918367346938
83.10254545454545
82.9087591240876
82.69612856099343
82.40479651162791
81.99780861943024
81.72833211944646
81.55076698319941
81.13148283418553
80.91776798825256
83.94877344877345
88.00791936645068
88.96783416726232
88.66927453769559
88.2485754985755
87.97019162526614
87.60113960113961
87.31556503198294
87.0078125
86.76588151320486
86.33761598857959
86.07813620071684
85.97067238912733
85.82137733142038
90.92897727272727
93.8503207412687
93.37711864406779
93.08735795454545
92.80169971671388
92.50070521861777
92.12898653437279
91.88140350877192
91.43714689265536
91.0958126330731
90.84399156711173
90.5341308937368
90.1936170212766
89.97096317280453
89.67940552016985
89.34438955539873
89.04310954063604
88.67590618336887
88.241773962804
88.06490727532098
87.73342836778332
87.3342939481268
87.15049928673324
89.09359251259899
91.68304843304843
91.72293447293447
91.20872051465332
91.10470085470085
90.81133428981349
90.43100995732574
90.23605150214593
89.97071428571428
89.57428571428571
89.25755395683453
89.12723373838456
88.71028037383178
88.32207045291157
88.25017921146953
87.9770279971285
87.78333333333333
87.30431654676259
87.11965192168238
86.81970802919707
86.54890510948906
86.11443148688046
85.95401459854014
85.55514705882354
88.20262390670554
89.87927272727272
89.89797395079594
89.66618497109826
89.27947598253274
88.90559186637618
88.736
88.55418181818182
88.20058351568198
87.98109090909091
87.59839063643014
87.49890590809628
87.29142441860465
86.96705710102489
86.61985294117648
86.49926362297496
86.15882352941176
85.90768094534712
85.64343958487768
85.45468053491828
85.18694362017804
84.8266369047619
84.64243323442136
84.29723674383868
84.06686478454681
83.83133433283358
83.60463378176382
83.3866866118175
83.0180859080633
82.74756554307116
82.60044977511244
82.41891891891892
81.88662131519274
81.67596081386586
81.36466165413533
81.06666666666666
80.97199091597275
80.70219198790628
80.332323996972
80.06316590563166
79.95433789954338
79.50494296577946
83.54064131245339
86.18862275449102
85.60714285714286
85.46944858420268
85.05048255382331
84.7758749069248
84.50408921933085
84.44642857142857
83.81498127340824
83.70991797166293
83.46372475691848
83.28421839940165
82.88988764044944
82.72897897897897
82.5505617977528
82.19909502262443
82.0355253212396
81.62358276643991
81.41247182569496
81.16616084977238
81.0554290053151
80.64474678760394
80.43650190114069
80.09687261632342
79.94257274119448
79.60916030534351
79.2262996941896
78.96551724137932
78.84024577572964
78.6973886328725
79.87091875474563
83.30925507900677
83.65223880597014
83.38109527381846
82.86312640239342
82.71854058078928
82.54287844891871
82.28709917971663
82.04429429429429
81.80881254667662
81.6433933933934
81.37031484257871
81.13438438438439
80.82919488337096
80.65716429107277
80.27727272727273
80.05931558935362
79.92530487804878
79.5995457986374
79.30411585365853
79.14851485148515
79.01675552170602
78.62567255956957
78.23207401696222
78.10590943975441
77.90446841294299
77.6024844720497
77.28056426332289
77.10981308411215
76.78787878787878
76.5533073929961
78.54426481909161
80.74980872226473
80.29223744292237
80.00379650721337
79.81068702290077
79.6451367781155
79.2732824427481
79.11162079510703
79.0061115355233
78.51894818252127
78.39305019305019
78.16962220508867
78.0903474903475
77.6599535243997
77.50505836575876
77.17614964925954
77.01249024199844
76.86150234741784
76.40425531914893
76.33701657458563
75.9304347826087
75.82938388625593
75.60031847133757
75.51787132644957
75.20318725099601
79.00234009360375
83.0376055257099
84.62319939347991
84.23700305810398
83.81984732824428
83.66615620214395
83.19218989280245
82.91055045871559
82.70121951219512
84.00305810397553
88.93226788432268
91.84206529992407
91.4378296910324
90.86798179059181
90.59197577592732
90.13348416289593
89.85562310030394
89.48669201520913
89.32800608828006
88.73384030418251
88.44376434583015
88.00152905198777
87.72213740458015
87.54337899543378
87.20398773006134
86.93496557000765
86.63073394495413
86.44266055045871
85.96612779060816
85.65687789799073
85.47802621434079
85.14417887432536
84.97160399079048
84.60461538461539
84.40895061728395
84.11737451737451
83.89745566692368
83.44349845201238
83.3082298136646
82.9867601246106
82.60805577072037
82.35252918287938
83.43
86.52981651376147
86.29831288343559
85.84915773353752
85.45725190839694
85.31506849315069
85.10566615620215
84.65045592705167
84.46393318147304
84.33155893536122
83.96493902439025
83.76345716451857
83.62310030395136
83.12260536398468
82.85075757575757
82.64897649734648
82.2530487804878
81.51948051948052
79.05413766434648
78.78044996121024
78.38654147104852
78.14397496087636
77.97265625
77.67246835443038
77.53779527559055
77.96359411309062
81.43935926773456
82.49354593773728
82.05581039755351
81.86903860711583
81.46194824961948
81.07384615384615
80.91228070175438
80.5168970814132
80.30484988452656
80.04024767801857
79.79643962848297
79.56003098373354
79.25136186770428
79.01781564678544
78.55459544383346
78.30194552529183
78.09710258418167
77.76540284360189
77.55766192733017
77.22961203483769
77.06885758998435
76.7248215701824
76.40731901352426
76.18695306284805
75.73958333333333
75.5092966855295
75.2441767068273
74.96784565916398
74.77411575562701
74.54086538461539
74.19886363636364
73.772397094431
73.62409054163298
73.2669387755102
72.9877750611247
72.75629569455727
72.55528455284554
72.3059397884459
76.28467741935484
79.82619047619048
83.09055425448868
82.51602814698984
82.12185534591195
81.87704280155641
81.31603773584905
81.06598586017282
80.7724409448819
80.32462391132225
80.11580594679187
79.66349206349206
79.35466034755135
79.12735849056604
78.89771833202202
78.66799046862589
78.21056782334385
78.11899133175729
77.77707509881422
77.42448330683625
77.01822503961965
76.69747235387045
76.50317965023848
76.34152139461173
75.90649762282092
75.68938193343898
75.4884645982498
75.45194598888007
74.9482484076433
74.59616919393456
74.57861133280127
79.87802971071149
83.65411222136818
84.20734506503443
83.75284306292646
83.27917620137299
82.78343465045593
82.56130997715157
82.01231716705158
81.74885145482389
81.49086757990868
80.9976923076923
80.87960122699387
80.50804597701149
80.27743902439025
80.03363914373088
79.82361963190183
79.3174481168332
79.26923076923077
78.8361801242236
78.53947368421052
78.34930448222566
78.13503086419753
77.69116497263487
75.15965051628277
74.37218649517685
74.2187247780468
73.91171749598716
73.85576923076923
73.6384
73.42822774659182
73.25624496373892
76.5702875399361
81.61930501930502
85.575
85.13653413353339
84.64996260284218
84.33058470764618
83.84206586826348
83.62733383121733
83.12202380952381
82.7914798206278
82.62750929368029
81.98279730740464
81.77153558052434
81.5688622754491
81.27957799547852
80.8393665158371
80.70958083832335
80.43007518796992
80.09559939301973
79.88712121212122
79.47174076865109
79.33408577878104
78.97186311787073
78.7428139183056
78.53181818181818
78.16094584286805
77.92372234935164
77.69931140015302
77.37059724349157
77.05242868157286
81.45454545454545
84.76519129782446
85.87434554973822
85.48401486988847
85.17060561299853
84.74609084139985
84.5327380952381
84.28720238095238
83.69828230022405
83.60597014925374
83.26532137518684
82.85327313769751
82.65465465465465
82.45175766641735
82.253003003003
80.5146286571643
77.96503496503496
77.8026418026418
77.52533125487139
77.41569541569541
77.29922480620155
77.02175602175602
76.91738113795792
76.7171875
76.53120124804992
76.46484375
81.16220351951033
81.749430523918
81.61990950226244
81.2562358276644
80.90374331550802
80.70965309200604
80.53333333333333
80.20198928844682
79.85497342444951
81.98722764838467
85.36846038863976
86.83345724907063
86.48887240356083
85.97707100591715
85.60924683072334
85.18565088757397
84.8343328335832
84.50225225225225
84.10593538692713
83.73577844311377
83.55763473053892
83.23963828183874
82.8714069591528
82.56873111782477
82.22146118721462
81.96051632498101
81.58047292143402
81.31340996168582
81.02696456086287
80.8863287250384
80.97694081475788
81.19877206446661
80.96607555898227
80.81818181818181
80.49001536098311
80.0861801242236
80.0061871616396
82.5423987776929
84.10607225211376
84.1270207852194
83.66793893129771
83.28209069946195
82.98610038610039
82.70046082949308
82.22265321955004
82.04662004662005
83.41717791411043
84.01784328937161
83.3622963537626
83.28049728049729
82.97750193948798
82.97750193948798
82.48901098901099
82.16116352201257
82.12814465408805
81.85927672955975
81.58478605388272
81.33598093725179
81.12012728719172
80.94360603653693
80.69218500797449
80.43575418994413
79.99198075380914
79.94488817891374
79.51967871485944
79.3504410585405
79.03365384615384
78.70427074939565
78.43043124491456
78.13728675873274
77.86237785016287
77.4156479217604
77.38680781758957
77.07107843137256
76.77049180327869
76.56732348111659
76.5127362366475
77.1380443714051
76.72834314550042
77.00379506641366
77.39468690702087
77.67830188679245
78.17276995305164
78.55871559633027
78.9119496855346
79.43031358885017
79.25929127052723
79.0656871218669
78.71171941830625
78.65224766751484
78.5576923076923
78.35205364626991
78.26192468619247
78.11083333333333
78.55990016638935
80.74877250409165
80.41407528641571
80.11201298701299
79.75286415711948
79.56357670221493
79.31803278688524
79.20329218106995
78.92479338842975
78.74302134646962
78.47887323943662
78.349377593361
78.08545603944125
77.6578073089701
77.57213930348259
77.41181364392679
77.1929101401484
76.9423076923077
76.68609492089925
76.49328859060402
77.43010752688173
84.6934835076428
86.8620142743854
86.20047732696898
85.63772691397001
85.27402700555997
85.01980982567353
84.59952229299363
84.38216560509554
84.11022997620935
83.5184
83.26194267515923
83.15127388535032
82.61951219512196
82.32443365695792
82.2536231884058
82.02889245585875
81.64935064935065
81.46558704453442
81.02502017756255
80.69795918367348
80.53387755102041
80.23208469055375
79.92357723577236
82.87779552715655
87.45922406967537
89.528672427337
89.09219858156028
88.37431048069345
88.14308176100629
87.802034428795
87.30055074744295
87.14308176100629
86.71843137254902
86.4945226917058
86.18110236220473
85.66823529411765
85.46213895394223
85.1230407523511
84.82970451010887
84.53780202650039
84.26869158878505
84.03956555469357
83.7879968823071
83.39500390320063
82.98749022673964
82.73052959501558
82.6715953307393
82.82275541795666
82.60155642023346
82.29828660436137
82.12461300309597
81.94728682170543
81.54573643410853
81.2245696400626
81.18359375
80.79013312451058
80.5734375
81.9080370942813
81.9968944099379
81.75602175602175
81.55348837209303
81.24882995319813
80.89681923972071
80.78959627329192
80.45219435736676
80.33542812254517
80.1391712275215
79.87881157154027
79.49487785657999
79.35455974842768
79.10328638497653
78.64483030781373
78.44119968429361
79.33359436178543
79.42080378250591
79.19382911392405
79.16640625
79.06162246489859
78.84362783424551
78.47757671125099
78.14601420678768
77.92047244094488
77.81868566904197
77.63153724247226
77.26332537788385
77.20697858842189
76.9732283464567
76.70602218700475
76.48876404494382
78.66246056782335
81.54587869362364
82.84656900539707
82.33385093167702
82.07392996108949
81.85933897002306
81.50731331793688
81.16820987654322
81.00385208012327
80.48765432098766
80.23739332816136
80.0566330488751
79.72783825816485
79.41621200311769
79.2296875
79.04300234558248
78.26947535771065
77.88694267515923
77.80944755804644
77.56754596322942
77.31095123900879
77.07661612130886
76.89944134078212
76.70056044835869
76.43870967741935
76.15304487179488
76.15304487179488
80.9699604743083
85.55015673981191
89.37138389366693
92.5481072555205
94.68081761006289
96.18124507486209
96.04918032786885
95.50542635658914
94.66203703703704
94.32137404580153
93.85563114134543
93.43537414965986
93.02959028831563
92.58796648895658
92.1156462585034
91.7162471395881
91.41679389312976
90.7990832696715
90.56030534351144
91.47538461538461
94.58846153846154
95.52764976958525
95.21992337164751
94.7719298245614
94.51107715813598
94.12576219512195
93.58111195734958
93.45019011406845
93.04271548436309
92.6854103343465
92.44774980930588
92.11144806671722
91.6923076923077
91.5
90.62576219512195
86.87286821705426
86.70293209876543
86.34573643410853
86.17573872472784
85.86536964980544
85.61574074074075
85.42325581395349
85.18701095461658
84.99222395023328
84.46889580093313
85.25583203732504
87.75965327029157
88.2089552238806
87.7566510172144
87.5823575331772
87.3224043715847
86.92386185243328
86.75864779874213
86.35238841033673
86.06635071090048
85.74586939417782
85.5267716535433
85.20095313741065
84.88091482649843
84.64426877470356
84.34713375796179
84.03205128205128
83.70859872611464
83.26041666666667
83.16505636070853
84.12540192926045
85.04923325262308
84.75641025641026
84.52677857713829
84.16599516518936
83.81194511702986
83.62358642972536
83.35766423357664
83.17373572593802
82.97473512632436
82.8560855263158
82.22019867549669
82.10552349546579
81.94545454545455
81.4597510373444
81.22157676348547
80.93583333333333
80.70426065162907
80.3483709273183
80.14671163575042
79.81223805532271
79.61932773109244
79.43771043771044
78.40469973890339
77.92407247627266
77.88331892826275
78.84404455869752
79.375325803649
80.68615649183147
82.23214285714286
84.60336134453782
86.66051969823974
87.72599337748345
87.59023178807946
87.50493421052632
87.06606110652353
87.00745650372825
86.65795918367347
86.65795918367347
86.56342668863262
86.0635838150289
85.70588235294117
85.5890073831009
85.27257663628832
85.20297029702971
84.93585526315789
84.64349959116926
84.34328358208955
84.12913907284768
83.93172356369692
83.27754763877383
83.09701492537313
82.73115577889448
82.3454391891892
82.1079258010118
81.86212765957447
81.60832625318606
81.34295415959252
81.17268041237114
80.59965487489215
79.37062937062937
77.30741410488245
77.2323879231473
77.16040329972502
77.24653739612188
77.33866415804327
77.39579349904398
77.47801147227534
78.1469465648855
78.81442307692308
79.65708812260536
81.32273603082852
82.87270973963356
83.18677042801556
83.14771622934889
83.08666017526777
82.75960591133006
82.28103277060576
81.64723926380368
81.18495297805643
80.24973656480506
79.55121436114044
78.72406417112299
78.10624315443593
77.48435814455232
77.02058504875406
77.08429926238145
77.69238790406673
78.17325227963526
78.28430404738401
78.7783203125
79.2389878163074
79.19180633147114
79.13493530499076
79.52350813743219
82.08695652173913
84.36860364267129
85.32785467128028
85.39365351629503
86.43948497854078
87.30320945945945
87.86367485182049
87.90693739424704
87.87942664418212
87.97647058823529
87.993371996686
87.68399339933994
87.60295324036095
87.40994295028524
87.13970588235294
87.05573770491803
88.61387755102041
93.38323840520749
92.90953545232274
92.43385373870173
92.20394736842105
91.66998341625207
91.33443163097199
90.95111847555924
90.55435684647303
90.2955870108243
89.64494569757727
89.35841081994928
89.16863406408095
94.36894824707846
98.27356902356902
100.49235993208828
99.76649746192894
99.32745591939548
98.74577702702703
98.04553119730186
97.5906779661017
97.15851602023608
96.63620981387479
96.23668639053255
95.79474130619168
95.32227891156462
95.06271186440678
94.40510638297873
94.12892281594571
93.73191489361702
93.36757215619694
93.02718776550552
92.68085106382979
92.43956043956044
91.94201680672269
91.71561181434599
91.17647058823529
90.74117647058823
90.5033388981636
90.13643926788686
89.72954924874792
89.5
89.16928158546655
88.72236076475478
88.5829892650702
88.32019704433498
92.86204081632653
94.37723577235772
94.08110300081103
93.79677419354839
93.40016038492382
93.10774142059059
92.72929936305732
92.52505966587113
91.90453460620525
91.61792452830188
91.27839116719242
90.92107340173638
90.62480376766091
90.35202492211837
90.01956181533646
89.73166926677067
89.36519036519037
88.77967416602017
88.5061919504644
88.16071428571429
87.99228989976869
87.58673862760216
87.35471406491499
86.88393543428133
86.70538461538462
86.42780337941629
85.98764478764478
85.62079510703364
85.41628264208909
85.239663093415
88.81700835231587
89.69294920394238
89.37972768532526
88.98121712997747
88.77190332326283
88.26113207547169
87.99322289156626
87.72672672672672
87.58514628657164
87.28893905191873
86.87123493975903
86.74737631184408
86.4798206278027
86.20601503759399
85.74174174174175
85.47404063205417
85.2422641509434
84.88571428571429
84.71332335329342
84.42610652663166
84.23458646616541
83.92492492492492
83.43773584905661
83.2532027128862
82.82981927710843
82.63547169811321
82.42217160212604
84.20391271632806
87.58226897069872
88.93903345724907
88.4828869047619
88.08160237388724
87.67814371257485
87.48955223880597
87.11368735976066
86.85458612975391
86.49513836948393
86.21295606850335
85.96659242761693
85.57228464419475
85.21449925261584
85.00222386953298
84.72544642857143
84.51465063861758
84.25168035847648
83.94709388971684
83.61665416354089
83.47744360902256
83.14936519790889
82.66039156626506
82.47368421052632
82.28495842781557
81.9375
81.71417797888387
81.45757575757575
81.18022813688214
80.78041315990819
80.50685975609755
80.1702290076336
79.86753445635529
79.63844393592677
79.41780821917808
78.85505011565151
78.76315789473684
78.43122102009274
78.13625866050808
78.01693610469592
77.44263565891472
79.81163859111791
85.0495867768595
87.12164179104478
86.63169642857143
86.27394209354121
85.92239467849224
85.59124629080118
85.2826409495549
84.77910447761194
84.50964391691394
84.37918215613382
83.93777777777778
83.7241124260355
83.4951744617669
83.1806784660767
82.9059955588453
82.64291017074981
82.2923191648024
81.96958456973294
81.86
81.50407709414381
81.25597014925373
80.87799401197604
80.7580283793876
80.49509433962264
79.93584905660377
79.68524096385542
79.48343373493977
79.31598793363499
83.61498516320475
86.56920799407845
86.5269770879527
86.20540935672514
85.91868131868132
85.429203539823
85.11842105263158
84.7151291512915
84.50222222222222
84.18510324483776
83.89341228719466
83.67011834319527
83.35022354694486
83.0542750929368
82.68921933085502
82.46148148148148
82.10022271714922
81.77711738484398
81.55670867309118
81.31473214285714
80.95209580838323
80.69247952345495
80.3997028231798
80.07922272047833
79.59111445783132
79.49022556390977
79.2352501867065
78.94852384557154
78.60421369450715
78.4498869630746
78.12036336109009
77.97498104624715
77.45798637395912
77.17123287671232
78.95064540622627
84.4686809137804
87.10867979576952
86.55253490080823
86.28476821192054
85.96778916544656
85.49188790560471
85.12454212454213
84.83736263736263
84.54459064327486
84.2278020378457
83.78870139398386
83.57531227038942
83.39694100509833
83.03511338697878
82.74285714285715
82.35578330893118
82.13284671532847
81.8349229640499
81.62390029325513
81.30752373995617
80.91195891415994
80.68644688644689
80.46842878120411
80.16386247256767
79.65703703703704
79.47713864306785
79.15151515151516
78.80860534124629
78.57142857142857
78.42179392142327
77.97619047619048
77.6325167037862
