109.5375939849624
109.841546626232
110.12150943396227
110.38566037735849
110.79046898638427
111.04693414080242
111.40060468631897
111.77693474962064
112.0400604686319
112.61550151975683
112.83384146341464
113.23618470855413
113.59139784946237
113.91653905053599
114.15184049079755
114.58204334365325
114.88275862068966
115.1221198156682
115.62925696594428
115.86486486486487
116.23743232791956
116.5019425019425
116.83938223938225
117.10514018691589
117.6
117.73291925465838
118.06880375293198
118.62636505460219
118.80327868852459
119.29098039215685
119.44734758511481
119.78638497652582
120.15189873417722
120.33492442322992
120.54660347551342
120.85987261146497
121.31818181818181
118.56729264475743
115.64052795031056
115.80715396578537
115.89113530326594
116.1407465007776
116.44367283950618
116.50348027842227
116.79189399844115
117.26896012509773
117.37176470588236
117.583918813427
117.81903276131045
118.0310318076028
118.3103448275862
118.47839748625294
118.7480376766091
119.14901960784314
119.44347133757961
119.58227848101265
119.98260869565217
120.16136724960253
120.21462639109697
120.3064133016627
120.38858049167328
120.53061224489795
120.53526645768025
120.59686274509804
120.59686274509804
120.5716523101018
120.64470588235295
120.67058823529412
120.69254901960784
120.965272296764
120.86946202531647
120.15821812596006
120.07120980091884
120.21020092735704
120.03950426026336
120.25233644859813
120.53291536050156
120.8631329113924
121.07002360346183
121.40816326530611
121.82047244094488
121.97470355731225
122.34566929133858
122.54451510333863
122.95826771653543
123.10405083399523
123.47464342313788
123.70332278481013
123.81566455696202
124.23264984227129
124.30922098569158
124.486529318542
124.47268408551068
120.91943127962085
118.49114703618167
118.79907264296754
118.97913446676971
119.27538461538461
119.54054054054055
119.8376268540203
120.11828793774319
120.23676012461058
120.34729626808834
120.55909797822706
120.51854838709677
120.1705551086082
119.67537608867775
119.09360730593608
118.95701357466064
118.68288973384031
118.72789115646259
118.81056603773584
118.98712121212121
119.78963414634146
119.97036474164133
119.55159332321699
119.02127659574468
118.58715596330275
118.67559296097934
118.93292212798767
118.93348801237433
117.87862595419847
116.7291507268554
115.4337623012869
114.86163051608078
114.93932584269663
115.07413010590015
115.30722433460076
115.6464339908953
115.78380443086326
115.97999999999999
116.28780864197532
116.47131782945736
116.66176470588235
117.12683681361176
117.3918083462133
117.5824863174355
117.85054773082942
118.18695993715633
118.4348508634223
118.62617554858934
119.05354330708661
119.44505494505495
119.53243670886076
119.93417922283902
120.24940617577198
120.32484076433121
120.71780604133545
120.88263665594855
121.07877813504822
121.23576583801122
121.79090183559458
121.89710610932477
122.11299435028249
122.17961165048544
122.6845093268451
122.86131386861314
123.07386363636363
123.13344182262001
123.40278917145201
123.95377128953771
124.1461038961039
124.25347506132462
124.3344262295082
124.81578947368422
124.95877988458368
122.5163132137031
119.00641539695269
118.0056
118.35612082670906
118.4789515488483
118.77207062600321
119.07661290322581
119.25996810207337
119.72413793103448
119.79521912350597
120.07051282051282
120.3918918918919
120.89944134078212
121.01513944223107
121.40743670886076
121.76770087509945
121.92264752791068
122.08073541167067
122.49639711769416
122.85211830535572
123.02409638554217
123.59112903225807
123.86392914653784
124.07011952191235
124.2088
124.40112540192926
124.9935691318328
125.08306451612904
125.23581847649919
125.62540453074433
125.82238442822384
122.90304487179486
120.11732283464568
120.17219589257505
120.31132075471697
120.49014972419228
120.7937898089172
120.99444003177125
121.2199203187251
121.74062250598564
121.99682539682539
122.17077045274027
122.41720257234726
122.80796812749004
122.92607313195549
123.21354581673307
123.42834138486313
123.90894695170229
120.65768621236134
116.50347490347491
113.39525993883791
113.3834988540871
113.49348659003832
113.73972602739727
114.19043947571319
114.38962044926413
114.95990747879722
115.16034082106894
115.45398298530549
115.73317683881064
116.21627906976744
116.35965598123533
116.69129082426127
117.10039215686274
117.35491419656786
117.81545741324922
118.06324110671937
118.38346456692913
117.52112676056339
114.16076923076923
110.96133434420015
109.87405731523378
109.99469696969697
110.29488158899923
110.79407294832828
111.00681302043907
111.31615384615384
111.65519877675841
111.99157088122605
112.31611410948342
112.6392939370683
112.8848810437452
113.27315175097277
113.69296210363495
111.9938884644767
110.0
108.6481762917933
107.70565749235473
107.39407744874715
107.74048706240487
109.79147640791476
111.87269938650306
112.6376923076923
113.0046403712297
113.3796875
113.73333333333333
114.07884465261515
114.35458786936236
114.68793774319066
115.09076682316119
115.30618637431479
115.82839313572543
116.25748031496063
116.56185973207249
116.67008681925809
117.03100158982511
115.66484801247077
114.0967993754879
112.52550231839258
111.44667697063369
111.08698999230177
111.31090487238978
111.71559633027523
111.98214285714286
112.348367029549
112.77332305319969
113.11609907120743
113.42979053529868
113.9537037037037
114.2715953307393
114.61705426356589
114.996879875195
115.30631332813718
115.60078431372548
116.1024237685692
116.38292873923257
116.70879120879121
117.27659574468086
117.57985837922895
117.86887835703001
118.07069102462272
118.46184107002361
118.75158227848101
119.0468253968254
119.32268370607028
119.68844621513944
112.22503840245776
106.12661106899165
102.65056603773584
103.22966867469879
103.33560090702949
103.77608530083778
104.0296803652968
104.51593323216996
104.85812356979406
105.53051996985681
105.82161753590324
106.29492039423806
106.56567957479119
106.95158850226929
107.31471698113208
107.66363636363636
107.9060606060606
108.30264150943395
108.86989409984872
109.0882800608828
109.649468892261
109.81470137825421
108.43359718557608
108.43359718557608
108.43359718557608
108.43359718557608
108.43359718557608
108.43359718557608
108.43359718557608
101.65807560137458
102.10958904109589
102.33333333333334
102.6248012718601
103.03924528301886
103.28581925055107
103.68168389955687
104.27038941954444
104.59926199261993
105.14117647058823
105.42132352941177
105.75643855776306
106.18827838827839
106.48142753095411
106.89454277286136
107.3
107.88061901252763
108.20204978038068
108.54838709677419
108.89442815249267
109.26807888970052
109.64523281596453
110.0280442804428
110.33504775900073
110.84296296296296
111.18114328136599
111.64523281596453
111.8776871756857
112.2802075611564
112.65278810408921
112.60281065088758
109.11086797957695
107.55563689604685
108.26335040234089
108.54807692307692
108.92194403534609
109.3613569321534
109.76017764618801
110.12175204157387
110.53869047619048
110.82732732732732
111.1813432835821
111.77293233082708
112.06490566037735
112.48754716981132
112.82779456193353
113.15686274509804
113.54455445544554
113.889477668433
114.1983282674772
114.58886346300534
115.16907844630617
115.6321044546851
115.81464530892448
116.44840961986036
116.61252900232019
116.88298691301
117.35289575289576
117.68613707165109
118.049766718507
118.48286604361371
118.75291375291376
119.20703125
119.47401086113265
118.56909937888199
114.21504559270517
111.52848575712144
111.5940074906367
111.74004507888804
112.33005299015898
112.68528301886792
113.05155420773313
113.49244712990937
113.74259681093395
114.03948367501899
114.47796352583586
114.83675018982535
115.25838414634146
115.58057054741712
116.00076277650649
116.31534309946029
116.66794478527606
116.93307692307692
116.74349157733538
116.15809669992325
114.55663430420712
113.15714285714286
111.83923076923077
111.66717557251908
111.73378582202112
111.93358208955223
112.19047619047619
112.68097705403406
112.89317507418397
113.0786350148368
113.69739776951673
113.8602554470323
114.23163418290855
114.55820895522388
114.89588014981274
115.12537537537537
115.41492537313434
115.66765799256505
115.98948159278737
116.37631975867271
116.33709556057187
112.89235337787676
109.69741697416974
106.91781874039938
105.09869494290376
104.45238095238095
104.45405405405405
104.42017543859649
104.76569037656904
104.73459326211997
105.18115353371243
105.46233974358975
105.71927042030134
106.22687047465809
106.49558941459503
107.02517702596381
107.3208895949166
107.83596214511041
108.20816967792615
108.67016129032258
108.45454545454545
107.47480106100795
106.52826510721248
105.10074231177094
104.2135922330097
103.67007150153218
103.26851851851852
103.24442462087421
103.41493055555556
103.46416083916084
103.80745880312229
104.25735912531539
104.61336717428088
104.92567567567568
105.34825870646766
105.86393989983306
106.46257359125315
106.71343028229256
106.98329156223893
107.40719542109566
107.8101160862355
107.95847176079735
108.53168724279836
108.90968801313629
109.30152365677625
109.7157809983897
109.91909385113269
110.46803278688525
110.76641729010807
111.02820512820513
111.45511669658887
111.4170403587444
109.14382402707275
109.14382402707275
109.14382402707275
109.14382402707275
109.14382402707275
99.9931693989071
100.53253012048194
100.35736040609137
100.71047794117646
101.21158690176323
101.57305194805195
102.01586042823156
102.30293663060277
102.58377558756634
103.07825432656132
103.32456799398949
103.58638743455498
103.97757847533632
104.40749063670413
104.76853252647504
105.14685844057533
105.38796992481204
105.72741078208048
106.14954682779455
106.52377358490565
106.79969650986342
107.13715146948003
107.77424242424243
107.92682926829269
108.3109433962264
108.6702047005307
108.88821292775665
109.32321699544764
109.63449848024317
109.89397406559877
110.2545731707317
110.72201066260473
111.07539984767708
111.5
111.77051671732522
112.01453710788064
112.39893211289092
112.46728187919463
111.73606370875996
110.06587837837839
110.06587837837839
110.06587837837839
110.06587837837839
110.06587837837839
110.06587837837839
110.06587837837839
110.06587837837839
108.03241491085899
109.06481481481481
110.11337868480726
110.74973931178312
110.85368126747437
111.43384879725086
111.75787728026535
112.21107544141252
112.50312989045383
112.79968823070928
113.0596436870643
113.71177370030581
113.93050193050193
114.3725793958172
114.74518860662047
114.98447204968944
115.3887587822014
115.73852140077821
116.18040435458786
116.45184025058731
116.98052959501558
117.25667189952904
117.59529411764706
118.03372549019608
118.4561957379637
118.70806962025316
119.07492113564669
119.4128878281623
119.82137161084529
120.13672496025437
120.49601275917065
120.77382875605815
121.18595371109338
121.51005631536606
121.85976095617531
122.08279742765274
122.60560000000001
122.02830188679246
119.51174089068826
116.56751985878199
115.09065420560748
113.5093808630394
112.52919708029196
112.55623901581723
112.60992301112061
112.85593934288121
113.15566422167889
113.54200323101777
113.7645186953063
114.04833597464342
114.42902458366376
114.72626582278481
115.00393081761007
115.32258064516128
115.608934169279
115.98282591725214
116.39859594383776
116.62103634957464
116.9052059052059
117.29085222830336
117.50312989045383
117.92664092664093
118.27950310559007
118.47585669781932
121.24413145539907
122.21467603434817
122.25585023400936
122.52255054432348
122.95489891135304
123.17169373549885
123.56847742922724
123.72882672882673
124.1086956521739
124.5908739365816
124.87276958882855
125.28921193573069
125.4535686876439
125.76124031007751
126.0366043613707
126.57153729071538
127.15690866510539
125.54754098360655
123.38807339449542
121.05816326530612
118.7984054669704
116.36340533672173
115.31284153005464
112.90140845070422
110.96438746438747
108.65320334261838
106.76842105263158
104.50066225165563
103.3825857519789
101.53491436100131
100.15866666666668
98.6091030789826
97.74788732394367
97.71976401179941
97.28708133971293
97.28708133971293
97.28708133971293
97.28708133971293
97.28708133971293
97.28708133971293
97.28708133971293
92.63380281690141
92.63380281690141
92.63380281690141
92.63380281690141
92.63380281690141
92.63380281690141
92.63380281690141
92.63380281690141
92.63380281690141
92.63380281690141
92.63380281690141
92.63380281690141
92.63380281690141
92.63380281690141
92.63380281690141
92.63380281690141
92.63380281690141
92.63380281690141
92.63380281690141
92.63380281690141
92.63380281690141
92.63380281690141
92.63380281690141
92.63380281690141
92.63380281690141
92.63380281690141
92.63380281690141
92.63380281690141
92.63380281690141
92.63380281690141
92.63380281690141
92.63380281690141
92.63380281690141
92.63380281690141
92.63380281690141
92.63380281690141
92.63380281690141
92.63380281690141
92.63380281690141
92.63380281690141
92.63380281690141
92.63380281690141
92.63380281690141
92.63380281690141
92.63380281690141
92.63380281690141
92.63380281690141
92.63380281690141
92.63380281690141
92.63380281690141
92.63380281690141
92.63380281690141
92.63380281690141
92.63380281690141
92.63380281690141
92.63380281690141
92.63380281690141
92.63380281690141
92.63380281690141
92.63380281690141
92.63380281690141
92.63380281690141
92.63380281690141
92.63380281690141
92.63380281690141
92.63380281690141
92.63380281690141
92.63380281690141
92.63380281690141
92.63380281690141
92.63380281690141
92.63380281690141
92.63380281690141
92.63380281690141
92.63380281690141
92.63380281690141
92.63380281690141
92.63380281690141
92.63380281690141
92.63380281690141
92.63380281690141
92.63380281690141
92.63380281690141
92.63380281690141
92.63380281690141
92.63380281690141
92.63380281690141
92.63380281690141
92.63380281690141
92.63380281690141
92.63380281690141
92.63380281690141
92.63380281690141
92.63380281690141
92.63380281690141
92.63380281690141
92.63380281690141
92.63380281690141
92.63380281690141
92.63380281690141
92.63380281690141
92.63380281690141
92.63380281690141
92.63380281690141
92.63380281690141
92.63380281690141
92.63380281690141
92.63380281690141
92.63380281690141
92.63380281690141
92.63380281690141
92.63380281690141
92.63380281690141
92.63380281690141
92.63380281690141
92.63380281690141
92.63380281690141
92.63380281690141
92.63380281690141
92.63380281690141
92.63380281690141
92.63380281690141
92.63380281690141
92.63380281690141
92.63380281690141
92.63380281690141
92.63380281690141
92.63380281690141
92.63380281690141
92.63380281690141
92.63380281690141
92.63380281690141
92.63380281690141
92.63380281690141
92.63380281690141
92.63380281690141
92.63380281690141
92.63380281690141
92.63380281690141
92.63380281690141
92.63380281690141
92.63380281690141
92.63380281690141
92.63380281690141
92.63380281690141
92.63380281690141
92.63380281690141
92.63380281690141
92.63380281690141
92.63380281690141
92.63380281690141
92.63380281690141
92.63380281690141
92.63380281690141
92.63380281690141
92.63380281690141
92.63380281690141
92.63380281690141
92.63380281690141
92.63380281690141
92.63380281690141
92.63380281690141
92.63380281690141
92.63380281690141
92.63380281690141
92.63380281690141
92.63380281690141
92.63380281690141
92.63380281690141
112.68788819875776
113.13636363636363
113.76900296150049
114.35806729939603
114.81463009143806
115.17800167926111
115.54022015241321
116.16624257845632
116.50383631713555
117.03901611535198
117.46410256410256
117.75576430401367
113.33110367892976
105.03079416531605
97.4122877930477
94.33038585209003
94.81139646869984
95.1073717948718
95.65273311897106
96.02813504823152
96.60336538461539
97.25403225806451
97.54773462783172
98.14019448946516
98.36481033091204
98.86444805194805
99.2582995951417
99.67504051863858
100.0914979757085
100.42857142857143
101.04545454545455
101.2711038961039
101.77154471544716
101.66962843295639
95.2368
88.5958631662689
87.80095541401273
87.9905138339921
88.62271644162033
89.03322784810126
89.47664291369755
89.87061574434918
90.2057453416149
90.61265432098766
90.93060909791828
91.33435348125478
91.76470588235294
92.30424886191199
92.69871309613929
93.33258426966292
93.72699849170438
94.2310577644411
94.75679758308156
95.12789827973074
95.51119402985074
96.01043219076006
95.91901931649332
91.16703458425313
87.43722304283604
88.24834680382072
88.356093979442
88.79398826979472
89.20851688693098
89.49194729136164
90.03301540719002
90.57856625633599
91.11135371179039
91.46148255813954
91.93836113125454
92.33769063180829
92.80869565217391
93.1608695652174
93.55942028985507
93.9294964028777
94.48342939481267
94.8413496051687
95.26917510853835
95.56412103746398
95.97838616714698
96.34393063583815
96.64655172413794
96.99928263988522
97.36285097192226
97.90772532188842
98.33548850574712
98.63578047042053
98.91666666666666
99.32234957020057
99.73909935668334
100.0340909090909
100.36455331412104
100.82975679542203
101.32089016511128
101.72565742714997
102.08279800142755
102.41091954022988
102.74519572953736
103.15571428571428
103.38010021474588
103.72928571428571
104.05285714285714
104.52391149179158
104.85298295454545
105.25534950071327
105.55276381909547
105.84071428571428
106.26111908177904
106.53663793103448
105.39068100358423
100.36473087818698
100.38679914833216
100.51452870304749
100.86241134751774
101.11951909476662
101.64331210191082
101.82897526501768
102.18568391211906
102.62313697657913
103.05349500713267
103.38319088319088
103.80816034359341
104.08869814020028
104.47122302158273
104.85888252148997
105.25741142443962
105.48922413793103
105.9040404040404
106.3098490294752
106.76255380200861
107.1822125813449
104.42346208869813
100.8051391862955
99.19047619047619
99.72798295454545
99.9080541696365
100.27090779127948
100.86091298145507
101.25501432664757
101.64111747851003
101.95934379457917
102.32614942528735
102.74121863799283
103.14748201438849
103.48768115942029
103.95988538681948
104.44227994227995
104.79956741167989
105.2731884057971
105.45231213872833
105.90310918293565
106.26178390137781
106.53090909090909
107.01596516690856
107.29057971014493
107.98838896952105
108.24070021881838
108.60698689956331
109.02328966521105
109.33601756954613
108.58073859522085
105.05903527717783
101.52813852813853
101.3660458452722
101.64511494252874
102.01654676258993
102.34584837545125
102.76580459770115
103.14306358381504
103.49927849927849
103.89473684210526
104.29581529581529
104.7116212338594
105.30144927536232
105.59494584837546
106.12907904278462
106.40968208092485
106.77510917030568
107.20173535791757
107.48730964467005
107.8604992657856
108.38517441860465
108.65160349854227
109.01684981684983
109.40058266569557
109.75733137829911
110.11575091575091
110.41305942773295
110.79157427937915
111.14359351988219
111.75129533678756
111.96219421793921
112.41791044776119
112.78619153674833
113.06829992576095
113.63244047619048
113.88475836431226
114.23454951600894
114.68740629685158
115.22072072072072
115.6194086429113
115.9112291350531
116.29071537290716
116.72387490465294
116.96250956388675
117.43812451960031
117.73097617217525
118.29448329448329
118.72937548188126
119.1919191919192
119.37722695584819
116.61187214611871
112.70481927710844
109.49045521292217
109.41838235294118
109.46255506607929
109.70793180133433
110.14105419450631
110.44362017804154
110.81567164179104
111.11119402985074
109.22871946706144
104.40982404692082
99.7595667870036
98.84426820475846
99.08679795769511
99.44175824175824
99.90876176683562
100.24070021881838
100.65821868211441
101.10688140556368
101.38230994152048
101.945295404814
102.28175182481752
102.65121412803532
103.22287390029325
103.48351648351648
104.08345534407027
104.28978102189781
104.55953250547844
105.11176470588235
103.29729729729729
100.13154069767441
99.27431059506532
99.69514844315714
100.09315866084425
100.41339155749637
100.76300578034682
101.2713972201902
101.53801169590643
102.09722222222223
102.42773722627737
102.97669337217772
103.45961820851689
103.94521548575602
104.27826725403818
104.56921944035346
105.12941176470588
105.4300441826215
105.80987472365513
106.21176470588236
106.796783625731
107.14560236511457
107.4959706959707
108.07105847520356
108.2820133234641
108.7239082161362
109.09442379182155
109.43494423791822
109.89304412864622
110.39479553903345
108.16519174041298
105.78955114054452
104.35777126099707
104.57006603081439
104.9338721528288
105.26342899190581
105.48928307464894
106.0
106.47893569844788
106.94977843426884
107.24742268041237
107.71386212008895
108.16322008862629
108.39794419970632
108.79302670623144
109.1596762325239
109.51772525849336
110.05103550295857
110.06439674315322
107.24249084249084
105.02712609970675
104.54406409322651
104.94554819720383
105.20411160058737
105.42341678939617
105.85450516986705
106.38563049853371
106.7566765578635
107.1532792925571
107.42182890855457
107.84826054774241
108.2360294117647
108.57564575645756
108.89563286454478
109.19764878765614
109.76218611521418
110.06513693560325
110.41592920353983
110.71225710014949
111.02087994034304
111.42825278810409
111.77769461077844
112.09902475618904
112.49322289156626
112.9647676161919
113.3677811550152
112.88337095560573
109.39349112426035
107.15095729013254
107.56782802075611
107.77496274217586
108.03078078078079
108.31454005934718
108.80705705705705
109.20746268656717
109.55177626606198
109.86877828054298
110.27723516153267
110.62632375189108
110.9054462934947
111.31136363636364
111.8382687927107
112.18549618320611
112.67565485362096
112.92348890589136
113.27413127413126
113.65608055770721
114.03712296983758
113.07532667179093
110.36801836266258
107.20845921450152
105.83912386706949
104.54525056095737
104.74266365688487
104.84754716981132
105.22046651617757
105.47940074906367
105.8580015026296
106.15817091454272
106.71525679758308
107.10454545454544
107.38872180451128
107.76475037821483
108.11177794448612
108.41559424678275
108.88293051359517
109.23640483383686
109.66566037735849
110.14848484848486
110.56699470098411
110.85
111.16869300911854
111.66793602437167
111.976353928299
112.38589840788475
112.6984006092917
113.03058103975536
113.70923076923077
112.69136745607334
107.7663410969196
103.18731343283582
99.54746136865342
100.14147431124348
100.26125461254613
100.51994091580502
101.08056171470805
101.48301329394387
101.91740412979351
102.30655858511423
102.6924778761062
103.1738484398217
103.35756676557864
103.86410635155096
104.26681448632668
104.5727002967359
105.27387120651369
105.58731343283583
106.08976261127597
106.36424332344214
106.8179104477612
107.21056547619048
107.49108469539377
107.8602554470323
108.29637841832964
108.84988797610157
109.17277486910996
109.54129129129129
109.82956259426848
110.23290758827949
110.43037974683544
106.84179543782193
102.43805309734513
99.07854545454546
99.44329896907217
99.70738844184345
100.13230994152048
100.38084795321637
100.8803792851933
101.25328467153284
101.63709090909092
101.91074020319303
102.557902403496
102.93028322440088
103.38763636363636
103.75508720930233
104.15300146412883
104.44274252370533
104.8998538011696
105.25898752751283
105.68636032093363
106.23194748358861
106.52546125461254
107.12527634487842
107.35735294117647
107.73746312684366
108.12748710390568
106.88136826783115
104.25422483468037
103.30707512764405
103.78825235678028
104.14619883040936
104.41215226939971
104.78216374269006
105.13186813186813
105.41800878477306
105.84693877551021
106.19293078055965
106.46881878209831
107.1518708730741
107.32913269088213
105.08449669360763
101.03418181818182
97.55306859205777
94.05350686912509
93.58878504672897
93.86066763425254
94.08730158730158
94.8111031002163
95.07976794778826
95.63904899135447
95.89820788530466
96.47224224945927
96.78822684852835
97.14790764790766
97.64476534296028
98.03749098774333
98.6686004350979
99.01232777374909
99.46613255644574
99.78675400291121
100.28193832599119
100.64748725418791
101.01246334310851
101.44566813509545
101.57511045655376
101.19363762102351
101.19363762102351
101.19363762102351
97.904953145917
96.11815561959654
93.88286852589641
91.97505502567866
91.10355029585799
91.7379718726869
92.04726735598227
92.6641957005189
92.99705232129698
93.48377581120944
93.8801775147929
94.33259094283594
94.75940959409594
95.11306901615272
95.7960235640648
96.18281938325991
96.75274323335772
97.01838235294117
97.57237813884785
98.95224099926524
103.00074019245004
104.76821192052981
105.3691623424759
106.20564216778025
106.53467561521254
107.16517857142857
106.10362694300518
103.18856718634001
102.46578366445917
102.88252569750367
103.1948339483395
103.50256786500367
104.23538119911177
104.56499261447563
105.03914327917282
105.32076866223207
105.65848214285714
107.21238938053096
108.3746290801187
108.717505634861
109.13507462686567
109.80642750373693
110.16728902165795
110.7338893100834
110.9480421686747
111.55893536121673
111.81306306306305
112.25283018867924
112.67479055597867
113.00757575757575
110.46038863976084
108.26284437825763
107.87125748502994
108.06940298507462
108.26209977661951
108.61002994011976
108.84447783621337
109.26398210290827
109.62650602409639
110.19150521609538
110.39625468164795
110.81989449886963
111.23220973782772
111.60803639120546
111.96764484574868
112.31179564237416
112.74924471299093
113.01133786848072
113.68161094224925
113.86580742987111
110.78817365269461
108.22566371681415
105.34660766961652
102.62946754194019
100.75832127351664
100.14150255288111
100.12818645302258
100.232
100.6914739884393
101.13062409288824
101.39244186046511
101.84309472161966
102.31154684095861
102.67389732465654
103.117903930131
103.64941690962098
104.12344777209643
104.42259721203229
104.97569955817379
105.37233259749816
105.64649446494465
106.10382916053018
106.40841949778434
106.93284132841328
107.39572586588062
107.90567428150331
108.25239146431198
108.54062038404726
109.04981412639405
109.3387573964497
109.7687125748503
110.19612229679345
110.56221889055473
111.11452095808383
111.55378787878789
111.80740181268882
112.26762699014405
112.60030511060259
112.92137404580153
113.35307692307693
113.70061255742726
113.70061255742726
108.21567164179105
107.10148148148147
107.23617339312406
107.44902548725636
107.83771600300526
108.18768768768768
108.46205860255446
108.87903831705485
109.12793338380015
109.78280542986425
109.90349544072949
110.4988575780655
110.70811220621684
110.98706240487063
111.58295281582953
111.76339969372128
112.09961685823754
112.6046332046332
113.05986185725249
113.46070038910506
113.7829457364341
114.142089093702
114.52558139534884
114.8712179984484
114.99765990639625
112.22001527883882
109.76835730507192
110.2128787878788
110.39833711262283
110.68106060606061
110.98715041572184
111.4090909090909
111.71222475322703
112.02800908402725
112.55648218347233
112.92429977289932
113.19604863221885
113.6968085106383
113.97040971168437
114.38948170731707
114.68461538461538
115.012947448591
114.57382039573821
111.39731142643764
109.87584143605086
110.01423220973783
110.33580980683507
110.7827067669173
110.94772218073189
111.25111441307578
111.7378277153558
111.90262172284645
112.39029850746269
112.95198799699925
113.13128282070517
113.67978803936413
113.98876404494382
114.28205128205128
114.71362940275651
115.0834597875569
115.34360554699538
115.79495026778883
116.15841584158416
116.7025171624714
114.70499243570347
112.31618195376585
110.25333333333333
110.16382505559673
109.31474688187821
108.4029304029304
108.39516129032259
108.8869179600887
109.13726937269374
109.4378698224852
109.72551928783383
110.09741697416973
110.45758928571428
110.90029761904762
111.22139673105498
111.44650817236256
112.04269662921348
112.39166046165302
112.76523702031602
113.0344827586207
113.48990276738968
113.79984894259819
114.09670164917542
114.61009174311926
114.89840788476118
115.48122605363984
115.77625570776256
116.06941266209
116.54761904761905
116.84656900539707
117.06095679012346
117.45720894371627
117.75038759689923
118.09806949806949
116.13133640552996
113.02177177177177
112.97372372372372
113.04812030075189
113.39820359281437
113.80841472577009
114.01878287002253
114.49848714069591
