96.8568281938326
97.18101545253863
97.37760702524699
97.54416575790621
97.51391862955032
97.56118143459915
97.63684210526316
97.84845250800427
98.15157894736842
98.39039665970773
98.69190871369295
98.73890608875129
98.8388429752066
98.90358974358975
99.09667673716012
99.38850346878097
99.51590457256461
99.53490658800393
99.77456647398844
99.80172413793103
99.98385565052232
100.24622641509434
100.33552631578948
100.36007462686567
100.57381615598885
100.66014897579143
100.92497712717292
101.24058769513314
101.28768382352942
101.48247232472325
101.56849953401678
101.87570093457944
102.06832871652816
102.24542124542126
102.41828254847645
102.57914338919926
102.69252601702934
102.8661567877629
102.89856459330144
102.99904942965779
103.10910815939279
103.19885823025689
103.35775451950524
103.41626794258373
103.3377990430622
103.3994140625
103.47711781888998
103.39844509232265
103.40766208251473
103.06457925636008
103.27445109780439
103.42899702085401
103.53206412825651
103.66666666666666
104.32890704800818
104.85796105383734
105.59777424483306
104.16819571865443
101.0
101.0
101.0
101.0
101.0
101.0
101.0
85.26005361930295
85.15813953488372
84.72878228782288
84.40712074303406
84.53295128939828
84.66164383561645
85.14814814814815
85.33079847908745
85.77944862155388
86.01007556675063
86.30314960629921
87.40098199672667
88.71957671957672
88.0
88.0
88.0
88.0
88.0
82.5
77.43717277486911
72.42649199417758
70.6258581235698
70.49555774925963
70.30054151624549
70.59850993377484
70.653376729048
70.84248788368336
71.26222935044106
71.5535143769968
71.88342585249802
72.33891547049441
72.7940226171244
73.39900662251655
75.0949948927477
76.33099579242636
76.33099579242636
76.33099579242636
76.33099579242636
76.33099579242636
76.33099579242636
76.33099579242636
80.60085836909872
79.71021377672209
78.64797507788163
75.3062015503876
75.1553748870822
75.41001697792869
75.37842323651452
75.54353132628152
75.95153473344104
76.46602717825739
76.78611332801277
77.0888
77.468
77.6765412329864
78.06941081517353
78.36741214057508
78.66025641025641
78.93669871794872
79.3419147224457
79.86858974358974
80.13592233009709
80.65076798706548
81.03330625507718
81.20307443365695
81.66048387096774
82.06112469437653
82.16585365853659
82.82980456026058
81.24022801302931
78.04291497975709
78.5814696485623
78.83739837398375
79.03739837398373
79.22385620915033
79.54729183508488
79.75526742301459
80.21628289473684
80.5742251223491
80.84464431725266
81.05930807248764
81.32154605263158
81.73628173628174
81.97353184449959
82.10835401157982
79.05897009966777
76.79519071310116
77.2712283594394
77.45334434351776
77.83943427620632
78.02745424292846
78.22435362802335
78.7112211221122
78.98751040799334
78.4482470784641
75.30581297388375
76.04789915966387
76.08622147083686
76.27655986509275
76.8078529657477
77.0329391891892
77.3063973063973
77.55183946488295
77.80666666666667
78.2015113350126
78.48796680497925
77.86450540315877
76.81338912133891
77.10867733782645
77.28271812080537
77.61120401337793
77.84795321637426
78.16750418760469
78.53565505804312
78.72568578553616
79.00583819849875
79.21321070234114
79.55304928989139
79.90878661087866
79.96577629382304
80.3327731092437
80.65525876460768
81.06577851790175
81.29243697478992
81.67307692307692
81.73934837092732
79.02840434419382
76.79733110925771
77.0725126475548
77.28896377422072
77.67669172932331
78.07269653423499
78.29426644182125
78.67338371116709
78.60470984020185
76.31879194630872
75.09576271186441
75.48733108108108
75.78348778433025
76.18925831202046
76.4771186440678
76.77422072451559
76.97113752122242
77.2713440405748
77.62225969645868
77.98650927487353
78.14551607445009
78.38220338983051
78.96286919831223
79.11580726965343
79.26382978723404
77.35720375106564
77.06473594548552
77.49830220713073
77.66299745977985
77.94477485131691
78.2603550295858
78.62022090059473
78.77834179357022
79.09060118543607
79.303647158609
79.65517241379311
79.90662139219015
80.16709075487701
80.34550084889644
80.76371308016877
81.10808510638297
81.32909245122985
81.6349873843566
82.06016949152543
82.35089209855565
82.61675126903553
82.97457627118644
83.15762711864407
83.52502120441052
84.01018675721562
84.26164267569857
83.1337849280271
81.16027280477408
80.8054375531011
81.15780445969125
81.32332761578044
81.69915254237289
81.86456558773425
82.30034423407918
82.20775862068966
79.63831615120274
78.84146341463415
79.34025974025974
79.55996548748921
79.80241587575496
80.16159860990443
80.27777777777777
80.84059233449477
81.15317667536989
81.31533101045297
81.47519582245431
81.82586206896552
82.1413612565445
82.3047619047619
82.48093587521664
82.93408499566348
83.19167389418907
83.42721791559
82.09344978165939
80.77661431064573
81.31653404067197
81.4221238938053
81.80332167832168
82.03668122270743
82.40495137046861
82.59557522123893
83.0273851590106
83.19735682819383
83.48352626892253
83.74242424242425
84.08944543828265
84.39426523297492
83.16651825467498
81.4743935309973
81.991899189919
82.24704813805631
82.44625112917795
82.74439461883408
83.04869251577998
83.26576576576576
83.54306436990028
83.93194192377496
84.27833182230282
83.33577981651376
81.53104726598703
81.47966728280961
81.77150786308974
82.05277777777778
82.22263109475621
82.54046511627907
82.68333333333334
83.1048237476809
81.58450046685341
79.84622641509434
79.89181561618062
80.38483412322275
80.41069723018147
80.67942583732058
80.81106870229007
81.1534795042898
81.64204545454545
81.87010506208215
82.08064516129032
82.34633682207422
82.67557251908397
82.88309178743961
83.16038647342995
83.37692307692308
83.7039537126326
84.12875121006776
84.38712776176753
84.6410009624639
84.89631782945736
85.16520894071914
85.51254826254826
85.83171206225681
86.08527131782945
86.18792599805258
86.92544731610337
87.02279484638255
87.30257936507937
87.86633165829146
88.04933196300102
88.70425531914894
90.26417704011065
92.61290322580645
92.61290322580645
92.61290322580645
92.61290322580645
92.61290322580645
92.61290322580645
92.61290322580645
90.55172413793103
88.3625
86.61596009975062
86.0493358633776
85.8452380952381
85.87223974763407
86.08448540706605
86.33933933933933
86.67261904761905
86.63065693430657
87.28287461773701
87.76740506329114
88.19967532467533
88.30794165316046
88.86057692307692
89.02750809061489
89.44680851063829
89.49508196721311
89.87175324675324
90.40365448504983
90.47222222222223
90.63535031847134
90.4237012987013
87.02060221870047
86.81774960380349
87.05392912172573
87.45688350983359
87.79790419161677
87.8455772113943
88.12992700729927
88.48050139275766
88.6097902097902
88.82541899441341
88.97933884297521
89.34450402144772
89.45576407506702
89.70993377483444
89.69422572178478
90.14652956298201
90.55526315789474
90.7154046997389
90.84093872229465
88.6235446313066
86.39280958721704
85.43466666666667
85.99868073878628
86.18790218790218
85.04545454545455
84.0
84.09566326530613
84.29
84.40382317801672
84.51943462897526
84.52423900789177
84.56492785793563
84.56176154672396
84.8041884816754
85.02453987730061
85.22983870967742
85.2870090634441
85.35075376884421
85.70049261083744
85.82907662082515
85.90354330708661
86.1692759295499
86.49368318756073
86.8426640926641
87.02125603864734
87.23684210526316
87.48648648648648
87.79038461538461
87.27745098039216
84.97029702970298
83.637
83.69809428284854
83.74974974974975
82.46092184368737
81.58823529411765
81.77620967741936
80.71756487025948
78.48321464903357
75.9
73.62262156448203
70.54148936170213
68.08624454148472
65.38195991091314
64.92477876106194
65.13225806451612
65.24921793534932
65.51863354037268
65.96923076923076
66.1499493414387
66.82079207920792
67.12487611496532
67.26560951437067
67.86305418719212
68.01083743842365
68.34213098729228
68.93159922928709
69.17264791464598
69.6689124157844
70.31533269045323
70.65802113352545
71.09596928982725
71.4687199230029
71.9126679462572
72.22692307692307
72.18277511961722
69.93774319066148
68.26516634050881
68.53846153846153
68.92151162790698
69.05825242718447
69.63969171483622
69.9631067961165
70.26937984496124
70.31655372700871
69.0204081632653
67.37377690802349
66.11666666666666
66.69425511197663
66.78620019436346
67.16356513222331
67.51351351351352
66.47517039922103
64.93852065321806
63.86634615384615
64.22705314009661
62.68330134357005
61.24371373307544
61.57375478927203
61.90190476190476
62.10414657666345
62.534839924670436
61.4320987654321
60.211832061068705
60.211832061068705
60.721172022684314
61.01979264844486
61.569962686567166
61.7572633552015
62.25818521983162
62.67161410018552
63.15456238361266
64.6248821866164
66.3811320754717
66.8367924528302
67.260663507109
67.76105362182503
68.14967259120674
68.74166666666666
69.02232558139535
71.30947955390334
72.82102272727273
73.35653809971778
73.83458646616542
74.20618556701031
74.36763330215155
74.94833948339483
75.09519408502773
75.5595567867036
75.93692870201097
76.3011937557392
78.0909090909091
78.19591457753017
78.62928637627432
79.00924214417745
79.33271889400922
79.63308687615528
80.09926470588235
80.29595588235294
80.57541899441341
81.11254612546125
81.32186046511627
81.6155285313377
82.02521008403362
82.33053221288516
82.65799256505576
83.02351834430856
83.41587901701324
83.64661654135338
84.09551098376313
84.48759541984732
84.73775216138328
85.06086956521739
85.33685220729366
85.74710424710425
85.88252427184466
86.43024390243903
86.77087378640776
87.14737883283877
87.4621435594887
87.75665024630541
88.02453385672227
86.86601941747573
85.80742913000978
85.80742913000978
86.13463414634147
86.41135458167331
86.83218163869694
87.07326732673268
87.17874875868918
87.40281973816717
85.65807730426164
83.14494163424125
81.77140077821012
82.07662463627545
82.31629701060753
82.7653359298929
82.9591439688716
83.14617618586641
83.59082217973231
83.62237093690248
84.02459791863765
84.32788461538462
84.64543726235742
84.74
85.18893129770993
85.49526515151516
85.76060320452403
85.95829383886256
86.33238095238096
86.56787762906309
86.92140151515152
87.1047619047619
87.65998089780325
87.98379408960915
88.31232091690545
88.43076923076923
88.86216730038022
89.22439024390243
89.46339113680155
89.87321258341278
90.28237585199611
88.9012464046021
85.36079545454545
85.1907894736842
85.72960151802657
85.85146641438033
86.17887725975261
86.07149576669802
82.4196843082637
78.43698252069917
72.56549232158989
71.26339285714286
71.2871198568873
67.74178832116789
64.34208059981256
63.069252077562325
63.51759259259259
63.67001828153565
64.19012797074954
64.55
65.11870503597122
65.57027752909579
65.93380406001765
66.3739982190561
66.80994671403197
67.236958443855
67.60479573712256
67.95326278659611
68.59517426273459
68.96211453744493
69.44385499557913
69.70936395759718
70.12653778558875
70.56826241134752
70.96409807355516
71.33187006145742
71.6863436123348
72.27816901408451
72.54946996466431
72.93700787401575
73.31315789473685
73.72927689594356
74.04378283712785
74.50928381962865
74.89270008795074
75.1334503950834
75.73226950354609
76.06596306068602
76.43033509700176
76.90388007054673
77.11287477954144
77.51456310679612
77.99649430324277
78.34240561896401
78.58933333333333
79.16637168141592
79.50844444444445
80.04140969162995
80.31101321585903
80.68077601410934
81.10827464788733
81.36563876651982
81.82460732984293
82.3438874230431
82.72934973637962
83.11883802816901
83.44143356643356
83.91748003549246
84.0919540229885
82.5326855123675
81.32
82.1786643538595
82.44173913043478
82.72062663185379
83.07478260869566
83.36553524804178
83.73339160839161
84.09391304347827
84.24500434404865
84.59755030621173
84.96354166666667
85.37423846823324
85.7640350877193
86.11091703056769
86.34180543382998
86.7455985915493
87.06255430060817
87.46929824561404
87.77288732394366
88.2631118881119
88.62588652482269
88.99561403508773
89.50923482849605
89.74110320284697
89.97872340425532
90.53710247349824
90.75132743362832
91.02557319223986
91.46891651865009
91.87846291331546
92.35957066189624
92.61414503133393
92.79821428571428
93.37163375224416
93.5696316262354
93.83737646001796
93.01966041108132
90.49822380106572
90.88146167557932
91.15316901408451
91.44256455921638
91.68477292965271
91.87544483985765
92.23362831858407
92.48389982110912
92.73066666666666
92.91756272401433
93.40070921985816
93.61853832442068
93.81616341030195
94.29052258635961
94.59964412811388
93.86910062333037
89.5938053097345
86.9694055944056
87.52
83.66094420600858
81.15252784918594
81.54173764906304
81.69642857142857
81.8167808219178
82.1378122308355
82.43418803418804
82.69505962521295
83.18111587982833
83.39453458582408
83.85159620362381
84.13819742489271
84.34595524956971
84.82108902333621
85.08054841473864
85.26718213058419
85.7188859878155
86.10329861111111
86.34729493891797
86.86183074265976
87.1411149825784
87.44386422976501
87.85317115551695
88.19667832167832
88.49082969432314
88.90488656195463
89.3721541155867
89.71201413427562
90.13945278022948
90.57395925597874
90.79359430604983
91.21750663129974
91.5377107364685
91.79069767441861
92.05080213903743
92.67317939609237
92.83527305282006
90.91539153915392
86.29454545454546
81.49907749077491
76.9245283018868
72.79802955665025
68.45130890052356
66.05466237942122
66.72803347280335
67.04697286012527
67.58871794871794
67.92682926829268
68.34239677744209
68.85302879841112
69.2944111776447
69.72277227722772
70.18737672583826
70.86170212765957
71.22793404461687
71.63112391930835
72.01715919923737
72.3860153256705
72.84520417853751
73.33748801534037
73.66319772942289
73.97554092191909
74.78080903104421
74.99347623485555
75.3376987839102
75.87198515769944
76.20481927710843
76.44066237350506
76.8291782086796
77.26611418047882
77.56608933454876
78.10835629017447
78.37454212454213
78.89396709323583
79.23415977961433
79.46350364963503
80.04857928505957
80.27767695099818
80.7511353315168
81.24726277372262
81.77140255009107
82.20348304307974
82.43744292237443
82.91605839416059
83.27853881278538
83.47382920110194
84.02100456621005
84.23251589464124
84.87707948243992
85.3501838235294
85.56958525345622
86.14903403863845
86.31066176470588
86.71840148698885
87.1
87.453007518797
87.78531073446328
85.55846585594013
85.97938144329896
86.35185185185185
86.44175209692452
86.75920679886686
87.24321796071095
87.39114043355325
87.69548872180451
87.94039735099338
88.42735042735043
88.7744075829384
88.98861480075901
89.37654909437559
89.82608695652173
90.12582159624414
90.5774647887324
90.9162702188392
91.21883920076118
91.97426120114395
92.17411988582303
92.61293436293437
93.0180608365019
93.32598274209012
93.56092843326886
93.9193857965451
94.29138431752177
94.54271844660194
92.6
90.01828681424446
90.01828681424446
90.57619047619048
90.81255946717413
90.98476190476191
91.27543186180422
91.52495201535508
91.83349191246432
92.10135135135135
92.18768046198268
92.63416988416988
91.2627037392138
88.0922190201729
85.3047711781889
84.45028680688337
84.86763285024155
85.06972301814709
85.55162523900573
85.83062200956938
86.02581261950287
86.43225190839695
86.75547098001903
86.941960038059
87.34499054820417
87.76660341555977
88.01127819548873
88.39793038570085
88.6372269705603
88.8785578747628
89.1573986804901
88.1578449905482
85.07163323782235
83.51335877862596
83.9463601532567
84.34811320754717
84.53954802259886
84.97641509433963
85.19002822201317
85.32276119402985
82.27845719661336
78.6003861003861
76.4898157129001
76.13666987487969
76.48115942028986
76.79440154440154
77.02859866539562
77.37044145873321
77.57884796978281
78.04075829383886
78.36915887850468
78.86145146088596
79.27120223671947
79.65642458100558
80.0753488372093
80.37302325581395
80.69280442804428
81.04335793357933
81.36029411764706
81.7781851512374
82.18807339449542
82.42071494042163
82.05957836846929
80.0932594644506
79.15235457063712
79.47037037037038
79.94332723948811
80.13364055299539
80.47112740604949
80.84191508581752
81.11545454545454
81.5091743119266
81.88021778584393
82.20670897552131
82.53952205882354
82.82380073800738
83.02941176470588
83.45622119815668
83.40389972144847
82.46591970121382
82.55731593662628
82.9161230195713
83.23627906976745
83.49021435228332
83.77413308341143
84.20186915887851
84.72952380952381
86.35505193578848
86.78199052132702
87.2825880114177
87.6698382492864
87.87772511848341
88.2834274952919
88.72368421052632
90.00095238095238
90.61465271170314
90.91850431447747
91.47433460076046
91.90458015267176
92.18950437317784
92.42115572967678
92.92061955469507
93.0709426627794
93.26146341463415
93.47116324535679
93.48289345063539
93.26692836113837
91.88194444444444
89.95971802618328
87.551269035533
84.89164086687306
82.32915360501568
80.42022940563086
78.41350210970464
76.22952586206897
75.89114194236926
76.07872340425531
76.2373949579832
76.57818930041152
77.11873080859775
77.29364278506559
77.75580221997981
77.93538767395626
78.27644710578842
78.63336663336663
78.95665024630541
79.36633663366337
79.61900097943193
79.87426326129666
80.37450592885375
80.61061946902655
80.91585127201566
81.328078817734
81.6904296875
82.2524557956778
82.4692082111437
82.67618110236221
83.18199608610567
83.37853658536585
83.82544378698225
84.25024342745861
84.51808406647116
85.0764705882353
85.32553606237816
85.85163204747775
86.12252964426878
86.43336623889438
86.855
86.81836327345309
82.53483807654564
78.31150793650794
78.35381565906839
78.74384236453201
79.24461839530332
79.45196078431373
79.92864030858244
80.31359223300971
80.60567514677103
81.08373904576436
81.39437984496124
81.93713733075435
82.32879377431907
82.568359375
82.90545808966861
83.34499514091351
83.60721247563353
84.15701668302258
84.39882697947215
85.130859375
85.37073170731708
85.65557729941291
86.11758893280633
86.49559255631733
86.78359683794466
87.32437810945274
87.61744301288404
88.02395209580838
88.51153460381144
87.7589641434263
82.853
79.49851632047478
80.2258064516129
80.54707631318136
80.87611496531218
81.35241855873643
81.67326732673267
82.43849206349206
82.76663356504469
83.16666666666667
83.74180734856007
84.02085402184707
84.44721115537848
84.80876494023904
85.33869346733668
85.60921843687375
86.23356926188069
86.6076845298281
86.8502024291498
87.50050968399593
87.89766970618034
88.33849329205367
88.79187817258884
89.05380710659898
89.37021716649431
90.07962771458118
90.28451882845188
90.85817805383023
91.12565445026178
91.64180672268908
92.07797681770285
92.52155625657203
92.77473684210527
93.36892177589851
93.73752711496746
94.42207792207792
94.63340563991324
95.15857605177993
95.44336569579288
95.64470842332614
92.51637554585153
88.38973799126637
88.38520130576714
89.0912017167382
89.1334044823906
89.5124593716143
89.91639871382637
90.18622174381055
90.52858683926645
90.7881081081081
91.14147909967846
91.51505376344086
92.07257203842049
92.54574811625403
92.72210300429184
93.13276231263383
93.54614549402822
93.76756756756757
94.41042345276873
94.70883315158125
95.20044052863436
95.68927789934355
95.9251101321586
96.07955801104973
96.47587719298247
96.81917211328977
97.12390350877193
97.39234972677596
97.8513215859031
98.30989010989012
98.61751662971176
98.99556541019956
99.25416204217535
99.67408231368188
99.86157253599114
97.0728476821192
93.20601336302896
91.79276315789474
92.5069967707212
92.57389428263215
92.77204301075268
93.04472843450479
93.52569593147751
93.68046709129511
93.84232804232805
94.23297872340426
94.60691823899371
95.0168776371308
95.28436516264428
95.55625657202944
95.92088607594937
96.08746048472076
96.47658688865765
96.71991701244814
96.89821615949633
97.05379746835443
97.81171548117155
97.94409282700423
98.19290928050052
98.4504692387904
98.88192267502612
98.99372384937239
99.26173096976017
99.69166666666666
97.85324947589098
93.59533898305085
93.72727272727273
94.09518828451883
94.14211076280041
90.80842105263157
86.88110403397027
84.29094827586206
84.80189673340358
84.97810218978103
85.34303534303534
85.53703703703704
85.78439425051334
86.04065040650407
86.24338085539715
86.59514170040485
86.8234704112337
87.28413654618474
87.68190854870775
88.13039117352056
88.42110453648915
88.78733926805144
89.06847935548842
89.46567164179105
89.69521912350598
90.04128902316214
90.3913913913914
91.05616850551655
91.32290615539858
91.68975903614458
92.08835341365462
92.2947052947053
92.3
89.09519038076152
86.5080971659919
87.0929292929293
87.51686507936508
87.87722772277228
88.21787148594377
88.46322067594433
88.64894684052156
89.10942249240122
89.35146022155085
89.74823766364553
90.1214859437751
90.67237903225806
91.08545269582909
91.3414882772681
91.65274949083503
92.03680981595092
92.35575942915392
92.63377416073246
92.91446028513238
93.34764826175869
93.80785123966942
94.18537590113286
94.41683991683992
94.87932843651626
95.08759124087591
94.20337197049525
91.52128764278297
91.52128764278297
92.00104384133611
92.31822863027806
92.47658688865765
92.78705636743216
93.15553235908142
93.37421383647799
93.65089379600421
93.98422712933754
94.29350104821803
94.49217935349323
94.97473684210526
95.17248677248678
95.5125786163522
95.88335100742312
96.20488322717623
96.4204425711275
96.9322033898305
96.4427966101695
93.73157894736842
93.6282722513089
93.79746835443038
94.01162790697674
94.40166493236212
94.59937565036421
94.79205851619645
95.11193241816262
94.22327044025157
92.42662473794549
93.01036269430051
93.32020725388601
93.47668393782384
93.59293873312565
93.91299790356395
94.2901878914405
94.6
94.80437044745057
95.45359749739312
95.66073298429319
95.80231335436383
96.18776371308016
94.10559662090813
90.76093916755603
90.48261327713382
90.96198521647307
91.10167714884696
91.57582184517497
91.9492600422833
92.19706498951781
92.39537329127235
92.71548117154812
91.92339979013641
88.95656779661017
88.9336143308746
89.32165605095541
89.83438155136268
89.97791798107255
90.34595162986331
90.72584033613445
91.03322949117342
91.24973985431842
91.67587672688629
91.97905759162303
92.27817993795243
92.98645833333333
93.19378238341969
93.55602094240838
93.87486855941114
94.32879581151832
94.49632738719832
94.75763962065332
95.28375527426161
95.46772486772487
95.94770544290289
96.41251325556735
96.55801687763713
96.81587301587302
97.21489361702127
97.54690831556503
97.72068230277185
98.14378378378379
98.40430107526882
99.00965665236052
99.21935483870968
99.5058949624866
99.23422459893048
96.53182308522113
96.29761904761905
96.65631691648822
96.83867521367522
97.0085744908896
97.43318965517241
97.7727759914255
98.07792207792207
98.22657952069716
98.53713670613563
98.63577586206897
99.15384615384616
99.39539978094194
99.6444929116685
100.24398249452955
100.33333333333334
100.47026431718061
97.91749174917491
96.74260679079956
97.04290429042905
97.23819978046103
97.62926292629263
98.05524861878453
98.29803493449782
98.62350380848748
99.00657894736841
99.25138427464009
99.50275633958103
99.83570646221249
100.14855875831486
100.3816371681416
100.81970884658455
101.12486064659979
101.3768115942029
101.58810325476992
101.98198198198199
102.32423208191126
102.60550458715596
102.90625
103.37227949599084
103.90950744558992
104.04827586206896
104.32525951557093
104.77867902665122
104.91772885283893
105.24941724941725
105.48654970760234
105.87309048178614
106.17196702002356
106.71260306242638
106.96937573616019
107.2258064516129
107.45
107.75976331360947
108.11520190023754
108.35918854415274
108.62409638554217
109.14801444043322
109.30609756097562
109.5203955500618
110.20981595092024
110.31304347826088
110.72243346007605
110.98232323232324
107.08229426433915
101.88557213930349
98.87408312958435
99.78857837181044
99.8858173076923
100.53643966547193
100.75358851674642
100.96912114014252
101.28571428571428
101.65180722891566
101.90689238210399
102.17439024390244
102.8109756097561
103.00122399020808
103.37623762376238
103.83906633906633
103.95533498759306
104.33538840937115
104.63659147869674
104.97872340425532
105.24307304785894
105.6506329113924
105.96105527638191
106.25386597938144
106.71096774193549
106.88426527958387
106.91558441558442
104.64955070603338
101.90012642225031
101.74120603015075
102.00125
102.09273182957394
102.19924337957124
102.64831038798498
102.79393173198483
102.95
103.3388746803069
103.50965250965251
104.00763358778626
101.46396965865992
98.81375
98.3142144638404
98.727385377943
98.80524344569288
99.0545905707196
99.33499377334994
99.71019900497512
100.16141235813367
100.78002528445006
101.66666666666666
101.85300668151447
102.01807228915663
102.01807228915663
102.01807228915663
99.0
98.98969072164948
95.6863354037267
94.60240963855422
94.17791411042944
93.88747731397459
93.87266553480475
94.13679245283019
94.01679389312977
94.25493171471928
94.30151515151515
94.85777126099707
95.0961262553802
95.10344827586206
95.68207282913166
95.91285714285715
96.21782178217822
96.4045584045584
96.77387640449439
96.90550070521863
97.4167852062589
97.75748930099857
98.16022889842633
98.31798561151079
98.75757575757575
99.07246376811594
99.43382352941177
99.7818448023426
100.20627802690584
100.76399394856278
100.88989441930619
101.25846153846155
101.59756097560975
101.82758620689656
102.38425196850395
102.67133956386293
102.90220820189275
103.29458598726114
103.72626582278481
103.99841772151899
104.18108974358975
104.50239234449761
105.0512
105.30831973898859
105.52903225806452
105.7843137254902
106.19218241042346
106.21533442088091
106.65609348914859
107.0
106.46666666666667
104.7536945812808
102.75238095238095
101.01244167962675
100.90595611285266
101.42465753424658
101.58307692307693
101.88664596273293
100.41731066460588
98.08503937007873
96.68567026194145
97.32561728395062
97.29538461538462
97.528125
98.25837320574163
98.80350877192983
100.0062893081761
100.0062893081761
100.0062893081761
100.0062893081761
100.0062893081761
100.0062893081761
100.0062893081761
100.0062893081761
100.0062893081761
100.0062893081761
100.0062893081761
100.0062893081761
100.0062893081761
100.0062893081761
100.0062893081761
100.0062893081761
100.0062893081761
100.0062893081761
100.0062893081761
100.0062893081761
100.0062893081761
100.0062893081761
100.0062893081761
100.0062893081761
100.0062893081761
100.0062893081761
100.0062893081761
100.0062893081761
100.0062893081761
100.0062893081761
100.0062893081761
100.0062893081761
100.0062893081761
100.0062893081761
100.0062893081761
100.0062893081761
100.0062893081761
100.0062893081761
100.0062893081761
100.0062893081761
100.0062893081761
100.0062893081761
100.0062893081761
107.55813953488372
105.86173633440515
104.63058823529411
104.47398843930637
104.27815699658703
103.89984101748809
104.35976505139502
104.36775106082037
104.54570637119113
104.63561643835617
104.69786096256684
104.75629139072848
104.75194805194806
104.8819095477387
104.96296296296296
105.18004866180048
105.29674306393244
