101.52927536231884
101.92944606413994
102.19181286549707
102.43488372093023
102.7906432748538
103.11531741409435
103.37856726849157
103.83895348837208
104.03538283062645
104.41497388276262
104.71029668411867
105.01044083526682
105.17102966841188
105.81624423963135
106.18228279386713
106.31246442800227
106.3970251716247
101.99304750869061
97.80528981429376
98.1665731912507
98.52634529147983
98.7723623853211
99.2279792746114
99.5581797235023
99.83449074074073
100.24913693901036
100.68213457076567
100.993567251462
101.28803716608596
101.57549361207899
101.87580550673697
102.21688159437281
102.6013986013986
102.95137668424135
103.2332361516035
103.8060141509434
104.00940070505288
104.16372202591285
104.74121779859485
104.90726520968695
105.23027090694936
105.94073647871116
106.02900232018561
106.34014002333723
106.92494226327945
106.98600583090379
107.36989498249707
107.5846422338569
107.76815804764672
108.21570926143025
108.4049295774648
108.72902097902099
108.83323546682325
109.46650998824913
109.71697005284791
109.87005316007088
110.32590855803048
110.53878034339846
110.47638724911452
105.31158142269254
103.75128351397603
103.99308357348704
104.42023121387282
104.8652198743575
105.25225733634312
105.48579545454545
105.51310425160163
106.11954674220962
106.27793533749292
106.57948717948719
106.68066743383199
106.90484429065744
107.23611111111111
107.5587044534413
107.67576990122022
107.8134110787172
108.32004689331771
108.5061295971979
108.78713450292398
108.9135294117647
109.4250295159386
109.6121965660154
109.95597858417608
110.13217703349282
110.48358208955224
110.84803337306317
111.13285457809695
111.16444981862152
110.63195691202873
104.44300954519932
102.6804469273743
103.20753655793027
103.27831531018782
103.5854628052243
104.1307042253521
104.38133181559476
104.51972555746141
105.14857142857143
105.53243090806544
105.95110858442297
106.24266365688487
106.5541690300624
106.80963172804533
107.0204081632653
107.19145299145299
107.58044343376919
108.03247863247864
108.2147344374643
108.52543352601157
108.79398148148148
109.0317735413056
109.2953488372093
109.5329830706363
109.66921269095182
109.83969465648855
110.10096735187425
110.17090909090909
110.8833922261484
111.0743162901308
111.15246098439376
111.18337408312959
111.814463544754
112.08756038647343
112.53492647058823
108.54458598726114
106.69713589274832
105.24370240187463
105.25704427832088
105.59425287356322
105.84561810795125
106.44413092550789
106.36389850057671
107.02203389830508
107.58826815642459
107.7171201814059
108.07826576576576
108.10154905335628
108.69562748438386
109.03861442362293
109.19384264538198
109.63044708545557
109.91235059760956
110.0115074798619
110.46712802768167
110.65297860034701
110.81665702718334
110.84051978735971
111.14148681055156
111.635663507109
111.7673590504451
111.92284688995215
112.32164449818622
112.51944943147817
112.70730235365119
113.03560651780326
113.43223880597014
113.6305125148987
113.6305125148987
108.763723150358
104.70618264322178
105.06613454960092
105.28849456210648
105.87393526405452
106.2790039615167
106.23210161662817
106.4820809248555
106.828125
107.05336426914153
107.4575389948007
107.93689596361568
108.1641876430206
108.32107983917288
108.79100227790433
108.99312714776633
109.34015927189989
109.34119677790564
109.80137378362909
110.12485615650172
110.39616055846423
110.65726043503821
110.8417945690673
111.09432835820895
111.18776499091459
111.2940108892922
111.78562945368171
111.97252090800478
112.38315539739028
112.49582338902148
112.67469135802469
112.79950495049505
112.960024600246
113.05188387893762
113.16604938271604
111.46235294117648
108.07217090069284
108.46140845070423
108.41111754487551
108.71122685185185
109.12157534246575
109.39196832579185
109.64124293785311
109.93097547062179
109.93721461187215
110.04672364672365
110.23993193420307
110.25255391600453
109.59657142857142
104.41203438395416
100.93922341024198
100.96317280453258
101.3496862521392
101.6545768566494
102.13884107860011
102.7522988505747
103.33679354094579
103.65777262180976
104.24321201617562
104.45028901734105
104.84335260115607
105.16656993615786
105.26172553561088
105.39453805926786
105.78323699421966
105.8864426419467
106.1402192729371
106.39397450753187
106.61610268378064
107.03656413232733
107.33967704728951
107.63228438228438
107.92090069284065
108.24782356355195
108.5458768873403
108.72447795823666
108.79813845258872
109.03434225844005
109.08874709976797
109.19488074461896
109.13747099767981
103.06482525366403
102.69643866591295
102.79314221472737
103.21102982554868
103.54906409529212
103.97102272727273
104.42075578116187
104.72054638588503
105.25128205128206
105.74985656913367
105.99942954934397
106.26480637813212
106.66628766344513
106.87931034482759
107.04123711340206
107.21064682312536
107.47187141216992
107.59437751004016
108.00341491178145
107.77504393673111
107.69579081632654
104.72571050892267
100.98227383863082
99.26825028968713
98.79833333333333
98.99779249448125
99.3179598480738
99.29234209055338
99.38960313024036
99.36610169491524
99.4625352112676
99.66197183098592
100.15617977528089
100.33201133144476
100.58281161070005
101.12061155152888
101.5260148656375
101.81171067738232
102.34445083381254
102.54409221902017
103.04362801377727
103.47441058079356
103.8860759493671
104.23298731257208
104.46547756041427
105.17569124423963
105.35768115942028
104.93662790697675
98.54132712456345
96.02039660056657
96.48801369863014
96.78453666856169
97.15587392550142
97.52776187750429
98.01014656144307
98.36409395973155
98.63033707865168
98.73096737263882
98.83667621776505
99.36836158192091
99.41590389016018
99.8976823063878
100.40112359550562
100.65949008498583
101.01912260967379
101.3986409966025
101.58873239436619
101.95732734418866
102.21818181818182
102.50256702795208
102.82589033352176
103.56492411467116
103.83719615602035
104.07317073170731
104.31193181818182
104.50886220697541
104.75988538681949
105.03561171740378
105.12085996513655
101.18732314657612
96.49220489977728
96.7549889135255
96.97833333333332
97.13262451035254
97.496115427303
97.64682981090101
97.8615127919911
98.11457174638488
98.27988826815643
98.68370786516854
98.93861607142857
99.2206625491297
99.66517607602012
99.82779966235228
100.17408231368188
100.49212598425197
100.64079320113314
100.94318181818181
99.06587837837839
96.07769703745109
95.42744656917885
95.80760626398211
96.03923766816143
96.30422691879866
96.5946990612921
96.92097941012798
97.16675962074734
97.5890563930765
97.89915966386555
98.15187046342825
98.48536036036036
98.7914317925592
99.28364042434394
99.5175683212493
99.70891755468313
99.9434806939004
100.57094594594594
100.74151583710407
100.96188340807174
101.29448550312678
101.51023890784984
101.6422902494331
101.93193420306295
102.30782410051398
102.6565366972477
99.16647597254004
96.19289340101523
96.5191011235955
96.93975225225225
97.38623751387348
97.68984856982613
98.02686066032456
98.27323943661972
98.73766816143498
99.28233970753655
99.62076749435666
100.11532033426184
100.50195858981533
100.82686902754357
101.43827859569649
101.54923547400611
100.94886731391585
96.2548330404218
95.18838127467569
95.39844184752366
95.70455793520044
95.99176728869374
96.48966267682263
96.52753303964758
96.56881243063263
97.06792873051225
97.535654126895
97.80460415496913
98.10240626748741
98.42205965109736
98.62182023742227
98.90368271954674
99.32281690140846
99.69707207207207
100.08850056369786
100.71641791044776
101.40147225368064
101.69061085972851
101.85536018150879
102.20195065978199
101.04206935758954
95.74971815107102
95.29483620210993
95.33389355742297
95.5940366972477
95.99035734543392
96.31873198847262
96.92009132420091
97.43125
97.71598639455783
98.06875
98.38757906843014
98.69540229885058
99.03218256290228
99.30434782608695
100.10989643268124
100.3275462962963
100.48132780082987
101.0381861575179
101.32856290995826
101.89591957421644
102.01542111506524
102.54439252336448
102.88359788359789
103.03812316715542
101.82435597189695
95.97440372309482
94.0327868852459
94.34350282485876
94.80238500851789
95.14188422247446
95.69471290505969
95.96479273140261
96.33030130756111
96.89106145251397
97.15160022459293
97.50482680295286
97.68887634105025
98.0427927927928
98.35913488901537
98.90446579988694
99.42398648648648
99.69801699716714
100.26250702641934
100.57118834080717
100.85989790130459
101.41473087818696
101.7271702367531
102.06081468732071
102.4733829421866
102.87305251009809
103.24512055109071
103.644
104.01497695852535
101.67784090909092
97.1211111111111
97.30117122141661
97.73009599096557
98.0600566572238
98.55031267765776
98.77397260273972
99.31792559188276
99.58177702320316
99.80679886685553
100.18562535370685
100.5952380952381
101.12699316628701
101.43207762557077
101.68469505178365
99.56827195467423
96.15904017857143
96.00733220530175
96.34811903425043
96.64128595600677
97.00393479482855
97.54077010192526
97.76914350538854
98.43421795595708
98.68799546998868
98.92556818181818
99.35710211066743
99.63641552511416
99.83476272155517
100.28505747126437
100.85632183908046
101.17098445595855
101.61525229357798
101.87405687753918
102.32274826789839
102.62507221259388
102.92728330424666
103.28137769994163
103.69455822118198
98.52057971014493
97.76655251141553
97.969265793967
98.2921669525443
98.65329512893983
98.9873708381171
99.44703872437358
99.86355884025014
100.22993119266056
100.77023945267959
101.07200460829493
101.48045977011495
101.794134560092
102.24325874928284
102.5221902017291
102.97106481481481
103.21849710982659
103.5988603988604
102.95096921322691
100.25687044307347
100.53222836095765
100.20975609756098
99.2299771167048
99.04430734716769
99.24066852367687
99.65077605321508
100.03861003861005
100.46268656716418
100.78349944629014
100.98825503355704
101.42114093959731
101.71758737316799
102.01977401129943
102.33371040723982
102.71751412429379
103.16523727844483
103.48913043478261
103.88582903040734
104.26788780767029
104.23107569721115
99.80904522613065
98.93207126948775
99.16526138279932
99.69031531531532
100.1463963963964
100.44150731158605
100.73705179282868
101.15541690300624
101.6708004509583
101.81916099773242
102.24801362088536
102.5266439909297
102.8438576349024
103.24914089347078
103.65848086807539
103.97080709788209
104.1366245694604
104.47173043974871
104.83687535898909
105.15801614763552
105.54113557358053
106.01156737998843
106.70717919728659
101.04140669313671
96.44357541899441
96.74874090654728
97.02895322939867
97.43609865470853
97.69516310461192
98.18989450305386
98.42238470191226
99.11982082866741
99.38882618510158
99.69139297848244
100.22315907813379
100.53333333333333
100.75226244343892
101.26133786848072
101.50682593856655
101.78929384965832
102.42971428571428
102.72623790552078
102.91681009753299
103.46118980169972
103.64746149458071
104.0
104.41357672561324
104.83505154639175
105.06336405529953
105.80293619424054
106.40256839754326
106.71986607142857
107.05351170568562
102.94570135746606
98.79833333333333
99.08347245409016
99.63646470261256
99.89285714285714
100.24831460674157
100.47963800904978
100.94035674470457
101.35005636978579
101.6169971671388
101.94422535211268
102.43064876957494
102.66178953292065
103.17640385706183
99.95238095238095
98.59284116331096
98.76201117318436
99.01612903225806
99.34157303370787
99.68447412353923
99.8936170212766
100.33765501691093
100.83907396950875
101.27360090446581
101.5231296402056
101.67050691244239
102.04794916233391
102.31923522595596
102.56918604651162
102.94240837696336
103.29456018518519
103.87363584147042
104.06423611111111
104.39193083573487
104.75868055555556
105.39671760045275
105.63461538461539
106.23632261703327
106.39943502824859
106.7901023890785
106.92661619103086
107.47187141216992
108.02744425385936
108.15588914549653
108.85258964143426
107.48381502890173
100.78826237054085
98.30730050933786
98.60422615648201
99.39016018306637
99.59210526315789
99.88171428571428
100.43361823361823
100.73910550458716
101.0306712962963
101.38202898550725
101.92432120161756
102.23090277777777
102.84939411425273
102.98600583090379
103.27091866588648
103.8053613053613
104.05851375073142
104.21403301886792
104.70705882352942
104.98479532163742
105.14849734826163
105.79929370217775
106.02302243211335
106.75014459224985
106.91178177597214
107.32520325203252
107.80335454019664
108.04169079328315
108.48364888123925
109.0245995423341
109.21526980482204
109.58891454965358
109.8
110.07055393586006
110.48665893271462
110.99079930994824
111.30893371757925
111.51637426900585
111.81828908554573
111.59633569739952
105.58885630498534
100.79020172910663
100.8603577611079
101.34950895436164
101.68641114982579
102.04431486880466
102.43232205367562
102.95690157251019
103.31695906432748
103.62860506180107
104.04032729398013
104.27283441367118
104.7019906323185
104.9587750294464
105.23592175459396
105.68144208037825
106.09858323494687
106.51360946745562
106.767082590612
107.53348729792148
107.72209302325581
108.09318578916715
108.50348027842227
108.85541474654377
109.16839080459769
109.67784846732215
109.91942028985508
110.10403272939801
110.27839905826957
106.57900874635568
102.17021276595744
102.22766570605188
102.6068129330254
102.94834590829947
103.30791788856305
103.71144859813084
103.99587020648968
104.20035356511491
104.68698710433763
104.91474245115452
105.22084073416222
105.5986920332937
105.99408633944412
106.78842781998831
106.73408685306364
107.75173210161662
107.91564863292612
108.23484848484848
108.51764705882353
108.82893966022262
108.96641131408367
109.71529411764706
109.91494388659186
110.19976076555024
110.51954976303318
110.17041420118343
103.48841354723709
99.01728110599078
99.45181765724178
99.59418604651162
100.15962441314554
100.54821741671537
101.09143855562027
101.48838559814169
101.73745624270711
102.10922897196261
102.4479348458406
102.91114982578398
103.04553415061295
103.63160952934341
103.92594752186588
104.10193321616872
104.72341661824521
104.88324576765908
105.1222810111699
105.60105448154658
105.85849056603774
106.04532077692761
107.07833047455689
107.21579851173439
107.58701895462377
107.83014492753622
107.99593967517401
108.5306712962963
108.84326200115675
109.17555938037866
109.55322862129145
110.15344827586208
110.19510774606871
110.44935217903415
110.90399074609601
111.1140350877193
111.49033391915641
111.02836879432624
104.93793503480279
100.59852774631936
101.42425936277249
101.72
101.82513966480447
98.5781512605042
96.18736017897092
96.01245048104131
96.40261958997722
96.72024816694866
96.97105561861521
97.73068181818182
97.97085714285714
98.37996545768567
98.84349827387803
99.20551090700344
99.51841196777906
99.91008018327605
100.33065902578797
100.69420539300057
101.37420840529649
101.6864553314121
102.04789382573571
102.44979919678715
102.66168009205984
103.22514285714286
103.3579676674365
103.83131138070479
104.33391003460207
104.65910413030832
104.94121071012805
105.33256484149857
105.68176538908247
106.00698893418755
106.23284457478006
106.74869413813116
107.20754716981132
103.03337169159954
100.03102086858432
100.22133938706017
100.47475893363585
100.655133295519
101.29501698754247
101.5715909090909
101.83979475484607
102.32933789954338
102.68896512292739
103.24928693667998
103.51396011396011
103.84712643678161
104.03231390652049
104.53344768439108
104.93467048710602
104.10051694428489
101.30878186968839
100.55668358714044
100.73442808607021
101.13644115974986
101.41776504297994
101.75441595441595
102.13344887348353
102.42494226327945
102.78040345821326
103.1461716937355
103.77977919814062
104.11130334486737
104.41389207807119
104.94779116465864
105.1531375935521
105.71623155505108
105.88269120184015
106.09682997118156
106.93254637436763
107.69531680440771
107.85875706214689
108.25437112239143
108.44104308390023
108.80998298355077
108.90608992601025
103.99485420240137
100.19248035914703
100.51160158460668
101.1868945868946
101.41766381766382
101.71412365286443
102.12006861063465
102.4626354820308
102.78665899942496
103.15852958070074
103.41547277936962
103.98907418056353
104.38646788990826
104.93696275071633
105.17757541263518
105.70833333333334
106.14148816234498
106.52732394366197
107.05393258426966
107.11212293682414
107.82070135746606
107.94838343732275
108.36493432324386
108.73569794050343
109.18295454545455
109.3984962406015
109.48323699421965
105.24108170310703
101.16467236467236
100.83845278725825
101.14018161180476
101.54037267080744
101.75386376645679
102.15234822451318
102.4247990815155
102.7949162333911
103.28171428571429
103.59428571428572
104.10951834862385
104.24740484429066
104.72292626728111
104.92704111175449
105.58993212669682
105.82386363636363
106.13499716392514
106.51665725578769
106.9593220338983
107.32203389830508
107.553480475382
107.82697780307342
108.43316412859559
108.50824332006822
108.84261363636364
109.1
109.32287507130633
109.66014951121335
110.04781105990784
110.30720092915215
110.48419203747073
110.84678362573099
111.27630805408583
111.45438493231313
111.63663307646709
112.27480916030535
112.49204478491455
112.87860931054803
112.91872366044552
113.50856467808623
113.75463794135248
114.01511487303506
114.29620710415412
114.62913907284769
114.97104945717732
115.04110429447853
115.27739938080495
115.56411837237978
115.97941359950093
116.14773432650529
116.46231155778895
116.82080200501252
116.91372795969772
117.27434754933164
113.39744370054777
101.96406513194835
95.82787810383748
94.56285390713477
95.0672748004561
95.68205128205128
95.94577625570776
96.4284084426697
97.1054402692092
97.60482481332568
98.05561926605505
98.59044368600684
98.82177650429799
99.43076049943247
99.87113111986494
100.32974504249292
100.64786324786326
101.06931818181818
101.55726495726495
101.85755148741418
102.23424971363116
102.57494279176201
102.96924829157174
103.2012614678899
103.58485193621868
103.95259851513421
104.31846769582619
104.89110604332953
105.1101598173516
105.4137334102712
105.73174971031287
106.05254140491148
106.58946772366932
107.05188945290467
107.19840364880274
107.4223245109321
108.04052511415526
108.30504587155963
108.74426605504587
109.19762174405436
109.2512908777969
109.53706946876824
109.74767981438515
110.2533179457588
110.41083916083916
110.96941719561454
111.19696084161309
111.39379754242248
111.58585858585859
111.79289940828403
111.91103202846975
112.49643705463183
112.55938242280286
112.80856123662306
113.31670673076923
113.53850710900474
113.8889555822329
114.07973621103118
114.41597139451729
113.30960854092527
105.60511033681766
100.58944444444444
100.87019498607242
101.55333333333334
101.75292153589317
102.2682379349046
102.5990990990991
103.00734878462407
103.27097505668934
103.5874363327674
103.9737142857143
104.17001723147617
104.79101899827288
104.99769452449567
105.25908828620888
105.57741559953433
105.92551963048498
105.04563835932987
97.99828080229227
94.6054114994363
95.20249574588769
95.66249288560046
96.01189127972819
96.460661345496
96.7998866213152
97.2153055396916
97.65529010238907
97.87371428571429
98.4718590108016
98.99204997160703
99.41032917139614
99.65694682675814
100.01314285714287
100.34817813765181
100.64104046242775
101.07443739180611
101.42123485285632
101.64997121473806
102.26655052264809
102.58386535113175
103.03070683661645
103.34610917537748
103.56993006993007
103.90228203627854
104.22909305064782
104.6412213740458
104.92406542056074
105.46771378708551
105.85988372093024
106.02792321116928
101.93598615916954
98.20365088419851
98.6867816091954
98.8948275862069
99.23866896156053
99.59116972477065
100.1810888252149
100.59331797235023
100.95055264688773
101.36596471257826
101.67029816513761
101.97356321839081
102.37249283667622
102.57258064516128
103.03268348623854
103.45902578796561
103.84513529073115
104.19146482122261
104.45397008055235
104.8112128146453
105.06137811233353
105.7938202247191
106.0623936471923
106.57795100222717
107.11439732142857
107.40401785714286
107.63707426018985
108.01571268237936
108.1804932735426
108.35081782289905
108.96629213483146
109.22937853107345
109.51580135440182
109.94003426613364
107.63979416809605
101.55844155844156
100.02197183098592
100.33238797504254
100.74674957603165
101.28974069898534
101.47365439093485
102.01369863013699
102.34037692747002
102.5065601825442
102.95535203205495
103.32495716733295
103.52957906712173
103.88184438040346
104.22222222222223
104.59391154508903
105.21457257601836
105.70760563380281
105.80753623188406
105.97911832946636
106.47494305239181
107.07709750566893
107.17408675799086
107.71259175607003
107.7827346465817
108.37321121923297
108.74797687861272
108.85855072463768
109.16036655211913
104.22906976744187
97.92436489607391
97.32152894884766
97.94957020057306
97.49084858569051
96.24422442244224
96.07482993197279
96.41052029731276
96.79485714285714
97.31153184165233
97.4970828471412
97.84606413994169
98.30587557603687
98.7334878331402
99.39860546194073
99.90826727066818
100.60778443113773
100.52170283806345
100.52170283806345
99.73959938366718
97.21470836855453
95.61479591836735
94.63027151935297
94.30951041080473
94.52737752161383
94.79306358381503
95.40832851359167
95.8653409090909
95.96793002915452
96.42007001166861
96.83788495061012
97.06959064327486
97.78139534883721
98.08386721025045
98.45072886297376
98.8513986013986
99.21316249271986
99.49883313885647
100.02800466744458
100.36242001163467
100.69365171811299
101.30150462962962
101.597588978186
101.94567757009347
102.42774566473989
102.8352534562212
103.0167824074074
103.44006948465548
103.80558789289873
104.29726585223968
104.94848311390956
105.16561242093157
105.51775486827033
105.78928987194412
106.00058616647128
106.7852233676976
107.01440092165899
107.49546485260771
107.97357840321655
108.22183708838821
108.72952710495963
109.09012131715771
109.38315060588575
110.33651685393258
110.36440202133633
104.81969089868346
100.78387650085763
101.55126728110599
101.98722415795586
102.30260869565217
102.63848396501459
103.0587550901687
103.19659624413146
103.73961380924517
104.03214494447691
104.30534351145039
104.99303944315545
105.5869191049914
105.9684633027523
106.38179736691471
106.91085714285714
107.13447293447294
107.546901648664
107.88568129330254
108.0703079604881
109.0342270393611
109.14846909300982
109.31410256410257
109.60482921083627
108.18402777777777
101.05346650998825
96.24247685185185
96.50987224157956
96.9837775202781
97.45107122177185
97.87623474723998
98.28121353558927
98.74709302325581
99.11033274956216
99.44704505558806
99.97659449970743
100.24186046511628
100.62116830537883
101.32827988338192
101.5865889212828
102.13337182448038
102.43528728961115
102.78984238178634
103.16840882694541
103.44476914085331
103.99711149624494
104.6125
105.14326160815402
105.49349179400113
106.04735062006765
106.39305711086226
106.72600446428572
107.29401900503075
107.4009009009009
107.97261039686975
108.6043405676127
108.50840807174887
103.13083048919226
97.41657077100115
97.53436426116838
97.97876004592422
98.35487593768033
98.70828538550057
99.1890634089587
99.84453535943892
100.26137689614936
100.57428068115091
101.23310023310023
101.52613240418118
101.9965075669383
102.36651053864168
102.84192037470726
103.06476079346558
103.65845070422534
103.96352941176471
104.4338192419825
104.79988228369629
105.142689371697
105.58951707891637
106.16475315729048
106.4739281575898
107.12278697886921
107.68099547511312
104.1012585812357
96.85472578763128
95.43194925028835
95.81419503750722
96.24682080924856
96.63625866050808
97.07002314814815
97.32332563510393
98.07368421052632
98.44633431085043
98.91695906432749
99.20987654320987
99.62820512820514
100.07176470588234
100.49737302977232
101.07678780773739
101.3697429906542
102.0904317386231
102.37184750733138
102.63706335109532
103.03642773207991
103.37507314218841
103.64061574896388
103.96176470588236
104.29863985807215
104.68219339622641
105.57612456747404
105.82462253193961
106.00930773705643
106.08397397989356
106.637162954279
106.98131932282544
107.21918604651162
107.38479809976246
107.6497005988024
108.55568378534333
108.09766081871345
102.65672514619882
100.90378006872852
101.252331002331
101.49235294117648
101.8707765263782
102.30877192982456
102.87164527421237
103.16998827667058
103.48271821909783
103.82665094339623
104.1394258933802
104.39846517119244
104.90389150943396
105.04507710557533
105.85921205098494
106.43585337915235
106.47563805104409
107.0516647531573
107.2646383467279
107.70051340559041
107.89982728842833
107.08175014392631
102.02141203703704
101.03076030179919
101.56113033448673
101.98550724637681
102.26001160766106
102.5953488372093
103.02845528455285
103.2561260210035
103.75128644939966
103.8913043478261
104.12463083284112
105.10849598163031
105.34599884858952
105.5840554592721
105.67569158328428
105.86781268524007
106.70201729106628
106.9602534562212
107.5408163265306
107.8310502283105
108.22740193291642
108.2420382165605
108.2593471810089
108.48064324002382
109.12133645955451
109.48525943396226
106.9934872705743
100.08633944411591
97.38216560509554
98.0064139941691
98.41836141778036
98.80706836616454
99.20725995316158
99.56224667052692
100.04775771694815
100.41865889212828
100.86114352392065
101.23745624270711
101.7936694021102
102.12433706540955
102.52858809801634
102.82872277810478
103.21893147502904
103.55626822157434
103.88856304985337
104.30948225712623
104.65923753665689
105.18720657276995
105.60257159555815
105.89675516224189
106.4192992533027
106.90872328134026
107.196089706728
107.62789351851852
107.86755349913244
108.35414235705952
108.9613196814562
109.2012614678899
109.5034762456547
109.81621936989498
110.2681660899654
110.22004744958483
110.56268221574345
105.41337907375643
99.60884749708964
100.07231040564375
100.34490876986462
100.87573270808909
101.25895478567234
101.594862813777
102.18384074941451
102.47744581136496
102.79448032883147
103.49678925861062
103.66331360946745
104.00646678424457
104.42296426479203
104.81220379146919
105.57949308755761
105.92577675489068
106.24652777777777
106.44114219114219
107.1909143185739
107.48469093009821
107.92400690846287
108.1727898966705
108.63437139561708
108.82762623331399
109.10237131289763
108.35058139534884
101.74956011730205
97.65977011494253
98.04447045055588
98.37251461988305
98.85747527632344
99.1779213153259
99.5014679976512
100.00117785630152
100.29712272460364
100.67688679245283
101.32943925233644
101.61655011655012
102.06511627906977
102.48903002309468
102.88064889918888
103.04742388758783
103.42480983031012
101.43833236826868
94.58674351585015
90.91444759206799
91.33050367855121
91.70504821327283
92.16713562183455
92.53684807256236
92.88555240793201
93.27066817667044
93.7134735645253
93.93031161473088
94.62257696693273
94.90249433106575
95.31802525832377
95.7412906910337
96.02468427095292
96.37197231833909
96.78083763625932
97.15588914549653
97.61409589832468
98.10905943450663
98.3050259965338
98.77502876869966
99.07014492753623
99.46149392009264
99.86376811594204
100.18970503181029
100.44412275622466
101.11727325245522
101.3961716937355
101.69695227142036
102.09202096680256
102.44861431870669
102.87064965197216
103.13723219455704
103.40289017341041
103.73723897911833
104.13728912158231
104.51826086956521
104.87448920023351
105.29575828006972
105.65501165501166
106.25056818181818
106.51589103291714
106.95415472779369
107.2422324510932
107.75389948006932
108.09059633027523
108.58086560364464
108.83974727168294
109.06811677160847
109.48066935949221
109.68546511627906
110.07200929152148
110.56286043829297
110.96136101499422
111.32391930835735
111.42815758980302
111.89745075318656
112.30308318789994
112.57027183342973
112.77615429573349
113.05709240729841
113.25265017667844
113.82011834319528
113.90524433849822
114.42158018867924
114.69868735083531
114.96662693682956
115.18757467144565
115.6736276849642
116.17322372284204
116.24208009563658
116.78947368421052
114.70035252643947
107.87196841511562
105.7167310877968
106.34181415929203
106.59113573407203
106.91025641025641
107.29254727474972
107.52266368214885
