100.62992651970609
100.77733333333333
100.74350433044637
99.46416610850636
99.50670241286863
99.55563002680965
99.60174029451139
99.65842245989305
99.76069518716577
99.77318212141427
99.76435246995995
99.93319973279893
100.03938584779706
100.10026737967914
100.152
100.30677290836653
100.4072096128171
100.4809619238477
100.54180602006689
100.61955793703952
100.67962466487936
100.72155287817938
100.72155287817938
100.72155287817938
100.77525083612039
100.85532484929672
100.9140362659503
101.06447280053727
101.15606162089753
101.27144772117963
101.37066666666666
101.37383177570094
101.41644385026737
101.45103264490339
101.47866666666667
101.54102735156772
101.59692513368984
101.67290969899665
101.782
101.82466666666667
101.91164658634538
102.0053619302949
102.10805369127516
102.1703554661301
102.25134048257372
102.11685695097381
100.12625923438549
100.3588195841717
100.343163538874
100.38666666666666
100.43649732620321
100.55702917771883
100.58702845797485
100.58702845797485
100.59414504324684
100.69614361702128
100.79933774834437
100.80848243870113
100.83554376657824
100.9466310873916
101.11855324849296
101.10917615539182
101.13177257525084
101.13654618473896
101.17890520694259
101.31041388518024
101.2879091516366
101.2297387809779
101.2297387809779
101.28877005347593
101.21864520456069
101.27692307692308
101.22638981915605
101.2245308310992
101.28647568287809
101.173564753004
101.1828533154722
101.16890080428954
101.16890080428954
101.2488231338265
101.27303070761015
101.29144385026737
101.33913043478262
101.3551839464883
101.3551839464883
101.42540322580645
101.73481057898499
102.41255144032922
101.3445945945946
101.3445945945946
101.3445945945946
96.43221690590111
95.99395161290323
96.00407166123779
95.79895755770663
95.78785764131193
95.87466307277629
95.81746031746032
95.83049738219896
95.87013843111404
95.79191517561298
95.87902695595004
95.87902695595004
96.04356435643564
94.92343541944075
91.23552894211576
90.66556510244547
90.56262425447316
90.56953642384106
90.46819672131147
90.42744063324538
90.17810026385224
89.95838837516513
89.7798286090969
89.55614266842801
89.38958470665787
88.94477317554241
88.51822398939696
88.33222811671088
87.93933333333334
86.90668431502317
86.60374832663989
86.33710859427049
85.95323981295925
85.65883143049027
85.34902488231339
85.0149152542373
84.71717171717172
84.64487870619946
84.49055330634278
84.3184584178499
84.30378890392423
84.2516960651289
84.2516960651289
84.2516960651289
84.4542349726776
84.54178082191781
84.75498967653131
84.94356503785272
85.04126547455296
85.41862068965517
85.56404958677686
85.76022176022175
86.46548042704626
86.86188579017264
86.86188579017264
86.86188579017264
86.86188579017264
86.86188579017264
86.99870129870129
87.32643884892086
87.16992481203008
87.55020920502092
87.8958904109589
87.99591836734695
88.28843537414966
88.45429925524712
88.59430122116689
88.65332428765265
88.77883310719132
89.11391541609822
89.27518593644355
89.35646900269542
89.37979797979798
89.49630624580256
89.5446608462055
89.56195579370396
89.87475016655563
89.9156146179402
90.11690046760187
90.27796383121232
90.37826961770624
90.49032688458972
90.49032688458972
90.59454061251664
90.75248838752488
90.75248838752488
90.82228116710876
90.94094226940942
90.95551128818062
91.04127829560586
91.25100133511349
91.35380507343125
91.44615384615385
91.53004005340453
91.6283422459893
91.77106834771068
91.9866844207723
92.02194148936171
92.04321808510639
92.09441489361703
92.16510695187166
92.2761841227485
92.32911392405063
92.41133333333333
92.48460508701473
92.59652638610554
92.68708388814913
92.76039603960396
92.88278145695364
93.01517150395779
93.1277299801456
93.16139657444005
93.28561961563949
93.32251655629139
93.41071428571429
93.53917662682603
93.57901726427623
93.62491716368456
93.74884335756775
93.89940436796823
94.01993355481727
94.14950166112956
94.28552368245496
94.38899933730947
94.47504990019961
94.52533333333334
94.53164556962025
94.61206896551724
94.72060766182298
94.78874172185431
94.9209486166008
94.96161482461946
95.14022383146808
95.18319107025607
95.30891089108911
95.3179419525066
95.39867549668874
95.39867549668874
95.41837409120951
95.42819324950364
93.52185430463577
92.60486522024983
92.68448844884489
92.76938239159001
92.91118421052632
92.92028985507247
92.93725231175694
92.99339933993399
93.05537244561634
93.04029062087186
93.12466843501326
93.1929940515532
93.25214521452145
93.3282594308405
93.37808951235804
93.38107928047968
93.39333333333333
93.45758183032733
93.52719946272666
93.60214333556597
93.696
93.70239680426099
93.71685542971352
93.82501663339987
93.86481113320079
93.96074517631403
94.06873760740251
94.157824933687
94.2938829787234
94.37915006640107
94.4667994687915
94.50794701986754
94.566401062417
94.65735196274119
94.65735196274119
94.77992021276596
94.9020652898068
94.95744680851064
95.01192842942346
95.1158940397351
95.17713152676801
95.35676392572944
95.37915006640107
95.40159045725646
95.5175380542687
95.62773722627738
95.64784053156146
95.64784053156146
95.71087533156499
95.81456953642385
95.86092715231788
95.9669093315685
96.02248677248677
96.09348255431205
93.1125
93.45225464190982
93.45280528052805
93.50955833882664
93.53881578947369
93.69482645710544
93.84065573770492
93.89276315789473
93.93141737426518
94.13585891574135
94.14332460732984
94.4908256880734
94.83391003460207
95.28328328328328
95.28328328328328
94.48341836734694
94.25497287522604
93.79524152847873
93.91463414634147
93.95484293193718
94.0551948051948
94.22943444730078
94.26838709677419
94.44285714285714
94.41585445094218
94.50455136540963
94.5718954248366
94.75994781474233
94.9047310434219
94.88996763754045
94.96096291476903
95.0071661237785
95.10571240971767
95.1053664921466
95.13385826771653
95.1883963494133
95.20678408349642
95.2535853976532
95.39724228496388
95.49407114624506
95.51778656126483
95.6
95.60301837270342
95.65926892950391
95.78585461689588
95.85723641126391
95.96719160104986
95.96719160104986
96.09299279633268
96.07682206172029
96.21363040629096
96.2082514734774
96.27230971128608
96.4319526627219
96.48586456278764
96.53896961690884
96.56719367588933
96.60434496379196
96.70229508196721
96.78486842105264
96.82260183968462
96.92115637319316
97.05735003295979
96.16205533596838
93.52352551358516
93.85479632063075
93.8255737704918
93.9125
93.95910290237467
94.0323005932762
94.0323005932762
94.07255936675462
94.18581746552856
94.2216393442623
94.31554677206852
94.38365194462756
94.39591567852437
94.49704530531845
94.54144736842105
94.64047151277013
94.69271175311884
94.80261437908497
94.80261437908497
92.07282184655396
91.86908619572262
91.82751937984496
91.84715025906736
91.95448634590377
92.17308948399739
92.27890267798824
92.49312377210217
92.58066623122143
92.61252446183953
92.61252446183953
92.6853055916775
92.74187256176853
92.85760728218466
92.91270358306188
92.98959011060508
93.09746588693957
93.11435997400909
93.20338983050847
93.27872062663185
93.37712418300653
93.41399607586658
93.46966731898239
93.63606770833333
93.63411458333333
93.69681197137281
93.7
93.78023407022107
93.78882391163093
93.8167641325536
93.91737150292778
94.01565557729941
94.11198428290766
94.17365661861075
94.17365661861075
94.27818061964403
94.33791748526522
94.52952886529529
94.97212837837837
94.97212837837837
94.97212837837837
94.97212837837837
94.97212837837837
93.47122692725299
93.22469135802469
93.35212298682283
93.36206896551724
93.44265593561369
93.525
93.50620509470934
93.67926988265971
93.69080234833659
93.80078125
93.8515625
93.90488599348534
94.0
94.00649772579597
94.15963659961064
94.26350032530904
91.14145383104126
90.89243807040417
90.99739752765127
91.16427640156454
91.29038587311969
91.3570496083551
91.43174395819726
91.56688311688312
91.60025957170669
91.80597014925372
91.80597014925372
91.90408295528192
91.98634590377114
91.98634590377114
92.13156189241737
92.19273199221284
92.32464146023469
92.42365172189733
92.43766233766233
92.57235561323816
92.60025957170669
92.76082740788623
92.81189398836457
92.83538561244329
92.95169712793734
92.98370273794002
93.05058365758755
93.090318388564
93.25245258338784
93.35471204188482
93.44277305428385
93.45359477124182
93.59477124183006
93.71776315789474
93.8782722513089
94.09328114807568
94.10618892508144
94.27117531188443
94.31406044678056
94.38219895287958
94.45341207349081
94.52562417871222
94.59150326797386
94.65533028122957
94.83061889250814
92.05472312703583
91.53263707571801
91.5946649316851
91.69155844155844
91.85668173014848
92.02707930367505
92.06322580645161
92.12701482914248
92.26159793814433
92.2789203084833
92.43152454780362
92.45560596241089
92.45752895752896
92.59795134443021
92.66967160334836
92.79590531030071
92.87082262210797
92.96591639871383
93.0058064516129
93.21992238033636
93.29011553273428
93.3051282051282
93.37483953786906
93.47456535737282
93.44408740359897
93.44730077120822
93.50740502253703
93.4858064516129
93.5909090909091
93.73320537428023
93.75048107761386
93.86858974358974
93.96987179487179
93.97939471989697
94.04642166344294
93.02064516129032
91.74757281553399
91.9354422207876
91.92940414507773
91.8917525773196
92.09471649484536
92.11061093247588
92.11398963730569
92.40947436729397
92.47433398310591
92.55090206185567
92.55729166666667
92.54721862871928
92.54769630110317
92.4903350515464
92.58702633269107
92.52092723760464
92.59370988446726
92.56471345782357
92.77663671373556
92.85170857511282
92.95486782720825
93.06921086675291
93.23886378308586
93.27554980595085
93.4020618556701
93.47459807073955
93.54228534538412
93.54645161290323
93.56173238526179
93.61523563589412
93.68519715578539
93.8222079589217
93.87163029525033
94.0096649484536
94.25612903225806
94.28846153846153
94.3391472868217
94.5283870967742
94.52869116698903
94.53761348897535
94.55777921239509
94.67185473411155
94.30117340286832
91.46808510638297
91.58520900321544
91.64971023824855
91.67696267696267
90.83408360128617
88.29193758127438
88.52848722986248
88.4800783801437
88.51337247227659
88.65072083879423
88.67455621301775
88.78562091503268
88.8371335504886
88.89686684073106
88.90748031496064
88.98235294117647
89.01370757180156
89.0
89.18867924528301
89.21940104166667
89.23893229166667
89.33225178455548
89.44682230869002
89.44538361508452
89.55094094743673
89.63311688311688
89.75549805950841
90.03034215622982
90.1358024691358
90.29895561357702
90.4
90.43506493506493
90.36845507433743
90.21621621621621
90.25145067698259
90.328165374677
90.34895833333333
90.36583769633508
89.48593852190974
89.85575048732943
89.88578844905905
89.94163424124514
90.0435064935065
90.09803921568627
90.23398692810457
90.2724296005239
90.34055118110236
90.45454545454545
90.4868073878628
90.50360183366077
90.68037135278514
90.741059602649
90.93465346534653
91.10006626905235
91.20797342192691
91.34240212342402
91.36666666666666
91.48837209302326
91.53027278775782
91.62859051436206
91.68628762541806
91.77570093457943
92.06841046277665
92.23485868102289
92.27938213566152
92.3228187919463
92.42568930733019
92.51240778001342
92.5676943699732
92.61946308724832
92.76561450638012
93.08032128514056
93.12667560321715
93.20214909335124
90.44355377421509
89.93770931011386
89.95302013422818
90.10275352585629
90.10127431254192
90.12080536912751
90.12541918175721
86.63709677419355
86.52109845947756
86.52783366867874
86.46769851951548
86.47946127946128
86.52723604572965
86.59986595174263
86.65945945945946
86.82388663967612
86.99387576552931
86.99387576552931
86.99387576552931
86.99387576552931
86.99387576552931
86.1311706629055
86.05433746425167
85.92413236481033
86.10578984989279
86.23933975240715
86.38018741633199
86.32696110744891
86.66997354497354
86.72649572649573
86.78651685393258
87.05353602115004
87.16171617161716
87.27369118621604
87.376
87.54005340453939
87.6328437917223
87.6622340425532
88.08637873754152
88.13735899137359
88.26790450928382
88.36992681304058
88.47438456420493
88.53825681969394
88.64438502673796
88.74496644295301
88.91722296395194
89.13866666666667
89.15276851234157
89.25649566955363
89.33577127659575
89.36436170212765
89.5811170212766
89.65156562291806
89.73603723404256
89.83944037308461
88.73395102581073
88.09024064171123
88.31973244147157
88.53640614562458
88.66288384512684
88.7568287808128
89.06137424949966
89.18254497001999
89.2676431424767
89.39827127659575
89.43787375415282
89.56562291805463
89.8210246174318
89.8210246174318
90.00066889632107
90.09345794392523
90.25911199469847
90.25911199469847
90.47019867549669
90.48378557246856
90.65185676392574
90.70079787234043
90.8054448871182
91.04122340425532
91.27615894039735
91.27615894039735
91.44096064042695
91.52327127659575
91.72818121252499
91.912
91.912
91.912
91.912
91.912
91.912
91.912
91.912
93.05357142857143
92.89771766694844
92.89841498559078
93.04601648351648
93.21872909698996
93.21965699208444
93.37059214903526
93.30006653359946
93.3739946380697
93.58671096345515
93.6499665998664
93.74180602006689
93.81580709979906
94.00268817204301
94.00268817204301
94.01678979180659
94.14467515070328
94.21794019933554
94.254327563249
94.26280771789754
94.31694352159468
94.37367021276596
94.4728835978836
94.4728835978836
94.55129053606883
94.66401590457257
94.6860927152318
94.7577353522054
91.5939553219448
90.09664694280079
90.27051871306632
90.35892388451444
90.56
90.71559633027523
90.77683246073299
91.01437908496732
91.24396607958252
91.33398821218074
91.44437129690586
91.54904542462147
91.6522309711286
91.76528599605523
91.90183246073299
91.93516699410608
92.11652402896642
92.23762376237623
92.33180927498367
92.34575163398692
92.43435662965382
92.496740547588
92.55953155497723
92.57347204161249
92.67493472584856
92.86029889538662
92.91981747066492
93.04296875
93.08409387222946
93.17015706806282
93.19829842931937
93.21887287024902
93.3257030739045
93.35900783289817
93.43766404199475
93.50229207596594
93.59736842105264
93.73587385019711
93.91874180865007
94.04812129202374
94.16666666666667
94.29627207325049
94.4009186351706
94.46858638743456
94.57002617801047
94.65688193085454
94.71344647519582
95.0124183006536
95.09102815979044
95.26754098360655
95.2749343832021
95.4281045751634
95.4737876802097
94.71767810026385
92.33791748526522
92.5935653315824
92.60709592641261
92.71617161716172
92.85620052770449
93.08482438701127
93.2518223989397
93.33201581027669
93.4775429326288
93.57180500658761
93.67523056653492
93.67523056653492
93.83542630535361
94.1231073074391
94.14587458745875
94.29881266490766
94.38859764089122
94.47997373604727
94.57030223390277
94.70039421813404
94.7463768115942
95.0585141354372
95.13117996044825
95.1703947368421
95.25411454904543
95.31505944517833
95.57208689927585
95.62906436629065
95.75315195753151
95.89533333333334
95.96931287525017
96.17533333333333
96.20292747837658
96.43832891246684
96.4873670212766
96.52358803986711
96.68533333333333
96.70053120849934
96.88489687292082
96.91755319148936
97.1491458607096
97.16578947368421
97.24230517354289
97.3491124260355
97.57509881422925
96.34077478660538
94.77034120734908
95.15217391304348
95.15303430079156
95.17786561264822
95.40728476821192
95.53368214519294
95.57329842931937
95.69462647444298
95.866930171278
96.01520158625249
96.16973684210527
96.30924479166666
96.34424083769633
96.42463958060289
96.55774278215223
96.60772757039948
96.69704918032787
96.89100459619172
97.02421465968587
97.15298752462246
97.22593320235757
95.61920313520575
92.13520574787721
91.85416666666667
91.83841661258923
91.83766233766234
91.99086757990868
92.18092749836708
92.25440313111547
92.34505208333333
92.4442996742671
92.52216427640157
92.6170906718852
92.78104575163398
92.95222513089006
93.0984251968504
93.25179856115108
93.2973149967256
93.49348109517601
93.56899934597776
93.59123610202747
93.85313315926894
94.10681520314547
94.17465528562049
94.26885245901639
94.39477124183007
94.4583606557377
94.51178010471205
92.33743523316062
91.42146089204913
91.49902786779002
91.75875486381322
91.91155584247902
92.0989010989011
92.287109375
92.41176470588235
92.4779792746114
92.5830639948287
92.77067183462532
92.98065764023211
93.12629533678756
93.23862158647594
93.27727272727273
93.31278390655419
93.43534762833008
93.49902786779002
93.51395197923426
93.6146848602989
93.77734375
93.88227684346701
94.00518806744488
94.13793103448276
94.15775749674054
94.21954397394137
94.31827111984283
94.44698952879581
94.4505566470203
94.55226824457594
94.68852459016394
94.72039473684211
94.81360366252453
94.87630890052355
95.08355263157895
95.20710059171597
95.29257067718606
95.36673215455141
95.3734466971877
95.4507874015748
95.55533596837945
95.66006600660066
95.64756258234519
95.78151815181518
95.88537549407114
96.06803170409512
96.33765298776098
96.33765298776098
96.33765298776098
96.33765298776098
96.33765298776098
93.43034825870647
93.06734867860187
92.97839046199702
92.97527472527473
93.12691029900333
93.33420536298235
93.46118421052631
93.48812664907652
93.47476759628154
93.46719681908549
93.5427435387674
93.54930509596294
93.51190476190476
93.56394963552022
93.59814323607426
93.59561752988049
93.65933333333334
93.7476759628154
93.78680879413724
93.83333333333333
93.94373744139317
94.18097139055223
94.24966711051931
90.88013245033113
91.06972111553785
91.14142761841228
91.30440587449934
91.40963855421687
91.43687374749499
91.57038512616202
91.69632107023412
91.87324883255503
92.15629139072848
92.17195767195767
92.33443708609272
92.37005277044855
92.50860927152318
92.53311258278146
92.6622604097819
92.783212161269
93.00392670157068
93.17941952506597
93.2728476821192
93.35270805812418
93.39550264550265
93.49801587301587
93.49801587301587
93.6404793608522
93.72739273927392
93.76071193144364
93.98487836949376
94.19324950363998
94.23529411764706
94.32649006622516
94.38252812706817
94.3913043478261
94.63164806303348
94.63164806303348
94.75131578947368
94.94082840236686
95.08862433862434
95.3274278215223
95.36065573770492
95.47863247863248
95.57368421052631
95.61882817643186
95.79682329583058
95.99603698811096
96.14746543778801
95.5296833773087
92.89914865749836
93.02416721097322
93.04696673189824
93.25508196721312
93.3379355687048
93.35784635587656
93.47537754432042
93.61929595827901
93.65296803652969
93.79934640522876
94.00653167864141
94.0483660130719
94.20705421293272
94.31589274035318
94.38516590761223
94.50682261208577
94.58716785482825
94.65259740259741
94.82326185834958
94.94033722438391
95.04996755353666
95.23617436564737
95.2883116883117
95.34498381877023
95.54456733897203
95.60194805194806
95.68880208333333
95.86387096774193
95.93939393939394
96.11059602649007
96.38834951456312
96.38834951456312
96.38834951456312
96.38834951456312
96.38834951456312
94.01902173913044
94.22774133083412
94.25316455696202
94.19092904169715
94.41991643454038
94.6078167115903
94.54943596549435
94.49540682414698
94.70863075924724
94.73350751143043
94.75718015665797
94.86657946370177
94.71803278688525
93.58002645502646
93.54163890739507
93.51625746516258
93.59640957446808
93.68779186124083
93.77154308617234
93.85904255319149
93.90878828229027
93.9920265780731
94.07180851063829
94.22311289245157
94.29490616621985
94.45210984594776
94.47689216342934
94.54010695187166
94.58032128514056
94.63308872581722
94.67376830892144
94.78481012658227
94.95203197868088
95.1438127090301
95.23869680851064
95.38302139037434
95.40641711229947
95.47428189712758
95.56989966555184
95.55392809587217
95.59678499665104
95.6163101604278
95.71981320880587
95.80053547523427
95.8293172690763
95.91583166332666
96.03693754197448
96.09825033647375
96.19530201342282
96.25134770889488
96.38508064516128
96.53154362416107
96.60334448160535
96.59838817998657
96.69220430107526
96.78249158249159
96.8200808625337
97.01082543978349
97.17241379310344
97.30121293800539
97.44911804613298
97.50578624914908
97.67498314227916
97.77104377104376
97.83713136729222
97.89254533243788
98.16362407031778
97.9190635451505
94.86167341430499
94.70275722932078
94.70275722932078
94.78734858681023
94.85800807537012
95.3564084989719
95.97626112759644
95.97626112759644
95.97626112759644
95.97626112759644
95.97626112759644
92.55254237288136
92.31282952548331
92.49728471683476
92.54320987654322
92.32044198895028
92.50474254742548
92.57161892071952
92.60650298606502
92.73907284768212
92.74308300395256
92.86006600660066
92.9520997375328
93.18044619422572
93.25148123765635
93.3348623853211
93.33311561071196
93.40131147540984
93.59171597633136
93.63713910761155
93.77733860342556
93.77733860342556
93.89086127547667
93.9934554973822
94.0562091503268
94.29125575279421
94.2824377457405
94.38123359580052
94.41753926701571
94.45501955671448
94.5243664717349
94.63666014350946
94.69698952879581
94.7577353522054
94.9009186351706
95.09150326797386
95.1319399085565
95.23152387181165
93.40813648293964
92.9520997375328
93.02351404310907
93.12410189418681
93.27792378449409
93.36959370904324
93.45663600525624
93.55235602094241
93.66840731070496
93.68232224396608
93.78153446033811
93.89192708333333
93.92247557003257
93.9478147423353
94.01366297983084
94.10758263123785
94.20260586319218
94.26727509778357
94.39712606139778
94.39934426229509
94.46500981033356
94.54551407989521
94.54914809960681
94.60104643557881
94.68888888888888
94.85602605863193
94.89590110605074
94.93038386467144
94.94466145833333
95.09539260220636
95.27814136125654
95.3766318537859
95.55668703326545
96.42236842105262
96.42236842105262
96.42236842105262
96.42236842105262
96.42236842105262
92.6041450777202
92.65716753022453
92.77431906614785
92.68444119795471
92.88664812239222
92.87347767253044
93.06889632107024
93.0878828229028
93.2212681638045
93.30814717477004
93.31299212598425
93.39056356487549
93.45152895250487
93.5370611183355
93.60440985732815
93.73380829015544
93.74869451697128
93.86549707602339
93.97862694300518
94.01037613488975
94.18631921824104
94.34307992202729
94.373046875
94.50653594771242
94.61904761904762
94.62588996763753
92.38157040882544
90.45364891518737
90.46500981033356
90.62459123610203
90.94201954397394
91.01621271076525
91.20351105331599
91.4361147327249
91.57273320287018
91.59517601043025
91.81741390513321
91.95250487963565
92.13968668407311
92.40561724363161
92.45822454308095
92.5771986970684
92.65974025974026
92.70149253731343
92.97527651268705
93.12091503267973
93.15414761593729
93.39713541666667
93.44951140065146
93.56612377850163
93.60546875
93.77473958333333
94.01756668835394
94.13128674069236
94.30389610389611
94.42160052049447
94.48433420365535
94.69921875
94.84135240572172
95.03645833333333
95.22641509433963
95.31924577373212
95.35639686684073
95.51661237785017
95.62319790301441
95.84560260586319
96.08392973324658
96.22745098039215
96.37524557956777
96.5
96.56031128404669
96.71641791044776
96.9857881136951
96.52275682704811
93.57142857142857
93.67940414507773
93.76798444588464
93.89082687338501
94.08129032258064
94.30864197530865
94.41241111829348
94.48258064516129
94.54703608247422
94.6485788113695
94.70976082740789
94.92064516129032
95.07911802853437
95.13195342820181
95.23643410852713
95.29708737864078
95.42272727272727
95.4922480620155
95.58365758754864
95.57949383517196
95.66083009079118
95.7366710013004
95.78622482131254
95.99546044098574
96.00973393900065
96.14267100977199
96.15690104166666
96.37516339869282
96.40221642764016
96.44863459037711
96.52137305699482
96.62337662337663
95.24111182934712
94.56893203883494
94.77352368591824
94.84938590820944
95.31322957198444
95.3951093951094
95.44801026957639
95.48451612903226
95.63442940038685
95.75614489003881
95.80142302716688
96.01230569948186
96.11046133853151
96.32816537467701
96.41020671834625
96.51328580686973
96.70933333333333
97.17241379310344
96.7997557997558
96.7997557997558
96.7997557997558
96.7997557997558
92.60812425328554
92.73925501432664
92.82943143812709
92.89673913043478
93.04413892908828
93.17492917847025
93.20873786407768
93.39919082939987
93.524064171123
93.7875
93.79323797139142
93.919921875
94.18936446173801
94.21498371335505
94.35974025974026
94.44709677419355
94.66151866151866
94.6741790083709
94.93637532133675
95.22537025112685
95.27935483870968
95.41575209812783
95.5232258064516
95.61821705426357
95.80181347150258
95.83106796116505
96.12888601036269
96.18128654970761
96.34692556634303
96.5425048669695
96.65166340508807
96.87841352405721
97.04117647058823
97.19621903520209
97.23778501628664
97.51631853785901
97.58996088657105
97.73801707156927
97.92393442622951
98.24701754385964
98.77954971857412
98.77954971857412
98.77954971857412
98.77954971857412
98.77954971857412
98.77954971857412
96.20833333333334
96.07814045499507
96.43217391304347
96.47951807228915
96.69335347432025
96.64981684981686
96.96112311015119
97.15657620041753
97.22037422037423
97.26675786593708
97.42798634812286
97.66509751176866
97.85947046843177
97.93834688346882
98.01078894133514
98.14565070802428
98.30836707152497
98.43569023569023
98.61952861952862
98.69594594594594
98.85944855413584
98.95824915824916
99.02824478816409
99.1479250334672
99.21529175050301
99.34118438761777
99.60443250503694
99.71553463349025
99.81616161616162
99.99394347240914
100.0060606060606
100.13140161725067
99.80865449628126
96.95158036314729
96.67864271457086
96.70816599732262
96.86195286195286
96.92219986586184
97.03091397849462
97.23481781376518
97.30820995962316
97.50671140939598
97.68791946308724
97.95187165775401
97.9652870493992
98.05529646902065
98.23911587407903
98.24447421299396
98.42010652463382
98.55585284280937
98.58310991957104
98.92828418230563
98.94959677419355
99.22912491649967
99.30193720774884
99.526982011992
99.61697860962568
99.86133333333333
99.88042752171009
99.93417553191489
100.13115845539281
100.20307281229125
100.35117056856188
100.51726427622842
100.67201068804275
100.82962962962964
101.06020761245675
101.57239057239057
101.57239057239057
101.57239057239057
101.57239057239057
101.57239057239057
101.57239057239057
101.57239057239057
95.3215859030837
95.60592459605027
95.59244689221086
95.48017621145374
95.80274914089347
95.8998646820027
96.02404809619239
96.04701986754966
96.21699346405228
96.3322454308094
96.39439374185136
96.47681254082299
96.5989515072084
96.7464146023468
96.87747035573122
96.91628213579433
97.0362796833773
97.18635170603675
97.30257086354646
97.35263157894737
97.4125
97.66644693473961
97.76089828269485
97.8957783641161
97.95454545454545
98.0362796833773
98.28230616302187
98.31208499335989
98.44797879390325
98.5531208499336
98.63750828363155
98.87583001328022
98.96549435965494
99.05522288755822
99.13231382978724
99.30682571239231
99.47406914893617
99.64920424403184
99.77726063829788
99.91432396251673
100.0020107238606
100.08774279973208
100.1695710455764
100.22237106496985
100.3111559139785
100.51004016064257
100.61340555179419
100.66351989211059
