104.7757731958763
105.18880208333334
105.18880208333334
105.59605263157894
105.69776609724047
105.89696169088506
106.06578947368422
106.25691699604744
106.64729194187584
106.76336898395722
106.99465954606141
107.09274193548387
107.24696356275304
107.54816824966079
107.65896739130434
107.81165311653118
105.62284196547145
103.37106918238993
103.6704260651629
103.93686868686868
104.1452229299363
104.47496790757381
104.65894465894466
104.74451612903226
105.01822916666666
105.36910994764398
105.6086956521739
105.79895561357702
105.9105473965287
106.1436170212766
106.52830188679246
106.66352624495289
106.94616419919247
107.06784260515605
107.45293315143246
107.57181571815718
108.00404312668464
108.02691790040376
108.3692098092643
108.55494505494505
108.7599451303155
108.93051771117166
109.29371584699453
109.29371584699453
109.75370121130553
109.75370121130553
109.75370121130553
109.75370121130553
109.75370121130553
109.75370121130553
109.75370121130553
109.75370121130553
109.75370121130553
109.75370121130553
109.75370121130553
109.75370121130553
109.75370121130553
109.75370121130553
109.75370121130553
109.75370121130553
109.75370121130553
109.75370121130553
109.75370121130553
109.75370121130553
109.75370121130553
109.75370121130553
109.75370121130553
109.75370121130553
109.75370121130553
145.26086956521738
145.26086956521738
148.82758620689654
148.82758620689654
148.82758620689654
148.82758620689654
148.82758620689654
148.82758620689654
148.82758620689654
148.82758620689654
148.82758620689654
148.82758620689654
148.82758620689654
148.82758620689654
148.82758620689654
148.82758620689654
148.82758620689654
148.82758620689654
148.82758620689654
148.82758620689654
148.82758620689654
148.82758620689654
148.82758620689654
148.82758620689654
148.82758620689654
86.01456310679612
86.38688946015424
86.61231101511879
86.70344827586207
87.04961832061069
87.5607476635514
87.64585274930103
88.07202216066482
88.24486148346737
88.67034990791898
88.88665447897624
89.14061054579093
89.57444764649375
90.90306122448979
91.09756097560975
91.79239130434783
92.05414012738854
92.78025477707007
93.17075773745998
93.4881974248927
94.0328227571116
94.32747252747252
94.8840579710145
95.05980066445183
95.45056179775281
95.64099660249151
96.10983981693363
96.31506849315068
96.53765932792584
96.81765389082463
97.27473806752037
97.52037252619326
97.97048406139315
98.2892561983471
98.42298578199052
98.72846889952153
99.07875894988067
99.36568047337278
99.53117505995203
99.79878048780488
100.2230303030303
100.56500607533414
100.78159509202453
100.99264705882354
101.20537897310513
101.6341463414634
101.8731527093596
101.86715867158671
99.05662514156285
97.66384778012684
97.79511677282377
98.07847295864264
98.60721868365181
98.73191489361702
98.95074946466809
99.47553191489362
99.70581896551724
99.97518878101403
100.46716899892357
100.67025862068965
100.92340884573895
101.1282327586207
101.5930735930736
101.72776572668113
102.03145336225597
102.49452954048141
102.60954446854663
103.00439077936333
103.11368653421633
102.03613177470775
100.0179104477612
99.70657507360157
99.83284457478007
99.98151750972762
100.34238603297769
100.78627450980392
101.0830078125
101.37708129285015
101.66114897760468
101.93190661478599
102.15452755905511
102.18958742632613
102.62252964426878
102.9298245614035
103.21648460774577
103.444332998997
103.77295162882527
103.84095427435388
101.10781404549951
98.21449559255632
97.41707080504365
97.52301665034281
97.6
97.93560975609756
98.23203883495145
98.524557956778
98.7084980237154
98.98810703666997
99.1562809099901
99.5378486055777
99.7810945273632
99.98109452736318
100.50401606425703
100.74397590361446
100.91924227318046
101.05811623246493
101.37085427135679
101.66161616161617
101.79048582995952
102.07731434384537
102.27207392197126
102.76307692307692
102.89489795918368
103.05846153846153
103.3405572755418
103.56185567010309
103.80102564102563
103.7816683831102
101.34867075664621
99.75941422594141
99.70842105263158
99.99370409233998
100.52729145211123
100.70155440414507
100.74768280123584
100.91779396462019
101.19318181818181
101.30650154798761
101.60829015544041
101.94513457556936
102.00922131147541
102.14845360824742
102.51578947368421
102.83040330920372
101.21368421052631
99.06714876033058
99.06995884773661
99.17604166666666
99.6663179916318
99.86915887850466
100.0952879581152
100.35460251046025
100.63512092534174
100.87774294670847
101.11111111111111
101.52631578947368
101.64847848898216
102.06583072100314
102.16561844863732
102.45106382978724
102.86373165618448
103.03676470588235
103.2924226254002
103.51066098081023
103.80275715800636
100.60588235294118
100.60588235294118
100.60588235294118
100.60588235294118
150.1404011461318
150.37685459940653
150.16298342541435
150.16298342541435
150.16298342541435
94.18797953964194
94.67194570135747
94.7123595505618
95.3472850678733
95.67091295116772
96.44188481675393
96.87772020725389
97.35860655737704
97.59736308316431
98.0179104477612
98.43276036400405
98.53125
98.78345250255363
98.82346832814122
99.02513089005235
99.14583333333334
99.29149377593362
99.74666666666667
100.11740041928721
100.47169811320754
100.80621761658031
100.93167701863354
101.10031023784902
101.61399787910923
102.1864406779661
101.06743940990516
98.50052465897167
98.07091469681399
98.18219461697723
98.27197518097208
98.89814814814815
99.15415415415416
98.89877300613497
97.57324840764332
145.14935064935065
145.14935064935065
145.14935064935065
145.14935064935065
145.14935064935065
145.14935064935065
95.01978691019787
95.4109756097561
96.01063829787233
96.72063492063492
97.18806875631952
97.96354679802955
98.70990099009902
99.126
99.5914085914086
99.9235412474849
100.37114427860696
100.6562184024267
100.86456211812627
101.09660842754369
101.38900000000001
101.62589194699287
101.75254582484726
101.93319838056681
101.99593082400814
102.43914807302231
102.68527918781726
102.75656565656566
103.39574898785425
103.83418107833164
104.0110775427996
104.4445564516129
104.77777777777777
105.03665987780042
105.39366053169735
104.33779608650875
102.05664263645727
101.67003027245207
101.7361530715005
101.88765182186235
102.17735470941884
102.65720081135902
102.60207253886011
102.53041622198506
102.25779376498801
102.25779376498801
102.25779376498801
102.25779376498801
102.25779376498801
102.25779376498801
102.25779376498801
95.9055472263868
96.10840438489646
96.55746509129968
96.81492842535786
97.21694214876032
97.33676622039135
97.65384615384616
97.85641025641026
98.15040650406505
98.22096608427543
98.68609406952964
98.89175257731958
99.33644859813084
99.93064182194617
100.20267489711935
100.64419087136929
100.96157840083075
101.27066115702479
101.58592132505176
101.74358974358975
102.14022517911975
102.45098039215686
102.80102564102563
102.8720573183214
103.25403225806451
103.52337398373984
103.77823408624229
104.064681724846
104.5838445807771
104.1696629213483
103.20150375939849
99.63523956723338
97.58720930232559
97.52715231788079
97.7134703196347
98.12409513960702
98.67731958762886
99.1071789686552
99.25884732052577
99.30753564154786
99.33674513817809
98.92369020501138
98.92369020501138
98.92369020501138
98.92369020501138
98.92369020501138
98.92369020501138
98.92369020501138
98.92369020501138
98.92369020501138
98.92369020501138
98.92369020501138
98.92369020501138
85.78367875647669
85.65720771850171
84.90208333333334
84.26534653465346
84.38950554994955
84.24407114624506
83.94291338582677
83.06090373280944
82.6318359375
82.6780487804878
83.10019455252919
83.30844793713163
83.7703631010795
84.3320235756385
84.47156862745098
84.74507874015748
85.23084479371316
85.29692154915591
85.58259149357072
85.98804780876495
86.26904055390702
86.58555885262116
87.1329365079365
87.19901477832512
87.44301288404361
87.65004887585533
88.08406647116324
88.34955312810328
88.4009900990099
87.58829365079364
86.29335976214074
86.81083743842365
86.91790306627102
87.02786069651741
87.4563492063492
87.771484375
88.12142152023692
88.1990099009901
88.30508474576271
88.70916334661355
88.99800995024876
89.14885114885115
89.37349397590361
89.58426966292134
88.30684104627767
85.0421686746988
83.25127161749745
83.41983967935872
83.67842741935483
84.08617234468937
84.25102880658436
84.68377823408625
85.00301810865191
85.17122593718338
85.34479271991911
85.80541624874624
86.09859154929578
86.13226452905812
86.57942973523421
86.78470824949699
87.10160965794769
87.2452068617558
87.5425101214575
87.85670731707317
88.19593908629442
88.02235772357723
84.59815950920246
84.67380224260958
84.8140703517588
85.06552419354838
85.1018981018981
85.44020100502513
85.57414829659318
86.10313447927199
86.1742654508612
86.71196754563894
87.1579476861167
87.21335992023928
87.4847250509165
87.68228105906314
88.10761421319798
88.4278350515464
88.890608875129
89.14435146443515
87.76251788268955
87.76251788268955
87.76251788268955
86.45379537953795
85.62078651685393
85.82493368700266
86.16588235294118
86.63513513513513
86.84598214285714
87.24860646599777
87.45444444444445
87.81216069489685
88.10075839653304
88.33369447453954
88.55106382978724
88.85284640171858
88.96063829787234
89.23227917121046
89.3471444568869
89.45319634703196
90.00901916572717
88.49539170506912
85.31692677070828
83.71516646115906
83.81333333333333
83.96849474912486
83.93764988009592
84.6842105263158
84.72
84.82687651331719
84.78512396694215
85.09774436090225
85.09774436090225
85.09774436090225
85.09774436090225
85.09774436090225
85.09774436090225
85.09774436090225
78.7189349112426
78.75414364640883
79.4592790387183
79.44147582697201
79.80100125156446
79.97090909090909
80.12735849056604
80.5578947368421
80.68304093567251
80.66549295774648
80.80952380952381
81.52426035502958
81.68403171007928
82.15497737556561
82.2905788876277
82.73406593406594
83.06602768903089
83.67610062893081
83.8113804004215
84.52746113989637
84.95841995841995
85.01159114857745
84.82831661092531
84.82831661092531
84.82831661092531
84.82831661092531
84.82831661092531
84.82831661092531
84.82831661092531
140.12008733624455
135.25827814569536
132.8678756476684
134.3828382838284
140.98723404255318
141.5206611570248
138.89600000000002
141.11586901763224
141.11586901763224
141.11586901763224
141.11586901763224
78.42383107088989
78.8661311914324
79.25371428571428
79.77248104008667
79.74862788144895
80.23002159827213
80.50105708245243
80.82974358974359
81.10909090909091
81.68930041152264
81.76748971193416
82.2741273100616
82.61186264308013
82.72115384615384
82.2528409090909
82.2528409090909
139.5553319919517
135.2422997946612
134.42995169082127
136.2398081534772
139.35346756152126
139.35346756152126
139.35346756152126
139.35346756152126
80.1958041958042
80.69756097560976
80.9090909090909
81.36036960985626
81.80510204081632
82.44354018311292
82.91521961184883
83.13299492385786
83.53931451612904
84.03632694248235
84.11995967741936
84.45896656534954
84.92315573770492
85.24514811031665
85.63076923076923
85.89189189189189
86.27834008097166
86.44831115660185
86.9045643153527
85.78958120531155
83.81308411214954
83.52268041237113
84.0173646578141
84.10235414534289
84.44295991778006
84.87832310838446
85.05364372469636
85.29141104294479
85.58273381294964
85.82487046632124
86.16803278688525
86.64352331606217
86.81139896373057
87.13828689370484
87.57142857142857
87.72839506172839
88.00935550935552
88.48755186721992
88.6910229645094
88.92315573770492
89.58239508700102
89.77064220183486
90.11330561330561
89.00411946446962
85.82875264270614
84.81223628691983
85.02919708029196
85.19874476987448
85.49007314524556
85.77974947807934
86.05761316872427
86.26266804550156
86.64748953974896
86.75898520084567
87.00208986415883
87.12742980561555
87.02870813397129
86.1338688085676
83.95871559633028
82.35548686244204
82.2874617737003
82.34850863422292
82.34850863422292
82.34850863422292
82.34850863422292
82.34850863422292
82.34850863422292
82.34850863422292
82.61939218523878
82.64220183486239
82.97030878859857
83.35538116591928
83.74356223175965
83.97576396206533
84.41675392670157
84.62829989440338
84.96394485683987
85.23326133909288
85.3173719376392
85.83986928104575
86.02373247033441
86.16813186813187
86.45922746781116
86.78495762711864
87.04255319148936
84.70811380400421
82.67978723404255
83.00941422594143
83.27046632124352
83.53237410071942
83.751269035533
84.1079958463136
84.36608066184074
84.9502538071066
85.05311542390194
85.33571428571429
85.72107438016529
85.9887983706721
86.11235955056179
86.55806783144912
86.71663244353182
86.97750511247443
87.56269113149847
87.68820512820513
87.97236438075743
88.17027863777089
88.56787564766839
88.7659793814433
88.90918580375782
89.45426195426195
89.66736621196222
89.9614984391259
90.35913312693498
88.77566137566137
85.39707419017763
84.55485232067511
84.69684210526316
84.85427666314678
85.07596253902186
85.33962264150944
85.73817034700315
86.10388247639034
86.46723044397463
86.55793991416309
86.76972281449893
87.23622881355932
87.56164383561644
87.79852320675106
88.07529162248144
88.63124335812965
88.85989304812834
89.32446808510639
89.5405117270789
89.71931696905015
89.75413450937155
89.78621495327103
89.70504527813713
87.28135048231512
87.28135048231512
87.28135048231512
87.28135048231512
87.28135048231512
87.28135048231512
140.45
132.20774647887325
136.54205607476635
137.0
143.0
144.04306220095694
142.82102272727272
142.82102272727272
142.82102272727272
81.47275204359673
82.0128055878929
82.1953896816685
82.88126361655773
83.76864864864865
83.92058516196447
84.28556910569105
84.54257425742574
84.97386934673366
85.30791788856305
85.72906403940887
86.06281156530409
86.75099601593625
87.04422110552764
87.35920398009951
87.49009900990099
87.97802197802197
88.18881118881119
88.52567975830816
88.99798387096774
89.04453441295547
88.8924623115578
86.81384015594541
86.22147651006712
86.3689138576779
86.73818525519849
86.96584440227704
87.22253521126761
87.51914098972922
87.80747663551402
88.27988878591289
88.65294667913938
88.81384471468662
89.46298031865042
89.52247191011236
89.84629981024668
87.96641791044776
86.90900735294117
87.18823529411765
87.643709825528
87.70894160583941
88.20181818181818
88.48263254113346
88.77428307123034
89.13394495412844
89.47145488029466
89.68611111111112
90.1501390176089
90.55607476635514
90.72718808193669
91.031190926276
91.46529080675423
91.74409820585458
91.88857412653446
92.34715525554483
92.6948669201521
92.84401913875598
93.28038277511962
93.71566731141199
94.09624639076034
94.50344149459194
94.58325219084713
94.9901768172888
95.35420743639922
95.54154447702835
95.80353634577604
96.35928143712576
94.54389505549949
91.39048562933597
91.49699398797596
91.54726368159204
91.87996031746032
91.95463510848126
92.38029556650247
92.60377358490567
92.95694716242662
93.15392156862745
93.48463825569871
93.84039408866995
93.97235932872655
94.33333333333333
94.53180914512923
94.87487684729064
95.34260178748758
95.39260739260739
95.79351032448378
96.16731898238748
96.2983316977429
96.63152709359606
97.00693756194252
97.29618768328446
97.51873767258382
98.07396449704143
98.15513833992094
96.42927794263106
92.62390670553935
91.76828110161443
91.82584269662921
91.92609915809167
92.34026465028356
92.55315145813735
93.01030927835052
93.38688212927757
93.70566037735848
93.7979225684608
94.07532956685499
94.4280266920877
94.73113207547169
94.80566037735849
95.1548757170172
91.69187675070027
89.6492673992674
89.68511796733212
89.75569735642662
90.07019143117593
90.4296228150874
90.5869365225391
90.75294117647059
91.1078875793291
91.61658986175115
91.84288354898337
92.38888888888889
92.58272058823529
93.00554016620498
93.27685185185184
93.59183673469387
93.81040892193309
94.26984126984127
94.7643784786642
94.84279069767442
95.20391061452514
95.61105904404873
95.78873239436619
96.10263653483992
96.3748819641171
96.66352497643732
97.1473087818697
97.41792452830188
97.58918406072107
98.25118035882909
97.08842897460019
92.96869244935543
91.3021582733813
91.38773669972949
91.36363636363636
91.77636363636364
92.07447774750227
92.44626593806922
92.7865685372585
92.87362637362638
93.19534883720931
93.60628465804066
93.79890310786107
93.98325581395349
94.33795013850416
94.8936970837253
94.96816479400749
95.21564885496183
95.59238095238095
95.79127134724858
96.00752587017874
96.30761904761906
96.53175355450237
97.00188857412653
97.1456953642384
97.52169811320755
97.84513692162417
98.12285714285714
98.40986717267552
98.59734093067426
98.71673003802282
99.1501416430595
99.5633270321361
99.73744075829384
98.80094786729858
94.9456419868791
92.71694599627561
92.82992565055763
92.88775510204081
93.10344827586206
93.50833333333334
93.91028037383178
94.03564727954972
94.57236227824463
94.83646616541354
94.98300283286119
95.30294396961064
95.64083175803403
95.89423984891407
95.17921830314586
95.17921830314586
95.17921830314586
95.17921830314586
95.17921830314586
84.76180021953897
84.88900634249471
85.20480668756531
85.42008196721312
85.65489404641777
86.29490874159463
86.63273073263558
86.92293407613742
87.13623978201635
87.23470319634703
87.70745170193192
88.03707136237257
88.11481481481482
88.39206642066421
89.04735376044569
89.2613531047266
89.56777251184835
89.83827751196172
90.17960710944809
90.47605633802817
90.9178605539637
91.20094786729858
91.5090735434575
91.93282876064333
92.24222431668238
92.65583173996176
93.00189035916824
93.19245283018869
93.68574108818011
93.8847969782814
94.12135465663218
94.59008579599619
94.87867298578199
95.28325358851674
95.65752128666036
95.94592030360532
96.37760910815939
96.44053282588011
94.58617424242425
92.06816059757236
92.0355472404116
92.29767441860466
92.78157644824311
92.9090909090909
93.15099715099716
93.36037735849057
93.69507575757575
93.87428571428572
94.18511450381679
93.1414913957935
90.01532567049809
88.68347338935574
88.88174077578051
88.90616113744076
89.07663197729423
89.57333333333334
89.84857142857143
89.96780303030303
90.58076923076923
90.90935114503817
91.12235067437379
91.57389635316699
91.82884615384616
91.92521572387344
92.28322017458778
92.69157088122606
92.87702573879885
93.43570057581574
93.7301740812379
94.0
94.27934044616877
94.69653179190752
94.86001917545542
95.18564593301436
95.4284332688588
95.77606177606178
96.22823984526113
96.43159922928709
96.77980769230768
97.10184287099904
97.07156673114119
94.03625954198473
91.67846889952153
91.75570342205323
91.86774500475737
92.16
92.49282296650718
92.75047801147228
92.9207258834766
93.23251417769376
93.58666666666667
93.86522148916117
94.1208687440982
94.50576923076923
94.89418493803622
95.2953216374269
95.60606060606061
95.77407054337465
96.0957345971564
96.39010466222645
96.60919540229885
96.96367112810708
96.47784200385357
91.83858643744031
91.87218045112782
91.88679245283019
91.91666666666667
92.34424695977549
92.74011299435028
92.94139886578449
93.1115347950429
93.71374045801527
93.9271523178808
94.24277456647398
94.62392344497607
94.85482330468004
95.05288461538461
95.38797284190106
95.65928777670837
95.94343240651965
96.39787028073573
96.63300970873786
96.97214217098943
97.25675675675676
97.51409135082605
97.69922630560929
98.10371819960861
98.25968992248062
98.67961165048544
99.00486854917234
96.81244019138757
94.0606936416185
93.50285714285714
93.62995169082126
93.72200772200772
93.86359269932757
94.20772946859903
94.42733397497594
94.85311284046692
95.08797653958945
95.43272023233301
95.63291139240506
96.06563706563706
96.27220077220076
96.63127413127413
96.8626320845341
97.05252918287937
93.03474903474904
90.39411206077872
90.57183634633682
90.60458452722062
90.9325626204239
91.04057971014493
91.35355450236966
91.67946257197697
91.86302681992338
92.31679389312977
92.53333333333333
92.90630975143404
93.04961832061069
93.52687140115164
93.74109720885467
94.17175572519083
94.46698564593301
94.58891013384321
95.0375
95.39379243452959
95.71113243761997
95.84541062801932
96.29922027290448
96.50770712909441
94.36872586872587
91.89320388349515
91.76538461538462
91.81099324975892
91.97874396135266
92.12057416267943
92.56410256410257
92.82046332046332
93.01335877862596
93.30968360498562
93.75477099236642
93.88888888888889
94.45067698259187
94.60556621880998
94.00382043935052
91.55984555984556
88.90268456375838
88.90268456375838
88.90268456375838
88.90268456375838
85.73504273504274
85.93396226415095
86.2070351758794
86.47399411187439
86.75392156862745
86.89039767216295
87.1311004784689
87.28947368421052
87.64948453608247
88.15819209039547
88.33837429111531
88.5276717557252
88.76849183477425
89.23135755258126
89.45637583892618
89.83090379008746
89.98349514563107
90.32944606413994
90.82630029440628
91.09664694280079
91.18675889328063
91.6996007984032
91.92436149312377
92.08341608738829
92.55346534653465
92.75638506876228
91.01860920666013
89.52946859903382
89.8621359223301
89.93974732750243
90.03310613437196
90.66050583657588
90.90573372206025
90.90163934426229
91.4604247104247
91.76974951830444
92.00969932104752
92.12975609756097
92.82283464566929
92.92807881773399
93.31437125748504
93.71625615763547
93.93004926108374
94.3045634920635
94.66961651917404
95.266137040715
95.3695652173913
95.72338308457711
96.20059582919563
96.41328047571852
96.61942517343905
97.2189349112426
97.34782608695653
97.74353876739562
98.25198412698413
98.57354392892398
98.75421209117938
99.12450199203187
99.49363369245837
99.81414141414142
96.55444555444555
92.39484126984127
92.03155818540434
92.14960629921259
92.5
92.86182902584493
93.06594488188976
93.50603621730383
93.80119880119881
93.99800598205384
94.33300198807157
94.4780876494024
94.48059701492538
94.66098294884654
94.95734126984127
94.88135593220339
91.80995024875622
89.8765915768854
89.8894277400582
89.88758553274683
89.95512195121951
90.16519174041298
90.25198412698413
90.72898120672602
90.8629191321499
91.05335968379447
91.34390485629336
91.54317269076306
91.81854043392505
92.1025641025641
92.25816023738872
92.52562814070352
92.69132149901381
92.79702970297029
93.08546168958743
93.14285714285714
89.83235867446393
87.35926993275696
87.49854510184286
87.75
88.134765625
88.35852713178295
88.48499515972894
88.91944990176817
88.98338220918866
89.26945525291829
89.3988326848249
89.66538461538461
89.85881207400195
90.03076923076924
90.49321705426357
90.83689320388349
91.03992210321324
91.4034749034749
91.90222652468539
92.18093385214007
92.76796116504855
93.00193610842207
93.34735812133073
93.78661493695441
93.96686159844054
94.3643486777669
94.98262548262548
95.69423076923077
96.35145631067961
97.26447105788424
94.79223300970874
91.3929590865842
90.72478793590952
91.12416427889207
91.44137273593898
91.87776708373435
92.22632575757575
92.5702005730659
92.91943127962085
93.26411483253588
93.66119691119691
93.92953667953668
94.09864603481624
94.39466158245949
94.82053742802303
95.00961538461539
95.41563393708293
95.79692011549567
95.86146341463414
96.10748560460652
95.98474737845567
92.81437768240343
92.81437768240343
92.81437768240343
92.81437768240343
92.81437768240343
92.81437768240343
92.81437768240343
92.81437768240343
85.7760663507109
85.97216274089936
86.48424369747899
87.18116683725691
87.28316831683168
87.80096618357489
88.02251407129457
88.32455315145813
88.46268656716418
88.8529411764706
89.04217432052484
89.38999055712937
89.70781099324977
90.12030798845043
90.76735092864125
90.9169921875
91.23984526112186
91.44
91.3955078125
88.97131931166348
88.09653233364574
88.14783427495291
88.31830985915492
88.87687969924812
89.15492957746478
89.49152542372882
89.80920421860019
90.22483537158983
90.4639175257732
90.89577464788732
91.1730589335828
91.65160075329567
91.99332697807435
92.26963103122044
92.76673040152964
92.93320425943853
93.49271137026238
93.87426900584795
94.08260447035957
94.5980487804878
94.80409356725146
95.40356083086053
94.07262021589794
90.7495183044316
90.67370441458733
90.8192419825073
90.94313725490196
91.05599214145383
91.65242718446602
91.9960668633235
92.1949069539667
92.74505928853755
92.91764705882353
93.33233830845771
93.86705767350928
94.0078277886497
94.34093161546085
94.83530571992111
95.17261904761905
94.86210317460318
91.00696517412935
87.59051306873185
84.32857142857142
82.19496166484119
82.19496166484119
82.19496166484119
82.19496166484119
82.19496166484119
82.19496166484119
82.19496166484119
82.19496166484119
82.19496166484119
82.19496166484119
82.19496166484119
82.19496166484119
80.49406175771972
81.01452282157676
81.3305954825462
81.90798786653185
82.15453639082752
82.60809476801579
83.07737512242899
83.32109227871939
83.77374301675978
84.11947318908749
84.72983479105928
85.1089681774349
85.39134615384616
85.7158203125
86.12707722385142
86.45922330097088
86.76129666011788
87.13424124513618
86.72781065088758
85.48313582497721
86.0701754385965
86.27340129749768
86.8819641170916
87.1893656716418
87.43137254901961
87.94052044609666
88.17186024551464
88.7015065913371
87.32993512511585
87.32993512511585
87.32993512511585
139.0086393088553
135.83098591549296
137.61307901907358
137.61307901907358
137.61307901907358
137.61307901907358
137.61307901907358
137.61307901907358
137.61307901907358
137.61307901907358
80.77218543046358
81.97679814385151
82.16035856573706
82.70941883767534
83.3170731707317
83.72262773722628
83.992
84.08619173262973
83.13298337707786
83.27423580786026
83.66637246248897
84.22026431718062
84.66015971606033
85.31672597864768
85.66992882562278
86.08370044052863
86.44385499557913
86.64424778761062
87.22291853178156
87.45560538116592
87.82616487455198
88.18822479928635
86.2146037399822
85.41889483065954
85.89036251105216
85.93716814159292
86.51739518287243
86.82232142857143
87.08281389136242
87.40431266846362
87.785265049416
88.35309973045823
88.61006289308176
88.84101174345076
89.35778985507247
89.78545454545454
90.34706959706959
90.61024702653248
91.30640668523677
91.77293790546803
92.52181987000928
93.0142993326978
93.3584366062917
93.81502890173411
91.35305164319249
89.97565543071161
90.22326454033771
90.40917602996255
90.85915492957747
91.15943396226415
91.418779342723
91.96110056925997
91.02173913043478
87.45597775718258
86.40460829493088
86.55914972273567
86.74196510560147
87.18606782768103
87.6309963099631
88.03700277520814
88.3529411764706
88.69153776160145
89.03314917127072
89.40825688073394
89.71349862258953
90.04151291512915
90.49771271729186
91.05087881591119
91.356290174472
91.65685372585097
92.08547794117646
92.40419708029196
92.76638965835642
93.13265306122449
93.51523545706371
94.04722222222222
94.37016574585635
93.60518999073216
91.31785063752277
91.30482256596906
91.48007246376811
91.66211293260474
91.90983606557377
92.36718041704442
92.79113924050633
93.15201465201466
93.53187613843352
93.79193400549954
94.25648148148149
94.54009216589861
94.80426716141002
95.23327137546468
95.6171802054155
96.26886792452831
96.44928909952607
96.98576850094877
96.29056603773586
91.88397790055248
89.48828828828829
89.64647377938518
89.65217391304348
90.17207207207207
90.6593607305936
90.80583409298086
91.34470046082949
91.58639705882354
91.93772893772893
92.32780847145489
92.53302752293578
92.79463459759482
