77.22099447513813
77.57894736842105
77.30810810810812
77.14903846153847
76.81188118811882
76.90338164251207
76.80952380952381
76.80660377358491
75.94420600858369
76.2396694214876
76.2734693877551
76.3671875
76.61596958174906
76.59022556390977
76.4888888888889
76.06405693950178
76.10035842293907
75.8881118881119
75.87456445993031
75.94809688581314
75.70666666666666
75.25625
75.600583090379
75.29490616621985
75.11263736263736
75.68548387096774
75.66480446927375
75.93726937269372
76.09604519774011
76.10117647058823
76.60808080808081
76.64716981132075
76.83393501805054
76.62650602409639
76.65694682675814
76.56756756756756
76.61214165261383
76.56040268456375
76.52941176470588
76.53198653198653
76.45500848896435
76.33047945205479
76.19420783645656
76.17808219178082
76.1448275862069
76.10344827586206
76.07944732297064
75.9541595925297
75.98296422487223
75.87707641196013
75.96223316912972
75.64511041009463
76.28382838283828
77.52099236641222
79.54663774403471
81.15681818181818
81.5051975051975
81.6608527131783
81.88930581613508
81.88342440801458
81.88020833333333
81.76329331046313
81.78077571669478
81.6947194719472
81.63576158940397
81.6481178396072
81.6
81.6
81.49025974025975
81.48543689320388
81.47172859450727
81.47172859450727
81.37720706260032
81.38164251207729
81.336
81.336
81.37781350482315
81.37781350482315
81.336
81.3338683788122
81.15645161290323
81.00981996726678
80.98852459016393
81.02819237147595
81.09715242881072
80.98974358974358
81.03247863247863
81.03247863247863
81.08233276157804
80.76329331046313
80.49263502454991
80.51948051948052
80.66396103896103
80.70569105691057
80.6661316211878
80.6661316211878
80.61066235864297
80.61066235864297
80.5814332247557
80.5742251223491
80.49013157894737
80.35254237288136
80.24528301886792
80.0728241563055
80.02545454545455
80.28363636363636
80.27422303473492
80.46182495344506
80.41467889908257
80.44058500914076
80.41818181818182
80.40471869328493
80.40471869328493
80.42342342342343
80.36021505376344
80.27648114901257
80.17934782608695
80.14801444043322
80.07181328545781
80.04301075268818
79.85326086956522
79.84095063985374
79.73684210526316
79.64791288566244
79.58876811594203
79.56057866184449
79.4336917562724
79.41144901610018
79.8909426987061
81.1966911764706
81.22586520947176
81.23007246376811
81.21518987341773
81.04107142857143
81.04107142857143
81.03180212014134
81.101243339254
80.90812720848056
80.5831873905429
80.47795414462081
80.39824561403509
80.45583038869258
80.37122557726465
81.9171270718232
82.26438848920863
82.31842576028623
82.32562277580071
82.325
82.325
82.22816399286988
82.22361359570662
82.17025089605735
82.09747292418773
82.17272727272727
82.02540834845735
82.03460837887067
81.98550724637681
81.98550724637681
81.95660036166365
81.82238010657194
81.7575221238938
82.81261595547309
83.20964749536178
83.07103825136612
83.06039076376554
82.97543859649123
83.01223776223776
83.01223776223776
83.07118055555556
82.99827288428325
82.91252144082333
82.65076660988075
82.65076660988075
82.60647359454855
82.3972366148532
82.25261324041811
82.10507880910683
82.0141592920354
81.98181818181818
81.74851485148515
81.1731843575419
79.91208791208791
79.91208791208791
79.91208791208791
79.91208791208791
79.91208791208791
79.91208791208791
79.91208791208791
79.91208791208791
79.91208791208791
79.91208791208791
79.91208791208791
79.91208791208791
79.91208791208791
79.91208791208791
79.91208791208791
78.81603773584905
79.27651515151516
79.11075949367088
78.99723756906077
79.42118863049096
79.31761786600497
79.28125
79.08215962441315
79.12121212121212
79.00923787528869
79.04772727272727
78.78666666666666
78.81015452538631
78.77582417582417
79.03448275862068
79.03448275862068
80.37012987012987
80.36206896551724
80.56025369978859
80.45299145299145
80.38308457711443
79.83006535947712
79.83006535947712
79.83006535947712
79.83006535947712
79.83006535947712
79.83006535947712
79.83006535947712
79.83006535947712
79.83006535947712
79.83006535947712
79.83006535947712
79.83006535947712
79.83006535947712
81.34355828220859
82.14566929133858
81.8
81.52879581151832
81.88861985472155
81.62528735632183
81.63736263736264
81.54525862068965
81.52340425531915
81.64344262295081
81.32485322896282
81.29615384615384
81.1868978805395
81.14942528735632
80.96718146718146
80.89807692307693
80.62476547842401
80.5749063670412
80.32527881040892
80.29643527204503
80.1939736346516
80.09227871939737
79.88888888888889
79.79343629343629
79.42105263157895
79.30654205607476
79.18761726078799
79.1026119402985
79.02973977695167
79.00739371534196
79.01320754716981
79.01296296296296
79.00747663551402
78.9683426443203
78.84460694698355
78.6983842010772
78.68336314847943
80.28171641791045
82.67209775967413
85.2108695652174
87.03930131004367
87.0693641618497
87.62782608695652
87.63875205254516
87.83619344773791
87.69618320610687
87.76681614349776
87.74446085672082
87.70103092783505
87.50439882697947
87.4787701317716
87.4043795620438
87.38517441860465
87.28901734104046
86.9090909090909
86.73533619456366
86.8409090909091
86.81702127659574
86.6502808988764
86.44289693593315
86.51795580110497
86.32596685082873
86.11650485436893
86.08333333333333
86.04005524861878
85.97510373443983
85.86269070735091
85.65789473684211
85.61538461538461
85.5925925925926
85.440329218107
85.28729281767956
85.06777316735823
85.05509641873279
85.03571428571429
85.03724137931034
84.88630136986302
84.68606224627875
84.68606224627875
84.46730245231608
84.37414965986395
84.36698499317872
83.99034482758621
84.02880658436214
83.85909712722298
82.82782369146005
82.76699029126213
82.75310344827587
82.52472527472527
82.52472527472527
82.3878954607978
82.11966987620357
81.88098495212039
81.74862637362638
81.62916666666666
81.27209944751381
81.25997248968363
80.86713286713287
80.73595505617978
80.14872521246458
80.10169491525424
79.7886524822695
79.6958393113343
79.16834532374101
79.15866084425036
78.9956204379562
78.85486211901306
77.22332859174965
76.63203463203463
76.53587115666178
76.53587115666178
76.51541850220265
76.46989720998532
76.43851851851852
76.4406528189911
76.18814814814814
76.00147492625369
75.8044776119403
75.72631578947369
75.72796352583586
75.69817073170732
75.47846153846154
75.45300462249615
75.39258114374034
75.35403726708074
75.18053375196233
75.08620689655173
74.85780525502318
75.76875
76.97133757961784
77.01740506329114
77.06708268330733
76.98595943837753
76.8135593220339
76.78067484662577
76.74119448698316
76.70506912442396
76.59447004608295
76.57274119448698
78.3563579277865
80.77049180327869
83.19277108433735
83.1875
83.0567612687813
83.30555555555556
83.34634146341463
83.3257328990228
83.13149350649351
83.00160256410257
82.8830963665087
82.75314465408805
82.61310452418097
84.6
86.92184724689166
89.04981549815498
89.09927797833934
89.04920913884007
89.08551483420594
89.1448275862069
89.10034013605443
89.03030303030303
89.03980099502488
88.74471544715448
88.61378205128206
88.6
88.46190476190476
88.42610062893081
88.52614896988906
90.13093289689034
90.33333333333333
90.2467105263158
90.2467105263158
90.2467105263158
90.14262560777958
89.86473429951691
89.83118971061093
89.72452229299363
89.68910256410257
89.45682888540031
89.38871473354232
89.3640625
89.68729641693811
89.67294520547945
89.65582191780823
89.60876897133221
89.60876897133221
89.60876897133221
89.50915141430949
89.22857142857143
89.17922948073702
89.11336717428088
89.11336717428088
88.98141891891892
88.89864864864865
88.63590604026845
88.58793969849246
88.58793969849246
88.21273031825795
88.18561872909699
88.16139767054908
88.07859531772576
87.9040404040404
87.88344594594595
87.58053691275168
87.52086811352254
87.13175675675676
86.9864406779661
85.2828618968386
83.42130365659777
83.35238095238095
83.30830670926518
83.05681818181819
82.97560975609755
82.7443729903537
82.73194221508828
82.54093097913322
82.50801282051282
82.24227642276423
82.15559157212317
82.14077669902913
81.76366559485531
81.69131832797427
81.61526232114467
81.55134281200633
81.37301587301587
81.36133122028527
81.23259493670886
81.0304
80.74803149606299
80.68818897637796
80.52996845425868
80.50393700787401
80.38291139240506
80.03508771929825
80.00158227848101
79.88871224165342
79.78357030015798
79.69255150554675
79.50393700787401
79.50393700787401
79.3849765258216
78.93267651888341
78.93267651888341
78.7001620745543
78.63295269168026
78.51869918699187
78.51869918699187
78.43719412724306
78.3284789644013
78.29383116883118
78.1029411764706
78.01475409836065
77.73743922204214
77.67967479674796
77.5622950819672
77.5279605263158
77.48026315789474
77.37479270315092
77.09411764705882
77.06879194630872
77.01178451178451
76.98991596638655
76.81605351170569
77.2
77.17211703958692
77.08547008547009
77.08532423208192
77.1027397260274
77.1027397260274
77.0665529010239
76.90893470790378
76.56282271944923
76.53012048192771
76.53012048192771
76.24525043177893
76.22758620689655
76.1473136915078
76.03270223752152
76.03270223752152
76.03270223752152
76.5280701754386
77.28900709219859
77.17345132743363
77.05043478260869
77.05043478260869
77.13298791018998
76.91304347826087
76.89965397923875
76.85
76.56282271944923
76.31972789115646
76.3157894736842
76.23809523809524
76.21052631578948
76.17376490630323
76.12563667232598
76.04230118443317
75.9966611018364
76.01176470588236
75.98319327731092
75.95644891122278
76.80749574105621
76.92400690846287
76.8881239242685
76.83418803418803
76.8135593220339
76.59359190556492
76.61224489795919
76.58404074702887
76.56734006734007
76.52341137123746
76.37099494097808
76.29623287671232
76.24699828473413
76.16836734693878
76.169779286927
76.1409168081494
76.00513698630137
75.92190152801358
75.8703071672355
75.70797962648557
75.60744500846023
75.55817875210792
75.54865771812081
76.62691652470187
76.59863945578232
76.58263772954925
76.545
76.545
76.39562289562289
76.3
76.28476821192054
76.25785123966942
76.16940789473684
75.99170812603649
75.73563218390805
75.7063621533442
75.65853658536585
75.65422077922078
76.22350993377484
76.95904436860069
77.01858108108108
76.97972972972973
76.86522462562397
76.74177631578948
76.70163934426229
76.66612111292963
76.66339869281046
76.36497545008183
76.23014586709887
76.23014586709887
76.18064516129033
76.107544141252
76.05152979066023
76.94807370184255
77.03685092127303
77.03685092127303
77.02495840266224
77.02644628099173
76.82736156351791
76.7389885807504
76.53646677471637
76.53646677471637
76.35409836065574
76.35409836065574
76.2288961038961
76.1396103896104
76.02431118314425
75.81948881789137
75.77229299363057
75.637519872814
75.4952229299363
75.39020537124803
76.14869281045752
76.52700490998363
76.48208469055375
76.48784440842788
76.33922829581994
76.16504854368932
76.13387096774194
76.04313099041534
76.04313099041534
75.78322784810126
75.7244094488189
75.70597484276729
75.71879936808847
75.52380952380952
75.2218649517685
75.1550888529887
75.1437802907916
75.1437802907916
75.1437802907916
74.71904761904761
74.63968253968254
74.62123613312203
74.53259141494435
74.4176
74.31179321486267
74.14355628058728
74.14355628058728
74.0698051948052
74.07592891760905
73.7952
73.7952
73.67619047619047
73.5814696485623
73.4481658692185
73.36900958466454
73.30414012738854
73.10950080515298
72.8362760834671
72.10210696920583
72.10210696920583
72.00810372771475
72.00810372771475
71.97068403908794
71.93181818181819
71.76575121163167
71.58870967741936
71.32516339869281
71.29885057471265
71.11986863711002
71.09666666666666
71.09666666666666
71.07081174438687
71.00515463917526
70.83159722222223
70.72790294627383
72.27350427350427
72.49238578680203
72.44727891156462
72.39123102866779
72.25252525252525
72.20367278797997
72.21344537815126
72.18624161073825
72.19495798319328
72.19392917369309
72.08629441624366
72.01515151515152
71.78929765886288
71.71932773109243
71.68465430016863
72.2808798646362
75.17565217391305
79.40325497287523
81.812734082397
82.25045372050816
82.29602888086643
82.29411764705883
82.09473684210526
82.11418685121107
82.11418685121107
82.07758620689656
81.8043844856661
81.8043844856661
81.6383701188455
81.51520270270271
81.50927487352445
81.42737896494157
81.19256756756756
81.1371237458194
81.06655574043262
80.73300165837479
80.67103109656301
80.5615763546798
80.5
80.14192495921696
80.07491856677524
80.05357142857143
79.94363929146537
80.892797319933
83.30335097001763
83.28896672504378
83.26388888888889
83.1118760757315
83.21709401709401
83.18057921635435
83.0848896434635
82.78305084745763
82.62203389830509
82.49915682967959
82.5
82.49246231155779
82.415
82.17229729729729
82.15410385259632
81.9090909090909
81.83388157894737
81.76655629139073
81.44867549668874
81.37232289950576
81.33772652388798
81.3069306930693
81.02192242833053
80.8786231884058
80.12429378531074
80.12429378531074
80.12429378531074
80.12429378531074
80.12429378531074
80.12429378531074
80.12429378531074
80.12429378531074
80.12429378531074
80.12429378531074
80.12429378531074
79.20833333333333
78.63424124513618
78.68955223880597
78.73246753246754
78.82742316784869
79.07256235827664
79.04228329809725
78.9026369168357
78.85826771653544
78.6710775047259
78.71111111111111
78.47935368043088
79.57220216606498
80.90943396226415
82.0433962264151
82.14181818181818
82.0359066427289
82.07130124777184
81.80656303972366
81.69296740994854
81.63760683760684
81.6295025728988
81.60787671232876
81.48305084745763
81.44067796610169
81.19322033898305
81.00854700854701
80.84940778341793
80.65299145299146
82.47602739726027
82.84722222222223
82.69759450171821
82.64212328767124
82.63760683760684
82.5365025466893
82.5365025466893
82.48561759729273
82.30952380952381
82.15423728813559
82.0952380952381
81.66271186440677
81.62074829931973
81.52033898305085
81.49746192893402
81.47297297297297
82.1342512908778
83.67361111111111
83.80836236933798
83.83275862068966
83.83648881239243
83.66780238500851
83.59044368600682
83.5665529010239
83.18556701030928
83.04835924006909
83.04835924006909
82.90608695652173
82.85615251299826
82.65180102915951
82.61709401709402
82.49659863945578
82.41737649063032
82.15025906735751
82.07452339688042
81.94290657439447
81.84575389948007
81.69137931034483
81.60137457044674
81.58662092624357
81.41278065630397
81.11111111111111
80.76553106212425
80.13531353135313
80.13531353135313
80.13531353135313
80.13531353135313
80.13531353135313
80.13531353135313
80.13531353135313
80.13531353135313
80.13531353135313
80.13531353135313
80.13531353135313
80.13531353135313
80.13531353135313
81.0
80.84864864864865
80.66530612244898
80.62587412587412
80.35109717868339
80.2601880877743
79.79470198675497
79.37768240343348
79.37768240343348
79.37768240343348
79.37768240343348
79.37768240343348
79.37768240343348
79.37768240343348
79.37768240343348
79.37768240343348
79.37768240343348
79.37768240343348
79.37768240343348
79.37768240343348
79.37768240343348
82.0
82.34728033472804
82.19417475728156
82.23142857142857
82.53470437017995
82.53731343283582
82.3810623556582
82.33258426966292
82.16557734204792
82.13135593220339
81.99195171026157
81.89221556886227
81.68039215686275
81.55938697318008
81.45454545454545
81.21851851851852
81.26286764705883
81.29795158286778
83.02330097087379
83.49612403100775
83.52862595419847
83.48
83.23220973782772
83.23062730627306
83.21178637200737
83.0954128440367
82.98021582733813
82.98550724637681
82.96892138939671
84.22141560798548
85.51717557251908
85.91094619666048
85.91773308957953
85.84021543985638
85.78994614003591
85.57142857142857
85.33451957295374
85.33451957295374
85.09574468085107
85.01243339253996
84.98233215547704
84.84014209591474
84.70318021201413
84.76428571428572
84.59469026548672
85.67476635514019
86.85343228200371
86.86531365313652
86.92124542124542
86.9328493647913
86.60583941605839
86.44165170556553
86.28801431127013
86.23561151079137
86.14490161001788
86.0088809946714
85.96028880866426
85.88848920863309
85.73139745916515
85.4
85.26039783001808
85.12522686025409
84.92252252252253
84.8876811594203
84.90163934426229
84.7202166064982
84.6514598540146
84.24770642201835
84.05871559633027
84.23175182481752
84.02048417132217
84.02037037037037
83.99270072992701
83.88333333333334
83.71028037383178
83.62359550561797
83.55028462998102
83.46679316888046
83.3735632183908
83.1151631477927
82.78571428571429
82.70769230769231
82.62426614481409
82.50968992248062
82.44854368932039
82.392578125
81.91456310679612
81.74081237911025
81.73552123552123
81.67961165048544
81.50873786407767
81.35077519379846
81.321083172147
81.17307692307692
80.75097276264592
80.78488372093024
80.7514450867052
80.61417322834646
80.4106090373281
80.11683168316831
80.09163346613546
80.35860655737704
81.0448717948718
81.14830508474576
81.01455301455302
80.99173553719008
80.96701030927835
80.78004073319755
80.782340862423
80.67280163599182
80.69404517453799
80.48185483870968
80.23517382413088
80.06981519507187
80.04742268041237
79.97302904564316
80.16981132075472
80.14736842105263
80.14736842105263
80.14435146443515
79.85102040816327
79.81873727087576
79.79183673469387
79.69153225806451
79.39837398373983
79.17004048582996
79.09572301425662
79.02862985685071
78.81854838709677
78.76814516129032
78.72525252525253
78.70161290322581
78.64112903225806
78.24137931034483
78.16032064128257
78.11871227364185
78.00811359026369
77.4758064516129
77.4758064516129
77.39
77.2879684418146
76.87128712871286
76.85685884691848
76.70238095238095
76.66666666666667
76.60433070866142
76.57843137254902
76.54150197628458
76.0996015936255
75.79330708661418
75.79764243614932
75.79330708661418
75.66469428007889
75.58284600389864
75.31360946745562
75.001953125
74.97270955165692
74.85106382978724
74.84351145038168
74.74095238095238
74.71863117870723
74.56166982922201
74.4007561436673
74.39772727272727
74.2518656716418
73.90925925925926
73.89219330855019
73.91775700934579
72.91992551210429
72.87265917602996
72.71985157699443
72.73443223443223
72.6
72.57971014492753
72.39177101967799
72.39177101967799
72.27629233511587
72.1829484902309
72.0375
71.83451957295374
71.65770609318996
71.65770609318996
71.58185053380782
71.58185053380782
72.63023679417122
72.87198515769944
72.8605504587156
72.76181818181819
72.77877697841727
72.77558348294434
72.58781362007169
72.51891891891891
72.46
72.39433962264151
72.0300925925926
71.24056603773585
71.24056603773585
71.24056603773585
71.24056603773585
71.24056603773585
71.24056603773585
71.24056603773585
71.24056603773585
71.24056603773585
71.24056603773585
71.24056603773585
71.24056603773585
71.24056603773585
82.0
81.78835978835978
81.48972602739725
81.5254691689008
81.3768472906404
81.23059360730593
81.41755888650964
81.31893004115226
81.28484848484848
81.24254473161034
81.22485207100591
81.00388349514563
80.89904761904762
80.72641509433963
80.74436090225564
80.51107011070111
80.34328358208955
80.31902985074628
80.07608695652173
80.10251798561151
80.07360861759426
79.95315315315315
79.65573770491804
79.55415162454874
79.53873873873874
79.15492957746478
79.04761904761905
80.17527675276753
81.09141791044776
81.06864564007421
80.97257769652651
81.04528985507247
80.90161001788908
80.85204991087345
80.76301615798923
80.22924187725631
80.22924187725631
80.07913669064749
80.06093189964157
80.03770197486536
79.97491039426524
79.9103690685413
80.98161764705883
81.50996015936255
82.55555555555556
83.83108108108108
84.01694915254237
84.18163265306123
84.06679389312977
84.32162661737523
84.84274193548387
85.06666666666666
85.0954356846473
85.23983739837398
84.9724409448819
84.8152380952381
84.8152380952381
84.73384030418251
84.70888468809073
84.33783783783784
84.45333333333333
84.06130268199233
84.04826254826254
83.837890625
83.861328125
83.796875
83.74124513618678
83.66276803118909
83.426614481409
83.37281553398059
83.00395256916995
82.97435897435898
82.67572815533981
82.61252446183953
82.560546875
82.44618395303327
82.1301775147929
82.09145129224652
82.82026768642447
83.08974358974359
83.15985130111524
82.954802259887
83.29026217228464
82.93584905660377
82.90095238095238
82.8912213740458
82.66412213740458
82.64750957854406
82.57662835249042
82.45576923076923
82.39499036608863
81.91489361702128
81.80353634577604
81.66536964980544
81.6785009861933
81.39878542510121
81.3366935483871
81.10082304526749
82.13967611336032
82.9412955465587
83.08686868686868
83.16024340770791
83.17034068136273
83.17034068136273
83.04426559356136
83.00996015936255
82.72763419483101
82.624
82.3567134268537
82.33400402414487
82.0929292929293
81.97967479674797
81.95334685598377
81.72929292929292
81.61770623742454
81.57630522088354
81.52631578947368
81.06085192697769
81.0
80.86895161290323
80.6350806451613
80.53212851405623
80.4950495049505
80.114
80.05168986083498
79.8167641325536
79.81496062992126
79.60826771653544
79.51277013752456
79.25396825396825
79.05118110236221
78.84600389863547
78.77087378640776
78.74806201550388
79.64471057884232
79.728
79.728
79.556640625
79.61764705882354
79.53682170542636
79.43570057581574
79.32
79.14772727272727
78.86923076923077
78.71785028790786
78.71264367816092
78.69024856596559
78.49425287356321
78.3102119460501
78.04474708171206
77.85518590998043
77.70793036750483
77.70370370370371
77.69066147859922
77.56751467710372
77.15247524752475
77.07753479125249
76.75546719681908
76.68063872255489
76.63762376237624
76.55268389662028
76.33333333333333
77.12317327766179
77.07484407484408
77.07322175732217
77.01867219917013
76.92402464065708
76.80824742268041
76.60243407707911
76.36082474226804
76.30184804928132
76.19507186858316
76.05112474437628
75.97708333333334
75.71698113207547
75.38736842105263
75.55602536997885
76.99566160520607
77.02178649237473
77.02391304347826
77.09649122807018
77.11563169164883
77.11563169164883
76.70806100217865
76.46895074946467
76.43347639484979
76.3792372881356
76.35434782608695
76.07327586206897
75.79741379310344
75.81659388646288
75.81400437636762
75.34056399132321
75.31497797356828
75.18984547461369
75.04395604395604
75.04565217391304
76.60648148148148
77.04215456674473
77.01401869158879
76.96279069767442
76.86206896551724
76.84792626728111
76.78220140515222
76.73317865429235
76.69020501138952
76.64530892448512
76.36384439359267
76.14685314685315
76.03424657534246
75.96976744186047
77.22524752475248
77.31203931203932
77.44976076555024
77.38942307692308
77.61084905660377
77.39036144578313
77.36038186157518
77.56603773584905
77.56603773584905
77.25542168674698
77.04018912529551
76.83098591549296
76.77622377622377
77.18313253012049
78.29876543209876
78.63065326633166
78.59653465346534
78.66508313539192
78.68899521531101
78.1073985680191
78.00478468899522
77.89952153110048
77.81279620853081
77.71158392434988
77.69882352941177
77.56603773584905
77.05263157894737
76.96208530805687
76.78486997635933
76.93704600484261
77.8586118251928
78.26424870466322
78.31362467866325
78.28205128205128
77.9425
77.5989847715736
77.57393483709274
77.4675
77.36363636363636
77.32390745501286
77.13010204081633
77.26356589147287
76.65394402035624
76.57692307692308
76.44416243654823
76.41666666666667
76.40458015267176
76.0886075949367
75.86304909560724
76.93817204301075
77.43142857142857
77.10833333333333
77.02412868632707
76.9920634920635
76.64030612244898
76.64030612244898
76.50757575757575
76.46268656716418
76.5210918114144
76.39800995024876
76.33
76.32920792079207
76.2975
76.28571428571429
76.57474226804123
76.53316326530613
76.53316326530613
76.56852791878173
76.47989949748744
76.41813602015114
76.37531486146096
76.37531486146096
76.35572139303483
76.29528535980148
76.21588089330025
76.13022113022113
76.1029411764706
75.68192771084337
75.69544364508393
77.38860103626943
77.43669250645995
77.41432225063939
77.44845360824742
77.33333333333333
77.30272952853598
77.26550868486352
77.2587064676617
77.17206982543641
76.6302729528536
76.4812030075188
76.4925
76.90673575129534
77.28101265822785
77.30050505050505
77.17283950617283
77.17283950617283
77.15802469135802
76.91747572815534
76.6256157635468
76.51732673267327
76.39506172839506
76.35960591133005
76.35960591133005
76.23716381418093
76.17936117936118
76.14004914004914
75.67487684729063
75.6593137254902
75.56174334140435
76.36069651741293
77.50127877237851
77.50127877237851
77.62531645569621
77.4675
77.30143540669856
77.30143540669856
77.29550827423168
77.03480278422273
76.94212962962963
76.86744186046512
76.84562211981567
76.82870370370371
76.82870370370371
76.35962877030163
76.32710280373831
76.32710280373831
76.11238532110092
75.97228637413394
75.91284403669725
75.8110599078341
75.80831408775981
75.78654292343387
76.67139479905437
76.67139479905437
76.56908665105387
76.55971896955504
76.51162790697674
76.46543778801843
76.48723897911833
76.03809523809524
76.03809523809524
75.84272300469483
75.7764705882353
75.75348837209302
75.7039627039627
75.54712643678161
75.54712643678161
75.29508196721312
75.16190476190476
75.01428571428572
74.78454332552693
74.75934579439253
74.74882629107981
74.6903073286052
74.62206572769954
74.30048076923077
75.11764705882354
75.14111922141119
75.12348668280872
75.13221153846153
75.13221153846153
75.11510791366906
74.89150943396227
74.87294117647059
74.89150943396227
74.70138888888889
74.6189376443418
74.5848623853211
74.15420560747664
74.15313225058004
73.80410022779043
73.79726651480638
73.76363636363637
73.69772727272728
73.28639618138425
73.0976253298153
73.15865384615384
73.15865384615384
73.15865384615384
73.15865384615384
73.15865384615384
73.15865384615384
73.15865384615384
73.15865384615384
73.15865384615384
73.15865384615384
73.15865384615384
76.91208791208791
75.9940119760479
75.58695652173913
75.39840637450199
75.7344262295082
75.32228915662651
75.55586592178771
75.46310432569975
75.35858585858585
75.44554455445545
75.39119804400978
74.70120481927711
74.621103117506
74.55896226415095
74.55896226415095
74.45093457943925
74.1867881548975
74.05681818181819
74.05681818181819
73.88195991091314
73.64823008849558
73.64823008849558
73.57142857142857
73.2751677852349
73.12527472527472
72.84946236559139
72.86422413793103
74.59865470852019
75.5382932166302
75.49671772428884
75.22995780590718
75.19532908704883
75.12210526315789
75.03164556962025
74.97894736842105
74.51666666666667
74.44142259414225
74.44142259414225
74.27916666666667
74.22315789473684
74.26239669421487
74.00613496932516
73.67782426778243
73.60751565762004
73.40534979423869
73.38702928870293
73.34583333333333
73.04477611940298
72.79668049792531
72.7536534446764
72.62947368421052
