105.97404948702474
106.26018237082067
106.28806333739342
106.37964655697746
106.4751213592233
106.51215066828675
106.59525258673159
106.63531553398059
106.68571428571428
106.68590522478736
106.8810975609756
106.97449908925319
107.09732360097323
107.10176721511274
107.26658476658477
107.31717791411043
107.50396583282489
107.52415902140672
105.52615571776155
105.0509090909091
105.22848484848484
105.23230490018149
105.43685173886516
105.49057750759879
105.49057750759879
105.58855751673767
105.7408536585366
105.91681845780207
105.95045317220544
106.12993321190042
106.28431970713851
106.29719853836784
106.36922141119221
106.38231707317073
106.42848447961046
106.54323995127893
106.67477203647417
106.73841463414635
106.80329871716555
106.97019464720194
107.065283709579
107.18734643734643
107.29128580134065
107.36551305403765
107.46345919610232
107.42761148442273
107.58282582216809
107.6109756097561
105.76693105552167
105.67237163814181
105.76373626373626
105.6601466992665
105.6601466992665
105.68562691131498
106.03437691835481
106.06699446834665
106.23797780517879
106.34651019147623
106.45246913580246
106.48951911220715
106.61410018552876
106.70631970260223
106.83085501858736
107.16160990712075
107.2531017369727
107.36606587942822
107.49380421313506
107.58513931888544
107.7958050586058
107.91261538461538
108.06650246305418
108.26880394574599
108.48615384615385
108.4734895191122
108.54735547355475
108.68304668304668
108.84714548802947
108.85547355473554
109.21033210332104
109.29764851485149
109.47516860821582
109.73894348894349
109.8109269490485
110.17092457420924
110.21059038344492
110.47528981086029
110.58094074526574
110.61219512195122
110.81086028065894
110.9035409035409
111.09819277108434
111.21657592256503
111.2434887946699
111.58955676988464
111.5873786407767
111.78839177750908
112.03479304139172
112.1866345574955
112.22450211225106
112.38253012048193
112.57108287961282
112.92788461538461
113.01139088729016
113.12880143112702
113.18679357525284
113.21381774865992
113.22659511031604
113.48288075560802
113.55184743742551
113.62671437090042
113.71598336304218
113.93753718024985
114.06615017878427
114.21555819477435
114.30351818723912
114.31604054859869
114.60071942446044
114.85823981098642
115.68935643564356
115.95666666666666
116.09727891156463
116.75708502024293
116.93146853146854
116.68659127625202
115.20509977827051
111.94146341463414
111.94146341463414
111.94146341463414
111.94146341463414
111.94146341463414
111.94146341463414
111.94146341463414
111.94146341463414
111.94146341463414
111.94146341463414
111.94146341463414
117.94846796657382
118.73168214654282
119.31723027375202
119.84926727145847
120.19694072657744
120.72961630695443
120.99185573007563
121.02153667054715
121.12833914053427
121.27182770663562
121.53855140186916
121.56745801968732
121.64227642276423
121.73174971031287
121.86670547147847
121.96923969820081
122.10501750291715
122.37203928365108
122.41946697566628
122.43155452436196
122.44991314418067
122.42617255356109
122.53344968004654
122.67058823529412
122.59187279151944
121.54105998835178
120.79789103690686
120.64348850913376
120.55529272619751
120.22900763358778
119.75999999999999
119.33804475853947
119.12
118.86323268206039
118.94799054373522
118.99764428739694
118.93428063943162
118.98413631022326
119.10176470588235
119.27966607036375
119.51624770079707
118.62484076433121
117.57498362802882
117.12539582013933
117.01377582968065
116.96007485963818
116.96770186335404
116.97651421508034
116.94386821232459
116.93037584719656
116.95018679950186
116.95018679950186
116.95768512756689
116.9485111662531
116.95323076923077
117.05613178767541
117.08078335373317
116.91086001255493
116.9659090909091
117.32253618194349
114.52444444444444
112.57207547169811
110.82536382536382
110.6376329787234
110.60310277957336
110.57633587786259
110.778125
110.87469135802469
111.03306797305572
111.13463892288863
111.12576687116564
111.18659420289855
111.3745476477684
111.55329341317366
111.64122596153845
111.65042117930204
111.83872901678657
111.99037883343355
112.13852556480381
112.31108462455305
112.36331360946745
112.34499110847659
112.56820877817319
112.74151280524121
112.83014354066987
112.98446833930706
112.97377830750894
113.03245192307692
113.08429351121893
113.03004291845494
112.997507788162
111.0057215511761
109.56612377850163
108.65374507227332
108.72774193548386
108.80837563451777
108.9740834386852
109.00628140703517
109.15103838892385
109.26124999999999
109.37476459510358
109.54361567635904
109.91352686843732
109.98643649815043
110.39655172413794
110.4390092879257
110.48014888337468
110.62723351817621
110.99938499384993
111.03323076923077
111.18142944410508
111.18142944410508
111.17780502759044
111.3423645320197
111.44320297951583
111.72379158819837
111.78818353236957
111.85319949811795
111.32362254591513
109.45378151260505
109.29554140127388
109.38544303797468
109.74858934169279
109.82543640897757
110.04288377874457
110.11640866873066
110.27105101413645
110.44743276283619
110.66258420085731
110.74969474969475
110.97565429093123
111.14112658994549
111.25592705167173
111.13317043372021
111.52967171717171
111.41777777777779
111.21609907120742
111.72319806178075
111.87947494033412
112.25519287833828
112.36729857819905
112.61813842482101
112.82834928229664
112.9304556354916
113.15957446808511
113.23696682464455
113.46267772511848
113.61492890995261
113.72401433691756
114.08879618593564
114.10385756676558
114.320451843044
114.6859012492564
114.7688651218063
114.85169743895176
114.9417013682332
115.13400833829661
115.3526284701713
115.30079803560466
113.64605678233438
112.8445988629185
112.32266009852216
112.4190012180268
112.61131386861314
112.73438447543967
112.82897139379185
112.84251968503938
113.21398432790838
113.30773845230954
113.48767288033673
113.63997591812162
113.71566265060241
114.05459940652818
114.236276849642
114.28400954653938
114.53520286396181
114.61556886227545
114.67006598680264
114.84633853541416
114.95795795795796
115.11916167664671
115.28400954653938
115.39701492537313
115.6514423076923
115.70461354104253
115.7159090909091
115.736276849642
115.87552114353781
114.6271590232281
111.0195381882771
110.67880597014926
110.70245950809837
110.68468468468468
110.89213349225268
111.08556149732621
111.16845238095237
111.28817587641117
111.47914183551848
111.67164179104478
111.76128266033254
112.01129607609988
112.07980941036331
112.3492252681764
112.37775133848899
112.60202863961814
112.71240263630916
112.99169139465874
113.058229352347
113.10959715639811
113.3198332340679
113.43563766388559
113.9099045346062
113.92234169653526
114.13735938425103
114.29262536873156
114.45245126993503
114.49852681202121
114.71690307328606
114.77251184834122
114.8853238265003
112.95341981132076
110.4124926340601
110.74645390070921
110.79655990510082
110.85985748218528
110.90849673202615
111.1431105854524
111.20593471810089
111.26228537596211
111.51277480689245
111.59477124183007
111.90171699230314
112.08522050059594
112.13893858079905
112.4510966212211
112.58041543026707
112.5353115727003
112.52431791221827
112.55568790946992
112.54556283502085
112.23879716981132
111.28343195266272
111.23992890995261
111.2387706855792
111.2565011820331
109.26037959667852
106.14852071005917
106.15097690941386
106.12085308056872
106.20461265523359
106.34668260609683
106.38855780691298
106.78724672228844
106.88252832438879
107.00237107291049
107.21474926253687
107.27417452830188
107.36428149024246
107.33767772511848
107.78405710886378
107.8545673076923
107.37696664568912
106.73162729658793
105.97297297297297
105.48442466624284
105.625
105.84071340713407
105.94911097486204
106.11531421598536
106.23213194868663
106.47659574468085
106.78715596330275
106.89665653495442
107.06265356265357
107.02701005025125
107.0573663624511
107.12137559002022
107.37596626844694
107.24927113702624
107.19791666666666
107.20882352941177
107.35940803382664
107.75016744809109
107.91378184193337
107.9433962264151
108.03841229193341
108.09865470852017
108.19936507936508
108.37460716530484
108.50720100187851
108.71186440677965
108.98568761667704
109.0358024691358
109.25122549019608
109.37492317148126
109.55960469425571
109.75
109.78453038674033
109.98049969530774
110.20268620268621
110.42196175200493
110.57142857142857
110.72721712538225
110.90953846153846
110.95574677320221
111.2391171060699
111.38168408113091
111.38320049049662
108.00487804878048
104.97910264290104
105.15598027127004
105.14241676942046
105.1980319803198
105.32309582309583
105.58605798889575
105.86372007366482
105.90623072177668
106.30332922318127
106.5052566481138
106.60393603936039
106.71243042671614
106.90755777638975
107.03476611883691
107.14248536109304
107.26476578411405
106.5191011235955
106.1436829066887
106.06775510204082
105.92517537022604
105.9034833091437
106.08722958827634
106.33536999321113
106.45741113346747
106.59040105193952
106.86319218241042
107.09143593045718
107.18626827717736
107.34280303030303
107.53710691823899
107.67
107.88081936685288
108.0270602706027
108.21555419473361
108.27975460122698
108.56591048436542
108.68688725490196
108.82547458665033
108.97198538367844
109.2691839220463
109.27892813641901
109.57439024390244
109.62827544180378
109.79028290282903
110.06008583690988
110.14901477832512
108.26322188449848
106.29304029304029
106.3581452104942
106.6103257529195
106.65542611894543
106.77097366809554
106.8862385321101
107.14799025578563
107.2477120195241
107.58505467800728
107.72843256379102
107.80729483282676
108.03959208158369
108.08473557692308
108.28320194057005
108.29835265405735
108.61367837338263
108.68523153942428
108.7139256458727
108.68331226295828
107.19059561128526
107.41859014348097
107.66791277258568
107.67188478396994
107.81523096129837
107.94802755165935
108.14623522090852
108.27798507462686
108.56829573934837
108.68025078369905
108.7173501577287
108.74952681388012
108.9304237824162
109.32896379525593
109.52568922305764
109.65334166146158
109.75833857772184
109.84098051539911
109.9321181646763
110.0347881087919
110.273590880304
110.4020291693088
110.662871600253
110.67235926628716
110.7979669631512
110.81245985870262
111.12361743656473
111.12589693411611
109.31193838254171
108.29993535875889
108.28458498023716
108.30191166776532
108.3569536423841
108.43631613324624
108.46579804560261
108.625
108.7477183833116
108.8368932038835
109.17405475880052
109.32331809274984
109.54503916449086
109.72892347600518
109.70182291666666
109.77597402597402
109.95948553054663
110.04370179948586
110.31548387096774
110.48025889967639
110.52822842310188
109.36893203883494
107.61024643320363
107.22984126984127
107.33503184713376
107.50189633375474
107.60113421550095
107.74592220828106
107.7989918084436
108.05080545229245
108.28429546865301
108.45952677459528
108.63167701863354
108.73263675476338
108.98341523341523
109.01166359729896
109.22782503037666
109.38909090909091
109.50455927051672
109.91133896260556
109.90314769975787
110.1309025702331
110.196996996997
108.60121212121211
105.85337423312883
105.58227848101265
105.75317604355718
105.78648974668275
106.14268656716418
106.18122400475342
106.38109393579072
106.56680647094069
106.6773220747889
106.81577363034316
106.9988038277512
107.17235188509875
107.28100659077292
106.87245508982036
106.7395957193817
106.81466030989273
106.99524375743164
107.10966212211025
107.4003537735849
107.48606994665086
107.6700537955768
108.12655233589592
108.17525162818237
108.28816568047337
108.5769459298871
108.79326639102186
108.87573964497042
109.24675324675324
109.3567216981132
109.63630987581313
109.80639431616342
110.06686217008797
110.09389671361502
110.2309509746013
110.58102533883323
110.69126328217237
110.84406379208505
111.11339600470035
111.2019906323185
111.68473777253978
111.82705882352941
112.03603071470762
112.11004784688996
112.3146551724138
112.51470588235294
112.09690177982861
110.91168478260869
109.73618784530387
108.22615803814713
108.03367003367003
108.0312292358804
108.09109042553192
108.23844121532365
108.22595520421606
108.26887417218543
108.43567639257294
108.65721819380356
108.98299542184435
109.01631853785901
109.07436399217221
109.20682862770846
109.14064602960968
109.00983146067415
107.5373364126251
106.37542372881356
105.27375762859634
104.13515754560531
103.71687697160883
103.56382978723404
103.82370153621068
103.94492131616596
104.28039353478567
104.55385684503128
104.6383712905452
104.92569870483982
105.2414030261348
105.43250688705234
105.65997229916897
105.65563380281691
105.77009873060649
105.95741556534509
106.02952602952604
105.87928221859707
105.49912891986062
105.31861471861473
105.32610508757298
105.3898170246619
105.50462962962962
105.65646518745217
105.94209354120267
106.23674655047205
106.49964513839603
106.69042627533193
106.91811242192921
107.11149584487535
107.54847645429362
107.74948805460751
107.85850991114148
108.06126616746086
108.22623178348368
108.54702627939142
108.67609618104667
108.64452554744526
108.68475836431227
108.65274555297756
108.61222847948511
107.48690671031096
106.85277554304102
106.81490015360984
106.96390977443609
107.0109011627907
107.37921146953406
107.56680731364276
107.6931659693166
107.92137931034483
108.14315352697096
108.24033149171271
108.55120274914088
108.83793103448275
108.96201657458563
109.38098542678696
109.54551820728291
109.55703289013296
109.74285714285713
109.85880740233037
109.88614540466392
110.05105513955071
110.1574264202601
110.48233695652175
110.60663507109004
110.12808219178082
105.25068119891009
102.63445945945946
102.94533333333334
103.02366863905326
103.15016393442623
103.57356770833334
103.88461538461539
104.01285347043702
104.23544465770954
104.24457215836526
104.73079365079366
104.9440914866582
105.00318471337579
105.29217059197964
105.44283006948831
105.9029615626969
105.93320730938879
106.04471032745592
106.22278162366268
106.43316519546028
106.67336683417085
106.93174702567313
107.06457680250784
107.37539038101187
107.62273579013117
107.82272159800249
108.02866043613707
108.17196261682243
108.2909429280397
108.40037014188772
108.48605083694979
108.63271604938271
108.84022208513264
109.08599508599508
109.24754901960785
109.47381392483055
109.72222222222223
110.1217870257038
110.26041666666666
110.34603564843269
110.39386503067485
110.96448254745866
111.1134401972873
111.17570900123305
111.22896039603961
109.1819299323909
109.3034398034398
109.5567136725935
109.66524390243902
109.85094685400122
110.15859564164649
110.20472440944883
110.40751970891449
110.48784933171325
110.59129901960785
110.8280487804878
110.98049969530774
111.33596118859916
111.44174757281553
111.72286940527283
111.94621026894865
111.93696450428396
112.31690997566909
112.49605343047966
112.69573170731707
112.77450980392157
112.80024509803921
113.15479115479116
113.54894671623296
113.58979206049149
113.61998685075608
113.89847378898475
114.03340149965916
114.20549927641099
114.46558391337973
113.68128425998434
110.99922898997687
106.82537313432836
106.89416846652267
106.89183531053733
106.89437585733882
107.14237516869096
107.21404903909874
107.61675461741424
107.78074170461939
107.88758169934641
108.16466666666668
108.30151843817788
108.22081218274111
106.2834274952919
104.8391356542617
103.28012519561815
103.28064992614475
103.87592137592138
105.58089668615985
105.59982174688056
105.76994906621393
105.98878205128204
106.24980605120248
106.38278247501921
106.49437359339835
106.48233597692862
106.6483286908078
107.06799450549451
107.20013898540654
107.0238611713666
107.20414201183432
107.53486646884272
107.80903034789046
108.30549450549451
108.48491379310344
108.80989956958393
109.3103448275862
109.54468085106383
109.57183297947628
109.69113573407202
110.02992345163534
110.36878453038673
110.50348675034869
110.60222531293462
110.03398058252426
103.75566231983528
100.6437587657784
99.77266387726638
99.68530997304583
99.77792465300726
100.05974025974027
100.29419272495214
100.74466750313675
100.938125
101.36256948733786
101.56338899196042
101.65356265356266
101.90420988407566
102.16340269277845
102.39303178484107
102.77587262706675
103.08873929008567
103.41172877214416
103.9382640586797
104.16768292682926
104.40609756097561
104.7924297924298
105.02495435179549
105.21017565112052
105.55250305250306
105.81989084293511
105.99939503932245
106.27483241925654
106.6205827650341
106.9494382022472
107.10872395833334
106.9687074829932
105.0050578034682
104.48123123123123
103.43257575757576
103.07714701601165
103.24591280653951
103.42514970059881
103.73087071240106
103.93363695510735
104.10161812297736
104.38150289017341
104.55619781631341
104.87012156110045
105.02425015954051
105.08556832694764
105.13307741522712
105.32140575079873
105.47257653061224
105.720737913486
105.96188055908513
105.98722044728434
106.11033608116676
106.18199112238428
106.24685929648241
106.40689655172415
106.7751256281407
106.99311208515968
107.18632371392724
107.403452685422
107.97252396166135
108.11664482306685
108.54365620736698
108.74844505874222
109.06868131868131
109.35146159075458
109.6632860040568
109.660364618501
106.64946380697052
104.86510067114094
105.1239946380697
105.22911227154047
105.3239159001314
105.6812255541069
105.94235751295336
106.11639871382636
106.31612492033142
106.68555060471039
106.89403553299493
106.89290240811152
107.08507936507937
107.44917407878017
107.69435637285986
107.95875634517766
107.94790996784566
108.09477756286267
108.19282511210761
108.43234536082474
108.63828425096031
108.94178525226391
106.843770174306
104.81174218251437
104.98226725775808
105.05860113421551
105.15360303413401
105.296973518285
105.46712586098936
105.67715544367528
105.96990595611285
106.1541822721598
106.24592220828106
106.55361596009975
106.79153702551338
107.15815691158157
107.3854296388543
107.75046787273862
107.92924232936755
108.2460468058191
108.25699414443721
108.59893404397069
108.5506241331484
108.44928625093914
107.53243670886076
107.12976480129765
106.82484076433121
106.47795823665894
106.43398978847557
106.47860199714694
106.63782274947661
106.86597222222223
106.98266296809986
107.07681660899654
107.29903314917127
107.54495159059474
107.81210855949897
107.81367759944173
107.90283687943263
108.10964912280701
107.76533742331289
106.70291568163908
105.93438735177865
105.07861635220127
104.47530864197532
104.5911111111111
104.66519174041298
104.84318016046682
105.08585858585859
105.37304964539007
105.55594405594405
105.68258426966293
105.8972027972028
106.08072372999304
106.19916724496878
106.5090782122905
106.61881533101045
106.69819193324062
106.71269177126918
106.93850454227812
107.05951557093425
107.32780082987551
107.5825968728756
107.85541358439812
107.92948287441236
108.1867469879518
108.37944929482875
108.6522893165229
108.93486842105264
109.14809960681521
109.20470896010465
109.59397511460381
109.83267973856209
107.95126705653021
108.23166023166023
108.42173350582146
108.57087378640776
108.73677419354838
108.92930591259639
108.95115681233933
109.30484693877551
109.67391304347825
109.75510204081633
109.9638783269962
110.12083071113908
110.2801751094434
110.46817895400126
110.65589353612168
110.82360406091371
111.01075268817203
111.396083385976
111.4493670886076
111.6254752851711
111.8117128463476
112.05110410094638
109.58875552747946
107.05871330418489
107.64094586185439
107.61324257425743
107.80074028377544
107.87770228536134
108.23091020158827
108.38522588522588
108.50700792199879
108.71227855833843
109.01165644171779
109.29214850882532
109.49178332318928
109.7431360585723
109.87545565006076
110.07766990291262
110.24728588661037
110.38199513381994
110.6418547895058
110.78060606060606
110.79171741778319
111.26768292682927
111.48233861144945
111.68162261831591
109.39476885644768
107.21511985248924
107.35294117647058
107.43815384615385
107.61757425742574
107.816
108.14250764525994
108.22310513447434
108.54120541205413
108.79044117647058
108.79546846295162
109.22638036809816
109.30613496932514
109.5990159901599
109.68788249694003
110.16301703163018
110.29713239780354
110.55061728395061
110.75199508901167
110.89567901234568
111.13689379987723
111.17345679012345
111.64357053682896
111.72291407222914
111.98815461346634
112.20251572327044
111.03950777202073
109.46181046676097
108.1234375
107.41746794871796
106.91002367797948
106.46884498480243
106.56877323420073
106.6142754145638
106.98036465638148
107.24982406755805
107.46957123098201
107.77701307639367
107.96793997271487
108.17615176151762
108.34438430311232
108.43360433604336
108.92948287441236
109.03656914893617
109.3016835016835
109.36144578313252
109.5056856187291
109.79880873593646
109.9388157894737
110.23421052631579
110.4223850766156
110.90668431502317
111.10072895957587
111.24800531914894
111.45026525198939
111.5837193911317
111.6507304116866
112.0112582781457
112.27770360480642
112.49239920687376
112.49207397622193
108.83970976253298
106.91639236339697
107.21770491803278
107.22650130548303
107.5
107.61642949547219
107.92568448500651
108.326171875
108.58371040723982
107.41863605671844
106.267004341534
105.85130970724191
105.35094339622641
105.51285714285714
105.79421654337592
105.94211195928753
106.30713422007256
106.35035629453682
106.43952802359883
106.32805164319248
105.57378012933569
105.80542452830188
105.83343177790903
106.1348182883939
106.33216168717047
106.74159292035398
106.79105356091819
106.9412449098313
106.94976635514018
107.40946261682242
107.6518691588785
108.02200347423278
108.23522595596756
108.43804034582132
108.71793383633198
108.93645291738879
109.05481823427581
109.34919724770643
109.69826589595377
109.87137891077637
109.95710144927537
110.32036613272311
110.58126084441874
110.90746096009254
110.9380787037037
111.18932874354562
111.31708715596329
111.56386651323359
108.737998843262
106.89597701149425
107.0454807138745
107.11021350259665
107.41498559077809
107.48535324526134
107.80578034682081
107.99363794100637
108.21691599539702
108.36180034622043
108.69235259778168
108.77953216374269
108.88578088578089
109.1184668989547
109.26352530541013
109.43720930232558
109.56917688266199
109.74011627906977
109.89825581395348
110.12521739130435
110.25058139534883
110.60350877192982
110.65131195335277
110.88538011695906
110.91042154566745
111.14795321637428
111.48888888888888
111.65813953488373
111.75817757009347
111.9036214953271
112.3622508792497
112.52899824253075
112.68683901292597
112.86729301233117
112.9906048150323
113.25265643447462
113.0287727539636
109.77270064440539
107.71754385964913
107.82577987051206
107.91617819460727
108.20140515222482
108.24824766355141
108.56037514654162
108.78848413631022
108.94604105571847
109.21553738317758
109.52948113207547
109.6487919858574
109.79717813051147
110.1169900058789
110.22533566841798
110.57748968768415
110.68661971830986
110.80152224824356
110.9846878680801
111.18048206937095
111.53950471698113
111.66156562683932
111.88731563421828
111.92675723567632
112.24070796460177
112.37152982870643
111.76196101594803
109.81227863046044
110.12884160756502
110.2309509746013
110.41246290801186
110.61762954139368
110.73154761904762
110.91966922622564
111.00236546422235
111.37173396674584
111.57947805456702
111.7846975088968
111.89285714285714
112.10303752233472
112.39228486646884
112.53635280095352
112.79976232917409
112.87283582089552
113.04425837320574
113.1276213301378
113.52406738868834
113.82052821128451
113.86995785671283
113.86734693877551
111.39797739440809
110.91836734693877
111.0631389055923
111.14448441247002
111.26306306306307
111.70712560386474
111.77363034316676
111.83826191913096
112.03010234798315
112.14398064125831
112.54661016949152
112.65479782739891
112.9493670886076
113.08805790108565
113.47435123717563
113.568401937046
113.8086642599278
114.11891891891892
114.27420324714372
114.56354916067147
114.64822609741431
114.84096385542168
115.11177884615384
115.36176648517846
115.59783263094522
115.80420420420421
116.0223700120919
116.2037484885127
116.15153337342153
112.18192698982645
109.8441247002398
110.22242206235012
110.23049219687874
110.33172496984318
110.5447400241838
110.73426150121065
110.93236714975845
111.06234866828086
111.46289537712894
111.63509411050396
111.85895117540687
112.02841596130592
112.0677966101695
112.48728813559322
112.67755595886268
112.72249093107618
112.96745027124774
113.04166666666666
113.12401215805471
110.81896024464831
108.33495145631068
108.22705314009661
108.2599517490953
108.39406779661016
108.47876213592232
108.70950060901339
108.79270516717325
108.96652465003044
109.14406779661016
109.66646415552856
109.78250303766707
109.8898356664638
110.12629022465089
110.46534056660639
110.65212121212122
110.79672330097088
110.96034167175107
111.23497267759564
111.32803909590714
111.65717821782178
111.68271604938272
111.7859346082665
111.90774907749078
112.18803418803418
112.26132190942472
111.61145320197045
109.4214675560946
109.7849725106903
109.74112607099144
109.81265206812651
109.98776758409787
110.1726226529376
110.38037552998182
110.69575757575757
110.88983050847457
111.06139817629179
111.3861861861862
111.63246831623417
111.66385033192518
111.92140266021765
111.9927140255009
112.33493975903615
112.36769138034961
112.66686674669867
112.75828812537674
110.59480676328502
108.79769836462751
108.76923076923077
108.85003035822709
108.89305135951662
109.16173808086904
109.23021582733813
109.58774038461539
109.83072289156627
109.86751361161524
110.13417569193743
110.20205066344994
110.48767288033673
110.6950998185118
110.77475845410629
111.02235649546827
111.30916716596764
111.65562913907286
111.8066066066066
111.94316807738815
112.17618761274804
112.23823884197829
112.63154726068633
112.80385078219012
112.86581663630844
113.08529048207663
111.93349603416718
110.2583182093164
110.07393939393938
110.20777642770352
110.27636363636364
110.5441803778184
110.62172056131789
110.87598784194529
111.00305436774588
111.45476772616138
111.68236714975845
111.7939393939394
112.06807228915662
112.1800120409392
112.56634499396864
112.65444711538461
112.85247883917775
112.98851963746223
109.23128019323671
106.70722891566265
106.73044524669073
106.88178528347407
106.9368932038835
107.2082076041038
107.3373712901272
107.67136725935009
108.15970961887477
108.24242424242425
108.58282582216809
108.76323797930615
109.06630170316302
109.29600484261502
109.60922330097088
109.6709323583181
109.93856447688565
110.35714285714286
110.61627200971463
110.56891317547056
107.26509661835749
105.12016908212561
105.2762598664238
105.44031668696712
105.6158536585366
105.70552519732848
106.28580134064595
106.45815516188149
106.66666666666666
106.87667071688944
107.1478787878788
107.50182260024302
107.57404021937842
107.85532687651332
108.12492419648271
108.45376607470912
108.62400489895897
108.87439024390244
108.91304347826087
109.29859841560025
109.52525867315885
109.64666258420085
109.94071385359952
110.08014571948999
110.53203172666261
110.65201465201466
110.90285367334548
111.00060827250608
108.26029055690073
106.32361870066788
106.64492307692308
106.69065190651907
106.75322283609577
107.13357619914997
107.26576852418862
107.66871542716657
107.70288520564765
108.18753817959683
108.24277811923787
108.57836508912108
108.65825123152709
108.92524509803921
109.25503355704697
109.49664019547953
109.60318432333129
109.85958485958486
110.1412051125989
110.40036674816625
110.5916870415648
110.8131868131868
108.82123245881635
108.09613059250302
108.20611620795107
108.37295330503335
108.71142162818956
108.77148080438758
109.16737416616131
109.31479217603912
109.58399511301161
110.0973828362751
110.18054711246201
110.3862947240752
110.58591378263509
110.69123020706456
110.94685400122174
110.83058103975534
109.59006211180125
108.86616161616162
107.66624605678234
107.7582760774516
107.96029776674938
108.07844348363187
108.4033561218148
108.56133828996283
108.7578947368421
108.96032238065716
109.32774674115456
109.66687306501548
109.75417956656347
109.88468691878487
110.05282784338098
110.49234537660747
110.58754623921085
110.80923076923077
111.018281535649
111.40428134556575
111.69926199261992
108.76019476567255
106.626902008521
106.61266747868453
106.61971830985915
106.65278628291489
106.90554539914686
107.2280701754386
107.59380692167576
107.91399152029074
108.14885954381754
108.52192448233862
108.72363636363636
108.76563448694597
109.14774774774776
109.3608931804466
109.61040532365396
