110.33731617647058
110.46047794117646
110.56879039704525
110.72878228782288
110.8639705882353
111.03024747937673
110.49678012879485
107.9302536231884
107.6513098464318
107.62782294489611
107.7945945945946
107.92972972972973
108.00723327305606
108.07427536231884
108.13466787989081
108.29049773755656
108.4268846503179
108.61462093862815
108.67902350813743
108.9465095194923
109.0587172538392
109.07608695652175
109.1622846781505
109.21129326047358
109.35519125683061
109.41416893732969
109.62171945701357
109.72086720867209
109.84510869565217
109.89159891598916
110.01808318264014
110.09845031905196
110.2003659652333
110.23330283623056
110.3688524590164
110.05818181818182
108.33938294010889
108.56317689530687
108.68378378378378
108.83182640144665
108.98464317976513
109.03697024346258
109.14259927797835
109.20545454545454
109.29246139872842
109.41090909090909
109.60611510791367
109.78694469628286
109.94262295081967
109.98271155595997
110.10778985507247
110.23518687329079
110.25296803652968
110.28846153846155
110.38117001828154
110.74155251141553
110.8605504587156
110.95442114858706
111.10783410138248
111.21719038817005
111.23225806451613
111.3725671918443
111.4203036053131
111.4203036053131
111.4203036053131
111.4203036053131
111.4203036053131
111.4203036053131
109.5
109.5
109.5
110.50822368421052
111.27576601671309
111.54011976047904
111.69495166487647
112.00101214574899
112.21021611001964
112.31346153846154
112.53801732435034
112.75165250236071
112.79981114258734
113.03558052434457
113.13333333333333
113.19962511715089
113.36807511737089
113.53001876172607
113.67296786389414
114.09159584513692
116.13973384030419
116.8720152817574
117.22275334608031
117.51043643263756
117.54166666666666
117.67013232514178
117.70710900473934
117.90589353612168
117.92904446546831
118.08333333333334
118.21032504780115
118.58245948522402
118.64605137963844
118.86468330134358
118.93056894889102
119.08196721311475
119.23500967117988
119.3076923076923
119.45686274509804
119.63381642512077
119.86808923375364
119.85589941972921
118.74056147144239
116.22392344497608
116.09229305423406
116.11965811965811
116.16267942583733
116.42432950191571
116.50286806883365
116.82600382409177
116.85057471264368
117.04138594802694
117.20270270270271
117.28239845261122
117.3996120271581
117.56923076923077
117.75409836065575
117.79287090558768
116.32142857142857
113.88625592417063
113.75094696969697
113.77492877492878
113.85809523809525
113.92060491493385
114.18957345971563
114.33805476864967
114.60680529300566
114.64895635673625
114.76660341555977
114.97019230769232
115.11196172248805
115.40747842761266
115.56816015252622
115.6352380952381
115.73212583412774
115.89082125603865
115.96724470134875
116.04688995215311
116.39071566731141
116.535953978907
116.59846301633044
116.5159420289855
114.46227316141356
114.22075471698113
114.43696682464454
114.4957345971564
114.6404174573055
114.7258064516129
114.83760683760684
114.94428706326724
115.137347130762
115.34724857685009
115.45263157894738
115.59354226020892
115.73714285714286
115.82139446036294
115.88190476190476
116.02188392007612
116.28937381404174
116.00766283524905
113.57572906867357
112.41225626740948
112.64507042253521
112.75258701787394
112.8946877912395
113.00558139534883
113.24976613657624
113.31780055917987
113.49021435228332
113.65176908752328
113.7474081055608
113.92830540037244
114.17977528089887
114.2794800371402
114.3941947565543
114.41908325537887
114.61387066541707
114.72075471698113
114.75093984962406
113.85004686035614
112.15106580166821
112.2330547818013
112.32282003710574
112.50887021475256
112.67947516401125
112.74349442379182
113.03342618384401
113.14219330855019
113.12360594795538
113.34267040149393
113.44175209692452
113.49860205032618
113.66760299625469
113.7977632805219
113.97028783658311
114.01397949673812
114.11966604823748
114.32063197026022
114.45623836126629
114.48701298701299
112.53525046382188
112.22374429223744
112.30797433547204
112.41436464088397
112.52350230414746
112.73952641165755
112.99080882352942
113.06341911764706
113.17798165137614
113.32380073800738
113.39944649446494
113.48007414272475
113.61488970588235
113.90515653775321
114.05627306273063
114.25908667287977
114.34782608695653
113.87569573283858
111.7103825136612
111.6842584167425
111.76454545454546
111.92909090909092
112.06215722120658
112.16090909090909
112.36798528058878
112.5348623853211
112.79014598540147
112.94597069597069
112.99725776965265
113.09798534798534
113.17371323529412
113.35299539170506
113.47548566142461
113.61488970588235
113.90774907749078
113.98071625344352
114.11531365313652
114.13691026827013
114.28571428571428
114.4317548746518
114.54613233923578
114.67166979362102
114.97488372093022
115.00657894736841
115.1511737089202
115.20452403393026
115.41713747645952
115.50982226379794
115.62770970782282
115.74123222748815
115.92666666666668
116.15458015267176
115.31649189704481
113.27679403541472
113.40409683426444
113.42936802973978
113.72097378277154
113.82677902621722
114.01958955223881
114.1994382022472
114.36685288640595
114.46060037523452
114.70900473933649
114.77914691943127
115.01218369259607
115.13195098963243
115.20978363123237
115.34178403755868
115.6055133079848
115.74524714828897
115.78937381404174
115.95114942528735
116.10104861773118
116.25143403441683
116.29923518164435
116.29923518164435
113.8220742150333
112.19457436856877
112.31326434619004
112.57855126999058
112.65569143932268
112.86817325800376
113.10188679245283
113.23352165725046
113.26810912511759
113.39810426540285
113.67016205910392
113.7157794676806
114.0142857142857
114.13068181818181
114.265595463138
114.33650190114068
114.57894736842105
114.63374880153404
114.75915221579962
114.8900675024108
115.04597701149424
115.26864244741873
115.34641148325359
115.5624394966118
115.61062801932367
115.70553935860059
115.7990099009901
113.96564417177913
110.76923076923077
109.55387205387206
109.52868217054264
109.68715846994536
109.74374255065554
109.83590308370044
110.12275132275133
110.36912065439674
110.66064257028113
110.9706457925636
111.1614785992218
111.28265107212476
111.63310745401742
111.81495685522532
111.95028680688335
112.19942473633749
112.31004784688994
112.47692307692307
112.89163498098858
113.00759013282732
113.22657743785851
113.35227272727272
113.46285714285715
113.60189573459715
113.74310180780209
113.98671726755218
114.05508072174739
114.36641221374046
114.23069590085797
111.88385269121812
111.04494382022472
111.22910798122066
111.32612781954887
111.5
111.67608286252354
111.91044776119404
112.10046948356808
112.22910798122066
112.26246472248354
112.5551330798479
112.63507109004739
112.68560606060606
113.02646502835539
113.13232514177693
113.24573055028463
113.37251184834123
113.55215311004784
113.66186359269932
113.76459330143541
114.02396931927133
114.11439466158245
114.23069590085797
114.32468780019212
111.7406340057637
110.5080875356803
110.78982092365692
110.96435272045028
111.16619452313503
111.2382297551789
111.29367327667612
111.5499524262607
111.68034351145039
112.02455146364494
112.12830188679246
112.24105461393597
112.33050047214354
112.51717557251908
112.59333333333333
112.78
112.96789423984892
113.15610217596972
113.37653736991486
113.41405508072174
113.5933014354067
113.70896946564886
113.86774500475738
114.07751196172248
113.05887939221273
111.48162111215834
111.59005628517824
111.92018779342723
112.07685098406748
112.16792452830188
112.28895184135978
112.46428571428572
112.60996240601503
112.73295454545455
113.01420454545455
113.12204351939451
113.28341232227488
113.38140417457305
113.51235741444867
113.67812798471824
113.87322611163671
114.00095147478592
114.14123222748816
114.25095419847328
114.3489037178265
114.63496637848223
114.77416267942584
114.90192307692308
114.98841698841699
113.17080152671755
110.82166199813258
110.57249766136576
110.63104089219331
110.84151992585728
111.13682277318641
111.29166666666666
111.42460684551341
111.56626506024097
111.72701949860723
111.96465116279069
112.11193339500463
112.19814814814815
112.53551401869159
112.74721189591078
112.94814814814815
113.09916589434661
113.21468401486989
113.3705772811918
113.53089887640449
113.62768942937325
113.84709193245779
114.11770244821092
114.18949343339588
113.54347826086956
111.01940850277265
110.6669741697417
110.78591288229842
111.02867715078631
111.25624421831637
111.34714548802947
111.63738317757009
111.76048462255359
111.96860572483841
112.08973172987973
112.25833333333333
112.34227567067529
112.56837209302326
112.6091846298032
112.68779123951538
113.12406716417911
113.21302325581395
113.27518656716418
113.47333956969129
113.60432330827068
113.70056497175142
113.8169014084507
114.11947318908749
113.70112781954887
110.80669144981412
111.04186046511629
111.21302325581395
111.26598702502318
111.42105263157895
111.63508442776735
111.72523364485981
111.96840148698885
112.19384902143523
112.30176415970288
112.40578358208955
112.66541705716963
112.7019867549669
112.89024390243902
113.10808270676691
113.20394736842105
112.1219512195122
109.82488479262673
109.96851851851852
109.99906716417911
110.12407407407407
110.24192059095105
110.36126629422719
110.50740740740741
110.62918215613382
110.93581395348838
111.02429906542056
111.27835051546393
111.34086629001882
111.4386129334583
111.50281425891183
111.77401129943503
111.92627599243856
112.04605263157895
112.22296015180265
112.35984848484848
112.47318908748824
112.74642516682555
112.80938697318007
113.04580152671755
113.13806327900288
112.46907706945765
110.22723004694836
110.1252336448598
110.23292797006548
110.32830188679245
110.52412488174078
110.65370018975332
110.74976303317536
111.03323836657171
111.21286660359507
111.31079812206573
111.41461100569259
111.68666666666667
111.78510028653295
112.03901046622263
112.18277511961722
112.31054131054131
112.40663507109005
112.51566951566952
112.44179389312977
109.93578847969783
109.47483380816715
109.54674220963173
109.69961977186313
109.86610486891385
110.05926622765757
110.08893093661305
110.23746452223273
110.35557673975214
110.47623574144487
110.71428571428572
110.99714557564224
111.13753581661891
111.27471482889734
111.4054054054054
111.50047938638542
111.64985451018428
111.8842105263158
112.07129094412332
112.25143953934742
112.41458733205374
112.58634146341464
112.68677042801556
111.09875359539788
109.18803418803418
109.14962121212122
109.24501424501425
109.4090909090909
109.65556612749762
109.85104364326375
110.0321361058601
110.25378787878788
110.31439393939394
110.41086749285034
110.69274809160305
110.84351145038167
111.06932573599241
111.27011494252874
111.36053130929791
111.45152091254752
111.60077145612343
111.7070805043647
111.95781399808246
111.38974854932302
110.03247373447947
110.21122740247384
110.34348239771646
110.54702495201536
110.62596153846154
110.92278360343184
111.03912213740458
111.2048076923077
111.26290630975143
111.42296650717704
111.67884615384615
111.72184793070261
112.03643336529242
112.16314779270633
112.23653846153846
112.36381135707411
112.02413127413126
109.5538608198284
109.05743879472692
109.24741298212606
109.33491012298958
109.4928639391056
109.85321969696969
109.89857819905214
110.04170616113744
110.2476370510397
110.36166194523135
110.42789373814043
110.7902764537655
110.90702087286527
111.14
111.26970560303894
111.3684710351377
111.53986551392892
109.97153700189753
108.76553672316385
109.01599247412983
109.17342130065975
109.2532956685499
109.44045368620039
109.61823361823362
109.76348155156103
109.99905303030303
110.08041627246925
110.21361058601134
110.29791271347248
110.64605137963844
110.70265151515152
110.97537878787878
111.09401709401709
111.17172675521822
111.33333333333334
111.4452901998097
111.6338432122371
111.73532242540904
111.8235294117647
109.9367327667611
109.33270321361059
109.47483380816715
109.6692087702574
109.80943396226415
109.99243140964995
110.12287334593573
110.2687559354226
110.44190476190477
110.56555023923445
110.8932316491897
111.10571428571428
111.20132953466288
111.29389312977099
111.39961759082217
111.63346228239845
111.96285714285715
112.10038240917783
112.21394460362941
112.30259365994236
112.41402497598463
112.58840579710144
110.94502369668245
109.25495750708215
109.43181818181819
109.69725638599812
109.84948259642522
110.05103969754254
110.23412322274882
110.33144475920679
110.44454976303317
110.68281101614434
110.87145557655955
111.05203405865657
111.2254995242626
111.31155303030303
111.45333333333333
111.68068833652008
111.80094786729858
110.00560224089637
108.8076923076923
108.97750702905341
109.05159474671669
109.34205607476636
109.5
109.77861163227017
109.94761459307765
110.10289990645464
110.1654135338346
110.27255639097744
110.4154135338346
110.76886792452831
110.94569288389513
111.04029990627929
111.2165725047081
111.28584905660378
111.41706161137441
111.60019083969465
111.89697542533082
111.97251184834124
109.890462700661
108.79775280898876
108.84240150093808
108.93638914873713
109.08161350844279
109.23308270676691
109.4122641509434
109.49249530956848
109.82784571966133
109.93245778611632
110.25
110.34864104967198
110.4296435272045
110.55208333333334
110.84240150093808
110.97659176029963
111.09877704609596
111.25188679245284
111.34492481203007
111.48487712665406
111.70454545454545
111.95098963242225
111.82408278457197
109.29356943150046
108.15813953488373
108.27818853974122
108.52903225806452
108.81792975970424
108.91211840888067
109.12115563839703
109.2099343955014
109.3293023255814
109.59141791044776
109.80992509363296
109.95648148148149
110.15813953488373
110.29500471253534
110.33427230046948
110.16729323308272
108.26018518518518
108.27458256029685
108.48987108655618
108.64879852125694
108.8140610545791
109.03333333333333
109.2377428307123
109.36944444444444
109.51574074074074
109.71258034894399
109.82146160962071
110.01860465116279
110.08093023255813
107.71769019248396
105.77898550724638
106.02547770700636
106.21846435100548
106.38125568698817
106.58711433756807
106.80618744313011
107.00638686131387
107.15132178669097
107.29254829806808
107.52795600366636
107.83531564501372
108.03853211009175
108.23034227567067
108.26641998149861
108.575
108.47251687560271
107.5632183908046
107.5632183908046
107.5632183908046
107.5632183908046
107.5632183908046
107.5632183908046
106.06343906510851
106.60632183908046
106.9948051948052
107.38452655889145
107.64565217391305
107.87590486039298
108.13741223671013
108.54439024390244
108.81976744186046
109.03901046622263
109.18138651471985
109.31161473087819
109.50842696629213
109.8653483992467
109.96713615023475
110.24976525821597
110.35801312089973
110.7578051087985
110.98968105065666
111.08903467666354
111.26553672316385
111.44706994328922
111.66445497630332
112.01792452830189
110.96124763705103
108.3906103286385
108.41635338345864
108.42268041237114
108.80952380952381
109.01308411214953
109.16791044776119
109.35747883349012
109.63172804532579
109.88295880149812
110.05440900562851
110.15566037735849
110.34749763928235
110.47735849056605
110.71062618595826
110.9210275927688
111.13238095238096
111.37344794651385
111.47764034253092
111.49701789264414
111.06529625151148
110.1011608623549
110.1011608623549
110.1011608623549
108.74572127139365
109.29702970297029
109.97076923076924
110.4993006993007
110.65517241379311
110.849234393404
111.26845637583892
111.40631808278867
111.6522198731501
111.86929460580913
112.11812627291243
112.48585858585858
112.56024096385542
112.68968968968969
113.04676616915424
113.1513353115727
113.42686567164179
113.55577492596248
113.78571428571428
113.85387673956262
114.32640949554896
114.40158259149356
114.57171117705242
114.76785714285714
114.92603550295857
115.07905138339922
115.42998027613413
115.64880952380952
115.72898120672602
115.80159521435692
114.14328063241106
113.54950495049505
113.65350444225075
113.74311023622047
113.90891283055828
114.04851485148515
114.18467583497053
114.46948818897638
114.62623274161736
114.77954319761668
114.97718253968253
115.05654761904762
114.959
112.6019801980198
111.0265748031496
110.75317073170731
111.05083088954058
111.33267909715407
111.49027237354085
111.6689453125
111.775390625
112.09853658536585
112.40508806262231
110.86634146341464
109.45650048875855
109.7076923076923
109.93339768339769
110.19033816425122
110.46984435797665
110.69932104752667
110.80407371483996
111.01932367149757
111.37123420796891
111.5377176015474
111.68701550387597
111.88468992248062
112.11361410381978
112.44466019417476
112.52958292919496
112.67251461988303
112.81951219512194
112.93579766536965
113.17958783120707
112.37549019607843
110.13719806763285
110.03650336215178
110.24368932038834
110.45161290322581
110.59454191033139
110.69170731707317
110.88315481986368
111.23615160349854
111.46731707317073
111.6217008797654
111.69785575048732
111.83464566929135
112.1843137254902
112.2983316977429
112.47224926971762
110.7470703125
109.47195357833655
109.73313782991202
109.86943907156673
110.21352657004832
110.39611650485438
110.54898157129
110.67704280155641
110.83381924198251
111.07736943907156
111.351403678606
111.58869395711501
111.67219512195122
111.801766437684
112.0765503875969
112.22114451988361
111.3679060665362
108.96267942583732
107.97707736389685
108.15574548907883
108.41978866474544
108.57456978967495
108.7721639656816
109.02192564346997
109.09410646387832
109.2337786259542
109.45071770334928
109.64773820981713
109.96934865900383
110.09082217973231
110.2595785440613
110.2595785440613
108.27946768060836
107.13035204567079
107.40645773979108
107.59505703422053
107.78104265402843
108.08960915157293
108.23818525519849
108.46991404011462
108.64401913875598
108.77233429394812
109.00574712643677
109.15472779369628
109.26310772163966
109.50144369586141
109.81871345029239
109.40149892933619
108.71362940275651
108.71362940275651
108.71362940275651
108.71362940275651
108.71362940275651
106.74334140435835
107.150390625
107.828125
108.20530726256983
108.28463476070529
108.35384615384615
108.77740112994351
108.92911668484187
109.15491452991452
109.40296924708377
109.60542797494782
109.89387755102041
110.10536980749747
110.24221105527639
110.53266331658291
110.60778443113773
110.81970443349753
111.02152641878669
111.21616358325218
111.40569744597249
111.57478005865103
111.68132942326491
112.00096339113679
112.09537572254335
112.25918762088975
112.52394916911047
112.66828793774319
112.73807205452775
113.02804642166345
113.24732229795521
113.2705078125
112.57171717171718
110.73696145124717
108.85546875
107.59701492537314
105.93137254901961
105.93137254901961
104.04504504504504
103.60220994475138
103.64646464646464
104.11111111111111
103.76442307692308
104.58173076923077
104.21176470588236
104.21176470588236
104.21176470588236
104.8882175226586
104.96176470588236
105.2450704225352
105.17977528089887
105.17977528089887
105.4016620498615
106.02849740932643
105.54933333333334
105.54933333333334
105.54933333333334
105.5920177383592
105.86947791164658
106.35583941605839
106.644128113879
106.89333333333333
107.01477832512316
107.20616883116884
107.42586750788644
107.82477341389728
107.9745889387145
108.070796460177
108.20614035087719
108.59280575539569
108.88526912181302
109.03511235955057
108.99178082191781
109.17414965986394
108.72991689750693
106.91440798858773
107.03518267929635
107.4089709762533
107.51085568326948
107.8667496886675
108.14514145141452
108.4780487804878
108.6109756097561
108.74608904933814
109.00362756952842
109.0940892641737
109.38305489260142
109.5511432009627
109.69156626506023
109.79976019184653
110.02983293556086
109.82367149758454
107.675
107.97177914110429
108.11042183622828
108.3644171779141
108.70924574209246
108.7046568627451
108.77149877149877
108.92874692874693
109.10163111668757
108.86580086580086
107.63908450704226
107.63908450704226
104.50515463917526
104.50515463917526
104.50515463917526
104.50515463917526
104.50515463917526
104.50515463917526
104.50515463917526
104.50515463917526
104.50515463917526
104.50515463917526
104.50515463917526
104.50515463917526
104.50515463917526
104.50515463917526
104.50515463917526
104.50515463917526
104.50515463917526
104.50515463917526
104.50515463917526
104.50515463917526
104.50515463917526
104.50515463917526
104.50515463917526
104.50515463917526
104.50515463917526
104.50515463917526
104.50515463917526
104.50515463917526
104.50515463917526
104.50515463917526
104.50515463917526
104.50515463917526
104.50515463917526
104.50515463917526
104.50515463917526
104.50515463917526
104.50515463917526
104.50515463917526
104.50515463917526
104.50515463917526
104.50515463917526
104.50515463917526
104.50515463917526
104.50515463917526
104.50515463917526
104.50515463917526
106.52000000000001
106.31
106.31
106.31
107.8771551724138
108.23333333333333
108.51885098743267
108.74285714285713
108.97939778129953
109.19565217391305
109.52141802067948
107.83968253968254
106.37301587301587
107.33288948069242
107.77859778597787
108.34597156398104
108.69520547945206
109.04625550660793
109.37446351931331
109.67640918580375
110.07597535934292
110.80125523012552
112.49413020277481
113.37350597609561
113.86457311089303
114.30723488602577
114.58399209486166
114.85840707964601
115.18326693227093
115.38392857142857
115.68787276341948
116.01789264413519
116.22011952191235
116.39004975124378
116.62825651302606
116.88035892323032
117.14228456913827
117.30110775427997
117.41141141141142
117.7079107505071
114.57227138643069
112.60097560975609
112.89051808406647
113.14622178606477
113.28908554572271
113.66828793774319
113.77875243664718
113.89658536585367
114.30844793713163
114.50242954324587
114.72647914645975
114.74609375
115.03634577603142
115.22879684418146
115.40864440078585
115.68093385214007
115.74243902439025
115.61208576998051
112.15087040618955
110.29619047619047
110.6468330134357
110.68761904761905
110.89733840304183
111.16491897044804
111.49759846301633
111.66761904761904
111.95920303605314
112.16460513796385
112.45375722543352
112.57211079274117
112.73739295908658
112.87858508604207
113.11692015209125
113.4616122840691
113.65192307692308
113.90926640926641
116.1342412451362
118.03627450980392
118.12823061630219
118.4751984126984
118.61493123772102
118.9312377210216
119.1786771964462
119.38316831683169
119.66500994035786
119.83829365079364
120.18343195266272
120.31448412698413
120.46069651741294
120.72289156626506
120.88223552894212
121.11776447105788
121.32139303482586
121.76084762865793
121.87863590772318
122.14744232698095
122.33832335329342
120.82064128256513
117.61154598825831
117.11930164888457
117.28082191780823
117.36328125
117.70905587668594
117.86717998075072
118.02812803103782
118.26155358898723
118.40975609756097
118.48590864917395
118.8134110787172
119.02726387536515
119.15964740450539
119.36666666666667
117.66731328806983
115.75378787878788
115.88803827751195
115.96003805899144
116.1104707012488
116.3953934740883
116.55650522317188
116.83269598470363
117.00095969289828
117.26153846153846
117.3827519379845
117.58755980861244
117.1125
114.81001890359168
113.64172123479888
113.81185324553152
113.93826005612722
114.20243673851921
114.4624060150376
114.59754948162112
114.7535145267104
114.92127460168697
115.05352112676056
115.38746438746439
115.59245283018868
115.72710103871577
115.86698113207547
114.81947069943288
112.42616822429906
111.94085027726433
112.0585501858736
112.12894248608535
112.33797585886722
112.4414498141264
112.7977632805219
112.98792943361188
113.14944649446494
113.31337698783909
113.55857544517337
113.61761949390815
113.78942398489141
112.92
110.58926919518964
110.01116279069768
110.07940904893813
110.1867525298988
110.46359447004608
110.5719557195572
110.87476979742173
111.06654343807764
111.18207024029576
111.36641929499072
111.65334572490707
111.93849021435229
112.07892293407613
112.1632462686567
111.40525328330207
108.06024096385542
106.2931506849315
106.49771271729185
106.65356489945155
107.1576535288726
107.27634011090572
107.35786568537259
107.61090573012939
107.99079189686924
108.2118408880666
108.31977818853974
108.56837209302326
108.87791239515377
109.1630740393627
109.30382106244176
109.50187265917603
109.79925303454715
109.98402255639098
110.18761726078799
110.30169172932331
110.57156308851225
110.97533206831119
109.67485822306239
108.57276995305165
108.86834733893556
109.0952380952381
109.27985074626866
109.41548630783758
109.6531190926276
109.79923882017127
110.20715630885122
110.34363295880149
110.51142857142858
110.77609108159393
111.03125
111.27783063748811
111.3601134215501
111.70909090909092
111.77607655502392
112.22105263157894
112.30047846889951
112.58181818181818
112.7579250720461
112.52413127413126
110.57864632983794
110.63823805060917
110.81715362865222
111.09322033898306
111.44784688995216
111.65061378659112
111.8473933649289
112.17613636363637
112.30471698113207
112.6510067114094
112.77354900095148
112.97403846153847
113.3092293054234
113.61959654178673
113.71884057971015
113.9322362052275
114.14736842105263
114.25168107588857
114.54941860465117
112.52053486150908
110.79107312440647
111.07582938388626
111.260663507109
111.52661596958174
111.69383886255923
111.83159886471145
112.17234848484848
112.31054131054131
112.59043062200956
112.70638703527169
112.8993288590604
113.27889207258835
113.54903846153846
113.71166827386693
113.84046692607004
114.15930902111324
114.30172413793103
114.48440545808967
114.68774319066148
114.71622934888241
115.04398826979472
114.35265225933202
112.16265640038498
111.62271414821944
111.72275334608031
111.84276126558007
112.17270992366412
112.28831417624521
112.60873786407767
112.8198458574181
113.10434782608695
113.34723569350146
113.5810546875
113.6809756097561
113.86777668952007
114.02434274586173
114.36796116504854
114.65980392156862
112.57771260997067
109.19410085632731
106.40113528855251
106.50807217473884
106.63558515699333
107.01677539608573
107.19418386491557
107.47097378277154
107.92264150943396
108.17847025495752
108.41856060606061
108.72243346007605
108.98290598290598
109.15283018867925
109.41110065851365
109.60057471264368
109.76026743075454
110.12297426120114
110.28395061728395
110.53008595988538
110.7831094049904
110.87272727272727
111.17353787152445
111.33745247148289
111.57034220532319
111.76181292189007
112.07054337464251
112.26724137931035
112.25431861804222
109.53663177925785
107.8512241054614
108.14352720450282
108.1588785046729
108.37005649717514
108.6
108.95454545454545
109.08683473389357
109.29737335834898
109.52313503305004
109.67958412098298
109.99154929577465
110.19342723004695
110.27264150943395
110.52711703139866
110.80688336520078
110.63333333333333
108.39793038570085
107.29821260583255
107.62381852551985
107.66041275797373
107.89478584729981
108.07642124883503
108.22201317027282
108.51701323251419
108.60832544938505
108.78125
109.01693320790216
109.18473138548539
109.42735042735043
109.58633776091082
109.75734597156398
110.16571428571429
110.35255198487712
110.64272030651341
110.90857142857143
111.10921177587844
111.26003824091778
109.53591682419659
108.93539325842696
109.11710037174721
109.40806754221389
109.64794007490636
109.92041198501872
110.04985888993414
110.23026315789474
110.50564971751413
110.7695939565628
111.01600753295668
111.20563380281689
111.66888677450048
111.85928705440901
112.13051643192489
112.29245283018868
112.43320610687023
112.79656160458453
113.05028462998102
113.1
110.97069943289225
109.97846441947566
110.10158434296366
110.28518173345759
110.50280898876404
110.8206572769953
111.00466853408031
111.10694183864916
111.36832239925023
111.58215962441315
111.99147727272728
112.15689981096409
112.36398104265402
112.62273161413563
112.70817490494296
113.05278039585298
113.17602283539486
113.39617224880382
113.59309021113243
112.44811320754717
111.85219831618335
112.1180358829084
112.2420262664165
112.54709800190295
112.68874172185431
113.01973684210526
113.18396226415095
113.41690408357076
113.59446564885496
113.75071633237823
114.177990430622
114.32091690544414
114.3206106870229
112.32544938505202
111.02336448598132
111.26390197926484
111.48487712665406
111.89755639097744
112.07685098406748
112.21294559099437
112.40758293838863
112.60152526215444
112.8746465598492
113.1371807000946
