82.91861126920888
83.0488358886996
83.14764338444066
83.17640385706183
83.17877412031783
83.20363017583664
83.17386363636363
83.23936471922859
83.29154849688032
83.41420454545455
83.40591245025583
83.47863247863248
83.55915813424346
83.57541263517359
83.73008595988539
83.78338108882521
83.84077892325315
83.85403548941042
83.55258669698692
82.79300458715596
82.82322654462243
82.88563218390804
82.88563218390804
83.11952191235059
83.1548093340922
83.23418803418804
83.27210496292071
83.31942857142857
83.39508290451687
83.43036529680366
83.48054919908466
83.53379152348225
83.68445209409064
83.75503162737205
83.86230636833047
83.93975903614458
84.04707233065442
84.1626575028637
84.17593123209168
84.24268502581755
84.35
84.3957495692131
84.40919540229885
84.56624423963133
84.62837449741528
84.83582089552239
84.90555237550086
85.03947368421052
85.06571428571428
85.11301369863014
85.15099715099716
85.35334476843911
85.34553775743707
85.39862542955326
85.49368541905855
85.80665519219735
85.87607573149742
85.90924755887421
86.06543138390272
86.08649289099526
86.18323952470294
86.21000658327847
86.11974340698504
85.81057616416733
85.80574324324324
85.69991095280498
86.08557692307693
86.08557692307693
86.08557692307693
86.08557692307693
86.08557692307693
86.08557692307693
86.08557692307693
86.08557692307693
86.08557692307693
86.08557692307693
86.08557692307693
86.08557692307693
86.08557692307693
86.08557692307693
86.08557692307693
86.08557692307693
86.08557692307693
86.08557692307693
86.6555023923445
86.82420494699646
86.46172638436482
86.36995515695067
86.68938861560085
86.58101694915254
86.456
86.58652575957728
86.7046052631579
86.57645553422904
86.62075471698114
86.60486891385767
86.57371992597162
86.52901649358583
86.50366300366301
86.51880597014926
86.48028673835125
86.47579199043633
86.39928698752229
86.39
84.72926267281106
82.0958429561201
80.88506417736289
80.55466970387243
80.58566629339306
79.70867882808182
79.04727474972191
77.26236798221234
77.03350083752093
76.89674523007857
76.91231028667791
77.16414565826331
77.2615298087739
77.24365482233503
77.34110289937465
77.34738041002278
77.59965928449745
77.59965928449745
77.69151963574274
77.71200910643142
77.8576290414067
77.99259681093395
78.23763501989767
78.39018824871648
78.53348597595878
78.55841924398625
78.772
78.7829811536265
79.07586993725043
79.20616790405482
79.34017094017094
79.97838452787258
81.97050482132728
82.26174496644295
82.31414197875908
82.3268156424581
82.40593505039193
82.41498881431767
82.49524874231415
82.50838926174497
82.73905723905725
82.89693593314763
82.99334073251943
82.99334073251943
83.15524861878453
83.2257174392936
83.23357261181667
83.5184776613348
83.5184776613348
83.62541436464089
83.85998893193138
83.89496959646213
84.00385462555066
84.09610104338276
84.2073707370737
84.2073707370737
84.24574876577071
84.30748074807481
84.35384615384615
84.44116037219486
84.79159847244954
84.95449561403508
85.06417992320351
85.06417992320351
84.65252854812398
81.50246845858474
81.2427871529668
81.23474945533769
81.2646254784035
81.28821917808219
81.37938596491227
81.54485776805252
81.69546200109349
81.86739726027398
82.04109589041096
82.14199890770071
82.18445539135195
82.2487644151565
82.28125
82.22472527472527
82.22472527472527
82.27277716794731
82.39025725232622
82.63700873362446
82.78786221979223
82.92193512919187
82.94563426688633
83.07624794295118
83.15679824561404
83.15679824561404
83.27472527472527
83.42449203734212
83.50603070175438
83.64297430289776
83.73049645390071
83.89994502473887
83.89994502473887
84.060989010989
84.15570175438596
84.15570175438596
84.28250137136588
84.35487404162103
84.43626373626374
84.6014254385965
84.69082921471718
84.80650496141125
84.84158415841584
84.99725576289791
85.09120879120879
85.25410733844468
85.28133552271483
85.33223503569468
85.35568993952721
85.42024202420242
85.62808557323093
85.78425976884975
85.8626585769443
85.91726420297849
86.04680616740089
86.04680616740089
86.13608815426997
86.31767955801105
86.31767955801105
86.36961325966851
86.42951907131011
86.50387168141593
86.59480375898286
86.76418732782369
86.82983425414365
86.98076923076923
87.0456043956044
87.13520971302428
87.21467991169978
87.25206839492554
87.30743801652892
87.3603305785124
87.3865267807841
87.46622369878183
87.59206174200662
87.66373626373627
87.79845389287686
87.32323788546256
86.32380428807036
86.30535615681944
86.3342526199669
86.4064053009387
86.54595487066594
86.88035126234907
86.92786343612335
86.94052863436123
86.99011532125206
87.0351262349067
87.09220636663008
87.10318331503842
86.61059530311306
85.7789358200768
85.90899062327634
85.96132596685082
85.99225663716814
85.99225663716814
86.11599780098956
86.24931205283434
86.24931205283434
86.40099557522124
86.49558011049724
86.58457300275482
86.61003861003861
86.74188222344524
86.83002207505518
86.94475138121547
87.04180418041804
87.12576177285318
87.16380741560597
87.27197346600332
87.31532524807056
87.42998897464167
87.46030871003308
87.46221731936018
86.15502183406113
86.14207650273224
86.19606772255598
86.26604498080087
86.2886937431394
86.37012630422845
86.44420131291028
86.62847790507365
86.62663755458516
86.23879781420764
86.28532311062432
86.38882803943045
86.44358833241607
86.62657189721159
86.70944838885855
86.75369458128078
86.98350742166025
87.00825991189427
87.04835164835166
87.18496158068056
86.54500818330605
83.90329551593733
82.31887201735358
82.26409978308025
82.29744426318652
82.42288828337874
82.54515778019586
82.66341463414633
82.80194805194805
82.96039066739013
83.00433604336044
83.04013015184381
83.068255687974
82.63075257173796
79.33872707659116
77.95926127104835
77.90336590662324
77.86244541484716
78.07154560349535
78.12897914379802
78.12897914379802
78.08510638297872
78.09549945115258
78.09549945115258
78.08826754385964
78.06666666666666
78.06666666666666
77.9994532531438
77.99015317286653
78.03863134657837
77.98899284534947
77.98899284534947
77.99944964226748
77.99944964226748
77.99228650137741
77.94964028776978
77.9546209186497
77.96509695290858
78.03152654867256
78.00883002207506
78.04754007739082
78.04754007739082
78.05745856353592
78.0657095527333
78.08342541436464
78.09166206515737
78.1200221238938
78.19356627842485
78.20643729189788
78.33296398891967
78.31855955678671
78.30897009966777
78.32689122032026
76.07258514796203
76.08826815642458
76.15061590145577
76.14237668161435
76.19258843346435
76.25
76.30011198208287
76.36399326977005
76.36399326977005
76.41732283464567
76.45566778900113
76.45566778900113
76.45566778900113
76.49606299212599
76.49408450704226
76.5607687959299
76.6076662908681
76.68721719457014
76.73829667230683
76.8015828151498
76.8688524590164
77.03050847457627
77.05373303167421
77.26065022421524
77.34120292299045
77.34120292299045
77.42945823927765
77.70611551528879
77.73767705382436
77.80306469920545
77.85250569476082
78.12124645892351
78.21222410865875
79.2765237020316
79.77922814982973
79.76513865308432
79.79060554612337
79.86402266288952
80.13986409966024
80.13986409966024
80.30717108977979
80.43019296254256
80.59477866061295
80.67478753541077
80.74048835888699
80.79807146908678
81.12556561085972
81.16261998870695
81.16261998870695
81.20530174844896
81.35758601240835
81.38339920948617
81.55246738513897
81.60397727272728
81.77146105741899
81.89449801474758
82.0451467268623
82.18953880764904
82.24887133182844
82.4200113058225
82.20788732394367
79.58263305322129
78.82283464566929
79.16067415730338
79.30851063829788
79.42825237297599
79.48934977578476
79.50392376681614
79.70993227990971
79.81267685342388
79.90729225551159
80.12471910112359
80.20538720538721
80.28579449747333
80.34960718294052
80.43617021276596
80.58985915492958
80.6704352741662
80.73224351747463
80.86892655367231
81.05975197294251
81.18932584269663
81.28947368421052
81.36022408963585
81.385866517106
81.63768928771734
81.77664974619289
81.81567080045096
81.80259447264524
81.1402131239484
81.15889949466592
81.27231892195395
81.39618406285074
81.48992161254199
81.63835770528684
81.69035532994924
81.8986562150056
82.04304080491895
82.08212290502793
82.21284916201117
82.29546726357023
82.02299495232754
82.02299495232754
82.07533482142857
82.16396194739788
82.24944071588367
82.3447118074986
82.42114093959732
82.52322327923895
82.79910714285714
82.84198771635957
82.99328859060402
83.09803921568627
83.1817673378076
83.33370535714286
83.38293093767547
83.68429938097918
83.85103991006183
83.90366197183099
83.9938167509837
84.14725643896976
84.22813901345292
84.33669467787115
84.45045045045045
84.75819209039548
84.95213963963964
85.05611672278339
85.13092550790067
85.24633596392334
85.28910220214568
85.08033707865168
84.34103720405862
84.36230248306998
84.5195689166194
84.74943438914028
84.90672696438666
85.01012943162634
85.07896221094191
85.16911764705883
85.24532577903683
85.38992642897567
85.4092970521542
85.54437535330695
85.65362811791383
85.69479048697622
85.88718820861678
84.08356702187325
83.5558690744921
83.62252405206564
83.71509327303562
83.78498871331828
84.04783342712437
84.09197980931015
84.20302860347728
84.24803149606299
84.3989898989899
84.50813236118901
84.67774647887325
84.72435174746336
84.77909604519775
84.96164692611393
85.04105736782903
85.14221472737493
85.19245920090039
85.31190073322053
85.42631281761716
85.43954802259887
85.74703557312253
85.89820022497187
85.98366197183098
85.98366197183098
86.10748452447946
86.21513269339356
86.32806324110672
86.36666666666666
86.46765039727582
86.60773166571916
86.67082860385925
84.76608841634024
84.67134831460675
84.70790960451977
84.75226244343891
84.95380281690142
85.00507042253521
85.0772266065389
85.24056338028169
85.27887323943662
85.35347261434218
85.47430830039525
85.58046301524563
85.78852643419573
85.86647887323943
86.01576576576576
86.05073280721533
85.50532212885155
83.54530201342281
83.66741953698475
83.80011261261261
83.8951205832866
84.01677852348993
84.12008978675645
84.27890011223344
84.31688166012339
84.43376187814421
84.50532809871004
84.77275265214963
84.83930571108623
84.96812080536913
85.11328125
85.15677491601343
85.26580861779519
85.31599552572708
85.4340258281864
85.57541899441341
85.75307262569832
85.93310848791455
86.01854974704891
84.65431415929204
84.40759352317141
84.40759352317141
84.48461108002239
84.69329608938547
84.89620535714286
84.9810795770729
85.14341517857143
85.13743016759777
85.18903803131991
85.30150753768844
85.35159306875349
85.47986577181209
85.58082497212932
85.75111607142857
85.88334268087493
85.93998878295008
86.08637128435221
86.12360178970917
86.22271714922049
86.26026637069923
86.24183729939125
84.8335146898803
84.71098901098901
84.72362637362637
84.95167490389896
85.02839978154014
85.07045330420536
85.0882833787466
85.27292576419214
85.27292576419214
85.39455040871934
85.58730158730158
85.69776322967812
85.9151614668856
85.98908892525914
86.05718954248366
85.09071156979903
85.15040871934605
85.1515812431843
85.25027382256297
85.40273972602739
85.53135313531354
85.57787561915245
85.77649643053267
85.92759188151399
86.00765864332604
86.11764705882354
86.18381948266374
86.2054945054945
86.38913282107575
86.37816979051819
86.50192837465565
86.67716970702045
86.86833333333334
86.90677025527192
87.00996677740864
87.12166666666667
86.44505797901712
85.29148230088495
85.37079292641187
85.39187574671446
85.60813428018076
85.65956029313791
85.53215223097114
85.19451530612245
84.56989924433249
84.3015873015873
84.36325553560742
84.36664695446481
84.44918224299066
84.51538015089959
84.58290304073437
83.74829545454546
83.09111488398415
83.13137032842582
83.12992125984252
83.2809364548495
83.33054626532888
83.63459399332592
83.64115363283416
83.98410087719299
84.0093355299286
84.10054644808743
84.10054644808743
84.16866812227074
84.19291553133515
84.33932461873638
84.38105606967882
84.50977198697069
84.71235102925243
84.80913539967374
84.9256830601093
85.0500544069641
85.16275259421082
85.21233624454149
85.2360959651036
85.42989634478997
85.69080021774633
85.72355507088332
85.7745633187773
85.99016393442623
86.10038188761592
86.15947569634079
86.34009873834339
86.45439650464228
86.62014230979749
86.69698630136986
86.94098179812465
86.98619547211486
87.11984606926883
87.13091309130913
87.310706401766
87.41855328547764
87.43725815367607
87.82156753752085
87.92324805339265
87.94952856350527
86.17845303867404
86.16537610619469
86.21603563474387
86.38926174496645
86.415548098434
86.70745272525028
86.86700055648302
86.92714126807564
87.03955431754875
87.03955431754875
87.18008948545861
87.3974358974359
87.44196428571429
87.51117318435755
87.7344537815126
87.85786233911584
87.88083192804946
87.92017987633501
88.02979201798763
88.18503937007874
88.22335025380711
88.47673098751419
88.62958780350084
88.6964892412231
88.8687040181098
88.99378881987577
89.06391402714932
88.05313736574335
88.13409090909092
88.2206466250709
88.37777777777778
88.48831908831909
88.59851513420902
88.76517300056722
88.8710407239819
88.96661007357102
89.01134429948951
89.1335597057159
89.23763501989767
89.40829074389552
89.6029833620195
89.83876500857633
89.86716077537058
89.99486301369863
90.1116809116809
90.20731010850942
90.32800912721049
90.46303724928367
90.63364055299539
90.81797235023042
91.0258918296893
91.11983944954129
91.21921749136939
91.3337169159954
91.46140552995392
91.62376811594203
91.7604895104895
91.7604895104895
89.06221461187215
88.55761436016213
88.52214452214452
88.65592028135991
88.71001757469244
88.88791593695271
88.96800465386853
89.05837711617046
89.15245327102804
89.2600583090379
89.31450203843914
89.29668411867365
89.36459554513482
89.56501457725948
89.83207437536316
89.89641203703704
90.02202898550725
88.67429879793933
87.6038283062645
87.65332548557976
87.18372379778052
87.26775244299674
86.70886075949367
86.34229508196721
86.13830465264499
85.76652254478073
85.55535168195719
85.56265060240963
85.56826347305389
85.75661375661376
85.14676761793827
85.14676761793827
85.1161178509532
85.15371329879102
85.33447880870561
85.3730659025788
85.5068493150685
85.62013729977117
85.88439635535308
85.90693739424704
85.95945945945945
86.02587176602924
86.10617977528089
86.29019607843138
86.29865771812081
86.46286990508096
86.61607142857143
86.32666666666667
85.00332409972299
85.00940785832873
85.05094130675526
85.11826762909494
85.2158273381295
85.42825607064017
85.46651909241837
85.52713178294573
85.70205669816565
85.84734513274336
86.06122448979592
86.13403199117485
86.25207756232687
86.29062673322241
86.4104270660011
86.4933628318584
86.78615298715802
86.88386376326075
86.97435897435898
86.97435897435898
87.16304952698943
87.27997769102063
87.4340782122905
87.61257720381808
87.67604049493814
87.74550561797753
87.92501398992725
88.07222844344905
88.19899103139014
88.21200224340998
88.46188340807174
88.61789532920653
88.79035874439462
89.00167504187604
89.02459474566797
89.12758813654169
89.19005030743432
89.06170094496943
86.95948945615983
86.9778883360973
86.99833240689271
87.09409799554565
87.31646273637375
87.32943795214246
87.484375
87.58668903803132
87.80925822643614
87.90473537604457
88.09233351986569
88.17998882057014
88.28428093645485
88.39877300613497
88.4935861684328
88.62764771460424
88.83585434173669
89.003359462486
87.2128712871287
86.0176600441501
86.03188565145685
86.1044776119403
86.16583747927031
86.27894156560089
86.38444567015996
86.53454947484798
86.62437948152234
86.78961899503037
86.96117581808097
87.04711751662971
87.16388888888889
87.2109634551495
87.36459489456159
87.37770382695507
87.65116279069767
87.78429203539822
88.055
88.12166666666667
88.16713091922006
86.89621087314663
87.15052573325954
87.1790465631929
87.28444444444445
87.42049861495845
87.42049861495845
87.78804648588822
87.81364392678869
87.83953359244865
88.08300835654596
88.16155988857939
88.19642857142857
88.41727019498607
88.55870895937674
88.62381747356706
88.77149195784803
88.8382598996096
88.94587053571429
89.0873949579832
89.19125070106561
89.20426487093154
89.43463687150837
89.50474595198213
89.63361344537815
89.81828379136287
89.98083427282977
90.1238041643219
90.2069351230425
90.33240067151651
90.42108229988726
90.43203609701072
90.48305084745763
88.91463414634147
88.94271412680756
89.097533632287
89.12150055991042
89.24357541899441
89.29765886287625
89.39341517857143
89.43080357142857
89.63600673022995
89.75238095238095
90.1845807540799
90.1845807540799
90.30106921778278
90.44281690140845
90.45039458850056
90.68630751964085
90.72462142456534
88.33425720620842
87.5108635097493
87.50390625
87.67486033519553
87.7782122905028
87.88127090301003
87.88127090301003
88.16936836221353
88.29625489100056
88.3022346368715
88.48776418242491
88.54878048780488
88.69051580698836
88.74378796245169
87.56517036235803
85.84324324324324
85.77100053504547
85.79731903485255
85.8970509383378
86.16388140161725
86.235072619688
86.25026852846402
84.62157894736842
83.08563829787234
81.81545064377683
81.85981808453718
81.96509129967777
82.27876823338735
82.49596990865126
82.14756756756756
81.72800863464651
80.83171521035598
80.65896885069817
80.69172932330827
80.82632146709817
80.92590589507842
81.22633297062023
81.59457994579945
81.62445887445888
81.743645213629
81.94209956709956
82.10201854882706
82.1380250954719
82.31447225244831
82.42343324250682
82.62323561346362
82.74863387978142
82.8130125751777
82.93235133660666
83.08796041781198
83.17086527929901
83.32768978700165
83.22495894909687
82.17857142857143
82.1790225151016
82.2969696969697
82.42708333333333
82.44676180021953
82.6839519650655
82.83496732026144
82.91849015317287
83.06856829402085
83.18102029621502
83.23736263736264
83.40220385674931
83.43564356435644
83.43564356435644
81.73355263157895
81.85244103126715
81.94392523364486
82.12693156732892
82.13774104683196
82.34851811196488
82.41813186813187
82.62307692307692
82.68821917808219
82.88109589041096
83.09636563876651
83.13987931980252
83.38173817381738
83.42457487657707
83.42457487657707
83.59397260273973
81.9918211559433
82.16895982388553
82.15286975717439
82.25289895085588
82.43550165380375
82.44848484848485
82.72827282728272
82.9537699504678
83.01158301158301
83.21715228147333
82.24217462932455
82.29928216454998
82.34674751929438
82.45173745173746
82.53472987872105
82.85674931129476
83.05096952908588
83.19812362030905
83.32338308457712
82.46111417539989
82.46383213694092
82.55641166758393
82.73898678414096
82.83995584988962
82.98118428334256
83.1472697186983
83.27595780122154
83.3534961154273
83.41689827682046
83.52637423653526
83.66740576496674
83.72540300166759
83.83370535714286
83.83370535714286
84.0250556792873
84.01005025125629
84.24486396446419
84.29094947251527
84.57677275265215
84.68568232662193
84.80947075208914
85.02513966480447
85.11030235162374
85.18896321070234
85.27455357142857
85.4020213363279
85.76391982182628
85.85125348189415
85.85125348189415
86.06309324399777
86.12807606263982
86.33146696528556
86.57118834080717
86.66330532212885
86.7672849915683
86.94547498594716
87.08600337268128
87.15695067264573
87.15919282511211
87.50561167227833
87.80225352112676
87.94707207207207
87.9825155104343
88.12781531531532
88.21323529411765
88.21323529411765
88.437535653166
88.82396365701307
88.84977324263039
89.09018718094158
89.20479178551055
89.25498007968127
89.43995446784291
89.63456090651557
89.74019329164298
89.83768444948922
88.14768883878241
88.02891156462584
88.04767309875142
88.1731970471323
88.23763501989767
88.33980582524272
88.58110415480934
88.77948717948718
88.89982925441093
89.00227790432803
89.15463331438318
89.3157894736842
89.36348025186034
89.52773013150372
89.68696642003415
89.87899543378995
89.91652372784448
87.99490950226244
88.07854297097325
88.10902896081771
88.33200455580865
88.43214082907438
88.5541076487252
88.6392512762337
88.79818078453667
88.91661939875213
89.05059693007391
89.05805350028457
89.24302788844622
89.46022727272727
89.64196123147093
89.72127417519908
88.350532809871
88.32056338028168
88.38044092707744
88.4795918367347
88.68373151308305
88.69721115537848
89.02397260273973
89.14001138303927
89.15358361774744
89.35603892386949
89.472
89.59439359267735
89.79247434435575
90.00740318906605
90.10526315789474
90.24500285551113
90.32324386065106
90.52052451539339
90.67009132420091
90.7124928693668
91.0
91.02639127940333
91.19655172413793
91.33659378596087
91.45137299771167
91.52568493150685
89.64673001676914
88.43273542600897
88.48318385650224
88.59853603603604
88.77946127946127
89.05958403597526
89.22934232715008
89.33033707865168
89.34081976417743
89.57478991596639
89.65078475336323
89.74564851207187
90.04049493813274
90.11036036036036
90.1676072234763
90.43149516770893
90.514447592068
90.62443438914028
90.82243517474633
90.87810383747178
91.05448354143019
91.19420783645656
91.345197740113
91.4274421230943
91.66403162055336
91.82048396173326
91.97451868629672
92.19298245614036
92.28101983002833
92.47410358565737
92.54745762711865
92.74672737620945
92.79500283929586
93.1931623931624
93.2896983494593
93.32120523024446
93.46105741898806
93.5882687927107
93.72991452991452
93.92219020172911
93.9749541844838
94.07739726027397
94.06187161639598
93.02649507948524
92.04878048780488
91.19343814080656
90.93668407310705
90.91345546430827
90.93152375077113
91.03363363363363
91.18614457831325
91.28089887640449
91.35144713526284
91.45872641509433
91.47856723429243
91.56326530612245
91.78230901780586
91.83381088825215
92.05284319356691
92.13145809414466
92.30261660978384
92.28004535147392
92.28975664968874
89.19213973799127
85.64991717283269
82.55380434782609
81.86348862405201
82.10922992900055
82.35608956854178
82.62636165577342
82.66757641921397
82.83169934640523
82.92534059945504
82.99235807860262
83.13949671772428
83.26215182960131
83.00325379609545
79.22636412749866
77.95153473344104
77.97844827586206
78.12642430819317
78.25921908893709
78.5125
78.62812160694897
78.71653116531165
78.774931880109
79.10983606557377
79.15254237288136
79.39606126914661
79.5013698630137
79.5993413830955
79.69158878504673
79.70494505494506
79.84746696035242
80.03090507726269
80.26618705035972
80.28966279712549
80.9064906490649
83.35897435897436
83.80629408572979
84.11530054644808
84.12486308871851
84.20538165842943
84.29065934065935
84.47304730473047
84.71899012074643
84.9144119271121
85.12727272727273
85.20706791827719
85.23246824958586
85.45574491478834
85.6554945054945
85.79219351291918
85.9707666850524
86.04814609850581
86.1919470490899
86.35274542429285
86.63381057268722
86.77906336088154
86.92222835079978
87.04215196894066
87.20210409745293
87.51218161683278
87.63384955752213
87.73134328358209
87.84419889502763
88.05650969529086
88.16204217536071
88.21729490022173
88.39116022099448
88.57602663706992
88.70060874377421
89.00333704115684
89.26183844011142
89.26183844011142
89.34336677814939
89.5419677598666
89.67056856187291
89.81368186874305
90.1017328116266
90.1732811626607
90.28002244668912
90.48574622694242
90.76575571667597
90.73840134153158
90.42391914654688
90.44744238336143
90.63661814109743
90.7915036333147
90.97139652271453
91.10022522522523
91.23207227555054
91.27693175408912
91.42203389830509
91.5296442687747
91.71774647887324
91.94271128757799
92.14601018675721
92.18813559322034
92.36785512167515
92.55988700564971
92.76015801354401
93.05382436260624
93.1279135872655
93.14090909090909
93.32219705549264
93.5632118451025
91.72691441441441
90.41002277904327
90.43507972665148
90.46294184720638
90.74404086265608
90.82889518413597
91.00570450656018
91.1336009174312
91.14687320711417
91.3466590519703
91.44685714285714
91.59575688073394
91.67885714285714
91.91983852364476
92.056354226567
92.20184013801035
92.27979274611398
92.40841013824885
92.49051178838413
92.67990788716178
91.99257142857142
91.32165422171165
91.37132987910189
91.41719561454126
91.49942129629629
91.64447017950202
91.94093804284887
92.0722961249277
92.23406720741599
92.36627906976744
92.42330210772833
92.52107728337236
92.71913399648918
92.71913399648918
91.0265742345465
90.96337209302325
90.9906976744186
91.15008726003491
91.29953650057938
91.40197215777262
91.52062754212668
91.60755813953489
91.81052631578947
92.06678281068525
92.17122888759464
92.40850815850816
92.53205128205128
92.53205128205128
92.70550351288057
92.7800586510264
92.32946635730859
90.1678281068525
90.09393232205367
90.13660245183888
90.20338983050847
90.31847507331378
90.4938560561732
90.53886616014027
90.62763466042155
90.7336860670194
90.9783245459871
91.23094958968348
91.31388564760793
91.27761542957334
89.53061224489795
89.60503218256291
89.73443008225617
89.89025821596245
89.97598125366139
90.12404915155061
90.16060961313013
90.37456037514654
90.54556143445032
90.62279670975323
90.85
90.95948326482677
91.0023419203747
91.2144535840188
91.35411764705883
89.90331974373908
89.74117647058823
89.84316037735849
89.94114184814597
90.05105633802818
90.14740566037736
90.29151943462898
90.3364872856298
89.42241887905605
88.5768098881695
88.57823529411765
88.59292035398231
88.74940758293839
88.63272513243083
88.49381989405532
88.26247798003523
88.06366822429906
87.9870740305523
88.09614243323442
87.94409937888199
87.80761523046093
87.6034359341446
87.468495181616
87.16992952231793
86.95492487479132
86.76481312670921
86.95484477892757
86.93419833178869
86.6936056838366
86.49411764705883
86.39951961569255
86.73511450381679
86.56076134699853
86.55337078651685
86.53076402974983
86.59161290322581
86.57062146892656
86.56446637877853
86.63575350823673
86.5909090909091
86.56209150326798
86.64826776277158
86.7532088681447
86.90851553509782
87.02634593356242
87.07474518686297
87.11512415349887
87.2079820123665
87.34966216216216
87.39438202247192
87.39562289562289
87.56918767507003
87.68199663488502
88.02908277404921
88.10564561207379
88.19421257651642
88.28803131991052
88.38375350140056
88.43129556926529
88.66798418972331
88.73895809739524
87.56407386681589
86.59165256627186
86.57900677200902
86.66988088485536
86.83069082672706
87.06009070294785
87.1125
87.20330296127563
87.3177942012507
87.36824132043256
87.65842438182864
87.76548165137615
87.78953421506613
87.88543465745538
88.02520045819016
88.18129330254041
88.32254335260116
88.46484601975595
88.53422273781902
88.74855824682814
88.76195965417867
89.02827466820543
89.08530259365995
89.13513513513513
89.40717177559283
89.53939745075319
89.64988425925925
89.8568115942029
90.17776491024898
89.95323325635104
88.78198508318991
88.82845668387837
88.84566838783707
89.04295532646049
89.23037249283668
89.28980526918672
89.28980526918672
90.62051282051281
90.78595890410959
91.0501138952164
91.09251856082238
91.1993166287016
91.38382687927107
91.40706955530217
91.42042213348546
91.7872340425532
89.87154929577464
89.29612756264237
89.38216922203294
89.4336937962436
89.59602272727273
89.80906515580736
89.94321408290745
89.98072562358277
