90.83371559633028
90.72831050228311
90.45392491467577
90.3155505107832
89.95085714285715
89.81065759637188
89.615990990991
89.2979683972912
89.13995485327314
88.91095890410959
88.64592760180996
88.39954597048808
88.17519908987485
87.95303550973654
87.79061784897026
87.50112866817156
87.18531073446327
86.93004587155963
86.51308304891923
86.4738041002278
86.30419977298524
87.17361894024803
91.03464203233257
92.78372093023256
92.75925925925925
92.66590649942988
92.28260869565217
92.10714285714286
92.0
91.83640552995392
91.75028768699654
91.26712328767124
91.0215909090909
90.9727582292849
90.75709421112373
90.39414414414415
90.03386004514672
89.92159090909091
89.72448979591837
89.46832579185521
89.18863636363636
88.94191343963554
88.82420091324201
88.70547945205479
88.34431818181818
88.30498866213152
87.97588978185993
87.72196796338673
87.53007945516458
87.34201585503963
86.96792668957617
86.7784090909091
86.7784090909091
94.4060324825986
97.79880952380952
98.00476758045292
98.09333333333333
98.71342383107088
98.31091370558376
97.37959667852905
97.06586826347305
96.92382103990326
96.65306122448979
96.40498812351544
96.10406698564594
95.93532934131737
95.57142857142857
95.25737898465171
94.87380952380953
94.73923444976077
94.3803967327888
93.91637630662021
93.76196032672112
93.43055555555556
93.31026528258363
92.91319444444444
92.78215527230591
92.44724770642202
92.22133027522936
91.91013824884793
91.45862068965518
91.27784156142366
91.11560693641619
90.75493612078978
90.52685714285714
90.3082191780822
90.16421291053227
89.75626423690206
89.49321266968326
89.09060022650057
88.8717067583047
91.94797687861272
95.34610917537746
99.07831325301206
100.64884135472371
101.91304347826087
102.625
102.76119402985074
103.07627118644068
103.0306258322237
103.34379084967321
102.82917214191852
102.50851900393184
102.09466666666667
101.81159420289855
101.52972258916776
100.93963254593176
100.75130890052355
100.48074369189908
100.21808510638297
99.90981432360743
99.61892247043363
99.36229946524064
98.90670170827858
98.79575596816977
98.4340878828229
97.67248908296943
97.76938369781311
97.76938369781311
97.76938369781311
100.20222222222222
101.24601769911504
101.3858024691358
101.56176470588235
101.67071524966262
101.54666666666667
101.52540106951872
100.9655172413793
100.68053691275168
100.54054054054055
100.38056680161944
100.11605937921728
99.79866666666666
99.42034805890228
99.32978723404256
98.9195849546044
98.84306095979247
98.52910052910053
98.33155792276963
97.95800524934384
97.61354581673307
97.38851802403204
96.76973684210526
96.70805812417437
96.45033112582782
96.026525198939
95.82614379084967
95.61133069828722
95.2953642384106
96.39894319682959
100.93126684636118
106.52513966480447
108.1692745376956
108.08333333333334
108.01115760111577
107.75
107.64038727524205
107.4364640883978
107.22562674094708
107.11527777777778
106.77855153203342
106.44413793103448
106.15716272600835
105.99861878453038
105.79286694101509
105.5167597765363
105.20360110803324
104.88630136986302
104.71270718232044
104.3042876901798
104.20689655172413
103.85694635488308
103.59500693481276
103.24897400820794
103.11369863013698
102.56043956043956
102.50069735006974
101.31369426751593
101.31369426751593
101.31369426751593
101.31369426751593
101.31369426751593
101.31369426751593
104.0
104.0
104.0
104.0
104.0
107.52690166975881
107.53367003367003
107.39465408805032
107.2023988005997
107.05385735080058
106.97103448275863
106.65281501340482
106.4868073878628
106.28756476683938
105.97503285151117
105.58256274768824
105.47930574098798
105.00131752305666
104.64064602960968
104.4554054054054
104.29475100942126
103.6921017402945
103.59170013386881
103.20694259012015
102.91931216931218
102.81382978723404
102.40371845949535
102.19868421052632
101.8800521512386
101.71675531914894
101.23952879581151
101.00652741514361
100.9118028534371
100.77124183006535
100.5785997357992
100.38082556591212
100.11942257217848
99.8771021992238
99.70779220779221
99.2892670157068
98.9437908496732
98.44325767690253
98.44325767690253
98.44325767690253
98.44325767690253
98.44325767690253
98.44325767690253
98.44325767690253
98.44325767690253
98.44325767690253
98.44325767690253
98.44325767690253
98.44325767690253
98.44325767690253
98.44325767690253
98.44325767690253
98.44325767690253
98.44325767690253
98.44325767690253
103.35929203539823
102.8445945945946
102.68387096774194
102.42651757188499
102.13395638629284
102.25112781954887
101.62626262626262
101.58008658008657
100.94388489208633
100.81346423562412
100.62742382271469
100.2235939643347
99.85461956521739
99.79810298102981
99.39060402684564
98.93130779392338
98.8995983935743
103.33426573426573
107.64159292035399
110.8256880733945
110.87767584097858
111.03453453453454
110.90072992700729
110.82944606413994
110.43309352517986
110.34958217270196
109.78389830508475
109.61601085481684
109.11263736263737
109.00544217687076
108.30108991825614
108.08119079837618
107.41847826086956
106.82075471698113
106.55390835579516
106.71677852348994
106.29333333333334
106.06578947368422
105.70517928286853
105.62977602108037
105.06151832460733
104.92931937172776
104.71952817824378
104.3987012987013
104.2467700258398
103.73821989528795
103.64388961892247
103.44121532364596
103.04768211920529
102.73544973544973
102.58565737051794
101.97771952817824
101.80340760157273
101.42800528401585
101.12532637075718
100.95714285714286
100.56767411300919
100.39182058047493
99.88684210526316
99.52972258916776
104.3765625
104.3765625
104.3765625
104.3765625
107.0
107.01612903225806
107.01612903225806
107.01612903225806
107.01612903225806
107.01612903225806
107.01612903225806
107.01612903225806
107.01612903225806
107.01612903225806
107.01612903225806
107.01612903225806
107.01612903225806
107.01612903225806
107.01612903225806
107.01612903225806
107.01612903225806
107.01612903225806
107.01612903225806
107.01612903225806
107.01612903225806
107.01612903225806
107.01612903225806
107.01612903225806
107.01612903225806
107.01612903225806
107.01612903225806
107.01612903225806
107.01612903225806
107.01612903225806
107.01612903225806
103.5
103.5
103.5
103.5
103.5
103.5
103.5
103.5
103.5
103.5
105.75371900826445
105.16925465838509
104.70084269662922
104.87146529562982
104.24625850340135
105.57750342935529
108.11366711772666
109.73976221928666
109.87075718015666
109.82894736842105
109.73368146214099
109.51285347043702
109.43298969072166
108.95518565941101
108.84575835475579
108.51584283903676
108.28390367553865
107.67709637046308
107.4589552238806
107.21072319201994
106.64888337468983
106.43703703703704
106.24447174447175
105.55965559655596
105.40853658536585
105.0243013365735
104.45157384987894
104.1983173076923
104.00602409638554
103.45269461077845
103.25952380952381
102.95803357314148
102.45260663507109
102.25325443786983
104.69424460431654
107.43276283618582
109.24408468244084
109.13144963144964
108.8960880195599
108.8719512195122
108.72584541062801
108.30834340991535
107.7688622754491
107.48856799037304
107.07261904761904
106.71360946745563
106.35
105.74556213017752
105.76449704142013
106.4964200477327
107.65183246073298
107.51980198019803
107.6208651399491
108.1514423076923
109.11531531531531
110.26187050359712
111.05124835742444
111.38934426229508
111.17050067659
111.09115646258503
110.84297520661157
110.25730180806676
109.98899587345255
109.58648648648648
109.15675675675675
108.83582089552239
108.38544474393531
108.03763440860214
107.74700399467378
107.16756756756757
106.63087248322148
106.28818061088978
105.76556291390727
105.47594278283485
105.14814814814815
104.70511140235911
104.48512289780078
104.1875
103.7279792746114
103.42764857881137
103.13144329896907
102.78165374677002
102.41101152368758
102.19515306122449
101.77455919395466
101.47295597484276
101.14267676767676
100.82646691635455
100.24779874213837
100.09410288582183
99.67331670822944
101.62051915945611
105.40697674418604
108.84272608125819
110.94210526315788
110.7359477124183
110.47058823529412
109.9426336375489
109.90507152145643
109.78311688311689
109.514687100894
108.92297817715018
108.83566878980892
108.58068614993647
108.10485933503836
107.81598984771574
107.51995012468828
107.18490566037735
106.90561224489795
106.73611111111111
106.52272727272728
106.26875
105.86759142496848
105.61916771752837
105.21000000000001
105.178391959799
104.56559405940594
104.37638376383764
104.26674937965261
103.62238622386224
103.41625615763547
103.31411042944785
103.05237515225335
102.57142857142857
102.2330917874396
102.08883553421369
101.91686746987952
101.34824667472793
101.13007159904535
100.89786223277909
100.6113074204947
100.4074074074074
99.95729537366549
99.82380952380953
99.46549707602338
99.18343195266272
98.97166469893742
98.80941176470589
98.40303738317758
98.04722550177095
97.85211267605634
97.51571594877765
99.7643610785463
103.75965130759651
106.84625322997417
109.21664464993395
109.2184655396619
109.16078431372549
108.98051948051949
108.84664948453607
108.2141935483871
107.95725388601036
107.90335051546393
107.63843236409608
107.2945638432364
107.12404092071611
106.67979669631512
106.40983606557377
106.20477386934672
105.64366373902132
105.45657568238214
105.11801242236025
104.71855541718556
104.46658415841584
104.15196078431373
103.85731707317073
103.56463414634146
103.29865361077111
102.76702508960574
102.44810744810745
102.13228155339806
102.05078597339782
101.57142857142857
101.24669073405536
101.04676258992805
100.8066037735849
100.22765196662694
100.03172737955347
99.82456140350877
99.61832946635731
99.09976525821597
99.02920560747663
98.70725995316158
98.41782407407408
98.01176470588236
97.44110854503464
97.2318339100346
96.84660421545667
96.63604651162791
96.41114982578398
95.87354988399072
95.66247139588101
95.4639175257732
95.1788990825688
94.8761574074074
94.5028636884307
94.31662870159454
93.93807339449542
93.79020979020979
93.50114155251141
93.29142857142857
94.83159117305459
98.80308422301306
103.57416879795397
105.53016688061618
106.60634081902245
106.49269588313413
106.35941644562334
106.0421052631579
105.94901960784313
105.70457516339869
105.53350515463917
105.02077922077922
104.88975356679637
104.63449163449164
104.48337595907928
104.23797468354431
104.23379923761118
103.58695652173913
103.45627376425855
103.30303030303031
102.63613231552162
102.42512690355329
102.2253164556962
101.86533665835412
101.68421052631578
103.1819306930693
104.2810539523212
104.10499999999999
104.00374531835206
103.38347718865597
103.04089219330855
102.5036855036855
102.3651753325272
102.1230012300123
101.63258026159335
101.3061224489796
101.0131736526946
100.8049645390071
100.04009433962264
99.9964705882353
99.62281722933645
99.38051044083527
98.95867768595042
98.65650644783119
101.22518159806296
104.45979899497488
107.58984375
108.30911492734478
108.13359788359789
108.06570302233902
107.78664921465969
107.50260416666666
107.37305699481865
107.08781127129751
106.72551546391753
106.18123393316196
105.91153846153847
105.54545454545455
105.26683608640407
104.72496831432193
104.44132653061224
104.13636363636363
103.86272040302268
103.31875
103.04244694132335
102.55361596009975
102.36875
102.14570361145704
101.70580964153277
101.29556650246306
101.12530712530713
100.67481662591686
100.50240963855421
100.00725513905684
99.6292270531401
99.33732057416267
99.14981729598051
98.61065088757397
98.52240566037736
98.14167650531286
97.9728453364817
97.70892018779342
98.55830388692578
102.66585662211422
106.49619289340102
109.24513618677042
109.77385620915032
109.75483870967741
109.44987146529563
109.21822849807445
108.93781725888326
108.54867256637168
108.17699115044248
108.00252844500632
107.68130489335006
107.3167701863354
106.85031446540881
106.65298507462686
106.37562189054727
106.05472636815921
105.46699266503668
105.25485436893203
105.13374233128835
104.64705882352942
104.4860606060606
104.15114873035066
103.68832731648615
103.55012224938875
103.16786570743406
102.54458977407847
102.27657004830918
102.10274790919952
101.70833333333334
101.39354066985646
101.11374407582937
100.95124851367419
100.71344339622641
100.1072705601907
99.91774383078732
99.57526254375729
99.26352941176471
98.92890442890443
98.66318234610918
98.30858468677494
98.01175088131609
100.81190476190477
105.37484737484738
107.61827284105132
107.61898734177215
107.39303482587064
107.06451612903226
106.84796044499382
106.6829865361077
106.33211233211233
105.89975247524752
105.51892551892553
105.19390243902438
104.89473684210526
104.5314769975787
104.2956204379562
103.88305489260142
103.52409638554217
103.22846889952153
103.0238379022646
102.30071599045345
102.1141498216409
101.9681227863046
101.28117647058824
101.16023391812865
100.97297297297297
100.67441860465117
100.26690391459076
99.94049008168028
99.46519721577727
99.14202561117578
100.44264194669756
103.8525564803805
106.00604594921403
106.15674362089915
106.06666666666666
105.64585834333734
105.50837320574163
105.02764423076923
104.69010727056019
104.38259833134684
104.04863582443653
103.82470588235294
103.38515901060072
103.1810650887574
102.92443919716646
102.34982332155477
102.07801418439716
101.75087719298246
101.46235294117648
101.05600933488915
100.86971830985915
100.54786620530565
100.16125290023203
99.90708478513356
99.57159221076748
99.30971428571428
102.33099415204678
105.00238663484487
107.73053152039554
108.72145545796738
108.62807881773399
108.35766423357664
108.0085995085995
107.74787878787879
107.3913043478261
106.95272727272727
106.7992700729927
106.44444444444444
106.20549581839904
105.77173913043478
105.48632580261594
105.2095238095238
104.61454545454546
104.40952380952382
104.01420118343195
103.55875299760191
103.30842230130486
103.05924170616115
102.69689737470168
102.32307692307693
102.00117647058823
101.45184304399524
101.10798122065728
100.97775175644028
100.54418604651163
100.24157955865273
99.90360046457607
99.70185614849188
99.20185614849188
98.9662398137369
104.03664302600473
107.68408262454435
110.77205882352942
112.05236907730674
112.12983770287141
111.89913899138992
111.62790697674419
111.27383863080684
110.97826086956522
110.38686131386862
110.014440433213
109.61870503597123
109.34679334916865
108.95334928229664
108.54449648711943
108.18483412322274
107.78605200945626
106.22079439252337
102.4640753828033
102.02816901408451
101.77543859649123
101.20833333333334
100.90173410404624
100.52424942263279
100.23271889400922
99.878612716763
99.47776510832384
98.93728222996515
98.57984144960363
98.06084959816303
97.91220068415052
97.38036117381489
97.54483541430193
101.75672514619883
105.17801672640383
107.12081339712918
106.90061349693252
106.64535585042219
106.13776722090262
105.97278106508875
105.62918660287082
105.15140845070422
104.9728453364817
104.28187134502923
103.90621336459554
103.2975495915986
103.10300925925927
102.65156794425087
102.18381502890173
101.90126291618829
101.41075514874142
101.1102181400689
100.85697940503432
100.15807560137458
99.95766590389016
99.65497737556561
99.09556313993174
98.82574031890661
98.54096520763187
98.04638009049773
97.71316085489315
99.52494331065759
104.52588235294118
107.49095295536792
108.8364312267658
108.73105134474328
108.33252427184466
108.10935601458081
107.68275030156815
107.29866989117292
107.03592814371257
106.26603325415677
106.09327036599764
105.69047619047619
105.2256169212691
104.99055489964582
104.38882282996433
104.0081490104773
103.81052631578947
103.26932084309134
102.82926829268293
102.3467278989667
101.98255813953489
101.66743648960738
101.16685979142525
100.86589595375722
100.48224513172967
100.06781609195403
99.78604118993135
99.29579067121729
98.97142857142856
98.52337514253136
98.2641723356009
97.82519863791146
97.43018018018017
97.11288483466362
96.85665914221218
96.46480446927374
95.89177001127396
98.46966292134832
101.33602771362587
103.51282051282051
103.25058275058275
103.06720741599074
102.74453394706559
102.19815668202764
101.94367816091955
101.29540229885058
101.01261467889908
100.47260273972603
100.17795637198623
99.8300803673938
99.5079185520362
99.08740068104427
98.79314285714285
98.17491369390103
100.15349369988544
103.64470588235295
106.93580246913581
109.4536213468869
111.14064516129032
111.34025974025974
111.21938775510205
110.92179487179487
110.11644832605532
109.28671328671328
108.98825065274151
108.16223067173638
107.40079365079364
107.24503311258277
106.95212765957447
106.55324675324675
106.15374507227332
105.5203679369251
105.15693904020753
104.74545454545455
104.37564102564102
103.96891191709844
103.49936628643853
103.38071065989848
102.9746835443038
102.53196930946291
102.08461538461538
101.55246523388116
101.23155216284988
100.99248120300751
100.45431789737171
100.18555417185554
99.98245614035088
99.4760736196319
99.10199004975124
98.80669144981412
102.03262233375156
105.73394495412845
109.21542553191489
111.6855600539811
113.44353741496599
113.39837398373984
113.24037184594954
112.79545454545455
112.34146341463415
112.05199999999999
111.67871485943775
111.22031662269129
110.85958005249344
110.47643979057591
109.98697916666666
109.81088082901555
109.19090909090909
108.72609819121448
108.1300390117035
107.76067270375162
107.57567917205692
107.03217503217503
106.73806451612903
106.41804320203303
105.86624203821657
105.69220945083015
104.97331639135959
104.85929648241206
104.39281288723669
103.99499374217771
103.52292441140025
103.41336633663366
102.82641509433962
102.36977886977887
102.04878048780488
101.39975399753997
101.12227602905568
100.82850241545893
103.10683229813665
106.12483912483913
108.72236842105264
110.59018567639257
110.35846560846561
110.06728232189974
109.82421875
109.29527559055117
108.9908496732026
108.65580182529335
108.12793733681463
107.89411764705882
107.78469520103761
107.20389610389611
106.78205128205128
106.3849104859335
105.91399229781771
105.58385876418663
105.191381495564
104.85969387755102
104.49874686716791
104.17271589486859
103.68130489335006
103.14447236180905
102.71695760598504
102.3501849568434
102.08466257668712
101.82338611449453
101.32289156626507
101.08732057416267
100.77724550898203
100.29843561973526
99.87857142857143
99.42470588235294
100.4189349112426
104.33539603960396
107.69053708439898
110.35278858625162
111.03524804177545
110.92774193548388
110.67696267696267
110.17971758664956
109.88212927756655
109.35138539042822
109.02788339670468
108.70700636942675
108.30586766541822
107.87801778907243
107.43781094527364
107.07577639751553
106.46239210850801
106.24756097560976
105.81863354037267
105.43086419753087
105.12867647058823
104.48107448107447
104.25669099756692
103.84903381642512
103.36101083032491
106.93943139678615
109.64131812420786
111.88227684346701
113.45019404915912
113.34947643979058
112.98302872062663
112.72089947089947
112.47127937336815
112.03209242618742
111.65758754863813
111.27051282051282
110.92512690355329
110.46401028277634
110.19622641509434
109.94690265486726
109.50757575757575
109.00757575757575
108.3810110974106
108.26856435643565
107.79477611940298
107.61462205700124
107.01622971285892
106.78545006165228
106.36208991494533
106.07512315270935
105.64127764127764
105.12121212121212
104.7094017094017
104.38386308068459
103.9880239520958
103.45498783454988
103.33373493975904
102.9423076923077
102.3566265060241
102.76407185628742
107.16293532338308
109.59335038363172
111.14117647058823
111.26233766233767
111.16925064599482
110.92966751918158
110.3458064516129
110.16858237547893
109.88030888030889
109.10419313850063
108.87705956907479
108.36762860727728
107.97732997481108
107.76826196473552
107.34085213032581
106.92471769134254
106.48951911220715
106.19430693069307
105.65875
105.29012345679013
104.86842105263159
104.48831488314883
104.05602923264311
103.71199011124845
103.23479318734793
102.90598290598291
102.46116504854369
102.12033694344163
101.43062200956938
101.21676646706587
100.83851674641149
100.28708133971293
101.93124246079614
105.52533992583437
108.55927835051546
110.88816644993497
110.88743455497382
110.82091503267974
110.41383812010443
110.04280155642024
109.75549805950841
109.27331606217616
108.86462324393358
108.52911392405063
107.9438775510204
107.52763819095478
107.00505689001264
106.70075757575758
106.3433962264151
105.83544303797468
105.51012658227847
105.0398505603985
104.73558897243107
104.10186335403728
103.73400250941029
103.3287841191067
102.97429620563035
102.36642156862746
102.03272727272727
101.87288135593221
101.22530120481927
101.99155609167673
106.63682864450128
108.66360052562418
110.36190476190475
111.04318488529015
110.76502002670227
110.46540027137041
110.06332453825857
109.89167767503302
109.47733333333333
108.90224570673712
108.60966057441253
108.0844327176781
107.85899094437258
107.38983050847457
107.04188481675394
106.58495460440986
106.40025906735751
105.9291237113402
105.44791666666666
105.18404118404118
104.83612903225807
104.54372623574145
104.09554140127389
103.58089171974522
103.23499361430396
102.8360450563204
102.47979797979798
102.02732919254657
101.5068493150685
101.25184275184276
100.96962332928311
100.54434993924666
100.10882708585248
99.77871825876662
99.47961630695443
99.07990314769975
98.47800237812129
98.35154394299288
102.03113325031134
105.74074074074073
108.66318537859007
110.12352168199737
109.95572916666666
109.84805194805195
109.3181225554107
109.02435897435898
108.55185659411012
108.28215223097112
107.79283887468031
107.35897435897436
106.993564993565
106.61314791403288
106.24050632911393
105.49376558603491
105.2271573604061
104.56712672521957
104.31320754716981
105.60991105463786
107.04252577319588
108.52463382157123
109.04397163120566
109.4773413897281
110.23201174743025
109.95972222222223
110.00692520775624
110.52496626180837
110.27846364883402
110.21102150537635
109.84594594594594
109.35326086956522
108.912
108.42323097463284
108.21017402945114
107.75298804780877
107.54724409448819
107.12564766839378
106.7892030848329
106.63063063063063
105.94117647058823
105.60051216389245
105.33291139240507
104.6235741444867
104.40660736975858
103.93573264781492
103.60384615384615
103.20897435897436
102.83545918367346
104.99355670103093
107.59448818897638
110.76151761517616
112.1972972972973
112.16644295302014
111.64092140921409
111.39516129032259
111.16978609625669
110.53605442176871
110.26470588235294
109.96808510638297
109.25067024128685
108.98533333333333
108.65251989389921
108.22913907284769
108.04342105263157
107.4054054054054
107.25935828877004
106.84133333333332
106.74034620505992
106.10483870967741
105.61103633916554
105.34610303830911
105.01072386058982
104.63756613756614
104.14873837981408
103.86979865771812
103.53547523427042
103.2239789196311
102.74700399467378
102.35496688741722
102.28968253968253
101.66137566137566
101.48868175765645
101.18958611481976
100.65679676985195
99.23641304347825
95.58465608465609
95.48
94.98648648648648
94.51058201058201
94.07180851063829
93.71695594125501
93.36136662286465
92.9520639147803
92.4887714663144
91.88265971316818
91.61935483870968
94.68556701030928
97.67964824120602
99.94640682095006
101.56532356532357
101.67917675544794
101.41805225653206
101.19976076555024
100.88297872340425
100.47585394581861
99.99882766705744
99.57226107226107
99.09568261376896
98.7164705882353
98.15519253208868
97.7691415313225
97.36478711162255
96.8470451911935
96.3337169159954
95.82441860465116
95.50456621004567
94.95804195804196
94.60045662100457
94.0866050808314
93.69371428571428
93.22133027522936
92.60640732265446
92.06719817767653
91.72748004561004
91.37684449489217
90.78505747126437
92.21774193548387
97.0875145857643
101.25365853658536
104.78756476683938
106.02614379084967
105.96770025839794
105.5248407643312
105.40204865556979
104.94980694980694
104.55471698113207
103.98232323232324
103.66335403726708
103.19059405940594
102.50493827160494
102.15724815724815
101.58608058608058
101.17518248175182
100.9854191980559
100.23086269744836
99.98677884615384
99.49208282582217
99.05489260143199
98.24791418355184
97.95990566037736
97.71785714285714
97.05875440658049
96.77251184834122
96.14269005847953
95.88249118683902
95.76914016489988
101.4559902200489
105.30925221799747
107.13127413127413
106.9821882951654
106.75822784810126
106.41979949874687
105.89058524173028
105.55569306930693
105.14750000000001
104.50061652281134
104.08926417370326
103.58506731946144
103.16265060240964
102.73253012048193
102.23086124401914
101.769322235434
101.20494699646643
100.92117647058824
100.18032786885246
99.75291375291376
99.50057405281285
98.89755529685681
98.6300578034682
98.08775981524249
97.83739837398375
97.39724454649829
96.83507549361208
96.28389339513325
95.81271676300578
95.42285714285714
94.99655568312285
94.52272727272727
94.17142857142858
94.0309633027523
97.77946324387398
101.45748502994012
105.86037735849057
105.74144486692015
105.58625
105.2360248447205
104.55486284289276
104.36588380716935
103.87080745341615
103.39731051344742
103.1378476420798
102.25572979493366
102.00595947556616
101.3598074608905
101.0381861575179
100.53419811320754
100.14064362336114
99.6113074204947
99.17018779342723
98.8208430913349
98.07294117647058
97.5967365967366
97.26627906976745
96.83663943990665
96.43628013777268
95.94322132097335
95.60022909507445
95.20391705069125
94.65242494226328
94.10046189376443
93.56979405034325
93.25487944890929
92.70642201834862
95.60919540229885
98.63764705882353
101.72781774580335
102.21052631578948
101.9539393939394
101.45833333333334
101.16245487364621
100.88270858524788
100.24191616766467
100.08273381294964
99.55633802816902
99.09787735849056
98.67719298245615
98.06549707602339
97.65156794425087
97.39231664726427
96.89764705882354
96.57176196032671
96.01637426900585
95.66085946573752
95.25844004656578
94.86946386946387
94.21064814814815
93.80255516840883
93.40457142857143
92.98379629629629
94.14219653179191
97.40766550522648
100.4833729216152
103.29338327091136
105.00763358778626
104.7420584498094
104.38811630847029
103.91276864728192
103.44792973651192
103.22139303482587
102.60978670012547
102.23096129837703
101.79756097560976
101.30655129789864
100.63580998781973
100.25853658536585
99.89114832535884
99.24578313253012
98.93667861409797
98.3389423076923
98.02375296912115
97.52420306965762
97.0814371257485
96.41245593419507
96.04230317273795
95.69421487603306
95.06941176470588
94.75384615384615
94.9424882629108
98.86987951807228
102.10972568578553
105.03341902313625
107.94327176781002
109.54630872483222
109.24026845637584
108.93020134228188
108.5241935483871
108.2794701986755
107.82189973614776
107.22326203208556
106.94248366013072
106.18741808650066
105.84655396618986
105.41602067183462
104.9202614379085
104.41290322580645
104.05324675324675
103.47753530166881
103.14303797468355
102.55555555555556
102.10855683269477
101.40983606557377
101.1023720349563
101.04642409033877
104.0941935483871
106.60317460317461
109.04382470119522
110.54496644295301
109.98247978436657
109.68108108108109
109.27272727272728
108.76063829787233
108.39494680851064
108.05006587615284
107.63143989431968
107.167325428195
106.75661375661376
106.07843137254902
105.66841415465268
105.14863102998696
104.75032679738561
104.27377892030847
103.85507246376812
103.4201030927835
103.09314359637776
102.5134443021767
102.03904282115869
101.35234474017744
101.07944514501892
100.50319284802043
100.14824120603015
99.71428571428572
99.18601747815231
98.88089330024815
98.13720642768851
97.58076448828606
97.03001200480192
96.71776155717762
96.31884057971016
95.86904761904762
99.16256157635468
102.58620689655172
105.5619295958279
107.52336448598132
107.00804289544236
106.73350923482849
106.43921568627451
106.06216931216932
105.63350785340313
105.39477124183006
105.07702523240371
104.58310249307479
102.67547723935388
