77.72066458982347
77.89108910891089
77.9708788351534
78.0855365474339
78.17110067814293
78.24752475247524
78.42916884474647
78.49503397804496
78.57658128593832
78.58660387231816
78.93896713615024
79.01617110067814
79.18404588112617
79.27230046948357
79.4245283018868
79.52276295133439
79.52981171548117
79.65605427974948
79.83793642522147
79.95582120582121
80.02179553710431
80.1919296430419
80.32291666666667
80.4585289514867
80.54407929055816
80.6279916753382
80.85087719298245
80.8692070030896
80.98865979381443
81.08123393316195
81.21616057642821
81.31600617601647
81.47547754259163
81.58626033057851
81.6987146529563
81.81561376476631
81.99431230610135
82.0965909090909
82.16718426501035
82.34344473007712
82.48815653964985
82.61450777202073
82.76915113871635
82.82246376811594
82.9297157622739
83.03931712364201
83.13760993274703
83.25116039195461
83.41441908713693
83.49611197511665
83.70119109269808
83.8905601659751
83.93978383942357
83.95618556701031
84.14917695473251
84.16434827408553
84.35710594315246
84.4391891891892
84.52160333159813
84.71369509043927
84.76891191709845
84.85367114788004
84.92260061919505
85.16477272727273
85.29545454545455
85.31000518403317
85.4334560757496
86.18012783265543
86.73354908306365
86.73354908306365
86.73354908306365
86.73354908306365
86.73354908306365
86.73354908306365
86.73354908306365
86.73354908306365
89.44598098530683
89.75300778485492
90.05842137973897
90.55847953216374
90.74680022259321
91.0968085106383
91.37929240374609
91.59473412493547
91.80102564102565
91.79696202531646
92.03303303303304
92.19276511397423
92.34289955467591
92.45221674876848
92.71051344743276
93.0
93.02156469408224
93.30211480362537
93.49100257069409
93.60847107438016
93.86328327291558
91.82724935732648
87.30363543266769
82.88387423935092
82.96251266464033
83.0339584389255
83.11189873417722
83.24274809160305
83.39624556062913
83.50912778904666
83.72188449848025
83.95667686034659
84.0636780438105
84.12162849872773
84.29507364144236
84.3751269035533
84.52313883299799
84.78603945371775
84.90601313794846
84.97368421052632
85.10177215189873
85.19006588950836
85.29447541814496
86.23669538773441
90.6582604220278
94.47009880395215
95.95393374741201
96.35098650051921
96.54756980351603
96.78328173374612
96.83911019141232
97.1656282450675
97.32970451010885
97.475
97.60582423296933
97.80300673924313
97.91342664593054
98.1376433785193
94.6982980917999
89.09703779366701
85.18034447821682
84.76105744789018
84.73323170731707
84.72366412213741
84.75839267548321
84.8382502543235
84.93184130213632
85.0898933468766
85.21638018200203
85.36474164133739
85.40294715447155
85.54977029096477
85.83638211382114
85.93577981651376
85.9837067209776
86.15569167942827
86.21814475025484
86.31164209456024
86.39612046962736
86.56317135549872
86.81966377992867
86.87022900763358
86.96095334685599
90.16312056737588
94.47137699845281
95.62118863049096
95.7983411093831
95.899377593361
96.25922077922078
96.38808290155441
96.50801862390068
96.59968928016572
96.73074935400517
96.89522821576764
97.06256463288521
97.21251292657703
97.3207449560269
97.37784679089026
97.52014462809917
96.19710294878428
90.15934627170583
85.00965447154472
84.71926229508196
84.68132992327365
84.82502543234995
84.88572879634332
84.98069105691057
85.03307888040712
85.1136478944698
85.18772196854388
85.37487283825025
85.66988809766022
85.81205673758865
85.99341438703141
86.18383838383838
86.42171717171718
86.6780091416963
86.94034378159758
87.00862068965517
87.23674911660777
87.51738241308793
87.70376094796497
87.95051546391753
88.09425168306576
88.26565762004175
88.46286610878661
88.64721485411141
88.89442970822282
88.96732726298875
89.292220113852
89.292220113852
89.292220113852
89.292220113852
89.292220113852
89.292220113852
89.292220113852
89.292220113852
89.292220113852
89.292220113852
88.19607843137256
88.62640660165042
88.86444007858546
89.05654578979717
89.49675898644666
89.56662804171495
89.83323814962878
89.8445945945946
90.16395283548569
90.32541436464088
90.40562913907284
90.53018660812295
90.53567508232712
90.82549234135668
90.87752870420995
91.04923413566739
91.25274725274726
91.55943293347873
91.60174102285093
91.68858695652175
91.80272479564033
91.98433279308482
92.12398484028154
92.2245670995671
92.35606060606061
92.40528872099298
92.6278944534195
92.69537136706136
92.79373650107992
92.97566252028123
93.21075984470328
93.31743119266055
93.01
93.01
93.01
93.01
93.01
93.01
93.01
93.01
93.01
93.01
93.01
93.01
94.44073748902547
94.80343102215869
94.8154533844189
95.15142517814726
95.37329545454546
95.683378746594
95.7033084311633
95.85594111461619
96.06894764126491
96.31073446327684
96.36610343061956
96.49384615384616
96.66207248596223
96.68223819301848
96.89541473467284
96.98546209761163
97.05381400208987
97.38135149292823
97.42842215256007
97.61154855643045
97.68517548454687
97.80954879328436
97.96101159114858
98.0132625994695
98.23507462686567
98.27621075039914
98.30985169491525
94.76322682032477
89.46134020618557
87.50511247443762
87.32497441146367
87.24489795918367
87.31406649616368
87.4185927067283
87.43047716777835
87.54992319508449
87.628145865434
87.76
87.96965020576131
88.07223360655738
88.31098504383704
88.37989690721649
88.43917525773196
88.50181253236664
88.77777777777777
88.83823529411765
88.92412349555207
91.61578947368422
95.84582210242587
96.80021540118472
97.06354334948841
97.164058283864
97.37916219119226
97.65050079072219
97.65139547130067
97.80972741849278
98.01904761904763
98.22034791776488
98.28691983122363
98.42623814541622
98.65105263157895
98.79464285714286
98.91440501043841
99.08381351492929
99.10504201680672
99.27964323189926
99.40763997906855
99.43730407523512
99.5023498694517
99.55456919060052
99.65242313705055
96.56900102986612
91.81204943357363
90.13245033112582
90.07834101382488
90.0539989811513
90.0997455470738
90.25862068965517
90.38888888888889
90.54153846153847
90.72616012238653
90.76311767702497
91.0665650406504
91.17150127226463
91.31214761660686
91.44956477214542
91.584229390681
91.72843287391527
91.97338792221085
92.1686314710405
92.34153846153846
92.42651593011306
92.58581706063721
92.63249615581753
92.84587813620071
93.06970784213225
93.21344279117496
93.4586118251928
93.54760679361812
93.6990241397021
93.80399181166837
94.03792926704254
94.1936475409836
94.38465499485066
94.45664443304258
94.50102354145343
99.17552083333334
103.06180665610142
104.57468220338984
105.0713907985193
105.28859416445624
105.37552966101694
105.50715421303656
105.62964930924548
105.88563829787233
106.22515856236787
106.25119236883943
106.30388504523683
106.4436170212766
103.36947368421053
97.86673553719008
94.10234215885947
93.77605779153767
93.82061855670104
94.0979381443299
94.16041131105399
94.4014447884417
94.5162622612287
94.64329896907216
94.91021036428938
95.16090768437338
95.44161909704204
95.54545454545455
95.74674309536216
95.96323148627654
96.12628865979381
96.37428719543806
96.55660874144286
96.62454116413215
96.75856164383562
95.8654037886341
95.8654037886341
95.8654037886341
95.8654037886341
86.0
86.0
91.6698956780924
91.68375540457072
91.92801339285714
92.15845257021728
92.5263432446531
92.53416149068323
92.64678663239074
92.75552131484335
92.99435897435897
93.09174782162994
93.29130211013896
93.40351784790481
93.45431211498973
94.29765545361876
97.69834710743802
101.36595744680851
104.00758396533044
104.98863636363637
105.18246187363835
105.39170758319695
105.60814529444139
105.5485651214128
105.97901711761457
106.09121061359868
106.27142857142857
106.45604395604396
106.46119733924613
106.67127836192584
106.77426511369939
106.89745011086475
107.07581627006087
101.71198280494357
94.34010416666666
87.45301327885598
82.72284836065573
81.71303451828955
81.72614749871067
81.7817993795243
81.93133711925658
82.2578974624547
82.39231966787753
82.40652511651994
82.63157894736842
82.7140625
82.81444906444906
83.078125
83.25380178290509
83.38469601677149
86.57370313302516
92.31422615945804
92.60747663551402
92.86836628511966
93.22095435684648
93.42908902691511
93.59927234927235
93.80569948186529
94.03160621761658
94.26190476190476
94.54573643410853
94.67858994297563
94.84196891191709
95.04620976116303
95.22222222222223
95.30656934306569
95.50103734439834
95.63617463617463
95.96304008328995
96.13183949973944
96.22025052192066
96.41063053673788
96.47762747138398
96.66320166320166
96.76491956408927
97.06044815007817
97.19802494802495
97.42493506493506
97.48020833333334
97.67170401250652
97.924360980699
98.00313807531381
98.12741514360313
96.51063829787233
92.44254658385093
89.09560723514213
89.12097611630323
89.11427094105481
89.23120787973043
89.30342323651452
89.4479381443299
89.54781704781705
89.68047643707924
89.7613104524181
89.89217210990151
90.13568099430347
90.35492227979275
90.41356107660455
90.56995353639648
90.64992232004143
90.74715615305067
90.9897066392177
91.14117043121149
91.30697674418604
91.50593089221248
91.51679586563307
91.84859335038364
91.94475703324808
92.03273657289003
92.14606741573034
92.28263103802672
92.3650385604113
92.57553956834532
92.74347158218126
92.76572890025575
92.92425793244627
93.640081799591
96.483556012333
98.65224111282845
99.03003625064733
99.48708677685951
99.60144181256436
99.75398867730314
100.0181065700983
100.28068358363542
100.4881443298969
100.61328527291452
100.63958868894602
100.65002573340195
97.71225216065073
94.01934826883911
89.9347271800102
89.82668711656441
89.71333673990802
89.72063329928498
89.71362940275651
89.83908629441625
89.93085917641078
89.95419847328245
90.13710499490315
90.23589222165735
90.29381965552179
90.38860630722279
90.62340316811446
90.76294416243655
90.76241134751773
90.8341784989858
90.95997973657548
91.17951318458418
91.21218274111675
91.34944048830111
91.5234215885947
91.66852226720648
91.85902636916836
91.92362164896308
91.99593702386998
92.1258883248731
92.29887410440122
92.49590583418629
92.65197334700154
92.81632653061224
92.91163026917216
92.99184505606524
93.13608562691131
93.2090539165819
93.47435897435898
93.59805427547363
93.39378502292409
91.53747433264887
91.11965376782078
91.1559633027523
91.18293306080736
91.25717213114754
91.43923789907312
91.54246011322697
91.6133676092545
91.74987159732922
91.90593047034764
91.973939703628
92.10235414534289
92.19006147540983
92.3215565796211
92.45805455481215
92.56175710594316
92.76740587931924
92.92831541218638
93.05701078582435
93.18991250643334
93.38087855297158
93.47171769590037
93.6381544841887
93.6962156557802
93.86494845360825
94.10933470861269
94.27757638529259
94.44795442775764
94.52819451629591
94.65665458311756
94.76851372345935
94.92749870533402
94.98131811105345
95.24440977639105
95.3859375
95.55728356661483
95.6414899120538
95.70996348461138
95.86271450858034
94.52913631633714
92.94484911550468
92.99221991701245
92.9974025974026
93.11968911917099
93.17857142857143
93.36495593571799
93.53567735263702
93.55250905328505
93.59709241952233
93.64501039501039
93.80301455301455
94.03214100570244
94.14625322997416
94.3579604578564
94.46265560165975
94.52494802494803
94.57373632100052
94.71748178980229
94.8555787278415
94.96016554578375
95.03428571428572
95.30797290255342
95.45796344647519
95.5237846314689
95.63541121005763
95.72274633123689
95.81937172774869
95.93354264782836
96.17208814270724
96.28331584470095
96.43786051389617
96.578125
96.6419624217119
96.7957157784744
96.88204592901879
97.09958071278825
97.24618621778012
97.36163522012578
97.58943514644352
97.6392670157068
97.82617801047121
97.9059379926432
95.89702038682697
93.60760812923398
93.59718603439292
93.60438413361169
93.69094693028096
93.86493506493507
93.92857142857143
94.06461698801459
94.23563218390805
94.41679707876891
94.4756671899529
94.64942528735632
94.73510971786834
94.86363636363636
95.11993687532878
95.38967136150235
95.53172522286313
95.55538057742783
95.76967471143756
95.8336820083682
95.96185997910136
96.2283918281823
96.33980073413738
96.45157894736842
96.65002627430374
96.67877830437072
96.8565445026178
97.11882229232387
97.24528301886792
97.32773109243698
97.48473684210526
97.69448818897638
97.85189075630252
98.1186974789916
98.18019905709795
98.30631578947369
98.43218997361478
98.56098843322818
98.67051416579224
98.84168865435356
98.77397260273972
96.64146981627297
95.56605744125326
95.5810669456067
95.668410041841
95.68027210884354
95.72970141435306
95.86715481171548
96.09076600209863
96.27894736842106
96.42188321935824
96.48583420776495
96.62848134524435
96.69827134625459
96.79225536368394
97.06148187073043
97.17514420555847
97.29238845144357
97.47844374342797
97.55159769512834
97.65876777251185
97.80136268343816
98.05739863085834
98.24094488188976
98.31811023622046
98.4145186743819
98.54564533053515
98.7814465408805
99.07345225603358
99.17761429322124
99.2598013591218
99.43615344193378
99.50341925302473
101.76581285938317
103.95976707252515
104.32232285562067
104.76053333333334
104.88782562466773
105.06425916091344
105.23257051623204
105.42467948717949
105.71748400852879
105.8515167642363
106.02126528442318
106.12533191715349
104.21518987341773
101.84232365145229
101.63029989658739
101.45238095238095
101.4537422037422
101.56451612903226
101.67896103896103
101.86736292428199
101.92327766179541
102.05375782881002
102.11964472309299
102.39559286463799
102.56564608199272
102.75689744924519
102.85130890052356
102.898740818468
102.57380457380458
102.43321110529072
102.48453067645517
102.55793319415449
102.65526315789474
102.7646437994723
102.92530247238295
103.14021164021165
103.14631578947368
103.24593602517042
99.29242819843341
96.07576543850544
94.44571428571429
94.4796875
94.42679127725857
94.50182767624021
94.57814950339781
94.66579906298803
94.86339937434828
95.10343035343035
95.2394366197183
95.41722885313959
95.52642595499738
95.60281837160751
95.72760607647983
95.93017196456488
96.05205622071838
96.29457768508863
96.5453125
96.67518248175182
96.72181628392485
96.83985393844549
97.13420365535248
97.29341004184101
97.31694560669456
97.61157455683002
97.6579634464752
97.73417059131344
97.92740662809048
98.22641509433961
98.3759162303665
98.4887020493957
98.70162558993184
98.79842519685039
98.95248152059133
99.06134320465362
99.40021119324182
99.57964135021098
99.60063224446786
99.72622175512349
99.93955461293743
100.0604774535809
100.1307120085016
100.15114422565193
100.44332627118644
100.68348380244291
100.84501061571126
100.96443736730362
101.09871931696905
101.17307692307692
101.22013926084628
101.48615548455804
101.68409931325937
101.79562433297758
102.08920940170941
102.1718249733191
102.22982362373062
102.38965884861408
101.40913921360254
99.28055260361319
99.06366047745358
99.07480106100796
99.12426978226235
99.13450292397661
99.24827586206897
99.43829787234043
99.55119363395225
99.57438894792773
99.72195640616692
99.88657035848047
100.00159914712154
100.13148049171566
98.33544973544974
93.73386243386243
89.4073287307488
86.49570354457572
86.38161411010155
86.35435595938002
86.36861902203117
86.44456347080879
86.56085790884718
86.64373992477162
86.79195710455764
87.0433155080214
87.23006955591225
87.37995712754555
87.49679144385027
87.69753747323341
87.69822485207101
88.11726734803658
88.25536480686695
88.34784946236559
88.53903743315507
88.65682062298603
88.74072081764389
88.95633652822151
90.86624203821655
94.1456
96.40192410475682
96.64577801380776
96.99680681213411
97.10330138445154
97.44468085106382
97.64797008547009
97.90048154093097
98.05787781350483
98.2145144076841
98.56519425226185
98.7394778902504
98.94233849439402
99.04396782841823
99.26524064171123
99.50212765957447
99.61767838125665
99.82378146759507
99.97917778964228
98.94660971703149
95.4704952581665
92.44865718799367
92.39003709591945
92.40550555849656
92.41251325556733
92.40742705570291
92.5710498409332
92.67229551451187
92.83703703703704
92.99472016895459
93.30185676392573
93.4124203821656
93.54458598726114
93.64202745512144
93.79525065963061
94.08337730870713
94.28320935175346
94.45310015898251
94.60901856763925
94.63997879109226
94.91944886062534
95.08589607635207
95.34179894179894
95.39026969857218
95.57112750263435
91.04092339979013
87.41179568193786
86.16386554621849
86.1733193277311
86.21387283236994
86.31772751183587
86.42819429778247
86.53481012658227
86.62401263823065
86.91491596638656
87.05365597054183
87.27900843881856
87.38137822198843
87.58786279683378
87.72530375066033
87.92635455023672
88.03157894736842
88.35058078141499
88.55614127569847
88.69783412572636
88.85789751716851
89.05482340537691
89.32363828662083
89.44876510772464
89.58553326293558
89.65210526315789
89.90894736842105
90.16976127320955
90.39715938979485
90.52993697478992
90.63307086614174
90.8639455782313
91.05340314136126
91.26785714285714
91.43186582809224
91.63922391190351
91.67068694284217
91.9576359832636
92.1337513061651
92.23032528856244
92.42077649527806
92.52830188679245
92.68897020386827
92.81709223553935
93.01456815816857
93.24934929724103
93.34430512016719
93.36610878661088
93.61053180396246
93.6732570239334
93.78463933575506
91.48776678813118
88.28475103734439
87.71021254536029
87.6954261954262
87.73919833420094
87.85229645093946
87.96207792207792
88.08020833333333
88.1265625
88.3840920983778
88.46493506493506
88.605098855359
88.83385254413292
89.01820072802911
89.0699008868023
89.254158004158
89.53023983315954
89.58841940532082
89.73402597402597
89.91431556948798
90.21764091858037
90.38790406673618
90.55422314911365
90.63816475495308
90.81662337662338
90.95891835673427
91.1831862999481
91.4360980699009
91.57075718015666
91.7560975609756
91.8757120662869
92.11381272633213
92.20611082340756
91.14727085478887
90.33921161825727
90.44815007816571
90.56041666666667
90.63380281690141
90.90198123044838
91.08072916666667
91.16008316008316
91.33699633699634
91.54488517745303
91.65206051121544
91.92931392931393
92.08639420589756
92.12584153288452
92.46069755335763
92.54327424400417
92.66666666666667
92.92435233160622
93.1187143597719
93.19178794178794
93.43072916666667
93.51767151767152
93.64794591783671
93.95139607032058
94.05
94.24960753532181
94.46314688970205
94.38008342022941
91.67393561786085
88.99327470253492
88.33937823834196
88.29270833333334
88.46073298429319
88.52895148669796
88.58463949843261
88.7687074829932
88.90031315240084
89.11035564853556
89.23261892315735
89.31794333683106
89.53284287966369
89.79173207744637
89.84098018769552
90.2251828631139
90.39078051335778
90.49869178440608
90.76495059802392
91.02298850574712
91.10716152639833
91.44008372579802
91.58930425752855
91.69254820218865
92.02232606438214
94.51098326359832
95.80597797587835
96.09019402202412
96.42235047219307
96.52328623757195
96.86080586080587
97.16402953586498
97.3872497365648
97.55010438413362
97.68322007318349
97.87388801674516
98.09286463798531
98.33578174186778
98.44520188778185
98.6922268907563
98.96613756613758
98.9984076433121
99.23930269413628
99.41020191285867
99.50185873605949
99.79543039319873
99.9616
100.04436130411545
100.40863079381992
100.46698615548456
100.813704496788
100.90432923570283
100.9776
101.1382463690156
101.28202368137782
101.40889603429795
100.1160809371672
94.37718832891247
89.42902374670184
85.19734042553192
82.96106666666667
82.93002136752136
82.91209376664891
83.10112359550561
83.33422032996275
83.47687400318979
83.63275039745628
83.82095136290754
84.02549123738714
84.28206492815328
84.32498668087374
84.62533262373603
84.76592356687898
85.00692963752665
85.23344017094017
85.53255690841715
85.67817312798725
85.96309963099631
86.08315789473684
86.35172413793103
86.46691371095818
86.69475357710652
86.83949313621964
87.10362966859547
87.39608672659968
87.43377308707124
87.58749343142406
87.7921052631579
87.9768177028451
88.1062039957939
88.38230647709321
88.58839050131927
88.84174553101998
89.03366649132036
89.27926509186352
89.31796752226296
89.6311345646438
89.70068385060495
90.02558746736293
90.12526096033403
90.3506017791732
90.59864300626305
90.6162669447341
90.99064449064448
91.11180447217889
91.27324973876698
91.49660574412533
91.62953367875647
91.81204569055036
92.04327424400417
92.3882230328296
92.41240875912409
92.61307053941908
92.76519480519481
92.84981874676333
93.24817898022893
93.39550679205851
93.4971249346576
93.61582509109839
93.98080912863071
94.1703125
94.3720083246618
94.56637168141593
94.61142857142858
94.7321892875715
94.88744813278008
95.02589331952356
95.2506473329881
94.30995358432182
93.30801248699271
93.35483870967742
93.44248704663212
93.49508026929053
93.62070759625391
93.66110531803963
93.80942516830657
94.0031185031185
94.20145757418011
94.41366718831507
94.49165797705943
94.55474452554745
94.6585239085239
94.85617860851505
94.94528400208442
95.29092805005214
95.39386056191468
95.44861763171622
95.73156801661474
95.87220779220779
96.02020725388601
96.16424116424116
96.38622129436325
94.96371176775531
93.40062434963579
93.34937238493724
93.38964435146444
93.49921752738655
93.59812597605413
93.5808133472367
93.79373368146214
94.01617110067814
94.09361924686192
94.35519412381952
94.46910994764399
94.70380010411245
94.75572916666667
94.97089397089397
95.20539419087137
95.3352510460251
95.48434237995825
95.63328116849243
95.75544041450777
96.11776967170401
96.19104633003644
96.42760416666667
96.55368421052631
96.50569886022795
95.84387351778656
95.84387351778656
95.84387351778656
95.84387351778656
95.84387351778656
94.4862385321101
93.7388489208633
93.72104607721046
93.92065344224038
94.07670772676371
94.39465065502183
94.51270957274203
94.50676773145642
94.73731980779498
94.93710021321962
95.23730625334046
95.40827147401909
95.6070489216202
95.67281348788198
95.91653543307086
96.14263157894737
96.28
96.52155625657203
96.67772511848341
96.82658959537572
97.11985216473073
97.27894736842106
97.39832285115304
97.54197271773347
97.71406086044071
97.81664910432033
100.03350785340314
101.72597676874341
101.96610169491525
102.3794382617912
102.6339144215531
102.77277542372882
103.05851063829788
103.24348750664541
103.48512221041446
103.82108626198084
100.60835509138381
93.83820459290187
88.0492994291645
85.57544224765869
85.5529473135107
85.68091762252347
85.78590078328982
86.22274881516587
86.56119246861925
86.70337197049525
86.83500263574064
87.23591363875724
87.39400315623357
87.52675760755508
87.80854430379746
88.08586387434555
88.4373361300472
88.67258485639687
88.82590456213948
89.19442984760904
89.35669456066945
89.55972874282733
89.71734587251828
89.9759162303665
91.10553543714434
99.06858638743455
103.76208178438662
105.7595744680851
106.07781895182637
106.50797024442083
106.6857445680975
106.86979722518677
107.07203842049093
107.36563169164882
107.69840425531915
107.8430325680726
108.00851516764237
108.3288626609442
108.51310861423221
108.54307116104869
104.76436478650501
99.2102510460251
96.83428869202709
96.84772370486655
96.84937238493724
97.13253012048193
97.3000520020801
97.53612565445026
97.62637362637363
97.80388044048243
98.03882476390346
98.2674357629785
98.53179190751445
98.66737176097303
98.93358129649309
99.12320764737122
99.21944739638681
99.39521276595744
99.60031847133757
99.72490706319702
99.97541421699626
100.17866666666666
100.21119999999999
100.43281996813596
100.6602870813397
100.92857142857143
101.02810180275716
101.1448275862069
101.26214628937532
101.41755888650964
101.67747077577046
100.6622340425532
96.84862869198312
93.99736842105263
93.9346336320506
93.92283298097252
93.9469537815126
94.0295047418335
94.30448548812664
94.51995798319328
94.5727034120735
94.69784550709406
94.81760674749604
95.19450317124736
95.33333333333333
95.54153522607781
95.62224554039874
95.90252897787144
96.24327176781003
96.39653361344537
96.57277982133473
96.71035940803382
96.76902748414376
97.10312004230566
97.27795358649789
97.51399894347597
97.70691489361701
98.00160170848906
98.06858054226475
98.26638477801268
98.4291754756871
98.70957446808511
98.84787234042554
99.05785562632695
99.13774693005874
99.51531151003168
99.68928950159066
99.94767752269087
100.05375199574242
100.12992545260916
100.35687732342006
100.51414842498664
100.6592
100.91961414790997
101.12385568120624
101.34780278670954
99.06708927628104
94.18957345971565
88.69826224328594
83.73775671406003
82.04272151898734
82.02599469496022
82.12679808204582
82.58755274261604
82.6879283078545
82.86153846153846
83.07060063224446
83.3884778012685
83.58863755917938
83.72736897829539
83.9385593220339
84.27566137566137
84.60105540897098
84.80932203389831
85.07894736842105
85.32648762506582
85.62132352941177
85.74960547080484
85.98098256735341
86.35424354243543
86.5028962611901
86.83447188649501
87.02894736842106
87.33596214511041
87.46515311510032
88.23622047244095
90.61732283464566
91.3335092348285
91.54129405576013
91.79411764705883
92.3065963060686
92.46153846153847
92.71609498680739
92.87157894736842
93.23250920568123
93.44456121912769
93.59747766684183
93.78850210970464
94.18779589689638
94.40305584826133
94.56450763559768
94.67405063291139
95.02626050420169
95.21470121628768
95.43898573692552
95.67194928684627
95.79072219293622
96.30142781597038
97.59430979978924
98.09297411516113
98.36661384046488
98.572708113804
98.70628631801372
99.01838235294117
99.24736286919831
99.4392425039453
98.92413066385669
94.30475692629378
88.65693430656934
83.14150943396227
79.60466348701642
79.15528281750267
79.18796592119276
79.31389183457053
79.58408012651554
79.86592474827769
80.10487288135593
80.38388123011664
80.60443037974683
80.80232558139535
80.94706193753309
81.2893481717011
81.51585623678648
81.64546899841018
81.94812069878242
82.24364406779661
82.45425700687467
82.61680761099366
82.78518518518518
82.61246040126716
79.92098238120661
78.53627082213863
78.61687264911338
78.71021505376343
78.86120042872454
79.08301886792452
79.27389903329752
79.49199573105656
79.6974386339381
79.87286324786325
79.99036402569592
80.3101231922871
80.59434968017058
80.81550802139037
80.91278758694489
81.29086021505377
81.48582129481007
81.71581196581197
81.82022471910112
81.99731615673645
82.33279828785447
82.68806848582129
82.83021890016018
83.13344051446946
83.3614973262032
83.52909770421783
83.77153558052434
83.90913949759486
84.24758324382384
84.53158458244111
84.71037076840409
84.8623265741729
85.24799143010176
85.46153846153847
85.58026666666666
85.82994652406417
86.06656017039404
86.38527214514407
86.70506666666667
86.91604675876727
87.10478723404255
87.4127068873465
87.63592750533049
87.80758952431854
88.00105988341282
88.23961661341853
88.16224814422057
85.81601272534465
85.99894011658718
86.09824747742964
86.32765957446809
86.53010122535962
86.66454013822435
86.80820458177944
87.04036112586299
87.22518676627534
87.52950558213716
87.58413205537806
87.75106609808103
87.9506892895016
88.21901709401709
88.38936170212766
88.53343949044586
88.74626865671642
