94.02619414483821
94.23188405797102
94.36991557943207
94.60153846153847
94.95759444872783
95.07225211375865
95.2824074074074
95.38289676425269
95.75694444444444
96.0262954369683
96.20923076923077
96.34362934362935
96.74252873563219
96.98529411764706
97.02625482625483
97.3092463092463
97.47981366459626
97.62925696594428
98.12151702786377
98.20885093167702
98.43236903831118
98.67729393468119
96.17364341085272
92.94483294483294
93.11162432640492
93.11136712749617
93.34151957022256
93.72720247295209
94.00538876058506
94.18495778971604
94.3778801843318
94.69201228878649
94.82434514637904
95.09808429118775
95.22494261667941
95.40923076923077
95.77035330261137
96.06288343558282
96.10038314176245
96.36091954022989
96.4223076923077
96.68601986249045
96.94380292532718
97.04374520337683
97.18376722817764
97.37528779739063
97.52213740458015
97.62336664104535
97.82538461538462
97.99845559845559
98.2
98.36398763523957
98.45342571208622
98.64049268668207
98.88390092879257
98.90092879256966
99.17169373549885
99.21615384615384
98.77036310107948
98.77036310107948
98.77036310107948
98.77036310107948
98.77036310107948
98.77036310107948
91.58087201125176
91.49945474372956
91.5195530726257
91.58503401360544
91.32905296950241
91.24478764478765
91.12311178247734
91.13853141559424
91.12785388127854
91.35819735819736
91.59161873459327
91.81734693877551
90.51462994836488
90.51462994836488
90.51462994836488
90.51462994836488
88.34322033898304
89.12720156555773
89.58569051580699
90.065625
90.25227272727273
90.49040675364543
90.65416985462892
90.96469685341519
91.13420245398773
91.4984756097561
91.74357034795764
92.02745995423341
92.19335347432025
92.59142212189616
92.97414448669201
93.21646341463415
93.24703737465816
93.24703737465816
93.24703737465816
93.24703737465816
143.05668604651163
143.05668604651163
143.05668604651163
143.05668604651163
90.23593964334705
90.95621181262729
91.19536128456735
91.53404067197171
91.55388180764774
91.55388180764774
91.55388180764774
91.55388180764774
91.55388180764774
91.55388180764774
91.55388180764774
91.55388180764774
91.55388180764774
90.66666666666667
91.27176220806794
91.97798165137614
92.1152030217186
92.18114874815906
92.18114874815906
92.18114874815906
92.18114874815906
142.36886395511922
142.36886395511922
91.47852760736197
91.9275766016713
92.58938244853738
92.96647509578544
93.01069518716578
93.01069518716578
93.01069518716578
93.01069518716578
93.01069518716578
93.01069518716578
93.01069518716578
86.99382716049382
87.83203883495146
88.16778523489933
88.24446202531645
88.42313664596273
88.54347826086956
88.93116782675948
89.03156274056967
89.10278207109737
89.33023975251353
89.5693261037955
90.04095826893354
90.31211180124224
90.96841294298922
91.15579432079817
91.45904173106646
91.63565285379202
91.784375
92.05594405594405
92.21583850931677
92.40203761755485
92.63821456538763
92.82246661429694
93.07137254901961
93.15130023640661
93.49564528899445
93.5654242664552
93.67115689381933
93.97549407114624
94.23150357995226
94.50679456434852
94.73777064955894
94.9016
91.62900641025641
85.54939759036145
81.76252019386106
81.8757016840417
81.90514469453376
82.21735668789809
82.4464141821112
82.65409309791332
82.81861958266452
83.0048
83.20111731843575
83.51932367149759
83.71842316975061
83.88826366559485
84.22346368715084
84.52289156626506
84.90602409638554
85.1184
85.37690457097032
85.63658340048349
85.84189406099519
86.33601933924254
86.19858156028369
86.19858156028369
86.19858156028369
86.19858156028369
83.15724815724816
82.9425
82.71953578336557
82.98979591836735
83.2987117552335
83.43740219092332
83.69340746624304
84.03073286052009
84.28436763550668
84.47805642633229
84.97648902821317
85.10764430577223
85.25352112676056
85.58695652173913
85.97817614964926
86.2023166023166
86.40993788819875
86.73348694316437
87.00538461538461
87.11932255581216
87.24079754601227
87.48424289008454
87.6828897338403
87.98241590214067
88.1723874904653
88.4288990825688
88.71569370735405
88.98850574712644
89.18112633181126
89.32949308755761
89.67854435178165
90.00916730328495
90.1648854961832
90.43611323641927
90.91297709923664
91.08735632183908
91.39260969976905
91.71547799696509
92.0246533127889
92.19121048573632
91.66434648105182
86.87874136607829
84.81964696853416
85.14903474903475
85.31786542923435
85.45238095238095
85.80923076923077
86.02558139534884
86.28626543209876
86.71618451915559
86.99137931034483
84.33536585365853
84.33536585365853
84.33536585365853
84.33536585365853
84.33536585365853
81.2752688172043
82.10358056265984
82.69751243781094
82.93426818580193
83.15454545454546
83.75755166931637
84.0774647887324
84.33984375
84.55590304925724
84.96711041503524
85.24863174354965
85.35775526110677
85.57833203429462
85.93934681181959
86.32046332046332
86.47149460708783
86.87286821705426
87.1152959262106
87.29
87.48803088803089
87.88089713843775
88.09020817270624
88.26834862385321
88.73563218390805
88.98695318495778
89.30757459831676
89.65665896843726
89.87290640394089
89.87290640394089
89.87290640394089
89.87290640394089
89.87290640394089
85.46960167714884
86.56019070321811
87.11996251171509
87.42691990090835
87.55590062111801
87.99693016116655
88.12327718223584
88.32332563510393
88.79051987767583
89.08708938120702
89.29823212913143
89.5358231707317
89.85495011511895
90.13660782808903
90.31667947732514
90.69330289193303
90.87604562737643
91.2895752895753
91.41865844255976
91.66615384615385
92.06283524904215
92.2476923076923
92.40400925212028
92.75116279069768
92.89628482972137
93.08339768339768
93.42393822393822
93.52207591014717
93.85262345679013
94.04482225656878
94.19753086419753
94.48344880677445
94.49229583975347
91.01758409785933
88.22730739893211
88.74178762414057
88.90374331550802
89.11526717557251
89.36697247706422
89.72158657513349
89.78876781223805
87.48333333333333
87.48333333333333
87.48333333333333
87.48333333333333
87.48333333333333
87.48333333333333
83.8848080133556
85.09978070175438
85.41740674955595
85.7
86.02588235294118
86.2573189522342
86.67665130568356
86.84907120743034
87.14296875
87.30959752321981
87.63182167563413
87.95759444872783
88.18575851393189
88.3479938271605
88.52476780185758
88.98535080956053
89.12865947611711
89.34206471494608
89.51195065535852
89.83231707317073
90.02080123266563
90.22958397534669
90.43711656441718
90.86727688787185
91.10421455938697
91.36594761171033
91.59923076923077
91.75421133231241
92.09447004608295
92.25771604938272
92.54329501915709
92.90783410138249
93.19397217928902
93.36398763523957
93.56689868522815
94.03703703703704
93.34292379471229
90.22881355932203
90.22881355932203
90.33178294573644
90.52043176561295
90.9419054996127
91.09013209013209
91.32212666145426
91.50854037267081
91.81881804043546
92.04891304347827
92.27990617670055
92.4103367267032
92.77551020408163
93.13536776212833
93.2956862745098
91.53186467348544
88.69747235387045
88.87971698113208
88.99448818897638
89.18897637795276
89.3428345209818
89.74267616785431
90.11155063291139
90.18360914105595
90.44426877470356
90.74226804123711
91.00870253164557
91.33307210031347
91.4202670856245
91.74704491725768
91.95816890292028
92.24980483996877
92.56490952006294
92.73746081504702
92.94505494505495
92.51219512195122
89.66404405979543
89.36858475894246
89.44453125
89.65390625
90.09239130434783
90.22127329192547
90.36363636363636
90.84716834755625
91.00933125972006
91.14041892940264
91.35275835275836
91.52329192546584
91.98055987558321
92.2468944099379
92.40418929402638
92.71771075019335
93.04489164086688
91.02995391705069
89.56138996138996
89.95069337442219
90.03461538461538
90.35913312693498
90.60906298003073
90.96133023975251
91.18307692307692
91.42121445042275
91.65237366003063
92.01084430673896
92.24153846153847
92.35565819861432
92.91615384615385
93.05392912172573
93.32515337423312
93.44119907763259
93.88880308880309
94.02080123266563
94.32230769230769
94.41992337164751
94.77675134719014
95.13869731800766
95.3653108211819
95.61115414407436
95.8321732405259
92.05149884704073
89.07208588957056
89.53834355828221
89.49654112221369
89.98766383962992
90.33333333333333
90.4358186010761
90.87181467181468
90.99075500770417
91.27062451811874
91.481909160893
91.91351351351351
92.08326908249808
92.27371695178849
92.74922360248448
92.93967517401393
93.22178988326849
93.46625290923197
93.68667186282151
93.98063516653757
94.30326594090202
94.46671826625386
94.6282151208106
95.15092879256966
95.24092664092665
95.58644859813084
95.86979969183359
96.07953667953669
96.22905457340508
96.49305555555556
96.87969348659004
97.0914681014604
97.4225134926754
97.7032457496136
97.9286809815951
98.11239414934565
98.39876352395672
98.67416602017067
96.76393188854489
92.9930928626247
93.2769701606733
93.45
93.87327188940093
94.0221882172915
94.24079754601227
94.40926640926641
94.84815950920246
95.04307692307692
95.14153846153846
95.52424942263279
95.85439137134053
96.08365310821182
96.19397217928903
96.41153846153847
96.75652841781874
97.0053970701619
97.1053036126057
97.31684698608964
97.61305361305361
97.88657407407408
98.14440154440155
98.2548412083656
98.5944055944056
98.81649961449499
99.05705474171164
99.28449612403101
99.55218068535825
99.97447795823666
100.09674922600618
100.29182879377433
100.5140625
100.6549295774648
100.7887763055339
101.17017954722873
101.28716744913928
101.43372549019608
101.73019607843136
101.84065934065934
102.13145539906102
102.36148382004735
100.70449172576832
94.74036191974822
90.8257164988381
91.09590100541377
91.10046367851623
91.50116189000775
91.56356589147286
91.89708141321044
92.02609363008442
92.22519083969466
92.37308868501529
92.74461538461539
92.88564850345357
93.18195718654434
93.60015290519878
94.0423402617398
92.67794759825327
92.67794759825327
92.67794759825327
92.67794759825327
92.67794759825327
92.67794759825327
88.1243611584327
88.9719806763285
89.26109215017065
89.54106280193237
90.07153846153847
90.18797564687975
90.28560490045942
90.58079268292683
90.99155794320798
91.20092024539878
91.6381679389313
91.75591151792524
92.06259541984733
92.26864535768645
92.63013698630137
92.81379310344828
93.15845337376801
93.41609719058467
94.07715582450832
94.2171602126044
94.6022813688213
94.87908745247148
95.1984674329502
95.51450381679389
95.85506134969326
96.20275439938791
96.40811638591117
96.97402597402598
97.0701754385965
97.3106350420811
97.70529547198771
97.97932618683001
98.09153318077803
98.3529862174579
98.71384615384616
98.9930928626247
99.42571208622016
99.77580893682588
100.01158301158301
100.2378752886836
100.60015588464536
100.9088803088803
101.05918524212144
101.48684210526315
101.652950310559
102.09387121799844
102.33877233877234
102.60822342901474
102.77474668745128
103.05968992248063
103.29591836734693
103.63367108339828
103.79356357927787
102.89271730618637
96.5624521072797
96.74213353798925
96.79096477794793
97.07427258805512
97.131498470948
97.4025974025974
97.82041442824251
98.0231124807396
98.2745995423341
98.6832440703902
98.87299158377965
99.15589353612168
99.33867276887872
99.76146788990826
99.906463878327
100.14719271623673
100.37471612414836
100.80274181264281
101.15917745620716
101.30517503805174
101.8969696969697
101.94856278366112
102.21607278241092
102.61702127659575
102.96279422930903
103.17186311787071
103.30358504958048
103.88778625954198
104.0061115355233
104.31487101669197
104.55
104.75840978593271
104.93711656441718
105.20916030534352
105.4271472392638
105.82742681047766
105.94696387394312
106.31570881226054
102.74259681093395
97.99018126888217
96.91366366366367
97.01057401812689
97.14307228915663
97.42516753536859
97.61299852289513
97.81208548268239
98.01712583767684
98.38827023014105
98.51186943620178
98.77041942604856
98.12360387192851
94.32747252747252
93.04938271604938
93.3730797366496
93.542062911485
93.76620538965769
93.97751994198694
94.39462209302326
94.49562682215743
94.71574344023324
94.94279507603186
95.34890510948905
95.67223837209302
95.8475565280817
96.14533622559654
96.48871085214859
96.69393718042366
96.92883345561262
95.6778916544656
94.89447236180905
94.89447236180905
94.89447236180905
92.165
93.23352713178295
93.86
93.95
94.19882179675994
94.50848708487085
94.77319587628865
95.15153733528551
95.66349670811996
95.98975859546452
96.36270939548433
96.61297376093295
96.79184861717613
97.32208363903155
97.58370044052865
97.75857038657914
97.98246895544193
98.46232626188734
98.69654665686994
99.1217008797654
99.39500734214391
103.30563186813187
99.97564575645757
100.31342182890856
100.55081001472755
100.93377483443709
104.85275645498953
105.13389121338912
105.54443666899931
105.67575122292104
102.42984409799556
102.7317436661699
103.00225733634312
103.17757712565839
103.79380664652568
104.04078549848943
104.32852807283763
104.67051578137028
105.00076394194042
105.21108580106302
105.59007633587785
105.7628156082632
106.01743745261561
106.58301158301158
106.77357032457496
107.11514683153014
106.69765625
101.60953112990008
97.02950075642966
96.35600907029479
96.44996237772762
96.70464767616193
97.06221547799697
97.17170953101362
97.5642374154771
97.76981132075471
102.4947442186405
102.67111735769501
98.52006056018169
103.26847977684798
99.13722517058378
99.65063861758077
99.91761148904007
100.14113207547169
100.43051359516616
100.70203160270881
101.00075642965204
101.09221466364323
101.3378787878788
101.55731523378583
101.99395770392749
102.12905660377359
102.41798941798942
102.60679245283019
102.94352409638554
100.29780801209372
96.21182634730539
96.5074294205052
96.49888309754282
96.90201944652206
97.15844544095665
97.56017830609213
97.73695976154993
97.93805970149253
98.3786626596544
98.55919583023083
98.71471247199403
98.83582089552239
99.36104868913858
99.4512743628186
99.83781763826607
100.10173323285608
100.20798794272795
100.5648912228057
100.82709580838323
101.09441087613294
101.3489425981873
101.90325018896448
100.43149129447389
96.04951237809453
95.00593912397922
95.22312824314307
95.42984409799554
95.69910846953938
95.97762863534676
96.62714392244594
96.78790141896938
97.11662904439427
97.42379182156134
97.61961367013373
97.92468307233408
98.20074906367041
98.54970326409496
98.6843679880329
99.13148009015777
99.30665669409126
99.69955156950672
99.93087903831704
100.2027128862095
100.29795299469295
100.8773656320969
101.0900832702498
101.25644916540213
101.82763857251328
101.99167297501893
102.29103343465046
102.5068493150685
102.82824427480915
99.62123493975903
96.11915535444948
96.16504126031508
96.25301204819277
96.75320754716981
96.91445874337623
97.13343442001516
97.31594860166288
97.6379440665155
97.92325227963525
98.16224412433661
98.40653495440729
98.70083523158695
99.07522796352583
99.1689497716895
99.55311077389985
99.91310975609755
99.96875
100.18830675778284
100.42401215805471
100.65933232169954
100.96209249431388
101.17754172989378
101.35
101.77955758962624
101.92460015232292
102.17827084927315
102.33537519142419
102.70092024539878
102.94672754946728
103.1350114416476
103.47288006111535
103.69585253456222
104.01145912910619
104.18487394957984
104.67981438515082
102.86848635235732
100.42776998597475
100.42776998597475
100.42776998597475
100.42776998597475
97.14044943820224
97.35398230088495
97.51525144270404
97.8306389530408
98.10943396226415
98.27862595419847
98.60615153788447
99.14980988593156
99.23246951219512
99.58207831325302
99.84866920152092
100.07534246575342
100.33030303030303
100.4627659574468
100.89831804281346
101.08725341426404
101.4134248665141
101.52679938744257
101.87719298245614
102.08024691358025
102.28516525749424
106.70538243626062
102.62422839506172
102.83796296296296
102.85373364126251
97.37471439451637
97.52355623100304
97.60652009097802
97.7845804988662
98.01217656012176
98.12937595129375
98.21020563594821
98.3876618431074
98.71633888048412
98.95963442498096
99.14634146341464
99.26067073170731
99.5489006823351
99.82532418001526
100.02833078101072
100.1951219512195
100.31981637337414
100.642965204236
101.03990790483499
101.17114351496546
101.3054489639294
101.69608595548733
101.97228637413394
102.11796453353894
102.24864864864864
101.55416991426344
96.82411674347159
95.26784343821949
95.3016975308642
95.45433436532508
95.80602782071098
96.11633281972266
96.30124223602485
96.61158301158301
96.86966640806827
97.00622568093385
97.44009397024276
97.7846034214619
97.92583918813426
98.08671875
98.40841777084958
98.63500784929357
98.94483294483294
99.17096018735363
99.40172278778387
99.87207488299532
99.99454403741231
100.31669266770672
100.47874015748032
100.78526645768025
101.00390015600624
101.25253312548713
101.50039154267816
101.92751363990646
102.05373831775701
102.13650546021842
98.78254091971941
95.11832946635731
95.43012422360249
95.42569659442725
95.72058823529412
95.89526764934057
96.13940809968847
96.30428015564203
96.6065830721003
96.91841491841492
97.08591331269349
97.21219135802468
97.35225505443235
97.75019394879752
97.89737654320987
98.22660479505026
98.3704280155642
98.67626459143969
98.74570982839313
99.04945904173107
99.07959814528593
99.23698523698523
99.34007782101168
99.63439194422928
99.96756756756757
100.16975308641975
98.00308404009252
93.6295731707317
92.98010711553175
92.99464012251148
93.16730328495035
93.22983257229832
93.53693830921554
93.92295839753467
94.08103975535168
94.25496183206107
94.46768060836501
94.63490853658537
94.96858237547893
95.11576542269611
95.41666666666667
95.57998483699772
96.07539984767708
96.14481707317074
96.45336391437309
96.82835249042145
97.01532567049809
97.20689655172413
97.4888718342287
97.89755351681957
98.04134762633997
98.47022900763359
98.77641653905053
98.98855835240275
99.17624521072797
99.66386554621849
99.86415963161934
100.18439173680184
100.44915254237287
100.80674846625766
97.89509954058192
95.51139817629179
96.06350420811017
96.20673813169984
96.55886850152905
96.99077632590314
97.25613496932516
97.6244204018547
98.1148804934464
98.32142857142857
98.8482280431433
99.09627329192546
99.37180480247869
99.65801886792453
100.00231481481481
100.28969790859799
100.69734789391575
101.17131782945737
101.40987460815046
101.68068535825546
102.03930817610063
102.45011783189317
102.60346184107001
102.90546875
103.17292644757433
103.15710919088767
96.51877934272301
94.78665632273079
95.04208885424785
95.18026418026417
95.47856586126267
95.91142191142191
96.17029548989115
96.55485893416929
96.9328649492584
97.3375
97.70031298904539
98.02021772939347
98.22638563622169
98.65227629513345
98.97895557287607
99.1801872074883
99.53780202650039
99.93468118195956
100.46980392156863
100.67242733699922
101.06791569086651
100.46535433070866
95.55347384855581
92.24363916730917
92.48803088803089
92.7774343122102
93.05319969159599
93.3918083462133
93.95370370370371
94.15050426687354
94.47762345679013
94.85703245749613
95.11171032357473
95.43310131477185
95.8343653250774
96.17133956386293
96.61982825917252
97.02091402013943
97.25854037267081
97.7223088923557
97.93234836702955
98.28794992175274
98.62725137039936
98.93447737909517
99.3341121495327
99.84404388714734
100.14408770555991
100.5377358490566
100.74193548387098
101.14765625
101.48738170347002
101.79699842022117
102.04929577464789
102.65070643642072
102.81353265145555
103.3538219070134
103.64381402679275
103.81551860649247
104.4635499207607
104.65533596837945
104.76740506329114
100.72720063441713
95.59213569776406
95.93974960876369
96.16834755624515
96.47755417956657
96.87201233616037
97.17851622874807
97.4806800618238
98.02471042471043
98.2832948421863
98.94984567901236
99.156346749226
99.62655279503105
100.01771956856703
100.29775715390565
100.7423887587822
101.12577160493828
101.53151750972762
101.85636645962734
102.47122861586314
102.7046875
103.09311424100156
103.52197802197801
103.75590551181102
104.096875
104.53827940015785
104.8
105.20203602192639
105.68110236220473
101.84765625
98.02713178294573
97.93658159319412
98.0046047582502
98.33588370313696
98.7239263803681
99.1010719754977
99.35388127853881
100.02601377199693
100.24295506473725
100.82230769230769
100.99159663865547
101.30986993114001
101.66284403669725
102.10831426392068
102.31058282208589
102.84568372803668
103.33768227168073
103.73281853281853
104.18139892390468
104.5987606506584
104.9127413127413
105.19260400616332
105.61370716510903
105.84549689440993
106.58462732919256
106.88500388500388
107.19329696024941
104.8841368584759
100.1041825095057
98.40336134453781
98.54892966360856
98.8787185354691
99.16439393939393
99.87738004569687
100.0803639120546
100.52341389728096
100.97029702970298
101.22366412213741
101.7888719512195
102.03262518968134
102.3819018404908
102.86270022883295
103.28246013667426
103.70493066255779
104.08307926829269
104.2442748091603
104.64015444015445
104.94090560245587
105.34303215926494
105.62480620155038
105.91987673343606
101.24408848207474
96.39984939759036
93.46921921921921
93.72390317700454
93.86706948640483
94.43030303030304
94.6566265060241
95.17381489841986
95.55547169811321
96.13670694864048
96.55112781954887
96.90494011976048
97.18843843843844
97.67039522744221
98.05772113943029
98.48539325842697
98.9812030075188
98.36069277108433
96.09059233449477
96.09059233449477
93.14935988620199
92.53846153846153
92.16390728476821
92.24731182795699
92.46176911544228
92.7170805116629
93.16704459561602
93.64027149321267
94.3288490284006
94.59836065573771
95.29049034175334
95.56887565152644
95.83134328358209
96.35851851851851
96.7548435171386
97.23727544910179
97.80476900149031
98.15844544095665
98.6698956780924
99.03220973782771
99.50037285607755
99.85096870342772
100.24850299401197
100.60059612518629
101.24285714285713
101.61457550713749
102.13836948391922
102.4570575056012
102.91818181818182
103.18843843843844
103.49886449659348
103.99547852298417
104.33409090909092
101.05815061963776
101.05815061963776
101.05815061963776
101.05815061963776
101.05815061963776
101.05815061963776
92.7635605006954
93.11855670103093
93.59442446043165
94.2959604286892
94.69850039463299
95.1164437450826
95.57686453576865
95.85421412300683
96.20341614906832
96.70410729253982
96.10925449871465
96.10925449871465
96.10925449871465
96.10925449871465
96.10925449871465
96.10925449871465
96.10925449871465
96.10925449871465
96.10925449871465
96.10925449871465
96.10925449871465
96.10925449871465
96.10925449871465
96.10925449871465
96.10925449871465
96.10925449871465
96.10925449871465
96.10925449871465
96.10925449871465
96.10925449871465
96.10925449871465
96.10925449871465
96.10925449871465
96.10925449871465
96.10925449871465
96.10925449871465
96.10925449871465
96.10925449871465
96.10925449871465
96.10925449871465
95.05238649592549
95.66045142296369
96.2368839427663
93.85903426791278
91.58039816232773
90.8280303030303
91.5392749244713
92.01132930513594
92.82870022539444
93.33915022761761
93.78783269961977
94.21477532368621
94.75
95.11391437308869
95.5551330798479
96.01377199693955
95.57801691006918
92.17371252882398
91.03081664098613
91.5384024577573
92.00230946882218
92.4261407579273
92.95440494590417
93.28649068322981
93.70393215111797
94.35753317720531
94.87978142076503
95.19453125
95.48305752561072
96.03001579778831
96.29173290937996
96.75974542561656
97.10375099760574
97.5196471531676
98.1369095276221
98.4378554021121
98.76723438767235
95.99103504482477
91.98781478472786
92.3617193836172
92.57401315789474
92.91517128874388
93.27687296416939
93.84848484848484
94.35004108463434
94.5881870385562
94.90057518488085
95.4395061728395
95.73180703188879
96.08210180623973
96.47944078947368
96.7710547833197
97.45499181669395
97.70530612244897
98.20246913580246
98.45284552845528
94.60981496379726
91.78617363344051
92.42537909018355
92.71006389776358
93.06533864541832
93.69255150554675
94.0102766798419
94.4017363851618
94.83832807570978
95.2498023715415
95.64234734337828
96.03385826771654
96.39575137686862
96.77663772691398
97.40251572327044
97.75256107171
98.18425196850393
98.54696132596685
98.95607843137255
99.21190476190476
99.65196850393701
100.09865824782952
100.51567398119121
101.0754716981132
100.24373040752351
95.65085536547434
93.49152542372882
93.97079169869332
94.24846625766871
94.65437788018433
95.14649190439475
95.61784897025171
96.11248073959939
96.45203376822717
96.93230769230769
97.34769230769231
97.78757668711657
98.1504221028396
98.6322629969419
98.97546012269939
99.7623839009288
100.04301075268818
100.50306748466258
100.99308755760369
101.2676923076923
101.7721324095458
102.10030627871363
102.57274119448698
102.36294027565084
94.75320754716981
91.18735891647856
91.43373493975903
91.69626865671641
92.1360902255639
92.51203007518797
92.91666666666667
93.49361382419234
93.88213213213213
94.68065967016491
95.05484598046581
95.57068062827226
95.76888556469709
96.27327327327328
96.68515742128935
97.0632530120482
97.55547226386807
97.93707354056103
98.55263157894737
99.00830815709969
99.26212121212122
99.81590909090909
100.11346444780635
100.58453373768006
101.04689863842663
101.3467987804878
101.89517980107115
102.33078686019863
102.96483180428135
103.27522935779817
103.66666666666666
104.05742725880552
101.29847328244276
98.35159817351598
98.68588770864946
98.87661843107388
99.51721499617445
99.96363636363637
100.23071104387293
100.84878419452887
101.14916286149162
101.4958238420653
102.02505694760819
102.30038022813687
102.82582123758594
103.26508785332314
103.83639143730886
104.19508448540707
104.43330763299923
104.92526964560864
105.34926754047802
105.76003086419753
106.10956790123457
106.75367931835785
107.03265940902023
107.58229813664596
104.72874806800618
99.77904328018224
96.04204204204204
96.07083647324794
96.24242424242425
96.69940029985008
97.42867924528302
97.78919729932483
98.23921271763815
98.71535580524345
99.02938960060285
99.50677710843374
99.95
100.31131359149583
100.86484434320425
101.3563829787234
101.8301453710788
102.31221374045802
102.61816782140107
103.1204268292683
103.41117917304747
103.85222052067381
104.28669724770643
104.67824074074073
101.66998468606431
96.86028853454822
94.21666666666667
94.6405425772419
94.79351921627732
95.25813777441333
95.64905660377359
96.08282674772036
96.33890577507599
97.02490566037736
97.37662337662337
97.73863636363637
98.20319634703196
98.71342383107088
99.1722306525038
99.58662613981764
100.01221374045801
100.33409961685824
100.94563552833078
101.37193251533742
101.88983050847457
102.19040247678018
102.64806201550388
103.0163043478261
103.508866615266
103.91439688715954
104.343653250774
105.05173745173745
105.4871395167576
105.84194053208137
106.4007874015748
106.73307392996108
107.14004720692368
107.61508248232522
104.8683800623053
100.18788343558282
99.2836279784781
99.37277648878577
99.95405819295559
100.19877206446662
100.74614197530863
101.02688172043011
101.32459521973786
101.843653250774
102.34387047031612
102.7976833976834
103.20558572536851
103.53271028037383
104.02232486528098
104.42220484753713
104.70615744349182
105.08378588052754
105.53010164190775
106.13276397515529
106.63629222309505
106.89622641509433
107.30148786217697
103.58874120406568
98.71870170015455
95.49089529590289
95.98094512195122
96.11229946524064
