95.32654320987655
95.46267735965453
95.60161591050341
95.66604244694132
96.55472170106316
96.5828947368421
96.49613733905579
96.57777777777778
96.21528525296017
95.76700838769804
94.97259136212625
94.4868804664723
94.11338797814207
94.16591056383668
93.70082749840866
93.70551766893986
93.72549019607843
93.80922693266832
93.82194357366771
93.8071608040201
93.86603773584906
93.921815889029
94.06561514195583
94.1056293485136
94.13959390862944
94.21396825396826
94.21841269841269
94.41056651814131
94.45373324824506
94.48053605615826
94.5035143769968
94.57881301850671
94.61238825031928
94.64830237027546
94.69033909149073
94.78347213324791
94.87012156110045
94.9415917843389
95.0
95.02704443013522
95.24357326478149
95.35070785070785
95.39024390243902
95.4364569961489
95.44964720974984
95.50224215246637
95.55391527599487
95.59140474663246
95.59140474663246
95.73440514469453
95.78227360308286
95.97501601537476
96.01858974358974
96.05837075048107
96.15731785944553
96.24708171206225
96.02548625083836
96.02548625083836
96.02548625083836
96.02548625083836
96.02548625083836
85.48395378690628
84.57654723127035
83.76525198938992
83.83354591836735
84.21804511278195
84.20477386934674
84.43646759847522
84.7680608365019
85.00444726810673
85.07731305449937
85.16656071201525
85.3191354100445
85.52641629535327
85.76673040152964
85.92395437262357
86.06518987341772
86.11694058154235
86.29854522454143
86.52591656131479
86.87809523809524
87.08912768647282
87.14285714285714
87.28802992518703
87.30068621334996
87.32751091703057
87.36221945137157
87.63135068153656
87.7246287128713
87.85749844430616
87.93457943925233
88.08596165739023
88.20259419394688
88.30521091811414
88.57504632489191
88.69950738916256
88.92236598890943
89.11386138613861
89.16892725030826
89.29574861367837
89.37945879458795
89.62454212454213
89.68543451652387
89.9155446756426
89.97972972972973
90.05460122699387
90.18566176470588
90.28167281672816
90.38953846153846
90.57213316892725
90.78381717109326
90.88697788697789
90.9730557256583
91.0422276621787
91.10122699386503
91.11418047882137
91.36486486486487
91.4601226993865
91.58267236119585
91.75768757687577
91.85652709359606
92.01221001221002
92.10397553516819
92.17184643510055
92.2799511002445
92.37270501835985
92.42726719415703
92.57108140947751
92.65072639225181
92.80425531914894
92.85297691373026
92.95995145631068
93.08206686930092
93.22619769557308
93.33009118541034
93.39733494851605
93.44706594071386
93.58748481166464
93.74787363304982
93.77049180327869
93.83706844336766
93.98305084745763
94.04515352197471
94.15129596142255
94.15129596142255
94.30982519590114
94.35684147076552
94.38545454545455
94.46331109763493
94.60668693009119
94.77959927140255
94.87301587301587
94.9063829787234
95.02359346642469
95.03690260133091
95.09921355111918
95.17978208232445
95.19261053906723
95.3177966101695
95.4355716878403
95.44012158054711
95.48387096774194
95.54141291108404
95.54141291108404
95.6360316494218
95.71629042098841
95.84990848078097
95.84878048780487
95.89774802191114
96.05042527339003
96.07177615571777
96.16464891041161
96.26864766525168
96.3521212121212
96.43504531722054
96.50182481751824
96.56725502130249
96.6406820950061
96.70807833537332
96.83995113011606
96.87645259938839
96.98102815177478
97.00366524129505
97.109547123623
97.16280487804877
97.2928615009152
97.36291309669522
97.50706822372464
97.56871165644172
97.62992610837438
97.68223724646589
97.77046153846155
97.81492905613818
97.97907692307692
98.02461538461539
98.07098765432099
98.21305418719211
98.27997527812113
98.3238566131026
98.40222772277227
98.52475247524752
98.68537939543492
98.70679012345678
98.79210363972857
98.84330660086366
98.95571955719558
99.17665225447807
99.2637430512662
99.3073593073593
99.35669975186104
99.37330037082819
99.38665843113033
99.48615384615385
99.55425400739827
99.69466584917228
99.73251533742331
99.7769562538509
99.84473197781885
100.02152521525215
100.03312883435584
100.17654320987654
100.2844827586207
100.39420111042566
100.47449293177627
100.50581751377833
100.5456774984672
100.59754601226993
100.69226044226045
100.72191528545119
100.80688806888068
100.90135635018495
101.04288377874457
101.0627719080174
101.08587429993777
101.18345771144278
101.36656346749226
101.41176470588235
101.47241165530068
101.5343653250774
101.60767326732673
101.86720698254365
101.93283582089552
102.03372891942536
102.06978193146418
98.30362630608482
92.39674894641782
87.47568208778173
87.4723049434187
87.52168746286394
87.80499405469679
87.9598820058997
88.3625073920757
88.46686390532544
88.53258293838863
88.7042755344418
88.82474837181765
88.88256227758008
89.25236966824644
89.35964391691395
89.46686390532544
89.51183431952663
89.58333333333333
89.78191489361703
89.83747044917257
90.03028503562945
90.20226055919096
90.33353151010702
90.51540284360189
90.60379596678528
90.71190476190476
90.80989272943981
91.01256732495511
91.14803804994055
91.37395957193817
90.99037800687285
89.84537389100127
88.93333333333334
89.59421641791045
90.0421216848674
90.54387186629526
91.03380102040816
91.3743932038835
91.48247177658942
91.66666666666667
91.7810262529833
92.06810035842294
92.19287833827893
92.32075471698113
92.42924528301887
92.54852071005917
92.61715976331361
92.68480189237138
92.80273321449792
92.9767995240928
93.00833333333334
93.0912343470483
93.10190703218117
93.20845741512805
93.25864123957092
93.39177101967799
93.527446300716
93.605122096486
93.65753424657534
93.82577565632458
93.89048473967684
93.99761336515513
94.00716417910448
94.1003003003003
94.18394248052726
94.24399038461539
94.34455802766085
94.36199639206254
94.52587244283995
94.62244897959184
94.72232196289647
94.85782843431313
94.9560770156438
94.9795673076923
95.03963963963965
95.11204819277108
95.30880579010856
95.32871763997592
95.35081374321881
95.57766990291262
95.75257731958763
95.84456587735276
95.88031591737546
96.04733009708738
96.09079829372334
96.24019607843138
96.26164215686273
96.36491442542787
96.53194103194103
96.59494451294698
96.69993838570548
96.74243360098826
96.88271604938271
96.95864197530864
97.09163591635917
97.14523076923078
97.26432532347505
97.42141089108911
94.8009828009828
92.2319806178074
92.26060606060607
92.27349909035779
92.44323671497584
92.52692075015123
92.66020593579648
92.83816425120773
92.92835458409229
93.11043689320388
93.16707021791767
93.22013341419041
93.24378411158278
93.41566265060241
93.57435279951837
93.74939903846153
93.93120096560048
93.96612220205687
94.08711433756805
94.14769975786925
94.17372881355932
94.19878787878788
94.5220810647308
94.6249243799153
94.6249243799153
94.9087061668682
94.96537059538275
95.10909090909091
95.12189205579139
95.33656761673741
95.4120145631068
95.59066100667071
95.80413625304136
95.85158150851582
95.86244674376141
96.01709401709402
96.12111990261717
96.22815533980582
96.32041187159297
96.37340619307832
96.42223572296476
96.83353584447144
96.8505467800729
96.96170212765958
97.01522533495736
97.20708613317044
97.28711656441718
97.40098099325567
97.48527607361963
97.62731767614338
97.67980295566502
95.73680864589956
95.73680864589956
90.58536585365853
91.15
90.6027027027027
90.99317406143345
90.33638443935926
90.61812023708721
90.6706497386109
91.16563573883161
91.54847104749513
92.00504413619167
92.50851581508516
92.75634824667473
92.98724179829891
92.94679564691657
92.07766405779651
92.1045673076923
92.09776704888353
92.14259818731118
92.21739130434783
92.33857315598549
92.47826086956522
92.56450635978194
92.59162621359224
92.95457298606905
92.96727272727273
93.03028467595396
93.11536126290224
93.23428920073215
93.3380024360536
93.43510054844607
93.56550883607557
93.60292326431181
93.81211750305998
93.88943188759927
94.07269395235187
94.19963257807716
94.27740355174525
94.33374233128835
94.46149106592729
94.57730061349693
94.75552825552826
94.85503685503686
94.97783251231527
95.1037037037037
95.13185459026494
95.24044389642417
95.41440886699507
95.58198757763975
95.66127023661271
95.78366583541147
95.89152119700748
96.0722291407223
96.17892768079801
96.32517263025738
96.50912523599749
96.59116719242903
96.71446620341123
96.78847371754276
96.90248565965584
96.98978940650926
97.191298784389
97.39347408829175
97.5
97.56110044785669
97.62540089801155
97.75482625482626
97.83731439638476
98.09190938511327
98.14922480620154
98.36522301228183
98.51034928848642
98.59689922480621
98.68673139158577
98.75032258064516
98.84461637653126
99.04961340206185
99.137797810689
99.17719072164948
99.51521035598705
99.57925257731958
99.70868167202573
99.77585099550417
99.8871071199487
100.06701030927834
100.19922630560929
100.35093367675466
100.47273893521489
100.61203585147247
100.7183908045977
100.89551282051282
100.9987146529563
101.08113329040566
101.18006430868166
101.24839124839124
101.24839124839124
101.24839124839124
101.24839124839124
101.24839124839124
101.24839124839124
101.24839124839124
90.9951923076923
93.80166666666666
94.72291820191599
95.56299212598425
96.16805644644003
96.40433673469389
96.58646616541353
96.75345911949685
96.88783868935099
96.99873577749685
97.28245725142494
97.48227848101266
97.63825757575758
97.75110270951481
97.84440227703985
97.93346007604563
98.11854684512429
98.26813880126183
98.3046776232617
98.46352201257861
98.55436156763591
98.68015170670037
98.84367088607596
98.87807959570435
98.9159823120657
99.13561470215463
99.31941808981657
99.4512040557668
99.60417986067131
99.7992376111817
99.83799237611181
99.89079365079365
100.03172588832487
100.14920634920635
100.2471264367816
100.38201530612244
100.52390057361376
100.62452350698857
100.76339285714286
100.96220371556694
101.07266881028939
101.1244358478401
101.24531956100711
101.33763718528083
101.40465416936004
99.102053915276
94.80904522613065
93.88555347091932
93.89256714553404
94.09278996865204
94.2165725047081
94.4669603524229
94.50188916876574
94.69918187539334
94.77049180327869
94.92346298619825
95.21491228070175
95.3858764186633
95.55541561712846
95.67044738500316
95.7937106918239
95.9378920953576
96.0
96.30440251572327
96.4410094637224
96.65126582278481
96.74447949526814
96.76563487049904
96.92201257861635
97.0353982300885
97.22999369880277
97.37097791798107
97.53607594936709
97.66771951989892
97.83386176284084
97.97649301143584
98.03242212333122
98.22038216560509
98.41894469167197
98.43193384223918
98.66602931803698
98.84669211195929
99.0095663265306
99.15813060179258
99.24376199616123
99.38486209108403
98.58227040816327
94.89911727616645
93.00682382133995
93.1948782011243
93.29507174048659
93.58967904342353
93.69887076537013
93.77344241661422
94.08891671884784
94.21102066374452
94.35821831869511
94.58453802639849
94.68238993710692
94.81544256120527
95.05746408494691
95.22243107769424
95.40929064657878
95.57205513784461
95.64875
95.80851063829788
95.94852479598242
96.11783042394015
96.22645040548971
96.50062893081761
96.62146892655367
96.6708621774701
96.8601880877743
96.94343180389691
97.24278544542032
97.41388012618296
97.45930599369086
97.62689393939394
97.77113795295614
97.98534098151688
98.12851662404091
98.30191082802548
98.39579349904398
98.58834827144686
98.71721049264235
98.74247277386291
98.9795788130185
99.18356867779204
99.30328396651642
99.44932214331827
99.60950545921645
99.74807197943446
99.93525641025641
100.04752729608221
100.21093247588425
100.34469453376207
100.51515151515152
100.63461538461539
100.71887034659821
100.88348271446863
101.03997421018698
101.19136597938144
101.30392788151964
101.42275371687137
101.50809061488673
101.865234375
101.9673202614379
102.10807291666666
102.158203125
99.71089743589744
96.51201011378002
95.99118942731278
96.07444794952681
96.27209595959596
96.46212121212122
96.58490566037736
96.7885101010101
96.8373417721519
96.92526915769474
97.06641366223909
97.30710659898477
97.4809885931559
97.65736040609137
97.88895939086294
97.93900889453622
98.1611253196931
98.32590706556334
98.52101910828026
98.68877551020408
98.73375796178344
98.96739130434783
99.21474358974359
99.32626846499679
99.42290467050543
99.52790250160359
99.69540229885058
99.84173580089342
100.07687379884689
99.15799614643545
94.2103274559194
88.41364474492931
88.71517801374141
88.7518656716418
89.00741198270538
89.1615099009901
89.43827160493827
89.61100803957947
89.91532756489494
90.0179012345679
90.47160493827161
90.63704164077066
90.73179838207841
90.97413793103448
91.1119311193112
91.35987654320988
91.52268489745184
91.70260223048327
91.9679802955665
92.26930203829524
92.46741154562383
92.64108910891089
92.7776397515528
92.99752933909821
93.11688311688312
93.34925558312655
93.57577639751553
93.70379589296826
93.85403726708074
94.11235257603973
94.23661270236613
94.48064918851436
94.55277951280449
94.71678103555833
94.83083645443196
95.11458985597996
95.24843161856964
95.57213930348259
95.69135034225265
95.83156581409857
96.03105590062111
96.25
96.37609511889863
96.59474671669793
96.7025
96.91577624135763
97.0495919648462
97.40929064657878
97.5093984962406
97.66227244193345
97.78126964173475
97.8796992481203
98.14924433249371
98.34461152882206
98.6950220541903
98.78914141414141
98.8745247148289
99.08169727675744
99.1993670886076
99.3510773130545
99.53186119873817
99.68098547062539
99.85018963337546
100.01592356687898
100.16497461928934
100.19783715012723
99.30055074744295
99.30055074744295
99.30055074744295
99.30055074744295
99.30055074744295
99.30055074744295
89.05405405405405
90.47235772357723
92.19644128113879
92.77704918032786
93.37452711223203
93.66398016119032
93.85758706467662
94.03279702970298
94.30293566520925
94.63778054862843
94.75797373358348
94.88342785129174
95.12492113564669
95.36888331242159
95.45654911838791
95.61775818639798
95.75929426591053
95.81297229219143
96.17014547754586
96.29634300126104
96.48271527341295
96.57115749525616
96.72400756143668
96.9323640960809
97.1302414231258
97.18170266836086
97.45500633713561
97.66539923954372
97.80341340075853
97.96385542168674
98.0995561192137
98.30876747141042
98.42512690355329
98.53172588832487
98.67340492735312
98.82397476340694
99.07265774378585
99.21210191082803
99.3828025477707
99.54435994930292
99.65060240963855
99.78142766898294
99.97264631043257
100.13043478260869
100.3519588953115
100.51790281329923
100.60586734693877
100.74871794871794
100.9198717948718
98.1658163265306
94.28732042473455
94.0193871169481
94.07084639498433
94.40088383838383
94.47188881869867
94.77686989314897
94.90581542351454
95.11518987341772
95.34096692111959
95.43908629441624
95.72187104930468
95.85161699429297
96.13694267515923
96.30999363462763
96.39948947032546
96.7168253968254
96.79415501905973
96.96435391470402
97.16805111821085
97.36821952776006
97.46124279308137
97.88449266113594
98.06157793457345
98.21153846153845
98.46424010217115
98.5547770700637
98.68170266836086
98.78238672622845
99.13166345536288
99.25947334617854
99.52884615384616
99.70610687022901
99.95830660679923
100.0883870967742
100.29190938511327
100.41085271317829
100.58473479948253
100.80154639175258
100.96449322143317
96.31812420785805
93.66666666666667
93.8717624763108
94.09818636647906
94.2595851665619
94.47607052896726
94.61877756773787
94.77223974763407
94.86093552465233
95.35082174462705
95.54614412136536
95.64646464646465
95.6809854706254
95.86047979797979
96.04063492063491
96.22364217252397
96.49491094147584
96.56552162849873
96.83503836317135
96.955938697318
97.08279845956355
97.23126201153107
97.35494223363287
97.64212548015365
97.77884002549393
97.87387964148527
98.14864864864865
98.3183568677792
98.4563543003851
98.62636655948553
98.78649517684887
98.94223363286264
99.07479045776918
99.26472491909385
99.28775113415423
99.64410058027079
99.75948553054663
99.93479664299548
100.0528350515464
100.23111684958037
100.31935483870967
100.57411003236246
100.67981888745149
100.86381322957197
101.14462540716613
101.15775749674054
101.32182410423454
101.27658186562296
98.56538461538462
96.17457305502846
96.20178799489145
96.29224904701397
96.4152380952381
96.73180076628353
96.79731457800511
96.94589433481859
97.13252240717028
97.30546623794211
97.40629011553273
97.6651699807569
97.72832369942196
97.85842985842986
98.13256113256114
98.21957501609788
98.3283870967742
98.5038809831824
98.68770122343851
98.76295336787564
98.79314802844215
99.00455136540963
99.12873862158648
99.25471085120208
99.37686809616633
99.38910505836576
99.6575698505523
99.75339805825243
99.97274497079817
100.0383864671438
100.21854734111542
100.25730994152048
97.1290944123314
91.39543726235742
85.04029758214507
78.79684657368102
74.13841463414634
71.82831325301204
72.17765567765568
72.27144607843137
72.72235722964763
73.23311016433354
73.35609756097561
73.63116250760804
73.7801332525742
74.13912515188335
74.30606060606061
74.53422168382798
74.6376811594203
75.07380520266183
75.21818181818182
75.48884870403857
75.53489771359807
75.85911270983213
75.98619447779112
76.23903903903904
76.46846846846847
76.58777711204314
76.95673076923077
77.1848284166165
77.34375
77.56474820143885
77.73690547862734
77.87372830640335
77.98501199040767
78.36778846153847
78.53513513513514
78.79114302812687
78.95089820359281
79.19520958083832
79.40922708208508
79.60848774656306
79.77458033573141
79.93471810089021
80.09302325581395
80.47914183551848
80.7294887039239
80.80629827688651
80.99703087885986
80.38680926916221
78.70776526378187
78.50476758045292
78.56684491978609
78.68694096601074
78.74910820451844
79.13869047619048
79.83086053412462
81.41556886227545
81.56827668455576
81.8094103633115
81.94103633114949
82.17443249701314
81.35315101070155
80.19929453262786
80.39858072146659
80.56493506493507
80.73522458628841
80.86832740213524
81.03193376700177
81.33195020746888
81.56550088915235
81.67519333729922
81.74805970149254
82.11011370436864
82.36112777444511
82.48327359617682
82.69000598444046
82.72285542891422
82.82533013205283
83.16225961538461
83.35778713168972
83.53213213213213
83.790837854129
83.86778846153847
84.14648910411623
84.3157894736842
84.53329297820824
84.60606060606061
84.85281647486372
84.99636363636364
85.31063829787234
85.51179673321234
85.55958862673926
85.69109630526954
85.89848942598188
86.16332726168791
86.25319537431528
86.44890510948905
86.63995142683667
87.01643335362142
87.12189205579139
87.23507917174177
87.50667475728156
87.59709618874773
87.65154264972777
87.96459096459097
88.07481751824818
88.22228989037758
88.52503052503053
88.58439975624619
88.63042150274893
88.87936313533375
88.99632352941177
89.1830985915493
89.29625076828519
88.5803076923077
87.18059792556437
87.18780487804878
87.2375995101041
87.43585021485573
87.62829148805879
87.82360172095882
87.89716748768473
88.04310344827586
88.22146822948797
88.25278121137207
88.38761609907121
88.48576732673267
88.63193588162763
88.8402734617775
88.89616810877627
88.95
89.05012376237623
89.17581739666872
89.26247689463956
89.47361887026692
89.7056277056277
89.80914144533662
89.99383477188655
90.04019789734076
90.08641975308642
90.14179566563467
90.37903225806451
90.44002486016159
90.63318777292577
90.77139287945035
90.84019975031211
90.885
91.14490049751244
91.34450651769087
91.41110417966313
91.5743879472693
91.79273638071383
91.8738288569644
92.03435352904435
92.26299311208516
92.33771106941839
92.55751099937146
92.67083854818523
92.91337099811676
92.99184952978057
90.59355828220859
87.7762619372442
84.64859926918392
82.18315018315019
80.40852904820767
80.10944340212633
80.10832811521603
80.2995622263915
80.60407383831954
81.09734513274336
81.1815873015873
81.36107554417414
81.49068721901092
81.5923076923077
81.65853658536585
81.82653721682848
82.02387096774194
82.08505154639175
82.14912846998064
82.2719638242894
82.29883570504528
82.36210253082415
82.37597402597403
82.53125
82.65208877284596
82.75390625
82.80404964075767
83.01821730644112
83.08743523316062
83.18770438194899
83.2281690140845
83.2281690140845
83.2281690140845
83.2281690140845
83.2281690140845
83.2281690140845
77.91826923076923
78.05855263157895
78.29338327091136
78.45925457991156
78.70408163265306
79.01201771030993
79.17076244486452
79.33670246367656
79.455919395466
79.923125
80.03264281230383
80.21771678103556
80.29887920298879
80.49197530864197
80.67141089108911
80.77509293680298
81.00498132004981
81.11695544554455
81.32736256948733
81.46096654275092
81.69950738916256
81.70363524337647
81.8259532595326
81.95764272559853
82.04612546125462
82.18445404071561
82.56495098039215
82.64825046040515
82.7379056950398
82.88346552776083
82.95115995115995
83.01521606816799
83.21787025703794
83.43144424131627
83.50395617772368
83.79574468085106
83.89975698663426
84.0
84.23208818126149
84.44518879415347
84.53077391834248
84.74574209245742
84.81940207443563
84.98962782184259
85.239608801956
85.42463235294117
85.57753357753357
85.75688916105328
85.82935779816513
86.10067943174799
86.18630475015422
86.30351634793337
86.57221880762138
86.7643076923077
86.80073800738008
87.0079559363525
87.15076923076923
87.25261216963737
87.39446153846154
87.52876376988984
87.66912216083487
87.94512946979039
88.057336621455
88.20802469135802
88.2518472906404
88.40295748613678
88.54545454545455
88.68661320172733
88.86155747836835
88.98276923076924
89.0919185687847
89.26283240568955
89.38926588525601
89.51180124223602
89.64950372208436
89.71967821782178
89.96459627329193
90.04215747055177
90.10732009925559
90.2297213622291
90.3903345724907
90.48760842627014
90.6691403834261
90.8402734617775
90.9423076923077
91.1608695652174
91.21946683199008
91.26530612244898
91.35705445544555
91.70404984423676
91.87734668335419
91.83668341708542
88.53501722158438
88.53501722158438
88.53501722158438
80.3179104477612
78.94589552238806
77.53380102040816
77.30466384009691
77.25288753799393
77.59088145896656
77.78675577156744
78.08024316109423
78.4583835946924
78.64584596725288
78.8639661426844
79.45063597819504
79.56374622356495
79.79854809437387
79.92792247122956
80.29443772672309
80.397583081571
80.55274261603375
80.72279013830428
80.90848886213125
81.17509025270758
81.38544798556825
81.56771463119709
81.66386049308478
81.87304452466907
81.97478991596638
82.33653269346131
82.45328511151295
82.65261890427453
82.89776164549305
83.06992163954189
83.28262176788935
83.487922705314
83.63192771084337
83.70180722891567
83.85904416212946
84.08414043583535
84.33817301875378
84.56682867557716
84.65508836075564
84.9108124618204
84.99449541284403
85.38658536585366
85.51063829787235
85.67846247712019
85.82653682288496
86.00668286755771
86.27094801223241
86.40219378427788
86.58784194528876
86.75472849298353
86.85241886099205
87.06253832004904
87.11199510403917
87.20122324159021
87.33475870494807
87.6638036809816
87.7608828939301
87.86187845303867
88.04676923076923
88.19975414874001
88.33333333333333
88.56471306471306
88.61063569682152
88.77730061349693
89.13658536585366
89.27467811158799
89.38489646772229
89.59477521263669
89.77264437689969
89.77647783251231
88.07692307692308
88.07692307692308
88.07692307692308
87.86548223350253
88.63541666666667
89.59494773519164
90.40423976608187
90.89738562091503
91.50944584382871
91.87064676616916
92.07873527588345
92.48548486720198
92.64549938347719
92.93707587908699
93.0597290640394
93.10562075355158
93.32841328413284
93.41440886699507
93.48520345252774
93.62769230769231
94.00246305418719
94.05493827160494
94.19297163995068
94.19297163995068
94.37453874538745
94.43566176470588
94.47953573610263
94.59474327628362
94.82360172095882
94.9319018404908
95.02317073170731
95.14617737003059
95.25337423312884
95.29411764705883
95.33639705882354
95.46947496947497
95.69713589274832
95.83292533659731
95.97066014669926
96.07565588773642
96.21210268948656
96.30299328039095
96.38066095471237
96.49265605875152
96.72648514851485
96.7578947368421
96.76703841387857
97.03637484586929
97.08523780111179
97.26572133168926
97.36594427244583
97.52300995024876
97.53453640323585
97.60460772104608
97.67415730337078
97.7144646211647
97.81474480151229
97.91482649842271
97.88600379987334
93.15921963499056
86.21281891723709
80.90060975609757
80.72232415902141
80.77472527472527
80.85757946210269
81.23138461538461
81.30135301353013
81.4143475572047
81.58903265557609
81.67139334155364
81.91266912669127
82.0203955500618
82.13622291021672
82.25077399380805
82.36656346749226
82.60495356037151
82.72569659442725
82.83746898263027
82.96517412935323
82.99128268991282
83.12367930391548
83.19342839429635
83.36832298136646
83.51213441194773
83.63314711359403
83.66894835096453
83.89283489096573
84.00438047559449
84.09232688708671
84.10756722951845
84.19650655021834
84.45664379288833
84.48284466625078
84.67226368159204
84.7860696517413
85.03235843186062
85.05779987569919
85.25202240199128
85.36838830118232
85.45732087227414
85.74444444444444
85.99938385705484
86.02094886013555
86.13460356484327
86.24277811923785
86.33578882750153
86.40135218192994
86.5625
86.95290519877676
85.19674796747968
85.19674796747968
85.19674796747968
81.51587301587301
81.10033444816054
81.50718954248366
81.75790754257908
82.07917174177832
82.30042656916514
82.73447015834348
82.93646915088577
83.19670128283445
83.36524390243902
83.52007299270073
83.68162522741055
83.77501516070346
84.11043689320388
84.18628640776699
84.49606775559589
84.5837870538415
84.76357056694813
84.85714285714286
85.09515151515151
85.15990308903694
85.4225181598063
85.5069570477919
85.66987372218881
85.8671875
85.93007836045811
86.181652490887
86.29939393939394
86.46274984857662
86.5868772782503
86.728320194057
86.85133495145631
87.07255139056832
87.20934466019418
87.38475609756098
87.42342892007322
87.62865853658536
87.80085522296885
87.92017062766605
88.09313725490196
88.30632289748311
88.44403444034441
88.71507692307692
88.77627535341118
88.99015384615385
89.07943349753694
89.16984615384615
89.36162361623616
89.41528034504005
89.52463054187191
89.88785625774473
89.93765586034912
89.95018679950186
90.15102548166563
90.29086389061528
90.34100808960797
90.48505603985056
90.53179551122194
90.64481897627965
90.95763239875389
90.99127725856698
91.04782608695652
91.1536555142503
91.34742075823493
91.4425108763207
91.47636815920399
91.57639751552794
91.70815183571872
91.9508094645081
92.00311720698254
92.11332503113324
92.19925280199253
92.29696218226907
92.31967721911856
92.40223463687151
92.45381277123373
92.53511497824736
92.68493150684931
92.77729257641921
92.88275434243177
92.94534161490684
92.9826410415375
93.02789832610043
93.1091134531928
93.1091134531928
93.2187112763321
93.32815413300186
93.37562189054727
93.38830118232733
93.48911014312384
93.56024844720497
93.58644278606965
93.71151439299123
93.804375
93.8275
92.54143302180685
88.13521819299324
83.34769417475728
82.33513189448442
82.40613718411552
82.42900120336944
82.56298975286317
82.71980676328502
80.70863309352518
77.75966686496133
76.1432783018868
76.19775678866588
76.25768321513003
76.43359142346635
76.5395127748069
76.6091340450771
76.748963883955
