112.20716685330348
111.61751662971176
111.5703211517165
111.18756936736959
110.7949283351709
110.66995614035088
113.9139344262295
114.14035087719299
114.14035087719299
114.14035087719299
118.0
118.99543378995435
118.99543378995435
118.3979381443299
118.8972602739726
119.20443740095087
119.23695976154993
119.43142857142857
118.97336884154461
118.41478696741854
118.16109045848822
117.77831325301204
117.48192771084337
117.32311320754717
117.04883720930232
116.69570267131243
116.5141242937853
115.91768631813126
115.83443708609272
115.61353711790393
115.4875406283857
115.0505376344086
114.86431623931624
114.65554359526372
114.41382978723405
113.98627243928195
113.80462184873949
113.6081081081081
113.24487704918033
112.8661899897855
112.95858585858585
112.6753768844221
112.34675834970531
112.13502935420743
111.95219512195122
111.51051625239006
111.32409177820267
111.27625354777672
111.10890151515152
110.60943396226415
110.47875354107649
110.31412639405204
110.20539033457248
110.03047091412742
109.61813186813187
109.44598337950139
109.19746376811594
111.48048327137546
114.59099804305283
114.77853658536586
114.4193857965451
113.98212605832549
113.96995305164319
113.80633147113593
113.79564806054873
113.56666666666666
113.34127740705433
113.0
112.99905482041588
112.61778618732261
112.3738229755179
112.2112676056338
111.53227315247895
111.4042750929368
111.15598885793872
110.97759103641457
110.6542404473439
110.3732590529248
110.14312096029548
110.07162534435261
109.91308325709058
109.559963099631
109.2263109475621
109.2263109475621
112.27609756097561
113.601246105919
114.05102040816327
113.24849699398797
113.24849699398797
113.24849699398797
113.24849699398797
113.24849699398797
113.24849699398797
113.24849699398797
113.24849699398797
113.24849699398797
113.24849699398797
113.24849699398797
113.24849699398797
113.24849699398797
113.24849699398797
113.24849699398797
113.24849699398797
113.24849699398797
113.24849699398797
113.24849699398797
113.24849699398797
113.24849699398797
113.24849699398797
113.24849699398797
113.24849699398797
113.24849699398797
113.24849699398797
113.24849699398797
113.24849699398797
113.24849699398797
113.24849699398797
113.24849699398797
113.24849699398797
113.24849699398797
113.24849699398797
113.24849699398797
113.24849699398797
113.24849699398797
113.24849699398797
113.24849699398797
113.24849699398797
113.24849699398797
113.24849699398797
113.24849699398797
113.24849699398797
113.24849699398797
113.24849699398797
122.54605263157895
122.1520190023753
122.00961538461539
121.74426229508197
121.33984962406015
118.56070941336972
117.75552825552825
117.12778429073856
116.4543429844098
116.22186147186147
115.3588667366212
115.2589928057554
114.91374122367101
114.55223880597015
114.36119402985074
113.95233366434955
113.52621167161226
113.35623159960747
113.00097751710655
112.49462365591398
112.27123552123552
111.84378013500482
111.33748801534037
111.07340324118208
110.92571428571429
110.4096958174905
110.09744560075686
109.52219074598678
109.29990539262062
112.05708661417323
116.29852320675106
116.3172268907563
116.19111570247934
116.01019367991844
115.65322580645162
115.08190091001012
114.75075075075075
114.49209486166008
114.09189723320158
113.97470817120623
113.45622568093385
113.20520231213874
112.74545454545455
112.53080568720378
112.15853658536585
111.9688679245283
111.39868667917449
111.35097493036211
110.94090489381348
110.5553488372093
110.27922077922078
111.78313253012048
116.58333333333334
118.2245508982036
118.01958863858962
117.70280735721201
117.534795042898
117.05508870214753
116.79720930232558
116.69713758079409
116.35203619909502
116.00903342366757
115.8125
115.14831261101244
115.10115350488022
114.84251968503938
114.55603448275862
114.23702422145328
113.93465176268272
113.79605826906598
113.49576271186442
113.06429780033841
112.64213197969544
113.01358234295415
116.82326420198376
117.90272727272728
117.81266968325792
117.35495495495496
117.18592057761734
116.83856502242153
116.69422222222222
116.23513753327418
115.89707187222714
115.65422222222222
115.51150442477876
115.0704845814978
114.90526315789474
114.53122251539139
114.2677642980936
114.0104347826087
113.59019264448335
113.18473547267996
113.14987080103359
112.70298769771529
112.4575678040245
112.23218997361477
112.09573542210617
111.64391951006124
111.23930131004366
111.14672489082969
110.93166089965398
110.76272648835203
110.3704347826087
110.12155172413793
109.96907216494844
109.78127659574469
111.95576756287944
113.67869718309859
113.57155399473223
113.52792321116928
113.31519861830742
112.9742268041237
112.66666666666666
112.32879045996593
112.25726495726497
111.95741056218057
111.43808710503842
111.24152542372882
111.10193765796124
110.8984771573604
110.57033898305085
110.31979695431471
110.14082145850796
109.95976529756916
109.48368200836819
109.2293046357616
109.00082781456953
110.88709677419355
113.68551236749116
113.62017543859649
113.6086956521739
113.3167808219178
113.1292808219178
112.65692175408427
112.4466268146883
112.26627218934911
111.77984758679085
111.5906432748538
111.34033613445378
111.06876553438278
110.73551637279597
110.60116569525395
111.38123415046492
115.25236864771747
115.02667814113597
114.84106529209622
114.62606473594548
114.33781512605043
113.88945147679325
113.8221476510067
113.52782462057336
113.36026936026937
112.9235294117647
112.7760067114094
112.53787878787878
112.243265993266
111.86952861952862
111.74367622259697
111.43744752308984
111.18614357262103
111.01172529313233
110.51146983857265
110.29741019214703
110.07762938230384
109.72077375946174
109.52881355932203
109.3044203502919
109.0194750211685
108.57542372881356
108.34008438818566
108.01528013582343
107.86075949367088
107.43166666666667
110.70976253298153
113.92870201096892
113.86367795059469
113.509009009009
113.26796805678794
112.92341549295774
112.76211453744494
112.57567804024497
112.2235807860262
111.88947368421053
111.65936952714536
111.19014693171997
111.14930555555556
110.65286343612334
110.45
110.24869109947645
110.09913043478261
109.7895652173913
109.4246935201401
109.27209705372617
109.09453599306158
108.95869947275924
108.38585496866607
108.08957952468008
110.46760563380282
112.97005988023952
112.80990899898887
112.76406712734452
112.5205078125
112.36501901140684
112.15333960489181
111.77891791044776
111.37116279069767
111.07734806629834
111.0064043915828
110.70228310502283
110.3072072072072
110.20378719567178
109.84215246636771
109.71313672922253
109.33923826395039
108.97801231310467
108.70593368237347
108.42031523642731
108.19552110249785
107.86518771331058
108.32929991356957
111.64125560538116
112.5546522131888
112.2637168141593
111.93836805555556
111.62587412587413
111.34548611111111
111.19343696027633
110.89871244635194
110.53304721030042
110.21832191780823
110.06037414965986
109.78474576271186
109.27557058326289
110.32819194515852
113.13765541740675
113.69107142857143
113.51408450704226
113.33216783216784
113.06423611111111
112.73939393939395
112.25773195876289
112.06632653061224
111.68776732249786
111.37457627118644
111.19680403700589
110.97556866048862
110.67911714770798
110.25571549534294
110.17299578059072
109.79727427597956
109.77402597402597
112.57967032967034
113.25504587155963
112.94317140238314
112.65381083562902
112.37308039747064
112.15412186379928
111.89105403011514
111.363074204947
111.20298769771529
110.73555166374781
110.44200351493849
110.19318181818181
109.97095070422534
110.49866666666667
113.01024208566108
114.0837297811608
113.57889822595705
113.28136531365314
113.1435100548446
112.79595588235294
112.4503190519599
112.2795311091073
112.02070207020702
111.47307001795332
111.34929078014184
111.07117750439367
110.57658450704226
110.37622005323868
110.18270079435128
109.77379912663756
109.51446099912357
109.24534986713905
109.08139534883722
109.61635220125785
114.02406159769009
113.97219558964525
113.68732125834129
113.57544517338332
113.40744186046511
113.11059907834101
112.84692942254813
112.48434622467772
112.44047619047619
111.86
111.56102003642988
111.25564588979223
111.08558558558559
110.80218778486781
110.54090909090908
110.30990990990992
109.90958408679927
109.7129963898917
109.39024390243902
111.72932330827068
113.44723618090453
113.30742459396751
113.44224422442244
114.14366729678639
115.69152542372882
116.3601895734597
116.25651041666666
115.38513513513513
115.12889366272825
114.55840163934425
114.37073170731708
114.12064090480678
113.63133640552996
113.44654088050314
113.21220159151193
112.67736339982653
112.53259005145797
112.30703986429177
111.96736401673641
111.73561301084237
111.4485049833887
111.23076923076923
111.02146985962014
110.6825266611977
110.29139072847681
110.0547385620915
109.82391482391483
109.43467543138865
109.19639934533552
109.07736156351791
108.75102375102375
108.44189852700491
108.27332242225859
110.07295081967213
114.43001686340641
115.61705685618729
115.57333333333332
115.25293132328308
114.8725
114.61429758935994
114.4788029925187
114.1077943615257
113.71973466003317
113.60823045267489
113.1853377265239
112.92275747508306
112.81146179401993
112.3294701986755
112.12716763005781
111.92199170124482
111.49876339653751
111.14332784184515
110.66666666666666
111.6940486169321
115.9611734253667
117.35651408450704
117.32482394366197
116.88706896551724
116.57715780296425
116.37931034482759
115.97487001733103
115.62456747404843
115.1975630983464
114.98783666377064
114.72547332185886
114.49400684931507
114.28266438941077
113.77922077922078
113.60548885077188
113.1214953271028
113.05263157894737
112.53800170794193
112.28583473861721
112.14792899408283
111.70288624787776
111.49328859060402
111.21319796954315
114.97207207207208
116.15985467756585
116.02158273381295
115.89838129496403
115.37122557726465
115.11801242236025
114.928
114.47465034965035
114.08797909407666
113.79753521126761
113.33304423243712
112.97467248908296
112.68153980752406
112.3801724137931
112.21274763135227
111.9161624891962
111.42685025817556
111.23569598633647
110.79166666666666
110.42258340461933
110.23959218351742
109.96787827557058
110.35941530524505
113.56639566395664
114.25272727272727
114.08640864086408
113.64125560538116
113.33832599118944
113.14752650176678
112.65286343612334
112.45246478873239
112.11266375545851
111.87975778546712
111.49956559513467
111.18450826805918
110.9559585492228
110.36805555555556
110.2573402417962
109.875
109.53275862068966
109.34722222222223
111.20270270270271
113.23330197554093
113.05483271375465
112.83579335793358
112.33967391304347
112.15426008968609
111.94543828264759
111.51727192205492
111.42691622103388
111.13047363717605
110.90256864481842
110.50043591979076
110.24388111888112
109.9896283491789
109.78780068728523
109.22936576889661
109.12953367875647
108.925
108.54991394148021
108.23752151462995
107.8993981083405
107.70421324161651
109.55989352262644
112.66141001855289
112.96203703703704
112.82680036463081
112.65181818181819
112.53978300180832
112.07046070460704
111.8235294117647
111.5004500450045
111.0914798206278
110.93649373881932
110.62622658340767
110.4060552092609
110.12897526501766
109.72506738544475
109.69506726457399
109.39307897071872
113.42616822429906
113.6991643454039
113.40791896869246
113.25272727272727
112.8989990900819
112.6117117117117
112.1070796460177
111.99556737588652
111.60831122900089
111.1963190184049
110.82233948988566
110.59265734265733
110.27186147186147
110.05150214592274
110.83405734144222
114.36837294332724
115.22140896614822
115.04462659380692
114.52826855123675
114.20386643233743
113.84819064430715
113.57996485061511
113.10985178727114
112.782722513089
112.47701647875108
112.27523727351165
111.7353448275862
111.28412969283276
110.80206540447504
110.60836177474403
110.31810490693739
109.94830508474575
109.54244482173175
109.3116554054054
109.09780775716695
108.55517826825127
110.28097731239092
112.65801253357208
112.65773011617516
112.60479573712256
112.21604938271605
111.85270629991126
111.62422634836429
111.25893635571055
111.0743301642178
110.42944250871079
110.19293712316968
110.09707903780068
109.63039723661485
109.36239316239316
109.09699570815451
108.85289115646259
108.42271562766865
108.24744897959184
107.78559322033898
107.36161096829477
107.06335616438356
106.81578947368422
106.40137221269296
108.10296684118674
111.3737556561086
111.6789667896679
111.65685372585097
111.12443233424159
110.87007168458781
110.59375
110.26690391459076
109.98054818744474
109.60761736049602
109.36211453744494
109.02014010507881
108.49956255468067
108.33942558746736
107.82251082251082
107.62994836488812
107.20501730103805
110.1139804096171
112.92571959145775
113.07635009310987
112.97495361781077
112.46530989824237
112.17288444040037
111.85138764547895
111.4115523465704
111.09131205673759
110.87235915492957
110.51466666666667
110.30488888888888
109.79672695951766
109.35263612791704
109.02749140893471
108.78577549271637
108.4640069384215
108.48976109215016
111.3104347826087
112.12883435582822
111.96328671328672
111.49038461538461
111.19310344827586
110.85336743393009
110.35941530524505
110.20716112531969
109.92586352148274
109.57519116397621
109.26311336717427
109.0
108.5067681895093
110.15430520034101
112.74601769911504
112.87709991158266
112.71202809482003
112.47428073234525
112.10068259385665
111.64181662382177
111.32427843803056
111.17512690355329
110.35993208828523
110.2055602358888
109.8585690515807
109.3453781512605
109.13372093023256
108.6954356846473
108.45318972659487
107.97370583401808
107.68606557377049
107.85561936013126
111.54086956521739
112.84986830553117
112.63881636205396
112.40364583333334
112.06581196581197
111.78844519966015
111.339590443686
111.07495741056218
110.41161400512382
110.29431721798133
110.10756302521008
109.74601844090529
109.25954198473283
109.1081307627829
108.87835570469798
108.67000835421888
108.05597326649959
108.03923205342237
111.01722652885444
113.19118942731278
113.16211453744494
112.78997407087294
112.3960310612597
112.11130136986301
111.89872340425532
111.26131511528608
110.9991546914624
110.48299319727892
110.22147083685545
109.82564962279966
109.44594594594594
109.26359832635984
108.95492487479132
108.72575250836121
108.02420701168614
107.82583333333334
107.76524644945698
110.44073748902545
111.41923774954628
111.19339164237124
110.91199119911991
111.90566037735849
112.43333333333334
113.12589559877175
113.00100200400801
112.5290068829892
112.25797101449275
112.02824858757063
111.56603773584905
111.28915662650601
110.99177330895796
110.68161024702653
110.03
109.77717879604671
109.43140794223827
109.13380909901873
108.70275066548359
108.43694493783303
111.37209302325581
113.10912511759173
113.11329588014982
112.6206572769953
112.3949814126394
112.04678899082569
111.81636363636363
111.26330275229358
111.07913669064749
110.69829901521933
110.2725631768953
110.1751563896336
111.7926267281106
114.21223709369025
114.909796314258
114.66635071090047
114.3411214953271
114.135687732342
113.58921933085502
113.31578947368422
113.05703771849126
112.46666666666667
112.09927797833936
111.6732142857143
111.24035874439463
110.97132616487455
110.7415329768271
110.29006266786034
110.21460373998218
112.96401515151516
112.54591836734693
112.53877551020409
111.96701030927835
111.96701030927835
112.60833333333333
112.60833333333333
113.59487179487179
113.65269461077844
114.67479674796748
114.65828402366864
114.31138545953361
113.52357320099256
113.2249134948097
112.46803900325027
111.99267015706806
111.76500508646998
111.25370187561697
110.75
110.45343367826905
110.11559633027522
109.91938405797102
109.43615107913669
109.2488888888889
108.92533333333333
108.63288888888889
108.22540250447227
107.89806678383128
107.36651982378854
107.0103716508211
106.73010380622837
106.49740034662045
105.93489583333334
105.70689655172413
105.5600691443388
108.84560143626571
113.61100746268656
113.39427516158818
113.1453382084095
112.75369003690037
112.45628415300547
112.14003590664274
111.5909090909091
111.31541850220265
111.18508771929825
110.41469816272965
110.20450606585788
109.90165361183638
109.2855910267472
109.05073086844368
108.7902397260274
108.37169650468883
108.03045685279187
107.75397489539749
107.13282571912013
106.88260135135135
106.48602878916174
106.04461279461279
105.82616033755275
107.82468085106383
111.10767872903796
113.17142857142858
113.9332129963899
113.5141592920354
113.16505706760316
112.7116724738676
113.04126426690078
112.98781549173194
112.55086206896551
112.30434782608695
111.80251046025106
112.36967632027257
113.30690537084399
113.21542330259848
112.85536159600997
112.43827671913836
112.03076923076924
111.48534201954396
111.25863453815262
110.7457898957498
110.26650563607086
109.732
109.3968
108.93825180433039
108.61374407582937
109.62550120288694
111.91823385118562
111.9049180327869
111.54440789473685
111.04951298701299
110.56769983686786
110.26485148514851
109.96244897959184
109.5758564437194
110.40395713107998
111.43645484949832
111.42869057547956
111.45789043336059
111.45789043336059
111.27777777777777
111.12113821138212
111.09009009009009
111.16912972085386
111.05345394736841
110.85311203319502
110.88461538461539
110.82653946227234
111.07570093457943
111.00676982591875
111.17099999999999
111.40789473684211
111.60874089490115
111.85490605427975
111.98442367601245
112.0937167199148
112.07534983853606
112.54735682819384
112.81084198385236
112.94477085781433
113.23990498812351
113.48957055214724
113.94380587484036
114.27704485488127
114.5248322147651
114.3736842105263
114.74840357598978
114.86978508217446
114.63547995139733
114.36805555555556
114.2488986784141
114.2568710359408
113.9041237113402
113.56673306772907
113.1885325558795
112.688972667295
112.36505032021958
112.17269439421338
111.75448028673836
111.38121047877146
111.02473498233215
110.68117229129663
110.39266547406082
109.6715063520871
109.21929026387625
109.00993676603433
108.58355916892502
111.04553903345725
114.19186046511628
114.33846153846153
113.86792452830188
113.62878787878788
113.19074074074075
112.75906976744186
112.45732838589981
112.14364640883977
111.6194939081537
111.41231343283582
110.98864711447493
110.45717035611165
110.15634218289085
112.3974540311174
111.9507874015748
112.76093294460642
113.16
113.16
113.16
114.2074074074074
114.31992337164752
115.24098360655738
115.29387755102042
114.18510158013544
113.86659663865547
113.44062806673209
113.08595988538681
112.85112359550561
112.47933884297521
111.95549500454132
111.56153144940748
111.06577777777778
110.73576512455516
110.532618409294
110.17579505300353
109.60405643738977
109.39982269503545
109.08163265306123
108.5951526032316
108.44444444444444
112.95508982035929
113.15934065934066
113.28466076696165
113.30243902439025
113.99201277955271
115.30307692307693
115.54202898550724
115.01322751322752
114.23014018691589
113.04675876726887
112.74253347064882
112.53658536585365
111.96336633663367
111.65686274509804
111.2314453125
110.75433526011561
110.38571428571429
110.0607787274454
109.5952606635071
109.2532956685499
109.0
109.20537428023033
111.16524520255864
111.13439306358381
111.19269776876268
111.19269776876268
112.84246575342465
112.84246575342465
113.2020997375328
113.13457556935818
113.1027397260274
113.05564142194746
113.69897209985317
113.75380359612726
113.09547738693468
111.91163310961969
111.67446808510638
111.413179916318
110.9453993933266
110.65752032520325
111.86008230452674
114.00105708245243
114.36556854410202
114.06596858638744
114.79607415485279
116.21729490022173
117.84436701509873
118.53333333333333
118.47846332945285
118.11503416856492
117.82978723404256
117.16030534351145
116.92282608695652
116.15631691648822
115.86864406779661
115.52421052631578
114.92693110647181
114.65734989648033
114.3094262295082
113.82790224032587
113.61522842639593
113.08551307847083
112.65558912386706
111.9591836734694
111.67266591676041
111.63829787234042
112.05720823798627
112.3103448275862
113.5
114.77070063694268
114.4375
114.02077922077922
114.09626719056975
114.59215017064847
115.36160000000001
114.89367816091954
114.21801566579634
113.51239669421489
112.81655480984341
112.52260198456449
112.04017372421282
111.67377398720683
111.40783898305085
110.93128964059196
110.55662393162393
110.38136511375947
109.92865362485615
110.24132947976878
110.64112903225806
112.5
112.5
112.5
112.5
115.35251798561151
114.3433962264151
114.04113110539845
114.17564870259481
114.798751950078
115.2869822485207
114.62815405046481
114.25304136253041
113.24285714285713
112.96998928188638
112.58033826638479
112.26854754440961
111.72717842323652
115.08948545861298
118.22605363984675
118.59247135842881
118.59247135842881
118.59247135842881
118.59247135842881
118.59247135842881
118.59247135842881
118.59247135842881
118.59247135842881
118.59247135842881
118.59247135842881
118.59247135842881
118.59247135842881
118.59247135842881
118.59247135842881
118.52978723404254
118.28731942215089
119.20984081041968
118.89452603471295
117.96526946107784
117.50996483001173
116.77942857142858
116.61477272727274
116.13835770528684
115.9524886877828
115.23418423973362
114.60066740823137
113.83569096844397
113.58433079434167
113.56270447110143
116.89866666666666
117.31462585034014
116.72566371681415
114.5
114.5
114.5
114.5
114.5
116.890625
116.49009900990099
116.32246376811594
115.99439775910363
115.91062801932367
115.4875
115.1977818853974
115.11072664359861
117.01909722222223
118.1973898858075
117.98200899550224
118.18934911242604
117.99709724238026
117.75370919881306
117.3422619047619
116.62857142857143
116.27861445783132
115.64319248826291
114.35621521335807
114.99705882352941
114.92592592592592
114.92592592592592
114.92592592592592
114.92592592592592
114.92592592592592
114.92592592592592
117.8860759493671
117.8860759493671
117.35747663551402
117.28492647058823
117.4093023255814
117.90308370044053
117.45771144278606
116.54337899543378
115.97972251867662
115.63288521199587
115.20181634712412
114.73783515392253
114.388671875
114.01167315175098
113.72265625
113.07364341085271
112.72848948374761
112.46596356663471
112.09254013220018
111.67863894139887
111.46332404828226
110.97962962962963
110.62001853568118
110.66944444444445
115.40081799591002
115.04272634791454
114.78071065989847
114.6683569979716
113.94505494505495
113.732
113.42345924453281
112.97005988023952
112.65871369294607
112.45958795562599
112.45958795562599
113.0
113.0
113.0
113.0
113.0
113.0
113.0
113.0
119.14485981308411
118.67786561264822
118.4573502722323
118.15656565656565
118.0064829821718
117.92012779552715
117.77932098765433
117.6413043478261
117.40060240963855
117.31752873563218
116.81546811397558
116.37051282051283
115.86977886977887
115.42672919109026
114.97450753186558
114.56
114.10067873303167
113.19529411764705
112.94313967861558
112.57650695517773
112.57650695517773
112.57650695517773
112.57650695517773
112.57650695517773
112.57650695517773
112.57650695517773
112.57650695517773
112.57650695517773
117.02222222222223
117.02222222222223
116.70360824742268
117.01489361702127
116.56350626118068
116.23723228995058
116.22049689440993
115.81222056631893
115.98529411764706
115.5391304347826
115.32954545454545
115.13861386138615
114.91960507757405
114.60792349726776
114.0754716981132
113.18838709677419
112.88161209068011
112.30287859824782
112.03329223181257
111.48134777376654
110.94377990430621
110.56718192627824
110.1531100478469
109.81785283474065
114.03576751117734
113.65192307692308
113.65192307692308
113.65192307692308
113.65192307692308
113.65192307692308
113.65192307692308
113.65192307692308
113.65192307692308
113.65192307692308
116.6656976744186
116.53603603603604
116.18994413407822
115.93904448105437
115.812874251497
115.61167883211678
115.87110481586402
115.71932299012694
115.02564102564102
114.50289855072464
113.84661654135338
112.64636209813875
111.7961956521739
110.92592592592592
110.92592592592592
110.92592592592592
110.92592592592592
110.92592592592592
110.92592592592592
110.92592592592592
110.92592592592592
114.48768472906404
114.48768472906404
114.4088888888889
114.24299065420561
113.84803921568627
114.0338733431517
114.06125356125355
114.09483960948396
113.60080106809079
113.42372881355932
112.93483709273184
112.39771283354511
112.16624999999999
111.3127229488704
111.1278375149343
110.58510638297872
110.10874704491727
109.50967007963595
109.26286353467562
109.03932584269663
108.4035674470457
109.10508474576271
116.30747922437673
116.90254237288136
116.54183813443072
116.3554054054054
115.87482993197278
115.5344827586207
115.15446071904128
114.46719160104988
114.23393316195373
113.68210262828535
112.95085995085995
112.60074165636588
112.04347826086956
111.90121951219513
111.28622754491019
110.88955582232893
110.57863145258104
110.34938271604938
110.05163043478261
109.07269789983846
109.07269789983846
109.07269789983846
109.07269789983846
109.07269789983846
109.07269789983846
109.07269789983846
109.07269789983846
109.07269789983846
109.07269789983846
109.07269789983846
113.39166666666667
113.60743801652893
113.60743801652893
112.91517857142857
112.82824427480915
112.5392670157068
112.21686746987952
111.90436005625878
111.87686062246279
111.52666666666667
111.57901726427623
111.02583979328165
110.70827858081472
110.3452380952381
110.036
109.19385026737967
108.79839786381842
108.42231075697211
108.23576158940398
109.1855388813097
112.27665706051873
112.96952104499275
112.89595375722544
112.52631578947368
111.9090909090909
111.72869318181819
111.35493827160494
110.41067761806981
109.8425925925926
109.8425925925926
109.8425925925926
109.8425925925926
109.8425925925926
109.8425925925926
109.8425925925926
109.41780821917808
109.41780821917808
109.41780821917808
109.65748031496062
109.53577371048253
109.28571428571428
109.49605263157895
109.42928660826033
108.86052009456264
108.14718614718615
107.99792315680166
107.32993890020367
107.07283464566929
106.58210422812192
106.10834990059642
105.4541910331384
105.22102161100196
104.73287671232876
104.44601412714431
103.8689866939611
106.99680170575692
113.41169305724726
116.20680958385876
115.86374695863748
115.45933014354067
115.19718309859155
114.49001175088131
114.23748544819557
113.95166858457998
113.3369923161361
112.96858071505959
112.57700421940928
112.1900212314225
111.36278586278587
111.02235772357724
110.61943319838056
110.22998986828773
109.89837398373984
109.35947046843177
109.43137254901961
114.02576687116564
116.47694334650856
116.08796895213453
115.67256637168141
115.2339393939394
114.72062350119904
114.14499424626007
113.62808988764044
113.25055679287306
112.79617117117118
112.2247191011236
111.80790960451978
111.37430167597765
114.67071524966262
115.87201365187713
115.87201365187713
115.87201365187713
115.87201365187713
117.86734693877551
117.86734693877551
117.7834274952919
117.58573853989813
117.7644305772231
117.97301349325338
117.81348637015782
117.53526970954357
117.06738544474393
116.62663185378591
115.94117647058823
115.56782713085235
114.97377830750894
114.3568129330254
114.07647740440325
113.62988505747126
113.0540838852097
112.41431670281996
112.03923647932132
111.43354430379748
111.35819327731093
116.23282887077997
118.52834740651387
118.09122807017545
117.59059633027523
117.45704467353951
116.84845005740527
116.5221843003413
115.79365079365078
115.36865839909808
114.67597765363129
114.39887640449439
114.01657458563537
113.51690294438386
112.96349557522123
112.6086956521739
112.15112540192926
111.60253699788584
115.00674915635545
118.51135005973715
118.6782713085234
118.43513203214695
117.848
117.58444444444444
117.29133858267716
116.76384180790961
116.20246085011186
115.65638766519824
115.40579710144928
114.94994438264739
114.48666666666666
113.90656284760846
113.76643990929705
113.05816554809843
112.81164383561644
112.22867737948084
112.11488250652741
111.65389696169089
111.30937098844672
111.15949367088608
110.41968911917098
110.1974358974359
109.59263803680982
