93.38737373737374
92.74074074074075
92.42392392392392
91.92227204783259
91.6907011437096
91.21165338645419
90.8344965104686
90.86212045793927
94.65206445115811
96.48887765419616
95.7988798370672
95.53815058110156
95.26977687626776
94.94159113796576
94.48272357723577
94.25520040588533
93.8976814516129
93.53457849570924
93.28693898134141
92.72356495468279
92.3943661971831
91.90808638874937
91.72153157633018
91.29585207396302
90.9428997020854
90.68107302533532
90.33514313919052
89.68517600396629
89.4162962962963
88.91498771498772
88.6044776119403
88.07221664994985
87.74987493746873
87.54442250740375
91.53558984569437
97.1148129164531
102.35015772870662
102.30646871686108
102.17931034482758
101.75607180570222
101.57225130890052
101.21825813221406
100.90408805031447
100.50052301255229
100.1519250780437
99.65444214876032
99.3381517811048
98.86172967374418
98.54747162022704
98.20380854348946
97.57544757033247
97.27161125319694
96.97859327217125
96.45223577235772
95.85104219623793
94.9837925445705
95.66317626527051
95.66317626527051
95.66317626527051
103.95007235890014
105.27372052903968
105.25362708221385
105.00155279503105
104.47839506172839
104.13066111400312
103.80319422977846
103.42909090909092
103.16615067079464
102.63739085772984
102.29780724120346
101.79419256240448
101.49695431472081
100.82441977800201
100.48618784530387
100.02860010035123
99.63039117352056
99.30293971101146
98.932077342588
98.55863433943593
98.08813392417528
97.7448275862069
97.07888290053896
96.82508574228319
96.2572410407462
95.8547513540128
95.31849315068493
94.92556317335945
94.47044573643412
94.11568247821879
96.79553181155902
99.16567754698318
98.7950495049505
98.57566765578635
98.23408423114594
97.96461916461917
97.68384879725086
97.2578125
97.09241245136187
96.47255949490044
96.22894482090997
95.85998062015504
95.49250845819236
95.12887596899225
94.60379192999514
94.97233914612147
94.97233914612147
94.97233914612147
94.97233914612147
99.0997830802603
98.68086382723456
97.86906710310966
97.73489583333333
97.33822042467139
96.9615192403798
96.61831683168316
96.22841637888504
95.8402571711177
95.3543424317618
95.10453648915187
94.63654320987655
94.45276554087127
93.96307237813885
93.55966877739893
93.17560975609756
92.88298391028766
97.94510385756676
99.30426065162908
99.09770687936191
98.97611940298508
98.34359483614696
98.05247524752475
97.84158415841584
97.35605689063266
96.97445972495089
96.48462664714495
96.09493670886076
95.78345498783455
95.36060019361084
94.87554691298007
94.58602409638554
94.19410912602608
93.85311284046692
93.33863965267727
92.80673076923077
92.40985174557628
92.06695568400771
91.79961464354528
91.24807692307692
90.81628696073679
90.51425809569841
90.15840154068368
89.73898305084745
89.24132947976878
91.76744186046511
94.49336609336609
94.27062868369352
94.07492654260528
93.81012658227849
93.47509765625
93.09431210500729
92.82233009708737
92.15257531584062
91.90353853611246
91.58943286476006
91.08788025108643
92.75060768108897
96.27326732673268
98.40011481056257
99.091796875
99.091796875
99.091796875
102.72026925953628
103.14625445897741
103.19696969696969
103.08205912334353
102.766137040715
102.42424242424242
102.0443587270974
101.47038834951456
101.0
100.58486905916587
100.15351089588378
99.85043562439498
99.38748787584869
98.95817307692307
98.64320154291224
98.09384023099133
97.66618427399904
97.03901734104046
96.83070301291248
96.36003814973772
95.81396461023434
95.51306413301663
95.04327151688065
94.59127548601232
94.18622327790973
93.56495040151157
96.5835734870317
98.7414800389484
98.46927914852444
98.2197696737044
97.96578313253012
97.56067146282973
97.11521843494958
96.8845785440613
96.27780429594273
95.83652924256951
97.32236528373868
100.07076622742801
101.01137487636004
100.95261599210266
100.68746928746928
100.29941002949852
99.9960687960688
99.46172839506173
99.1413150147203
98.84559181685339
98.40038778477944
98.03887269193392
97.84054448225571
97.27577821011673
99.2570593962999
101.70044709388972
101.66535044422508
101.37907206317868
101.13669769720725
100.79317073170732
100.41288433382138
100.00729571984436
99.65092502434274
99.21747572815534
98.86546867411366
98.26547388781432
97.956038647343
97.50096525096525
97.13642960812771
96.77852672123254
96.30157970320727
95.99519692603266
95.52369554810915
94.9211917347429
94.4484240687679
94.04562920268972
96.95208131655373
99.23344776851397
99.03994154895275
98.72944038929441
98.28327645051195
97.99224054316198
97.39379243452959
97.04937076476283
96.65926640926641
96.31794131794132
95.92654824771964
95.62151777137368
95.08832046332046
94.81875
94.41758241758242
95.46808510638297
97.69298245614036
97.77243746934772
97.53135634419057
97.13388110198164
96.88297872340425
96.49758687258688
95.97041707080504
95.7884892086331
95.04216578821274
94.69571567672834
95.2286036036036
95.91953182150695
96.84855581576893
98.60612244897959
99.99533799533799
101.50053361792956
102.52407501267106
101.9827501232134
101.68893222818137
101.23506556580864
100.93601551139118
100.47424684159378
100.03421309872923
99.6962890625
99.34113060428851
98.94856865599223
98.29443099273607
97.93033381712627
97.503861003861
97.05550193050193
96.74068698597
96.21672272945699
95.84737602311026
95.43360695316272
95.02126631222814
94.4398841139546
94.05493975903615
93.66875602700097
93.2137367915466
92.82778581765557
92.34262373858722
92.01779701779702
95.60398445092322
98.4079528718704
98.38722358722359
98.1712895377129
97.82568359375
97.53035454103934
97.09099709583737
96.79478512795751
96.3713182037663
95.92787996127784
95.38168674698795
94.93901258470474
94.64765587240213
95.60319767441861
99.71216617210683
101.8117529880478
101.46859421734796
101.14640198511167
100.77127397934088
100.23639960435213
99.74852652259332
99.30559683011393
98.95812807881774
98.42652152399802
98.07009803921568
97.52090506640434
97.06417112299465
96.68804664723032
95.96108949416342
95.55133819951338
95.07498790517658
94.67568873852102
96.70350535540409
100.11287916459473
100.40158651462568
100.16979269496545
99.71701814615008
99.17002457002457
98.6564027370479
98.18208661417323
97.74234321827905
97.28599316739873
96.8525703200776
96.38053527980534
95.94527845036319
95.49684619116934
95.80348499515974
99.31730292513635
100.54436689930209
100.14456035767512
99.68278243709916
99.3134842519685
98.91238374938816
98.48279252704032
97.96571988246816
97.2897699461576
96.79600778967867
96.34313725490196
95.847533632287
96.23405612244898
97.39644970414201
98.49347659247888
99.69641734758014
100.89522258414766
100.60177865612648
100.46428571428572
100.12279866730128
99.54541062801933
99.14769975786925
98.63627546071774
98.10646572678658
97.63645176926806
97.25241312741312
96.44034917555771
95.86849710982659
95.44240077444337
94.90613026819923
94.55304848775805
93.85816962146622
93.29794356767097
92.70805369127517
93.54576107899807
97.37091264031235
98.12696078431372
97.69137006338372
97.21511627906978
96.68067632850241
96.18089233753636
95.61668273866924
95.04860442733397
94.38694191070572
93.93100143747006
95.42746239689471
99.27780499755022
100.3661067193676
99.98073122529644
99.51696999508115
99.30314960629921
98.9093567251462
98.25698871996076
97.6630859375
97.15956926089085
96.6363193768257
96.0214424951267
95.35302734375
94.78765792031098
94.13136209403781
93.69811320754717
96.73583045835386
98.26679841897233
97.97637795275591
97.5767716535433
97.20444444444445
96.80196078431374
96.42394504416094
96.05276013678554
95.55216535433071
94.86365841824357
94.30332681017613
93.8245869776482
95.00389483933787
97.57432098765432
97.69990128331688
97.3410776075136
96.7527040314651
96.22227698373584
95.79143646408839
95.79143646408839
95.79143646408839
95.79143646408839
99.17802726543705
99.86999343401182
100.72609208972845
101.42872747132714
101.44224765868887
101.21171171171171
100.56314496314496
100.18036750483559
99.6931216931217
99.1934076587494
100.19378338999513
101.36323529411764
100.73723351512146
100.31750741839762
99.50418101328086
99.2074074074074
98.6300634455832
98.25566502463055
97.75085324232083
97.34165442976015
96.69639376218323
96.22135161606269
95.29051094890511
94.83984563434636
94.44380125422093
97.2978515625
99.20537046245649
98.65663542180562
98.39950859950861
97.90766208251473
97.50098039215686
96.8388671875
96.43087445041525
95.85651750972762
95.39970645792563
94.85346918971373
94.72147001934236
98.04513888888889
100.1067864271457
99.6015
98.76781265570503
98.32821782178218
97.80978260869566
97.30327056491575
96.75659532105524
96.33795150915388
97.71884346959123
100.37209302325581
100.79857215706272
100.09439676930843
99.57178968655208
98.72930421533773
97.89503042596348
97.07478524507327
96.31722054380666
95.31272727272727
94.94360086767895
94.94360086767895
96.34723670490094
97.53553719008264
98.04058549567532
98.60409356725145
98.7089715536105
98.18565400843882
97.37283825025432
96.85291164658634
96.19441674975076
95.57892107892108
95.04518072289157
94.41930618401207
93.949
93.315
92.55333998005982
91.81168177240684
91.09764646970456
89.65394274234053
87.96178984414279
86.80309072781655
86.04269211451532
85.43070917371503
85.43070917371503
85.43070917371503
85.43070917371503
88.50148957298907
90.32440703902066
92.09624413145539
92.01427786930257
91.28210526315789
90.84733606557377
90.42936427850655
89.96071606166086
89.39564787339268
89.00397812033815
88.21118322516226
87.89497262319561
87.36920777279522
86.76455948232952
86.36436037829766
85.6336831584208
85.24700598802396
84.66882470119522
84.24725822532403
85.40685543964233
87.80151515151515
87.59618282270216
87.20149625935161
86.67182044887781
86.19910179640719
85.65815815815816
85.2863523573201
84.78971028971029
84.16848364717542
83.58838133068521
83.26759167492567
82.62902426944032
82.27634194831013
85.05134596211366
86.61553985872855
86.09949494949495
85.60240963855422
84.8706592853548
84.45340681362725
83.98402396405392
83.488988988989
83.08955223880596
82.52741774675972
82.19820269595607
82.16633466135458
85.95778894472362
88.7897435897436
88.45482233502538
87.96762771876581
87.53172205438067
86.9989847715736
86.55812783090086
86.12751004016064
85.53101361573374
85.06526104417671
84.29009552538965
83.8139768728004
83.71025260029718
86.80889145496536
88.27906976744185
88.27906976744185
88.27906976744185
88.27906976744185
90.45327102803738
88.7787072243346
88.04493580599144
87.48354600402955
87.7079081632653
87.65379825653798
87.5881998795906
87.038056206089
86.59383913291501
86.36670480549199
85.74944444444445
85.36228697086311
84.82668124658284
84.40776699029126
84.18147345612134
85.94991922455573
88.03391684901531
89.12665198237886
89.60131795716639
89.19758507135016
88.97539639147075
88.51917882225824
88.11135371179039
87.63979988882713
87.29615170105967
86.87164015359298
86.48366013071896
89.01545253863135
89.09126539753639
88.86620127981385
88.48275862068965
88.16715715126546
87.66925837320574
87.56158264199107
88.62261268143621
89.61630036630036
91.98111587982832
93.20974401321222
94.04389312977099
94.04389312977099
94.04389312977099
95.42755102040816
95.6936790923825
95.74182324286708
95.33900364520049
94.71725688589095
94.45086393088553
94.08050847457628
93.61067503924647
93.12966804979253
92.54052658750645
92.0235776524859
91.5861365953109
91.072375127421
90.40353535353535
90.05366098294884
89.64463220675944
89.09448035803084
88.6774193548387
88.23145843703335
90.05034895314058
91.84833164812942
91.80736258194655
91.17391304347827
90.85627221940071
90.36372795969773
89.99088145896657
89.5
89.10105580693816
88.5007503751876
88.15915915915916
87.5924075924076
86.9236145781328
86.39057071960298
86.05643564356436
85.47168882323979
85.07093253968254
84.52003958436417
84.13181367690783
86.69910625620655
88.02323232323232
87.39008512769153
87.06027122049221
86.44623115577889
86.13911290322581
85.59609609609609
85.179718875502
84.66516741629185
84.2124248496994
85.42802450229709
85.72027290448344
87.3193493150685
88.68915159944368
90.02027429934407
90.28863134657837
90.34237107921318
90.16873706004141
89.73758865248227
88.98901098901099
88.47832585949178
88.0685
87.53129694541813
87.04402201100551
86.56772908366534
86.25597609561753
85.64787339268051
85.16500498504486
84.37115956392468
84.05686274509804
86.00694444444444
87.84707646176912
87.57348560079444
87.12356751370204
86.65793376174
86.23870967741935
85.71047430830039
85.12754342431762
84.61690558576372
86.35061728395061
88.39760837070254
88.39002493765587
87.9307923771314
87.44606121424988
86.99549774887444
86.44366549824737
85.74575424575424
85.41355256601894
87.07715430861724
89.38104941416199
89.74193548387096
89.29543147208122
88.77540650406505
88.28643981716607
87.87009679062659
87.10518369401107
86.66332162568992
86.3937875751503
89.003573251659
90.34488107549122
90.03946694003075
89.59567901234568
89.08936825885978
88.69963936115404
87.86268504338949
87.53066396350735
86.91764107778343
86.5920523138833
85.91240506329115
85.52544080604534
85.10216406643181
84.50731953558808
85.7783947501262
88.78379772961816
88.1349819680577
87.80399181166837
87.24006116207951
86.77704081632653
86.26537874936452
85.79908443540184
85.38047307498742
85.1978527607362
85.56969696969696
85.89626865671642
86.73579545454545
87.3796178343949
88.36639439906651
88.97459966869133
89.3877443211833
88.91808346213293
88.11335012594458
87.8172740888667
87.21073758153537
86.76884422110552
86.25652610441767
85.78466226510919
85.34569138276554
84.8577935222672
85.98118962887646
89.51572975760702
88.87647360328037
88.39918533604887
87.8391215526047
87.32177460479348
86.93807574206755
86.36038795303726
85.90871794871795
85.43169121381412
84.70582226762002
84.29295489102888
83.85772357723577
83.21515151515152
83.31384307846076
86.86564885496183
88.33846944016436
88.0537084398977
87.50715746421268
86.80040733197556
86.3173076923077
85.81361097003555
85.30811901159859
84.81344792719919
84.27477477477477
83.8576458752515
83.32233883058471
83.16716417910447
88.18283963227783
89.64451313755796
88.94144838212635
88.5949948927477
88.06091370558376
87.52160650737163
87.0509424350484
86.41146626078132
85.91185410334346
85.14163306451613
84.66114457831326
84.12932330827067
83.5255
83.11523046092185
82.48972431077694
82.12168252378568
81.46088689586448
81.01053687907677
81.10084872690963
83.53738783649052
84.28607214428858
83.86973947895791
83.41890547263682
83.06253101736972
82.48297977306365
82.01786600496278
81.3234274393264
80.8052139695032
80.37005928853755
79.87966601178782
82.4535679374389
84.98858560794045
86.45893479342956
86.39921143420405
85.72345679012345
85.12942913385827
84.58811978399608
84.25995085995086
83.64138943248533
83.12586037364798
82.52355250245338
82.10014584346135
81.55571776155718
81.07897286821705
81.83357593401261
85.14672575086165
86.92744323790721
86.76384125428712
86.32840236686391
85.63756743501716
85.15768854064642
84.54746679783571
84.03216374269006
83.27631578947368
82.76945525291829
82.18853255587949
82.47181729834791
85.46071254270376
86.72731731240805
86.42702702702702
85.83869395711501
85.41382667964946
84.77077675176534
84.94658553076403
85.57343124165554
86.10718635809988
86.72778088317496
87.08199356913184
87.41692466460269
86.93286573146293
86.66584524396254
85.86512996566944
85.69854368932039
88.35640648011783
89.03525322740815
88.35891089108911
88.06081754735793
87.49551792828686
87.05829596412556
86.62972166998011
85.90378863409771
85.4110337972167
85.04328358208956
84.56556160316674
85.36574531095755
88.20481927710843
88.41346633416458
87.86375062845651
87.51103309929789
86.73973973973973
86.33865336658354
85.86580516898609
85.41993058998513
84.86514625681706
84.475442043222
83.97041420118343
83.45673549655851
86.1123706259241
87.35104270109235
86.88652130822597
86.39782823297138
85.98467622343055
85.48053228191228
85.02269363591515
84.47128129602356
84.01706484641639
83.26328620185275
82.66845441248172
82.30596285434996
82.12197483059052
85.79851851851852
88.028927680798
87.79672781358452
87.26140873015873
86.69569520039585
86.02817597627286
85.47656635421805
85.04938271604938
84.48001973359645
83.9818805093046
83.47303921568627
82.97224926971762
82.4704445530044
82.0433723196881
86.20851906884596
86.80773092369478
86.3424182358771
85.8933660933661
85.4306784660767
84.91822660098522
84.41437007874016
83.92867683226758
83.44881889763779
82.57542997542997
82.1281512605042
82.73018414731786
82.73018414731786
82.73018414731786
85.08293153326905
86.10310841546627
87.06851037083595
88.2564396107613
88.64270613107823
88.26622381195708
87.89240824534942
87.42320987654321
86.89533169533169
86.43960880195598
85.9818805093046
85.4333986287953
84.90649606299213
87.59424603174604
87.68081918081919
87.43622828784119
86.87170561909498
86.42630272952853
86.00098863074642
85.48683556880279
85.06147744174517
84.53484923381117
83.82859941234084
83.4484282907662
82.92525647288716
82.43130520117762
81.92169260700389
81.4456415279138
82.64880662445202
85.68489065606362
85.51930693069306
85.08148148148148
84.60703666997027
84.19782930439072
83.66469719350074
83.47365829640572
82.68537666174298
82.27254805322819
81.69219440353461
81.02591687041564
80.68179473955647
80.67748215444517
80.93744075829383
80.93744075829383
80.93744075829383
82.55290102389078
83.19659332860185
83.5182767624021
83.47698280643372
83.16675461741424
82.74121900826447
82.192
81.6502487562189
81.20078546882671
80.97559785261103
80.13567593948268
79.57317670093
78.70599707459776
78.35805500982319
79.67608377983439
81.97524752475248
82.32576505429418
81.52120315581854
81.40108267716535
80.59446092977251
80.268413247652
79.50098522167488
79.0699951052374
78.5981354268891
78.0692007797271
77.40362035225048
76.87609756097561
78.10101991257892
80.62660098522167
80.95403422982885
80.7119140625
79.95717761557178
79.56451612903226
79.12227074235808
78.56647116324535
78.15692007797271
77.76915615906887
77.58378645575877
77.90221642764016
77.90221642764016
79.24063670411985
80.3505237711523
81.80667120490129
82.69024390243902
82.7752808988764
82.19719042663891
82.00906344410876
81.52511188463451
81.2080668962125
80.4119094488189
80.12823013164311
79.232421875
78.77310513447432
81.46142506142506
83.33300198807157
82.62407132243685
82.00492610837438
81.54923305294409
81.17466600692727
80.88457760314341
79.9970515970516
79.56558185404339
79.08920650566782
78.4295532646048
78.35986328125
83.50221784130113
85.01789264413519
88.3061224489796
87.88905547226386
87.44095665171898
86.83607374190333
86.4546812749004
85.99407699901283
85.29878721058435
85.29878721058435
85.29878721058435
85.29878721058435
85.29878721058435
88.30482256596906
89.36276522929501
89.26373626373626
88.85280641466208
88.72818791946308
87.80849947534102
87.64935064935065
86.75969773299748
86.185778668002
85.7120237506185
84.8490099009901
84.65583456425406
83.69526627218934
83.14768771755345
82.48248643315245
81.89975186104219
81.41010401188707
80.74096087171867
80.53519720419371
79.705
79.48553392951078
78.91295746785362
78.91295746785362
78.91295746785362
78.91295746785362
85.36100386100387
87.27807083647325
87.60769750168805
87.082711085583
86.98231066887783
86.23819517313746
85.9650025733402
85.3304828973843
84.4800796812749
84.36605821410951
83.46282619399311
83.21259842519684
82.40949554896143
85.2287841191067
87.08430085815245
86.3611525086935
85.82077794190054
85.33102766798419
84.74153386454184
84.35253227408143
84.21279761904762
83.23141309699655
82.63600395647873
82.1753086419753
81.31576330183988
81.20535714285714
80.44301288404361
82.08456973293768
86.03591299949419
85.73406924234821
85.0180904522613
84.49698189134809
84.01718907987866
83.25652610441767
82.60040261701057
82.16479820627802
82.14916666666667
82.14916666666667
82.14916666666667
85.59744990892531
86.73295910184443
89.38354506957047
90.41112322791712
90.31076759061834
89.7329255861366
89.53319817536746
88.73817819810851
88.31631631631632
87.4234821876568
86.86016096579476
86.66233116558278
85.76388194097049
85.49675486769846
84.66833918715504
84.46827794561933
83.52794411177645
83.40775733465938
82.68270676691729
82.25987006496752
81.64403394907639
80.62155688622755
81.28539823008849
81.28539823008849
81.28539823008849
81.28539823008849
81.28539823008849
81.28539823008849
81.28539823008849
81.28539823008849
81.28539823008849
94.61129207383279
95.74671669793621
97.24468922108576
98.12115127175369
99.18606060606061
99.41213151927437
98.84915611814347
98.44456121912769
97.58205128205128
97.12067209775967
96.56664977192094
95.69114688128772
95.3019726858877
94.42603850050658
93.96264512872287
93.63030303030303
92.74674674674675
92.51347305389221
91.84376564847271
91.2690963554668
90.31770573566085
90.0677966101695
89.40401002506266
88.90922768304915
88.35966219572776
91.99495713565305
92.19412976313079
91.44741100323624
91.44741100323624
91.44741100323624
91.44741100323624
95.51135473766641
96.42857142857143
97.62948207171314
97.44284128745838
96.93729903536978
96.51153039832286
95.90625
95.47485743908761
94.84061696658098
94.464048954615
93.6178247734139
92.99448345035105
92.56414141414142
93.76547559134373
94.88590263691684
95.57230769230769
95.05693950177935
94.40051413881748
93.55923879680786
92.02245989304812
92.02245989304812
92.02245989304812
92.02245989304812
93.58596837944664
94.06177924217462
94.07872478854912
93.67530120481928
93.5135603000577
93.18066996155959
92.36183858898984
91.51720595788393
91.05578093306288
90.7062656641604
90.12350597609561
89.54308222550468
89.00394671928959
88.38499751614506
87.85188818048063
86.92011834319527
86.12733887733887
85.64959400374765
85.565579984837
85.565579984837
85.565579984837
88.01614434947768
90.47703906785469
91.38214515093128
92.2524609148813
91.83013698630137
91.33914421553091
90.85912596401029
90.36585365853658
89.95881466599698
89.52011922503726
89.08263649778652
88.2233727810651
88.18033596837945
92.15918163672654
95.47920892494929
96.50307692307692
95.9553158705701
95.55948717948718
95.20327700972862
94.54587155963303
94.06253177427554
93.54903943377148
93.0668006027122
92.52544132917964
91.56668923493568
91.56668923493568
91.56668923493568
91.56668923493568
91.56668923493568
91.56668923493568
93.90031813361612
95.08930075821398
95.02620396600567
94.76404494382022
94.14751286449399
94.05690607734806
93.46537842190016
92.51022548505506
92.0362429811128
91.20804020100502
91.02821158690176
90.35642570281125
89.86656671664169
89.05882352941177
88.36899455175829
87.96061814556332
90.90361445783132
92.4200306591722
91.7840040753948
91.2394366197183
90.53286852589642
90.24201596806387
89.84665661136249
89.26813406703351
88.8537194208687
88.3497512437811
87.71189773844641
86.91967044284243
86.17236753856473
86.17236753856473
86.17236753856473
86.17236753856473
86.17236753856473
86.17236753856473
91.94538943598926
93.31131359149582
93.07393483709274
92.82215743440233
92.38461538461539
91.97459062676454
91.6806768558952
91.04257583821182
90.44743656136717
89.84896097313735
89.51375687843922
88.37246161466072
88.01370533529123
87.55359765051395
86.86299366162848
86.41935483870968
85.70336093521675
85.18026380068393
84.56843643448612
84.58133854421104
91.00248756218906
94.08036162732296
94.6584008097166
94.00550826239359
93.8891089108911
93.10597014925374
92.97536945812809
92.06889763779527
91.63374083129584
91.11301369863014
90.58292682926829
90.08187718422367
89.35245901639344
89.1854043392505
89.1854043392505
89.1854043392505
89.1854043392505
89.1854043392505
92.65181058495821
92.73981712385702
92.68306451612904
91.94894486044929
91.70619235836627
91.40665434380776
90.96742857142857
90.42560175054705
89.13433609958506
88.96712891628145
88.45560629122274
87.7976071784646
87.29347826086956
86.71111111111111
85.76211453744493
85.2156479217604
85.57135850907308
88.59375
90.1134328358209
89.75873953717381
89.37506136475209
88.81760391198044
88.37720156555773
87.81981544439049
87.10401548137398
86.55388349514563
85.89178743961352
85.64098837209302
85.19125420470928
84.81403171552138
87.96025206010664
90.31210191082802
90.35929892891919
90.05080605764533
89.63045586808923
88.86166666666666
88.69449966865474
88.69449966865474
88.69449966865474
88.69449966865474
88.69449966865474
88.69449966865474
93.81260945709282
94.48421807747489
94.54712362301102
94.24928856004553
93.7927684835402
93.28899321857068
92.80314561136478
92.23115832068791
91.75037443834249
91.20188025729837
90.61633054599115
89.81379310344828
89.34763313609467
88.5747915644924
88.02807881773398
87.64058679706602
86.99706026457619
86.48849730788056
87.89759921607056
89.24802371541502
88.45516903478686
87.98585365853658
87.52585365853659
86.9240077444337
86.51672321861366
85.87943607194944
85.44282238442823
84.8792270531401
84.05029013539652
83.64778325123153
83.36026936026936
83.71440677966102
83.71440677966102
83.71440677966102
83.71440677966102
83.71440677966102
87.17860380779692
89.07654494382022
89.97956577266922
89.52631578947368
89.35722411831627
88.73281596452328
88.42347214710654
87.82780410742497
87.45010288065843
86.98987854251013
86.45002511300854
85.96236828901154
85.49197592778334
84.87393269713712
84.60858189429618
86.66799468791501
86.66799468791501
86.66799468791501
86.66799468791501
86.66799468791501
86.66799468791501
87.64087468460892
87.17935578330894
86.8423772609819
86.61032028469751
85.90454545454546
85.52254209668658
87.84607104413348
89.30522503879979
88.69458631256384
88.38709677419355
87.87231920199501
87.51896207584831
86.81284221005475
86.47207118141374
85.79663532904503
85.42990654205607
87.795
90.55983772819472
90.50229474757776
90.11983681795003
89.56613484302625
89.20979410127991
88.9802065404475
88.9802065404475
88.9802065404475
87.0
87.0
87.0
87.0
87.0
87.0
87.0
87.0
87.0
87.0
87.0
87.0
91.70874751491054
91.4
91.00961538461539
90.28193832599119
89.33488992661775
89.0369442705072
88.56674612634089
87.9165186500888
87.1315600287563
87.1315600287563
87.1315600287563
87.1315600287563
87.1315600287563
87.1315600287563
87.1315600287563
87.1315600287563
87.1315600287563
87.1315600287563
87.1315600287563
87.1315600287563
87.1315600287563
87.1315600287563
87.1315600287563
87.1315600287563
87.1315600287563
87.1315600287563
87.1315600287563
87.1315600287563
87.1315600287563
93.19391947411668
92.71700680272109
92.52179406190777
91.81921546333143
91.25123694337547
90.64031830238727
90.16416364577938
89.6001013684744
89.12096774193549
88.61419290354823
89.3965
92.37974683544304
91.79357106981416
91.12919379068603
90.87930148947098
90.3250773993808
89.25080042689434
89.25080042689434
87.77751572327044
87.54748603351955
