63.849747474747474
63.64421855146125
63.72635561160152
63.752512562814076
64.30162703379224
64.48212083847102
64.42944785276073
64.40836408364083
64.22772277227723
64.07230392156863
63.82587064676616
63.787048567870485
63.787048567870485
63.76492537313433
63.52233250620347
63.4448574969021
64.00858895705521
64.25485436893204
64.25485436893204
64.23357664233576
64.00613496932516
63.77805486284289
63.76214196762142
63.69038701622971
63.63432835820896
63.58852867830424
63.37531172069825
62.95038167938931
62.92757306226176
62.77509529860228
62.79108280254778
62.43023255813954
62.21919584954604
62.12402088772846
62.03116883116883
61.83048620236531
61.652116402116405
61.429718875502004
61.32080536912751
61.156756756756764
61.13770053475936
60.93098782138024
60.810178817056396
60.673582295988936
60.49931412894375
60.35408022130014
60.34861111111111
60.00873362445415
60.10225303292894
60.10225303292894
60.10225303292894
60.10225303292894
60.10225303292894
60.10225303292894
60.10225303292894
60.10225303292894
60.10225303292894
60.10225303292894
60.10225303292894
82.84265734265735
82.57495881383855
82.3725782414307
82.70384615384616
82.61194029850746
82.45988023952096
82.14028776978417
81.83371824480369
81.72279495990836
81.34915254237288
81.11261261261261
81.00553709856035
80.64885496183206
80.34649122807018
80.34649122807018
80.17386609071275
79.8745945945946
79.79721030042919
79.59267241379311
79.32112068965517
79.10463861920172
78.85882352941177
78.77765843179377
78.53671706263499
78.2855614973262
78.14747039827772
77.79535864978902
77.76931216931217
77.6780021253985
77.31939978563773
77.02248394004283
76.82996811902231
76.82252922422954
81.03008298755186
85.03539823008849
89.58009478672986
94.40186915887851
96.90138248847927
96.79166666666666
96.68890892696123
96.4546255506608
96.35888501742161
95.87686895338611
97.17987533392699
102.11849192100539
106.57965796579657
111.41478809738504
113.81543921916592
113.40561896400351
113.06712564543889
112.51330472103004
112.15829787234043
111.41973244147158
110.7210657785179
110.05798319327731
109.10999160369437
107.7255230125523
106.68067226890756
105.61538461538461
104.43389830508474
103.35309060118544
102.19508057675996
101.10611205432937
100.078032230704
98.98891730605285
97.86739864864865
96.8047138047138
95.92869127516778
95.22231543624162
94.52842809364549
93.66165413533835
93.126254180602
92.5755033557047
92.14525608732158
91.42179700499167
91.34024896265561
91.07361455748553
90.91217895608948
90.6600166251039
90.44979253112034
90.38461538461539
90.3358147229115
90.25579470198676
90.07071547420965
90.03330557868443
90.05008347245409
89.99667221297837
89.86046511627907
89.73015873015873
89.6892797319933
89.63529411764706
89.47014297729184
89.31450252951096
89.25442291491154
89.20404721753795
89.08593091828138
89.08868243243244
88.95707070707071
88.88691983122362
88.79391891891892
88.61571306575577
88.2824427480916
88.23141891891892
88.23378839590444
88.19047619047619
88.2156862745098
88.35646958011996
88.40579710144928
88.39641943734016
88.59503424657534
88.76419965576592
88.81692573402418
88.92188841201717
88.85382631126397
88.73396065012831
88.44779982743745
88.24653979238754
87.94854202401372
87.32302405498282
87.20563139931741
86.92912040990606
86.51107325383305
86.25256849315069
86.07863247863249
85.88651877133105
85.69349315068493
85.70683760683761
85.61518550474547
85.5697074010327
85.39896373056995
85.42510822510822
85.37975778546713
85.31569817866435
85.073402417962
84.95930735930736
84.6252158894646
84.16176470588235
83.97660311958406
83.47155172413792
83.03540587219344
82.74913793103448
82.28534258456202
82.0
81.70655021834061
81.33710801393728
80.98080279232111
80.81255448997385
80.45470383275261
80.28797190517999
80.20647419072615
80.05035335689045
79.7647577092511
79.5829636202307
79.18465655664585
78.88556701030927
78.63350785340315
78.47077244258872
77.76374745417515
77.57199602780537
77.25925925925925
77.2130518234165
76.74212034383955
76.60208926875593
76.1669776119403
76.04291044776119
75.8018779342723
75.54511627906977
75.36059479553903
75.17102803738318
74.93773234200744
74.73880597014926
74.63974001857011
74.46883720930232
74.11797752808988
74.00931098696462
73.80315691736304
73.76514445479962
73.42749529190208
73.29261363636364
73.23091423185674
72.76253547776727
72.47198480531814
72.26415094339623
72.16856060606061
71.8055822906641
71.50863723608445
71.23659003831418
71.17630057803468
70.69064039408867
70.24582104228122
70.22189349112426
69.9572564612326
69.77358490566037
69.56856856856857
69.51006036217304
69.21178821178822
68.90214067278288
68.76820512820512
68.59712230215827
68.47330595482546
68.13721413721414
68.09707724425887
67.85669781931465
67.67610062893081
67.60041841004184
68.92140641158221
68.63391933815926
68.49435897435897
68.10960334029228
67.94444444444444
67.89583333333333
67.69270833333333
67.37854889589906
67.26975763962065
67.0716577540107
66.87752928647497
66.47639484978541
66.24141630901288
65.97267759562841
65.89640130861505
65.58842794759825
65.53030303030303
65.179203539823
65.10132158590308
64.97013274336283
64.66776315789474
64.43502202643172
64.25109649122807
64.1829268292683
63.9586129753915
63.95685840707965
63.469613259668506
63.40555555555555
63.31613611416026
63.02885682574917
62.80089485458613
62.76966292134831
62.65082872928177
64.10622317596567
65.03651987110634
64.99681190223167
67.22442588726514
70.29485834207765
77.62450199203187
82.83632734530939
87.81782178217821
92.06997084548105
95.71596474045054
99.6955252918288
103.1420233463035
104.07692307692308
103.41385767790263
100.21926605504586
96.76633840644584
92.23818019625334
87.1270962047661
82.06618962432916
76.38995433789954
73.08711433756805
72.71166207529843
68.85255198487712
67.42325581395349
67.42325581395349
66.96538821328345
66.81116279069768
66.47091932457786
66.33953488372093
66.08271375464685
65.88536812674744
65.27203791469195
65.16666666666667
64.8233046800382
64.84011352885526
64.35570469798658
64.15494296577947
63.912045889101336
63.560428849902536
63.46771037181996
63.125853658536585
62.880788177339895
62.66733266733267
62.58333333333333
62.453
61.928210313447934
61.79959308240082
61.71559633027523
61.598150051387464
61.09243697478992
61.1652719665272
60.81694560669456
60.686108165429474
60.57340425531915
60.27204301075268
60.16034669555796
60.104918032786884
59.8215859030837
59.47991071428571
59.43896976483762
59.27702702702703
59.127395715896284
58.92533936651584
58.674285714285716
58.3765932792584
58.31126596980255
58.232205367561264
57.772241992882556
57.655952380952385
57.60573476702508
57.44724220623502
57.20975609756097
57.001236093943135
56.76448828606658
57.17310087173101
58.01193317422434
57.70011947431303
57.60404280618312
57.47971360381861
57.215144230769226
57.16767189384801
56.756690997566906
56.52832512315271
56.430864197530866
56.06559405940594
55.577889447236174
55.46800501882058
55.40530303030303
54.83115183246073
54.41839378238342
54.24803149606299
53.924731182795696
53.78436657681941
53.17737430167598
52.93229901269393
52.43541364296081
52.226939970717424
51.89558823529411
51.50759878419453
51.250374812593705
50.7765625
50.58730158730158
51.670103092783506
52.84933774834437
53.85143769968052
54.57632398753894
54.838038632986624
54.78623718887262
54.71911764705882
54.588495575221245
54.18834080717488
54.655834564254064
57.131170662905504
59.912751677852356
62.72948717948718
66.2969696969697
67.04750593824228
66.6110444177671
66.52857142857142
66.0735826296743
65.73766546329723
65.48684210526316
65.24058323207777
68.45624270711785
71.7286036036036
73.37282608695652
73.17551462621886
72.59194776931447
72.53695652173913
72.03812636165577
71.71035242290749
71.54961832061069
70.96479647964796
70.78500551267916
70.70672546857773
70.29222222222222
70.12541620421753
69.87513812154697
69.41826381059752
69.31299435028248
69.04927211646137
68.98545861297539
68.45257142857143
68.37699316628702
68.17194570135747
68.06433408577878
67.94311717861206
67.38558352402745
67.33104238258878
67.1697247706422
66.97257142857143
66.67016317016316
66.50410316529894
66.41784037558685
66.17076023391813
65.75
68.50058754406581
74.68958333333333
80.87689393939394
86.76958105646631
92.12409420289855
94.2174688057041
93.98686514886164
93.53350970017637
93.17771883289124
93.04517271922055
92.80192813321648
92.44678979771328
92.19315188762072
91.81342632955536
91.65297202797203
91.27280625543005
90.98192771084338
90.52875536480687
90.17056277056277
89.91017964071857
89.73413379073756
89.41358555460017
89.00513259195894
88.84228473998294
88.57679180887372
88.27758620689656
87.80393835616438
87.63613231552164
87.43063829787233
86.94363791631085
86.79983036471586
86.57045260461145
86.53299492385787
86.41291418861512
85.92366412213741
85.64750633981403
85.5324347093513
85.10016835016835
84.88653683319221
84.64067796610169
84.34462320067739
83.90237691001698
83.7557058326289
83.48559322033898
83.1501272264631
82.81494057724957
82.66808873720136
82.52303754266211
82.24828767123287
81.95872742906276
81.78571428571429
81.52491408934708
81.37371134020619
80.87099567099567
80.6962899050906
80.50910667823071
80.37030567685589
79.87161572052402
79.69667832167832
79.49565217391304
79.28596338273758
78.98948290972831
78.65787159190853
78.47623239436619
78.32010582010582
78.07555555555555
77.73321554770318
77.6938775510204
77.475
77.13051305130513
76.92767857142857
76.58055805580558
76.44605621033544
76.0651974288338
75.77919708029196
75.56660583941606
75.50137236962489
75.04893813481071
74.84786641929499
74.41465677179963
74.34447539461468
74.04507042253522
73.81010289990645
73.6267539756782
73.48405253283302
74.55319148936171
74.35097493036211
74.23148148148148
73.69702602230483
73.56417359187442
73.42537313432835
72.96777251184834
72.90160832544939
72.67677725118483
72.5320754716981
71.96102661596959
71.74904580152672
71.46065259117083
71.0
70.89157792836399
70.82142857142857
70.6079766536965
70.28978388998036
69.91910331384015
69.6423645320197
69.43264503441495
69.11572700296736
68.72166998011929
68.6161515453639
68.415
68.332
67.96975806451613
67.66026289180991
67.65318503538928
67.26524390243902
67.02574665293511
66.71177685950413
66.55417956656346
66.27329842931937
66.08298755186722
65.85534591194968
65.58195020746888
65.2964135021097
65.08945686900958
64.63095238095238
64.54925053533191
64.29989212513485
64.61363636363636
65.83280757097792
65.72717733473242
65.61889927310489
65.26729559748428
65.18134715025907
64.65015806111697
64.48580441640378
64.33966244725738
64.21375661375662
63.890074706510134
63.58639308855291
63.36830835117773
63.072747014115095
63.04843918191604
62.728555917481
63.71186440677967
63.394099051633304
63.33403805496829
63.01711229946524
62.82777179763187
62.67662753468517
62.357905982905976
62.25349087003222
61.785869565217396
61.65264293419634
61.20501635768811
61.188864628820966
60.820484581497794
60.47951273532669
60.439511653718085
60.092119866814656
59.90311804008908
59.54729729729729
59.40290178571429
59.23411371237458
58.86226203807391
58.7276836158192
58.61217587373169
58.2405498281787
58.167431192660544
57.814006888633756
57.73325635103926
57.3053613053613
57.16136631330977
57.12220916568742
56.81622911694511
56.50714285714285
56.471990464839095
56.1726618705036
55.94927536231884
55.74019607843137
55.46871165644171
55.34482758620689
55.0391676866585
54.76741293532338
54.667506297229224
54.545112781954884
54.24250000000001
53.69835234474017
53.69615384615385
53.53108108108108
55.56060606060606
58.1080459770115
58.1080459770115
62.58481012658228
64.0236559139785
65.82791586998088
67.63301282051282
68.20343839541547
68.45938748335553
68.21571072319202
67.89781021897811
68.05889145496536
69.32760595647194
72.07574094401757
72.04833512352309
71.48481675392671
71.47429171038824
71.07894736842105
70.85774058577405
70.58952879581152
70.21030494216615
69.89640591966173
69.62341772151899
69.24185068349107
68.89684210526316
68.60147213459517
68.46553552492047
68.08236536430834
67.77518557794274
67.45974576271186
67.27978723404256
66.9936642027455
66.41114616193481
66.21822033898304
65.97326203208556
65.88912579957356
65.69409282700423
65.51633298208641
65.10729613733906
65.02588996763754
64.61832061068702
64.22916666666667
64.17305585980284
63.82236842105263
63.674725274725276
63.551991150442475
63.271223814773975
63.06326304106548
62.7525195968645
62.655056179775286
62.21477272727273
61.965792474344354
61.90815154994259
61.73519163763066
61.35058823529411
61.25029515938607
61.23758865248227
60.96499416569428
60.89356725146199
60.32219570405728
60.25450180072029
60.20359281437126
59.97607655502392
61.37304452466907
63.65552995391705
63.798850574712645
63.70823798627002
63.53056516724337
63.13588850174216
63.05202312138728
62.87587006960557
62.870561282932414
61.35714285714286
61.34813084112149
61.29941520467837
61.26021003500584
60.920930232558135
60.539759036144574
60.41325301204819
60.27536231884058
60.16787439613526
60.03151515151515
60.16183574879227
62.15957446808511
63.854401805869074
64.55
64.10395480225989
66.74426229508197
69.89695057833859
74.68882175226587
79.53846153846153
83.9068673565381
87.37243947858472
88.17981651376147
87.80054644808743
87.23118766999093
86.87545454545455
86.4441391941392
86.02363636363637
85.56419529837251
85.21206581352834
84.95004541326067
84.448623853211
83.95521023765997
83.59564823209429
83.16941391941391
83.02566452795601
82.47688123300091
82.17582417582418
81.91743119266054
81.62419798350138
81.19557195571956
80.836246550138
80.38059701492537
80.19234360410832
79.83813953488372
79.53239436619718
79.14719848053181
78.83539486203615
78.65217391304348
78.27151051625239
77.98171318575554
77.71538461538462
77.38155339805826
77.15436893203884
76.81499513145083
76.5491723466407
76.25418719211822
76.05378486055777
75.92430278884463
75.00709939148074
75.03212851405623
74.73673469387755
74.629363449692
74.10996916752312
73.83954451345755
73.58127572016461
73.08307045215562
72.83438155136268
72.39107332624867
72.1134903640257
71.82162162162162
71.49021739130434
71.33080260303687
71.03947368421052
70.81657458563537
70.40793825799338
70.05672969966629
69.87020316027088
69.65733482642777
69.36145952109464
69.13924050632912
68.87528604118994
68.68396770472896
68.1946386946387
68.13170163170163
67.82994011976048
67.53846153846153
67.12379807692308
67.08423586040915
66.6891891891892
66.51351351351352
66.47724477244772
66.14233576642336
65.8957055214724
65.5350553505535
65.1769801980198
65.04714640198512
66.51474201474201
66.19951040391678
66.09013398294762
65.95110024449878
65.76564417177914
65.62655086848635
65.21481481481482
65.14108910891089
64.82603254067584
64.68513853904282
64.5632183908046
64.4047619047619
64.26774595267746
63.90561224489795
63.591211717709726
63.424528301886795
63.424528301886795
63.424528301886795
63.424528301886795
63.424528301886795
63.424528301886795
63.424528301886795
2.5483870967742064
2.5483870967742064
2.5483870967742064
2.5483870967742064
98.51251840942562
98.99330655957162
98.85714285714286
98.53273137697516
98.46803900325027
97.81808731808732
97.64699898270601
100.24048096192385
100.9310009718173
100.74856596558317
100.45801526717557
100.18001885014138
99.7279549718574
99.2090395480226
98.91263940520446
98.62907735321528
97.88300835654596
97.7037037037037
97.07599629286376
96.84508348794063
96.38745387453875
96.01113172541744
95.69209558823529
95.45662100456622
94.82385321100918
94.44821264894593
93.9909338168631
93.62912087912088
93.27711941659071
92.84007352941177
92.66880146386093
92.2133815551537
91.78617511520737
91.48498635122839
90.83211678832117
90.59926131117267
90.1107044830741
89.77746999076639
89.50689972401103
89.07228915662651
88.67959372114497
88.46375464684014
88.11710037174721
87.5765595463138
87.21334586466165
86.73055028462998
86.52835538752363
84.72978116079923
84.61228406909788
84.29672447013488
83.71442400774443
83.34824902723736
83.08155339805825
82.7
82.42450980392157
82.20505344995141
81.47745098039216
81.36176470588235
81.09304603330068
80.67754698318497
80.25590551181102
80.09126984126983
79.625
79.32765531062124
79.09949748743719
78.53705583756346
78.38469387755102
78.2321063394683
77.70799180327869
77.22325102880659
76.83908045977012
76.58602711157455
76.21789473684211
75.93432203389831
75.53854389721627
75.23642172523962
74.9978563772776
74.56318082788671
74.04324324324324
73.49888143176734
73.32737430167597
73.03662597114318
72.59750566893425
72.29862700228833
72.1697247706422
72.68367346938776
73.49230769230769
73.16171617161716
72.7264673311185
72.3903803131991
72.25140924464488
71.72222222222223
71.49714285714286
71.38285714285715
71.09736540664376
70.61734104046242
70.36951501154735
69.90330188679245
69.70952380952382
69.37041420118344
71.1674364896074
72.11547085201794
71.85763097949886
71.56884875846501
71.18079096045197
70.78390804597701
70.54805491990847
70.48571428571428
70.20116279069768
69.73027090694936
69.51518691588785
69.35981308411215
68.83073229291716
68.64038231780167
68.265625
68.16028708133972
69.43337195828505
69.42013888888889
69.44022988505748
69.19298245614036
68.7387706855792
68.60701754385966
68.36384976525821
67.8892900120337
67.83333333333333
67.68571428571428
67.58263971462544
67.06837606837607
66.9356014580802
66.79951690821257
66.66187050359713
66.09390243902439
66.08180708180709
66.02197802197803
65.40075376884423
65.3391959798995
65.13266583229036
64.98987341772153
64.57360406091371
64.46683673469387
64.25677419354838
63.86797385620915
63.61671087533156
65.92634207240948
66.81485992691839
66.72249388753056
66.41717049576783
66.06976744186046
66.0012285012285
65.83353733170135
65.4
65.20224719101124
65.15442092154422
65.07356608478803
64.93341708542714
64.39923954372624
64.27088607594936
64.21788413098237
63.674418604651166
63.655440414507765
63.329883570504535
63.211212516297266
63.074074074074076
62.72266666666667
62.63978494623656
62.271028037383175
62.12516823687753
61.82650273224044
61.68563685636856
61.36114911080712
61.01678321678321
60.932203389830505
60.675
60.30113636363636
60.30113636363636
62.10040705563094
62.06763925729443
61.98537234042553
61.806408544726295
61.66929133858268
61.60732984293193
62.038961038961034
63.670807453416145
63.74352651048089
63.71481028151774
63.360393603936046
62.97397769516729
62.93283582089552
62.70573566084788
62.55733662145499
62.143757881462804
61.98486759142497
61.89473684210526
61.25548387096774
61.12258064516129
61.05433376455369
60.84974093264249
60.55511288180611
60.17553191489361
60.09879839786382
59.82210242587601
59.76322751322752
59.272602739726025
58.89148351648352
58.82506887052341
58.738888888888894
58.44866385372714
58.174535050071526
60.21418636995827
63.8745148771022
67.33035714285714
74.55416191562144
80.415611814346
85.5520728008089
90.19802955665024
94.18934348239772
96.65388213283443
98.24413145539907
98.09166666666667
97.61278538812786
97.07588075880759
96.43664539653601
96.14777878513146
95.84761045987376
95.84761045987376
98.07971014492753
98.03426510369702
97.74776386404292
97.22202327663385
96.68594306049822
96.24688057040999
95.8646017699115
95.53743315508021
94.94676131322095
94.59430604982207
94.25361010830325
93.88967971530249
93.59190853122251
92.7841918294849
92.60819234194123
92.13774597495528
91.82368655387356
91.49821428571428
90.89661319073083
90.65008880994671
90.39605734767025
89.87992831541219
89.41271262309758
88.9237668161435
88.66666666666667
88.34767025089606
87.77556561085973
87.53561767357981
87.22121486854034
86.73230490018149
86.55181818181818
85.92363636363636
85.68469294225481
85.37625570776255
84.9713758079409
84.6492673992674
84.35304990757855
83.94320297951583
83.64186046511628
83.12346842601319
82.87791239515377
82.4722483537159
82.21300659754948
81.88878416588125
81.67233238904628
81.3574144486692
81.07389635316699
80.82392344497607
80.32073643410853
81.08108108108108
81.37464251668256
81.2241215574549
80.86039886039886
80.6235741444867
80.3589990375361
79.99129593810444
79.73384763741562
79.32338787295477
79.03210116731518
78.62926829268292
78.44051130776795
78.098703888335
77.79543197616684
77.61111111111111
77.15191146881288
76.80541624874624
76.46504559270517
76.15046059365405
75.64807302231237
75.25766871165644
74.88381742738589
74.77220480668757
74.09071949947862
73.87578288100208
73.58587987355111
72.88568376068376
72.75675675675676
72.46004319654428
72.054704595186
71.56685082872929
71.10259301014656
70.84841628959276
70.52188552188552
70.4045197740113
71.27027027027027
72.7434497816594
72.7554347826087
72.82422293676314
72.68729989327642
72.44146079484425
71.89347826086957
71.57205720572057
71.42904290429043
70.86531986531986
70.49331848552339
70.33108108108108
70.0148401826484
69.5593023255814
69.34418604651162
68.98263888888889
68.68107476635514
68.36130536130536
67.81720430107526
67.78966346153847
67.53388822829965
66.94103489771359
66.8875453446191
66.78476420798066
66.14110429447852
66.00861008610086
65.59506172839507
65.22789539227895
65.1637717121588
65.01622971285893
68.23067484662576
71.3712643678161
71.89067894131185
71.88175675675676
71.34915254237288
71.00564334085779
70.60928652321631
70.45881006864988
69.85011441647598
71.60619469026548
71.37136465324384
71.16276477146042
71.00671140939598
70.49546485260771
70.1547212741752
69.81986143187066
69.48627002288329
69.35606936416185
69.00346820809249
68.63023255813954
68.3096926713948
68.12559241706161
67.78245192307692
67.19420989143546
67.07961399276236
66.96463414634147
66.36093943139679
66.19183168316832
65.9511889862328
65.64609571788414
65.1849935316947
65.0525641025641
64.72258064516129
64.22222222222223
64.25398936170212
64.93832020997375
65.88495575221239
65.83102143757881
65.69395465994963
65.52091254752851
64.94041450777202
64.8748370273794
65.84458598726114
67.14198286413709
67.18573185731857
67.1521472392638
66.52897657213317
66.33004926108374
65.8776529338327
65.89356435643565
65.54981084489282
66.96463414634147
67.05294825511432
66.87139423076923
66.8499399759904
66.25367647058823
66.23936816524909
65.83946078431373
65.54488778054863
65.03703703703704
64.80075187969925
64.61441213653603
64.33545108005083
63.977040816326536
63.415243101182654
63.35248041775456
63.167979002624676
62.66982408660351
62.645721925133685
62.295850066934406
62.295850066934406
65.48366834170854
66.20757020757021
65.87637698898409
65.92503022974607
65.54721549636804
65.10731707317073
65.1116504854369
64.68407960199005
64.55500618046972
64.3947696139477
66.19807923169267
67.0104895104895
66.975495915986
66.66863207547169
66.17827626918536
66.06957547169812
65.9655990510083
65.70095693779905
65.45157384987894
65.24399038461539
65.0108564535585
64.68395061728395
64.65973072215422
66.74879807692308
66.68181818181819
66.74148061104583
66.49289099526067
66.17441860465117
65.95381062355658
65.7453488372093
66.3723897911833
69.13666666666667
72.84126984126983
72.55867082035306
74.5010060362173
78.98146341463415
81.0095328884652
80.93994280266921
80.77578051087986
80.31350330500472
80.07230046948357
79.6487758945386
79.31123919308358
79.16363636363636
78.84689922480621
78.41000962463907
78.041015625
77.86901270772239
77.21881188118812
77.17029702970297
76.84184184184184
76.21414141414141
75.94720812182742
75.7738336713996
75.04845360824743
74.94300518134715
74.68448637316561
74.06991525423729
73.78784648187633
73.33405405405405
72.88755458515284
72.55664488017429
72.33734939759036
71.84192825112108
71.47576099210823
71.19501133786848
70.88662131519274
70.4462061155153
70.14155251141553
69.80346820809248
69.65357967667437
69.45402298850574
69.1757225433526
68.97444831591173
68.45
68.29739336492891
67.7660606060606
67.56091676718938
67.41190765492102
66.92092457420925
66.75
66.58917589175891
66.28976572133169
66.00750938673342
65.79776674937965
65.3240506329114
65.15325670498085
64.77806122448979
64.39456662354463
64.22526041666667
64.1217277486911
63.72751322751323
63.559366754617415
63.36303191489361
62.942204301075265
62.97181208053691
62.43360433604336
62.42857142857143
62.163319946452475
61.919398907103826
61.71448275862069
61.44154057771664
61.129707112970706
60.81303116147309
60.696709585121596
60.15584415584415
59.98542274052478
59.7701317715959
59.7701317715959
59.29498525073747
59.07142857142857
58.83083832335329
58.54115853658537
58.18181818181819
58.0811638591118
57.654434250764524
57.32915360501568
57.054140127388536
56.91228070175438
56.67213114754098
56.510673234811165
55.833887043189364
55.59159663865546
55.472175379426645
55.084048027444254
54.93913043478261
54.49725776965265
54.93806921675774
55.668171557562076
55.668171557562076
55.668171557562076
56.81543624161074
57.72386058981233
59.72954545454546
61.558415841584164
63.5944055944056
64.1698717948718
63.864696734059095
63.71870397643593
63.74964234620887
63.63216783216784
63.33053221288516
63.120000000000005
62.76470588235294
62.87794729542303
62.328671328671334
62.02216066481995
61.75
61.583921015514804
61.26375176304654
61.00853485064012
60.68201438848921
60.53093525179857
60.301587301587304
60.04233576642336
59.80263157894737
59.66715758468335
59.34839650145773
59.3293768545994
58.82912332838039
58.45399698340874
58.40060698027314
58.174578866768755
57.81288343558282
58.05007587253414
60.63715529753266
60.50658857979502
60.47270114942529
60.39337175792507
60.23419540229885
62.80848153214774
65.70104438642298
67.08690176322418
66.64491844416563
66.4551201011378
66.29559748427673
65.88161209068011
65.5758354755784
65.78535353535354
67.98406862745098
69.25179856115108
69.19308700834327
68.99166666666666
68.59156626506024
68.41676646706587
68.4366028708134
71.09551208285386
73.12233445566778
72.81285231116122
72.73192436040044
72.30527497194164
72.1837416481069
71.74494382022472
71.85698198198199
74.58333333333333
76.19593147751605
75.91675447839832
75.94080996884735
75.57293868921776
75.09704641350211
74.80298189563365
74.30504833512353
74.03808487486398
73.81621621621622
73.81621621621622
75.7542194092827
75.60297239915074
75.3061224489796
75.14439655172414
74.63665594855306
74.19042437431992
73.90131578947368
73.62293274531422
73.32399103139014
72.91192865105909
72.75946547884188
72.36272321428571
72.01797752808989
71.69655172413793
71.33409350057012
70.92280701754386
70.77182770663562
70.68524970963995
70.38156359393233
69.87142857142857
69.84123222748815
69.59640718562875
69.13461538461539
68.93276283618582
68.74692874692875
68.42786683107275
68.13530135301353
67.9059405940594
67.81218905472637
67.44683544303797
67.4007585335019
66.88931297709924
66.77406931964056
66.68597168597168
66.35058214747735
66.24453024453024
67.80382165605096
70.47846889952153
70.35144927536231
70.51511627906977
69.94047619047619
69.94047619047619
69.43623361144219
69.14880952380952
69.07966706302021
68.88475390156063
68.61712247324614
68.3943833943834
68.0255164034022
