106.38160919540229
106.76816074188562
106.93605546995377
107.21477532368621
107.50115118956255
107.67306216423637
107.93817619783616
108.15242494226328
108.5077399380805
108.71937984496124
109.0
109.16966379984362
109.56842923794713
109.7603112840467
109.96894409937889
110.27094753328113
110.61353032659409
110.80870917573873
110.94851794071764
111.29708431836092
111.63921568627451
111.86420722135009
112.02985074626866
112.41213553979512
112.53486529318542
112.90141955835962
113.14612954186414
113.46178343949045
113.70047543581617
113.89589905362776
114.22781774580335
114.49240607513988
114.59808612440192
114.96565495207668
115.23954983922829
115.36795491143317
115.78709677419354
116.09783480352847
116.39646869983949
116.5377813504823
116.78913219789132
117.04255319148936
117.20032573289902
117.59382615759546
117.72422258592471
118.10819672131147
118.46422764227643
118.84369885433716
118.96399345335516
119.27190082644628
119.44279835390947
119.79239040529363
120.13632585203658
120.36147540983606
120.98295454545455
121.41368337311059
121.46227929373997
121.84181240063593
122.23866348448686
122.44515612489991
123.24903623747109
122.99433198380567
123.92532717474981
122.36370839936609
119.92692613185068
119.65321955003878
119.82672882672883
119.86444616576298
120.24084177708497
120.58132295719844
120.78112915699923
121.02616970658208
121.84491978609626
122.39550561797753
122.82116244411327
123.0
123.20681818181818
123.67720588235295
123.93241279069767
124.43727598566309
124.59146782357195
125.059377262853
125.059377262853
125.059377262853
125.059377262853
125.059377262853
125.059377262853
125.059377262853
125.059377262853
125.059377262853
125.059377262853
125.059377262853
125.059377262853
125.059377262853
125.059377262853
125.059377262853
125.059377262853
125.059377262853
125.059377262853
125.059377262853
125.059377262853
125.059377262853
125.059377262853
125.059377262853
125.059377262853
123.46038863976084
118.79426229508196
114.25401606425703
111.96180904522613
109.94971537001898
108.15789473684211
107.00702987697716
106.64279696714405
106.944582299421
107.1398201144726
107.62389735364876
108.14456869009584
108.52285485164396
108.78474980142971
108.926576217079
109.27454110135675
109.54567116759333
109.80126182965299
109.97091194968553
110.40205371248025
110.86367218282112
111.0763779527559
111.51225296442688
111.76742364917776
112.20965189873418
112.57661927330173
112.80634920634921
113.10055423594616
113.43354430379748
113.88774703557311
114.16613672496025
114.32482043096567
114.47725458898643
114.77344992050874
115.06436041834272
115.29332273449921
115.44054269752593
115.71111111111111
116.30290791599353
116.93844924060751
117.1656
117.3607342378292
117.75825946817082
118.02241793434749
118.30232558139535
118.67309236947791
118.97504025764896
119.44822006472492
119.77786688051323
120.03668261562999
120.38430744595676
120.87700964630224
121.09666937449228
121.39662107803701
122.06003159557662
122.21226795803068
122.63266932270916
122.90136327185245
123.44865718799369
123.996875
124.26076742364918
125.13227513227514
124.86702954898911
125.53
126.51002227171492
126.76243504083148
126.65361445783132
127.19362017804154
127.57005189028911
127.8639705882353
127.93526785714286
127.93526785714286
127.93526785714286
128.30699774266367
124.08
119.91402013942681
119.85878741366079
120.26803340926348
120.55125284738041
121.0303260045489
121.13036925395629
121.18425076452598
121.9296933433059
122.14425981873111
122.19058641975309
122.21274961597543
122.62422360248448
123.15243902439025
123.58371385083714
123.6778882938026
124.40868263473054
119.49538977367979
117.75103050288541
116.54340567612688
116.60344827586206
116.88322368421052
117.11330049261085
117.31489015459724
117.7134786117837
117.90291262135922
118.55742971887551
118.8873801916933
119.19154030327215
119.3408
119.87440381558028
121.00681302043907
120.35874799357946
120.7046178343949
121.09409888357257
118.07619047619048
115.48922585794094
115.396482813749
115.3817891373802
115.50800000000001
113.93006430868166
110.29570747217807
107.35883280757098
106.98017446471054
107.08208366219415
107.34816549570648
107.58869701726844
107.90383111806099
108.13254901960784
108.60641627543036
108.7981220657277
108.91653666146647
109.1249018067557
109.73872472783826
109.98988326848249
110.1402961808262
110.6359375
110.94807238394964
111.26278520849725
111.67635506677141
112.03537735849056
112.56722354813047
112.87410926365796
113.15553745928338
112.2
112.2
112.2
112.2
112.2
112.2
112.2
112.2
112.2
112.2
112.2
112.2
114.26289517470882
113.74763033175356
113.99285714285713
114.61545372866128
115.12674825174825
115.333048676345
115.67962806424345
116.04083333333332
116.31867219917012
116.57929883138564
116.828125
117.16979591836736
117.64619164619165
117.77614379084967
118.15546558704453
118.49714285714285
118.81832927818328
118.91435562805873
119.23774509803921
119.67704918032787
119.88292682926829
120.31758957654723
120.6576354679803
120.95152013147083
121.15660685154975
121.62561174551387
121.71546052631578
122.0596892886345
122.32899022801303
122.86694214876033
123.17700578990902
123.85456039441249
123.87581699346404
123.99592833876221
124.33197389885808
125.02149681528662
125.29729729729729
124.4195356285028
120.23973727422003
117.44292604501608
117.54648342764753
117.70779220779221
117.9516393442623
118.15403422982885
118.4393816110659
118.82078559738135
118.94006568144499
116.87418300653596
116.17285945072697
116.24574209245742
116.4206672091131
116.58637469586375
116.81855500821018
117.2766476810415
117.4071661237785
117.73891625615764
118.21318144833198
118.42424242424242
118.72176759410803
118.86468646864687
119.1501230516817
119.52263374485597
119.82701812191104
120.16282894736841
120.3037037037037
120.99421009098428
121.15049342105263
121.39736191261335
121.77777777777777
121.99835796387521
122.29884105960265
121.61416666666668
118.73723228995058
117.41396103896105
117.54478827361564
117.6003276003276
117.88196721311476
118.0713692946058
118.41845140032949
118.7624584717608
119.01142857142858
119.25474031327288
119.50986842105263
115.84495488105004
112.5367231638418
112.4074074074074
112.38014527845036
112.50445344129554
112.66613032984714
110.44124700239809
107.26298960831335
104.09731012658227
103.40734949179046
100.83094098883572
98.51541501976286
97.96072270227808
98.13865220759101
98.44280155642024
98.74902267396403
99.02180685358255
99.36858475894246
99.81215900233826
100.16511627906976
100.62421383647799
102.39968895800934
102.59624413145539
102.95419254658384
103.32529182879378
103.71283255086072
104.03110419906687
104.61149961149961
104.93452844894779
105.29274004683842
105.659375
105.91225296442687
106.14960629921259
106.641627543036
106.85714285714286
107.13260530421218
107.73937007874017
107.98430141287284
107.96153846153845
105.83619344773791
104.82917316692668
104.99448818897638
105.08443067389621
105.73055773762765
106.084375
106.4949494949495
106.77993779160187
107.01007751937985
107.36785162287481
107.77562111801242
107.94708171206226
108.3203732503888
108.33721833721833
105.87181467181466
105.87047031611411
106.09182098765433
106.29192546583852
106.73405909797822
106.94103956555469
107.31993817619784
107.65375677769171
107.91731066460588
108.46976744186045
108.74825716498839
109.03440187646599
109.27131782945736
109.6124031007752
109.94158878504672
110.17171717171718
110.65336463223787
110.85413416536662
111.22458628841608
111.68976377952757
111.96330991412958
112.16837944664032
112.66535433070865
112.98503937007874
113.23667711598746
113.59731012658227
113.97254901960784
114.46141732283465
114.58346581875993
115.01813880126183
115.42050874403816
115.65871121718376
115.88216560509554
116.3272
116.63224781572677
116.98902821316614
117.53057982525814
117.03383162863886
115.94670846394985
115.9491392801252
116.1868131868132
116.43163751987282
116.82018927444796
117.03858267716535
117.55213270142181
117.94422310756971
118.57431906614786
118.86517719568567
119.20431765612953
118.31599378881987
114.36320380650278
112.87153053132434
112.8918918918919
112.95863166268894
113.4152610441767
113.6474358974359
114.09141494435613
114.34859437751004
114.57966373098479
114.80401606425703
115.1537229783827
115.42594075260209
113.67980691874497
110.10471622701839
108.8806324110672
108.88193343898574
108.96902303415409
109.24520766773162
109.42467948717949
109.89021479713604
109.9211155378486
105.72503961965134
105.5180250783699
105.59047619047618
105.75059194948697
105.8716323296355
106.0958795562599
106.51392203659506
106.76555023923444
107.07217321571773
107.59320695102686
107.90453460620526
108.1658692185008
108.69464428457235
108.85084202085004
109.02625298329355
109.27897681854516
109.70856685348278
109.98078462770216
110.46935483870968
110.8449240607514
110.93915132105684
108.81926751592357
107.5984126984127
107.77378097521982
107.87319422150883
108.22668810289389
108.72253408179631
109.06666666666666
109.41050119331743
109.70866773675763
110.08252427184466
110.29227053140096
110.79260450160771
111.06827309236948
111.45668016194332
111.85404971932638
112.40525477707007
112.61544650040224
113.04163330664531
113.49366085578447
113.73982442138868
114.05873015873016
111.62479740680713
111.17604501607717
111.25260625501203
111.71770334928229
112.03522818254604
112.38030424339472
112.64412238325282
112.94931617055511
113.48728139904611
114.50933532486931
114.64253048780488
115.03489235337787
115.75424354243543
116.20537010159651
116.6471418489767
116.8940586972083
117.21000000000001
117.38728323699422
117.63795620437956
118.24642857142857
118.65925394548063
118.80721118469464
119.1235380116959
119.91285714285715
119.87051938551573
119.97498160412067
121.26549295774649
121.13171080887616
121.31700288184439
119.44211287988423
116.42
113.98693312836281
113.92018779342723
113.75949367088607
114.13505074160813
114.62394474290099
114.39350752177356
114.8755868544601
115.36682242990653
116.07988165680473
116.74014598540145
116.97377746279236
117.11273792093704
117.46695715323166
117.92436363636364
118.16558206796819
118.26970354302242
118.72057761732853
119.01440922190201
119.09237536656892
119.39067055393586
120.02380952380952
120.43968593861527
121.15384615384616
121.37331440738112
121.66571224051539
122.11291460832746
122.63057324840764
123.024682651622
124.00550206327372
123.95549374130738
124.05865522174534
124.05865522174534
124.05865522174534
123.89979123173278
116.45839636913766
113.07450980392157
110.17301587301587
110.24664031620554
110.28120063191153
110.67800632911393
110.98890649762282
111.03330689928629
107.7639553429027
102.73655063291139
102.70990566037736
102.02446724546172
98.84430176565007
95.92413236481033
92.97240259740259
91.02678571428571
90.38164251207729
90.70536429143314
91.40887480190175
91.64498432601881
91.97120622568093
92.39953271028037
92.72209211553474
93.07494145199063
93.43599689681923
92.52221356196415
91.71283255086072
91.9233776387803
92.25389408099689
92.64409448818898
92.8116169544741
93.37129485179408
93.66718386346005
94.09416342412452
94.51761942051684
94.92773892773893
95.29719188767551
95.79485179407176
96.17459080280592
96.53719655442444
96.78046875
97.3006993006993
97.7245696400626
98.0947940947941
98.7421875
99.07059736229635
99.36124031007752
99.74281274281275
100.2375
100.60031347962382
100.85905511811023
101.21456538762726
101.68794326241135
102.14552529182879
102.51171875
102.8246855345912
103.31934731934732
103.7358044164038
104.02590266875981
104.3853427895981
104.73307086614173
105.16482649842271
105.74686520376176
106.08557844690966
106.43607843137255
106.78260869565217
107.08110236220472
107.63356973995272
107.91640378548897
108.32332015810277
108.7106518282989
109.09690230341542
109.64808917197452
109.91547049441786
110.06698564593302
108.47049441786284
107.54417513682564
107.85329103885805
107.97700237906423
108.52211690363349
108.98244213886673
109.39558707643815
109.82977038796517
110.12480252764612
110.57597454256165
110.95641838351823
111.1866028708134
111.5418326693227
111.82282521947326
112.39379474940334
112.41003184713375
110.80622009569379
109.9561053471668
110.05171042163883
110.3256735340729
110.6168
111.00238853503186
111.58771929824562
111.84829229547259
112.14035087719299
112.5558232931727
112.88755980861244
113.02777777777777
113.22850318471338
113.75378486055777
113.98726114649682
114.50800000000001
114.89570063694268
115.1965272296764
115.62390438247013
115.8926014319809
116.2122905027933
116.61828388131516
116.99521912350598
117.37429718875502
118.05966587112172
118.2859450726979
118.54119547657513
115.09783480352847
111.59327461969576
107.82390438247012
104.59775641025641
101.94366197183098
99.0875816993464
99.0875816993464
99.0875816993464
99.0875816993464
92.8
91.97951344430217
91.08896797153025
91.54214360041624
92.10915818686402
92.35472679965308
93.19884963023829
95.92465192465193
96.37520128824477
96.99285714285713
97.28117553613978
97.768093385214
98.11455108359132
98.5065535851966
99.06774441878369
99.49498843484966
99.84485407066052
100.35285053929121
100.59785111281658
101.03538461538461
101.46343341031563
101.72614429790535
102.24693251533742
103.03002309468823
103.4984544049459
103.83578621223857
104.2966948501153
104.69343629343629
105.05977011494252
105.40644171779141
105.7592879256966
106.14119472459271
106.45687645687646
107.08775981524249
107.4805900621118
107.84304584304584
108.26532195500388
108.71228615863141
108.96252927400468
109.32918287937744
109.83463949843261
110.27747466874513
110.75743348982786
111.05477308294209
111.42622950819671
111.85759493670886
112.09133858267717
112.51933701657458
112.86634844868735
113.19649960222753
113.19761904761904
110.2751784298176
108.72257053291537
108.92344119968429
109.08254716981132
109.47294117647058
109.796986518636
110.08451816745657
110.43081761006289
111.0
111.34940711462451
111.72841444270016
112.09629044988161
112.24292452830188
112.75490966221524
112.99213836477988
113.22379826635145
113.64319620253164
114.08983451536643
113.86269841269842
110.69905956112854
108.97267759562843
109.11276429130776
109.31619937694704
109.6232339089482
109.86352941176472
110.00157604412924
110.80736100234925
111.025
111.43413873733437
111.77769049489396
112.04799370574351
112.1878453038674
112.68499607227022
112.97711128650354
113.22310126582278
113.95350669818754
114.1527446300716
114.31279620853081
114.62798092209857
114.96825396825398
115.26813880126183
115.55395683453237
115.93843725335438
116.25592417061611
116.99052880820837
116.95083267248216
117.35091926458833
117.7593924860112
118.00637450199204
118.29778830963664
118.88078431372548
119.19170579029733
119.48661417322835
120.21216848673947
121.09212481426448
120.83821263482281
121.1690895179801
118.73520249221184
118.07638347622759
118.17674783974863
118.41102362204725
118.83597464342313
119.19655442443226
119.50665622552859
119.54495268138801
116.82171156893818
114.61835748792271
114.5008
114.5192
114.92092651757189
115.40559999999999
115.68298555377207
116.03682946357085
116.38813151563753
116.61904761904762
117.05929487179486
117.44257028112449
117.84952229299364
118.14400643604183
118.73024740622506
118.95450917797287
119.38424821002387
119.19326383319968
116.22677165354331
116.00236593059937
116.05110062893081
116.33596837944664
116.56210191082803
117.25380304243394
117.5761217948718
117.64526484751204
118.13157894736841
118.74247226624405
118.93630573248407
119.18282988871223
119.68962787015045
120.04395604395604
120.5441640378549
120.73730158730159
121.67103235747304
121.6726986624705
122.40359094457455
121.23468575974542
118.36066878980893
116.31472491909385
116.4234161988773
116.71624898949071
117.04009623095429
117.40306946688207
117.5475040257649
118.11769415532426
118.57131345688961
119.01430842607313
119.31828978622327
117.54545454545455
111.31180223285486
106.6825019794141
102.25358851674642
98.64733542319749
98.50193348801238
98.53137103020914
97.63252541047694
93.925
90.77985948477752
89.62870514820592
89.80670303975059
90.24610591900311
90.63657587548639
91.06221198156682
91.2770061728395
90.99299065420561
90.76235294117647
90.39640987284966
91.10671641791045
91.43281365998516
91.77661169415292
92.73167044595615
94.91891891891892
95.34178250204415
95.8578431372549
96.28535980148882
96.95488721804512
97.31753948462178
97.7504132231405
98.09400998336106
98.45107794361526
98.95857497928749
99.26028547439127
99.60402684563758
100.08076009501187
100.50381097560975
101.04064417177915
101.41284403669725
101.78598629093679
102.34096109839817
102.5003808073115
102.68471104608632
102.88464364437914
103.37969094922738
104.0117907148121
104.35836431226767
104.61607142857143
105.08862629246676
105.40223048327138
105.86074074074074
106.21180811808118
106.59985207100593
106.95780903034789
107.57666911225238
107.89604685212299
108.20489977728286
108.64705882352942
109.09830007390983
109.51900584795322
110.21818181818182
110.23590504451039
110.80559646539028
111.23520710059171
111.7060984570169
112.17935578330892
112.78962536023054
113.01611721611721
113.63070238957278
113.99492753623188
114.2680262199563
114.93566833452466
115.12647058823529
114.09956076134699
112.55907780979827
112.46336206896552
112.664
112.95154185022027
113.42991329479769
113.67709090909091
114.26011560693641
114.87041036717062
115.39415538132573
115.54855072463768
115.92168237853517
116.29475197699497
116.55571740713765
116.86652078774617
117.00582665695558
117.45501474926255
117.93446244477173
118.13136531365313
118.37333333333333
119.13980868285503
119.22973977695167
119.62713120830244
119.70308967596081
119.2
113.63399153737659
111.04240282685512
107.45548197203826
103.49419953596288
102.80784012298233
102.88429118773946
103.24036281179139
103.44189602446482
103.93911719939118
104.41516516516516
104.78260869565217
105.15931189229619
105.6203007518797
105.8144252441773
106.30763473053892
106.60371747211896
106.98224852071006
107.34260614934115
107.99331848552339
108.38934122871947
108.77172312223858
109.03046062407132
109.49291573452646
109.84467455621302
110.09197939661516
110.47730600292826
108.17466266866566
104.51116243264049
104.76190476190476
105.11239414934565
105.4329268292683
105.8841463414634
106.21004566210046
106.71545929798357
106.93038922155688
107.44791666666666
107.97986577181209
108.38392857142857
108.72985074626865
108.24682124158565
105.18146718146718
102.62937062937063
101.86212238574748
102.04208885424785
102.30448222565687
102.96224961479199
103.25579598145285
103.01462663587375
100.64833462432223
99.51351351351352
99.95444015444016
100.00923076923077
100.40832049306626
100.92058596761757
101.27517294388932
101.82151029748283
102.13740458015266
102.50613496932516
103.00382555470543
103.26810477657935
103.63993831919815
104.05465742879139
104.41608662026294
104.96213292117466
105.26488549618321
105.61166538756714
105.99160305343511
106.31821617535903
106.78234398782344
107.11509146341464
107.4728624535316
108.11929307805596
108.43616236162362
108.8193215339233
109.15220588235294
109.50546249089585
109.97867647058823
110.26632428466618
110.65853658536585
111.08653846153845
111.85214857975237
112.62677053824362
112.55393586005832
113.57162921348315
113.83614627285513
114.22080679405519
114.6024096385542
115.12909979064898
115.5173635719348
116.31060606060606
116.63084438241452
116.67448471926085
117.51888111888113
117.77668539325842
118.09866102889359
118.4703808180536
118.57071783937457
114.83044733044733
113.00989399293286
113.10175438596491
112.75838926174497
113.84685314685315
113.78902352102637
114.83125864453666
114.82165605095541
115.37482614742697
115.27272727272728
109.44988161010261
108.76875
108.72741433021807
108.8865414710485
109.41070023603461
109.84603174603174
109.9628164556962
110.43296529968454
110.81264822134386
111.21884984025559
111.67394695787831
112.03278688524591
112.2978889757623
112.79638364779873
113.01639344262296
113.99419026870007
113.95595054095827
114.96827685652488
114.68613707165109
116.02203269367448
116.43637670740475
116.74423631123919
117.26543647977289
117.63681948424069
117.95169430425378
118.39584824624194
118.64244604316548
119.22900215362526
119.634110787172
119.90570175438597
120.28507462686568
120.80014534883722
121.36264534883722
121.39473684210526
122.50753768844221
122.58471521268925
118.87956204379563
116.59341445955619
116.42463768115942
116.61315979754158
116.97336213102952
117.35451263537905
117.810443490701
118.02971014492753
118.70065549890751
118.96854896354539
119.38606676342525
119.49525200876552
119.95633187772926
120.6193595342067
120.94343727338651
121.4155283968368
121.97220190197513
122.73211781206172
123.66407355021217
123.80771979985704
124.65901183020182
124.94155381325731
125.25089094796863
125.42109038737446
126.00710732054016
126.00710732054016
126.00710732054016
126.00710732054016
126.00710732054016
126.00710732054016
124.502886002886
121.44651830581479
120.03118040089086
120.05353159851302
120.46835443037975
116.1796875
112.94215530903328
110.72698412698412
110.59419152276294
110.81527669524552
111.1765169424744
111.64
111.91849529780563
112.28415300546447
112.95361635220127
113.20662460567823
113.70797158642463
113.98738170347002
114.48724082934609
114.21978021978022
113.15964343598054
112.19226519337016
112.19226519337016
112.19226519337016
112.19226519337016
112.19226519337016
112.19226519337016
112.19226519337016
112.19226519337016
104.69405815423514
103.20537634408602
101.57894736842105
98.75276752767527
97.26164874551972
96.1391304347826
96.59725792630677
96.73424190800682
97.37893864013267
99.53195020746888
102.57628524046434
103.40244897959184
103.9821283509342
104.47020933977456
104.8192
105.42130365659777
105.96950240770465
109.8517017828201
111.93408360128618
112.36019339242546
113.13953488372093
113.41252006420547
113.98960831334932
114.37749401436552
114.89553429027113
115.28433734939759
115.65301204819278
116.0638126009693
116.38221153846155
114.35628502802243
112.94229249011858
113.01816745655609
113.26286619160729
113.57051792828685
113.02153110047847
111.85966319165999
110.91902834008097
109.99506172839506
109.48668885191347
108.75922818791946
108.53640167364017
108.7235294117647
108.53232577665827
108.32876712328766
108.32136752136752
107.20429184549357
106.3731853116994
106.53794266441821
106.45071609098568
105.89535864978903
105.92857142857143
106.24351464435146
106.65137614678899
107.59800664451828
110.21052631578948
111.16946308724832
111.81598667776854
112.28086164043083
112.667215815486
113.07154742096506
113.35396039603961
113.70802315963607
114.0521523178808
114.43817427385892
114.72674418604652
112.2544570502431
110.57291666666666
110.38701923076923
110.36429143314652
110.27214684756584
108.27446300715991
105.75949367088607
103.0071371927042
100.73926868044515
97.92908366533865
96.87331749802058
97.21598101265823
96.6722354813047
95.86507936507937
95.8621236133122
96.28088119590873
96.66719367588934
97.56648308418568
101.64139020537124
104.0763779527559
104.57424960505529
105.03328050713154
105.64330708661417
105.92659826361484
106.4788844621514
106.80881195908734
107.50903377847604
107.94753328112765
108.46650906225375
108.81068342498037
109.26003210272873
109.68809523809523
110.04409448818897
109.00710900473933
106.82574568288854
106.33122529644268
106.6053882725832
107.05863708399366
107.50709779179812
107.9043137254902
108.3281127642913
108.75138121546962
109.04358161648177
109.63650793650794
110.0743670886076
110.56367924528303
108.33706070287539
106.75297855440826
106.75688434303697
106.9714058776807
107.3451536643026
107.77786561264821
108.1063829787234
108.84426877470355
109.20597484276729
109.77496038034866
110.16758893280632
110.60191082802548
109.34649476228847
106.31169871794872
103.68404423380727
103.90396825396826
104.48191823899371
104.91376582278481
105.35238841033673
105.85545023696682
106.30300632911393
106.83478260869566
107.29556259904913
107.73149606299214
108.16942474389282
108.949246629659
109.3832
108.89848121502797
106.54321966693101
105.85059288537549
106.09357652656621
106.56507936507936
107.02866242038218
107.60553359683794
108.14595028067362
108.6826923076923
109.07747035573122
109.68467037331214
109.98009554140128
110.48629032258064
110.97605746209098
109.21417069243157
107.01885310290652
107.23632038065028
107.74980079681275
107.99365582870738
108.58879999999999
108.88361045130641
109.40510366826156
109.81205392545598
110.1467522052927
110.89137380191693
111.30948553054662
111.73247381144239
112.15642458100558
112.51410153102337
113.00319999999999
113.40468497576737
111.68222043443282
110.03495934959349
107.16706161137441
107.16706161137441
107.16706161137441
107.16706161137441
107.16706161137441
102.70489296636086
102.50805452292441
102.47995666305525
102.54715127701375
103.37781785392245
103.90547703180212
104.18346253229974
104.7008547008547
105.11083333333333
105.73851294903926
106.05385252692626
106.60511129431163
106.91578086672118
107.67622950819671
108.02530612244898
108.4771986970684
108.8603896103896
109.2016393442623
109.79806918744973
110.24406224406223
110.56785137318255
110.99272433306386
111.53158326497129
111.99102040816327
112.48323793949305
112.84747145187602
113.37754271765664
113.72607260726073
114.26945126945127
114.61005770816158
115.2483498349835
115.63366336633663
116.3076923076923
116.66363636363636
116.9665551839465
117.59026028547439
118.01022146507665
118.59406779661018
119.00769230769231
119.27612574341546
120.10997442455243
120.48085106382979
121.07979184735473
121.34437663469922
121.7549441100602
122.31416309012876
122.80852915578764
122.92301038062283
117.11558219178082
112.98729889923794
109.44331641285956
106.93338954468803
107.04228855721394
107.6
107.88448844884488
108.22231404958677
108.61525840853159
109.22340425531914
109.73688524590165
110.17283950617283
110.7862407862408
111.06003289473685
111.593954248366
111.90596892886344
112.3934693877551
112.80925324675324
113.56532456861135
114.07236842105263
114.40796019900498
114.80081967213115
115.27874276261373
115.62725779967158
116.19110378912686
116.5345963756178
117.08257638315442
117.61354252683732
118.15113350125944
118.59253112033196
119.00083752093802
119.46205170975813
119.964586846543
120.32876712328766
120.80287648054146
121.36595744680851
121.87232219365896
122.26575809199318
122.839516824849
123.01617021276596
123.69691780821918
124.128116938951
124.31551724137931
122.18205128205128
120.21614802354921
120.08808724832215
120.30331350892098
120.69425675675676
121.2350936967632
120.22707797772065
114.84628237259815
109.19067443796837
104.57708161582852
102.36709886547811
102.82163034705408
103.36511817440913
103.66962843295639
104.07073954983923
104.59409888357257
105.01119104716227
105.60828025477707
105.92006394884092
106.38919777601271
107.0933014354067
107.6161776367962
107.99602543720191
108.56136183689628
108.92295345104334
109.43685464654487
109.90309769658458
110.33253397282175
111.08366533864542
111.46892655367232
111.9742765273312
112.5184887459807
112.94988066825775
113.50848827809216
113.93097913322632
114.40406504065041
114.75924404272803
115.46347402597402
115.95293146160199
116.43954248366013
116.74264705882354
117.42622950819671
117.81219110378913
118.1522633744856
118.64125932062966
119.22129783693843
119.82575757575758
120.39342881213142
120.69093988145639
121.20338983050848
121.53490328006728
122.19172297297297
122.40318524727577
122.62912785774768
119.24083333333334
113.7962202136401
110.30272952853598
107.30673316708229
106.27640264026402
106.29358552631578
104.93857493857493
103.64545454545456
103.84627964022894
103.96672077922078
104.76394502829426
105.10598705501619
105.63001605136436
106.0804505229284
106.59357429718875
106.93535514764565
107.45411013567438
107.82678428227746
