100.67062314540058
101.12162162162161
100.89922480620154
101.010556621881
101.08341323106424
101.28301886792453
101.95611285266457
101.44917012448133
101.4348717948718
101.4055944055944
101.52490421455938
101.48481973434535
101.40685820203893
101.40685820203893
101.53810835629017
101.54337899543378
101.57039055404178
101.94070796460177
102.4162976085031
102.99217391304347
102.96437880104257
103.01128472222223
103.08096468561584
103.19393939393939
103.39656652360514
103.34244235695986
103.34244235695986
103.43437764606266
103.47118644067797
103.496632996633
103.5604670558799
103.64356435643565
103.67680921052632
103.75474814203139
103.81624282198524
104.09105824446267
104.24580536912751
104.46147186147186
101.06497175141243
96.85943396226415
93.39834406623736
90.28521434820648
88.95395308427454
89.33333333333333
89.53021276595744
90.05405405405405
90.06239870340356
90.25377883850437
90.4083728278041
90.41803921568628
90.38003095975232
90.60608424336974
90.67692307692307
90.68917881811205
90.67687595712098
90.67687595712098
90.41216730038023
90.39924242424243
90.3907435508346
90.18195602729341
89.85942249240122
89.882800608828
89.90840272520818
89.90203466465712
89.95553880934439
89.94242424242424
90.04859529233106
90.13455657492355
90.30022744503411
90.52439024390245
90.77718223583462
90.90015360983102
91.06935975609755
91.17786259541985
91.41641104294479
91.54351145038169
91.6062452399086
91.64638783269962
88.14089870525514
87.5427059712774
87.53619909502262
87.75266362252664
87.89199395770393
87.94042232277526
88.04966139954853
88.28150943396227
88.3869992441421
88.49059443190369
88.54169797145003
88.66541635408852
88.86123680241327
88.93984962406014
89.17862481315396
89.2358208955224
89.30097087378641
89.59747023809524
89.65994020926756
89.75746268656717
89.8255033557047
90.12910447761195
90.20238095238095
90.3865671641791
90.4795234549516
90.50186428038776
90.72155688622755
90.86522710349963
91.10565476190476
91.28155339805825
91.44634873323398
91.53920836445108
91.67964071856288
91.72442120985811
91.8921130952381
92.07617625093353
92.30255255255256
92.41923365890308
89.71460843373494
89.92325056433408
90.03406510219531
90.33912386706949
90.41345427059713
90.49287321830458
90.55672426746807
90.72557792692021
90.74029850746268
91.03892215568862
91.2374154770849
91.34332833583208
91.3993993993994
91.60526315789474
91.74307116104869
91.809166040571
92.14898419864559
92.25637181409296
92.4559043348281
92.51155853840417
92.71364985163204
92.70479704797047
92.94830132939438
93.12931667891256
92.38652207591015
92.17317487266554
92.24347826086957
91.71991480298189
91.31405782652044
91.05350553505535
90.94741454864155
90.67451640033642
90.2573051948052
90.48325358851675
90.53786104605777
90.6620583717358
90.74169184290031
90.65712132629993
90.42117117117117
90.11368735976066
90.37928464977645
90.3782576321668
90.51194029850747
90.6430155210643
90.66814159292035
90.84112843355605
90.92630803242447
91.14475627769572
91.21812822402359
91.33600583090379
91.44119795471147
91.52520087655223
91.67961876832844
91.77155490051584
91.87160674981658
92.02554744525547
92.19219440353461
92.30508474576271
92.40982404692082
92.51461988304094
92.58211143695014
92.33873343151694
91.49295774647888
91.55066079295155
91.69736842105263
91.83149374540103
92.11535635562086
92.21153846153847
92.24741506646971
92.29485294117647
92.47248716067499
92.47612049963263
92.51584377302873
92.696495152871
92.84424379232506
93.05580693815988
93.26546003016591
93.35057034220533
93.46433990895297
93.56847742922724
93.76219984508133
93.83748055987559
94.01555209953344
94.17082683307332
94.22962382445141
94.55884645362431
94.53151750972762
94.64856477889838
94.75621118012423
95.04765625
95.15826771653543
95.23858267716535
95.30866141732284
95.49960967993755
95.63387978142076
95.70381917381138
95.93307392996108
96.03866976024749
96.23538581449728
96.39736638264911
96.48228043143297
96.56138996138996
96.80046583850933
96.84532095901005
96.9798917246713
97.14972847168347
97.28955453149001
97.38361408882082
97.60137719969396
97.79679144385027
97.81901140684411
98.1031321619557
97.77575277337559
97.02775368603642
97.1385068762279
96.58202716823406
96.0925925925926
95.69896193771626
95.60444078947368
95.28787878787878
95.56833976833977
95.56051437216338
95.59746079163556
95.6194756554307
95.7678437265214
95.8303437967115
95.94369369369369
96.09910581222056
96.38031319910515
94.91141141141141
93.96910324039186
94.30223880597015
94.43166542195668
94.57620817843866
94.63791821561338
94.8179104477612
94.93959731543625
95.04191616766467
95.20970149253732
95.30255255255256
95.44259818731118
95.61758076634109
95.75168792198049
95.84036144578313
95.99015897047691
96.14113207547169
96.21342383107088
96.28334589299172
96.48793363499246
96.56245268735806
96.69224981188864
96.85725132877752
96.93009118541033
97.169452887538
97.33232856066314
97.41993957703927
97.53384030418252
97.57671957671957
97.75981873111783
97.84586180713742
97.84417670682731
96.91795806745671
96.63192182410424
95.92049689440994
95.8891891891892
96.34965986394558
95.65517241379311
95.09698996655518
94.51455301455302
94.50331753554502
94.45642407906558
94.45945945945945
94.45994832041343
94.56109725685785
94.67868852459016
94.43517017828201
94.42126298960831
94.4593949044586
94.26817826426895
94.15354938271605
94.14208494208494
94.14741641337386
94.09811320754717
93.05993930197269
92.41309255079007
92.64051789794364
92.67709923664123
92.86217457886677
92.96307692307693
93.02609363008442
93.1501547987616
93.27575522850503
93.45223420647149
93.51349267540478
93.57274826789839
93.69135802469135
93.80293663060279
93.90760869565217
93.93852140077821
94.11631537861047
94.18652037617555
94.23469387755102
94.38443579766538
94.49961270333075
94.66901408450704
94.7190923317684
94.84964761158966
95.01644479248237
95.10228166797798
95.10228166797798
95.21941594317285
95.29905063291139
95.49093774625689
95.60818253343824
95.82218725413061
96.01506740681998
96.02698412698413
96.04848966613673
96.18949044585987
96.2624
96.48494453248811
96.54097056483691
96.83253588516746
96.99682034976152
96.99682034976152
97.16067146282974
97.23274478330657
97.24497991967871
97.49082202713487
97.66746411483254
97.82277465918204
98.0354267310789
98.2338387869114
98.29879518072289
98.35800482703138
98.62107803700724
98.70168404170008
98.90602409638555
99.02417405318292
99.12208835341366
99.24979919678715
99.51476456504389
99.5992
99.82854864433813
99.96230954290297
100.09047237790233
100.1832
100.40746624305004
100.57165479018211
100.6518636003172
100.83241973375098
101.01181102362204
101.16244057052299
101.28312302839117
101.53797963978073
101.62960062646829
101.8177570093458
101.85636221701796
98.53964588144726
97.52717391304347
97.63488372093023
97.76416539050535
97.83960092095165
98.01229823212913
98.20660522273425
98.36377590176517
98.44427363566487
98.47457627118644
98.72
98.05352986811482
95.91711435149655
95.7008416220352
95.708269525268
95.7354740061162
95.82074752097635
96.0875290472502
96.2211093990755
96.31404320987654
96.38420245398774
96.43644716692191
96.62230769230769
96.72977099236641
96.80581039755351
96.92818945760122
97.33538461538461
97.43305279265493
97.47054322876818
97.47054322876818
97.6471036585366
97.73404255319149
97.89433384379785
98.01524390243902
98.2296577946768
98.4127951256664
98.46335877862595
98.69871309613929
98.7213363705391
98.79788039364118
99.22490566037736
99.28978978978978
99.2603150787697
96.57769516728624
95.34503360716953
95.44419306184012
95.59715994020927
95.57698056801196
95.67966991747937
95.87490580256217
96.20741862225586
96.31235784685367
96.40796393688956
96.50603318250377
96.68174962292609
96.77338403041824
96.90099769762088
96.45820668693008
94.93812070282658
95.09677419354838
95.16640986132512
95.32949308755761
95.47126436781609
95.56671779141104
95.73511450381679
95.78576893649578
95.91641104294479
96.04548959136469
96.23805855161788
96.38729666924864
96.4645061728395
96.50729086722947
96.71538461538461
96.81776061776063
96.92289719626169
97.06976744186046
97.22783825816485
97.47421875
97.55460218408737
97.64871194379391
97.82578125
97.96403440187646
98.1371158392435
98.2472440944882
98.4012539184953
98.53176470588235
98.64886095836607
98.73899371069183
98.93406593406593
99.09357652656621
99.14694201747419
99.30445151033386
99.46172059984215
99.5083135391924
99.38804780876494
96.65189873417722
96.5224
96.51442307692308
96.51442307692308
96.60111464968153
96.81665332265813
96.888
96.97998398718975
97.1629213483146
97.20963855421687
97.2989524576954
97.47527910685805
97.60859188544153
97.55882352941177
95.30206677265501
95.26003210272873
95.26003210272873
95.30088495575221
95.32822580645161
95.51323175621492
95.6872
95.7128
94.69903691813805
94.33750978856695
94.31940818102699
94.26224156692057
94.64971751412429
94.48841354723707
94.48841354723707
94.25752508361204
93.71446540880503
93.0994923857868
92.45898778359512
92.49477071600965
92.25957779515247
92.15259488768396
92.2073732718894
92.18984375
92.1744277821626
92.31742243436754
92.42651757188499
92.548
92.08319870759289
90.99438202247191
90.89936102236422
91.02252614641995
91.09983896940419
91.26811594202898
91.4478330658106
91.44274193548387
91.10985460420032
90.69596774193549
90.80691874497184
90.88610662358643
91.02979066022544
91.08899676375404
91.04435483870968
90.62358642972536
90.66801619433198
90.82871125611746
90.99028340080972
91.04132901134521
91.04203718674212
90.31719128329298
90.21752988047808
90.63309352517986
91.44864864864864
91.64809782608695
91.99033149171271
92.44709897610922
92.51515151515152
92.41712204007285
92.82571912013536
92.97044728434504
92.90644654088051
92.92216981132076
92.91491022638563
92.99222395023328
94.27621283255085
94.63378058405682
94.68908227848101
94.79213483146067
94.97197758206565
95.03703703703704
95.14133986928104
95.28234336859235
95.38172920065253
95.7040395713108
95.796875
95.9332784184514
96.0016501650165
96.20478943022296
96.33665835411472
96.46877601998335
96.8153078202995
96.89833333333334
97.15
97.28239202657807
97.41083333333333
97.60945273631842
97.90174854288094
98.0440931780366
98.14380714879468
98.32276897414512
98.52043369474562
98.77630488815245
98.93371996685998
99.17077175697865
99.45373376623377
97.77551020408163
96.99211356466877
96.99211356466877
96.99211356466877
96.99211356466877
93.15697674418605
92.77430555555556
92.13738959764476
91.94270367054611
92.19451371571073
92.12123677786819
92.19759036144578
92.384
92.59407526020817
92.70337620578778
92.86173633440515
93.06904955320877
93.20293398533008
93.28885272579333
93.4163961038961
93.82142857142857
93.83509341998375
94.08610885458977
94.22845528455285
94.28629359286293
94.532582461786
94.5281350482315
92.21982414068745
92.26975259377494
92.27990430622009
92.50358565737052
92.58373205741627
92.77014218009478
92.94131641554321
93.04606830818109
93.27444794952682
92.97786561264822
90.84272300469483
90.23735408560312
90.48529411764706
90.58062015503876
90.64623739332816
90.85179526355996
91.03416149068323
91.35742035742035
91.40697674418605
91.4570765661253
91.57906976744187
91.75077399380805
91.95319812792512
92.01327088212334
92.2609375
92.38425565081839
92.56308411214954
92.6656298600311
92.79906904577192
92.90965732087227
93.28015564202335
93.38419829589465
93.45143745143746
93.653312788906
93.73168851195065
94.07361963190183
94.22068965517241
94.32027649769586
94.45916795069337
94.5568356374808
94.70376055257098
94.82222222222222
95.22952086553323
95.25888717156106
95.53697996918336
95.69622205088666
95.88176197836167
96.07236335642801
96.30626450116009
95.43046875
94.4284603421462
94.50969743987588
94.54665629860031
94.72895752895752
94.846094354215
95.03392444101773
95.27803379416282
95.42035742035742
95.60852713178295
95.66228748068006
95.80201863354037
96.16692307692307
96.37557603686636
96.43330763299923
95.44838212634822
93.47564687975647
92.13467741935484
91.67774699907663
91.054704595186
90.45321307779031
90.0
89.27947598253274
88.56354515050167
88.45052292839904
87.78605388272584
87.74198592650508
87.57076205287714
87.55606407322655
87.67176740627391
87.84633027522936
88.11161387631977
88.09221466364323
87.38880484114978
87.50495804729215
87.74620060790274
87.83761329305136
88.1350531107739
88.02974828375287
87.7107250755287
87.74107820804859
87.65045592705167
87.68469154607769
87.67079783113866
87.90393700787402
87.64895330112721
87.67750213857998
87.99430740037951
88.78761061946902
88.60975609756098
88.83641674780915
88.91360294117646
88.96836555360281
89.26222596964587
89.69476268412438
89.70970328789093
89.78873239436619
90.25574272588055
90.27258921791952
90.15530303030303
88.73343373493977
88.17919514047077
88.34135338345865
88.39669421487604
88.5978835978836
88.60587792012058
87.9597875569044
87.99319727891157
87.92775665399239
87.33893129770992
87.26702371843918
87.1405529953917
87.22674865488086
87.3384734001542
87.16421378776143
86.78301158301159
86.82084942084943
86.93553338449732
87.07142857142857
87.36461538461539
87.25945945945946
87.44384615384615
87.60788863109049
87.84645061728395
87.84645061728395
87.99690162664601
87.18457943925233
86.18735362997658
86.06079501169135
86.04506604506605
86.36763550667715
86.50826121164438
86.76935105551212
86.82279469164715
86.78605015673982
87.03456402199528
87.13869188337273
87.48853754940711
87.51229183187947
87.51267828843106
85.9253144654088
85.7125796178344
85.71788810086683
85.90967226219024
86.16972111553785
86.39410828025478
86.9585657370518
87.99680511182109
87.94
88.05634920634921
88.3466773418735
88.4625796178344
88.48569157392687
86.88211708099439
86.5364875701684
86.73434991974318
86.72044728434504
87.0
87.25764895330113
87.41035856573706
88.15980629539952
88.62179487179488
88.6216
88.7366320830008
88.97620935765265
88.89831865492394
88.30129240710824
87.26742301458671
87.22042139384116
87.27309562398703
87.45534995977474
87.52131938857603
87.51688102893891
87.51046698872786
87.4935691318328
87.5713134568896
87.91633145615447
87.78989574979951
87.69464428457235
87.77113237639553
87.84012789768185
87.68163592622294
87.08498808578237
86.932
87.14481094127112
87.15044247787611
87.42338709677419
87.98251192368839
87.89817024661893
87.96117274167987
87.93953858392999
88.00795544948289
88.04189723320158
87.50276243093923
87.80204241948154
87.91843137254902
87.94823529411765
88.225
89.50704225352112
89.85234375
89.83035019455252
89.91408668730651
90.09542280837859
90.14895267649341
89.14797507788163
88.73349056603773
88.96235294117648
89.12637362637362
89.26971608832808
89.51740506329114
90.18474842767296
91.00943396226415
91.01880877742947
91.03456402199528
91.03456402199528
90.76332288401254
90.0
89.69418238993711
89.85838607594937
90.00392464678178
90.07389937106919
90.24844236760124
90.2875867386276
90.67474589523064
90.70413739266198
90.87971698113208
90.9580745341615
91.09012539184953
91.12685982772122
91.27322834645669
91.53607447633824
91.69875776397515
91.92109375
91.98436278342454
92.05776736924278
92.26097178683385
92.38805970149254
92.66355140186916
92.8625294579733
93.05790297339593
93.09921875
93.35257410296411
93.56065318818041
93.66198282591725
93.8978159126365
94.005439005439
94.13604378420641
94.29082426127528
94.5583913379737
94.88845553822154
95.04415182029435
95.21772939346812
95.4585592563904
95.5851966075559
95.80897138437741
96.08475894245723
96.26360808709175
96.50692307692307
96.70592763664357
96.97741433021807
97.15426356589148
97.25507020280811
97.69457364341085
97.8049728049728
97.99377431906615
94.07931570762052
93.2239502332815
93.31673151750972
93.58223938223938
93.67254601226993
93.97441860465116
94.05065234075211
94.14075792730085
94.53261703760552
94.89620449264136
94.96461538461539
95.18860662047729
95.4188361408882
95.52140672782875
95.64318529862175
95.92135697764071
95.95471987720644
96.3030534351145
96.50913242009133
96.72617246596067
96.91634980988593
97.22324159021406
97.58153846153846
97.72254335260115
95.38846880907373
94.39686098654708
94.0026845637584
92.32521489971347
91.27532467532467
90.55963302752293
90.4469387755102
90.32600382409179
90.5617059891107
90.41747572815534
90.65247018739353
90.82510460251046
90.91232423490489
91.09868421052632
91.29813160032494
91.49432739059968
90.37540453074433
88.82271241830065
88.81766148814391
88.95648604269294
89.11074651353569
89.46585365853659
89.58660130718954
89.62777321281841
88.81937602627258
87.93719008264463
87.23128119800333
87.47145187601957
87.68477366255144
87.95320197044335
88.10435497124075
88.34234234234235
89.05695687550855
89.98039215686275
89.98931799506984
90.14504431909751
90.18602761982129
90.03789126853377
90.0880658436214
91.02479338842976
90.96514522821576
91.10390689941812
90.79728583545378
90.82728842832469
91.30036297640653
91.38009478672986
91.35841584158416
92.24709976798144
92.51075268817205
92.65224111282843
93.48101265822785
93.54736842105264
94.54149377593362
95.0529197080292
95.2601880877743
95.42579750346741
95.77249357326478
95.64425427872861
95.72274881516587
95.71004566210046
95.93160377358491
96.25507614213197
96.38346883468834
96.73170731707317
97.04307692307692
97.04307692307692
97.04307692307692
97.04307692307692
97.04307692307692
97.04307692307692
3.403508771929836
3.403508771929836
3.403508771929836
99.44731610337972
98.50537634408602
98.34982738780207
98.33432835820895
98.25568698817106
98.08706896551723
97.84272497897393
97.92992580379226
98.27331711273317
98.25240384615384
98.31545741324922
98.30393700787403
98.33644133644134
98.32392156862744
96.80524642289348
96.38522637013503
96.49405233941317
96.73471008737093
96.74662430500396
96.98174603174604
96.24738955823292
95.7176
95.0828025477707
95.04632587859425
95.14859437751004
94.76470588235294
93.63483146067416
92.82395498392283
92.83681672025723
92.84448025785657
93.06365834004835
92.78668805132318
92.56969205834685
92.2360097323601
91.88408163265306
92.22901385493073
92.2031122031122
91.67895167895168
91.71287940935193
91.8694942903752
91.68990976210009
91.73952341824157
91.65903515944399
90.96099585062241
90.28879668049792
89.04865771812081
88.79716193656094
88.81360201511335
88.96545914069081
89.24244966442953
89.40958788898234
89.5793450881612
89.77159468438538
89.84385382059801
89.86616791354946
89.8348623853211
89.74874791318865
88.56107834877844
88.47474747474747
88.59551495016612
88.8117744610282
89.0
89.1592039800995
88.40814630091438
87.56229235880399
87.59338842975207
87.81938690969345
87.87633965375103
88.08813838550248
88.20065789473684
88.21239669421487
88.13207547169812
87.85490519373454
87.97609233305853
87.93786246893123
88.02605042016806
87.2652719665272
86.57418273260687
86.51588628762542
86.57178631051752
86.63636363636364
87.21571906354515
87.20302013422818
87.30608840700584
87.30608840700584
87.32659932659932
87.35239697224559
86.86897717666949
85.896933560477
85.75511945392492
86.14638297872341
86.11348122866895
86.14700854700855
86.13264427217915
86.20515021459228
86.45236051502145
86.42277825711821
86.426597582038
86.41608996539793
86.70721112076455
86.6617262423714
86.52473498233215
86.86983842010773
86.91327913279133
87.218945487042
87.0649233543733
86.77787934186472
86.76238532110092
87.20780399274047
87.31945701357466
87.289972899729
87.05368516833485
87.17753623188406
87.3210099188458
87.33063063063064
87.34657039711192
87.01561065197428
87.34657039711192
87.24820788530467
87.24820788530467
86.75159817351599
86.50407239819005
86.82600732600733
86.82067703568161
86.76400367309458
86.60675182481752
86.81021897810218
86.85403445149592
86.83891402714931
86.80507706255666
86.79004524886878
86.84725965858041
86.77527075812274
86.4014401440144
84.87114337568057
84.85856754306437
84.93727272727273
85.10291438979964
85.3656108597285
85.58116591928251
85.62544802867383
85.62544802867383
85.9578853046595
85.9578853046595
86.04222821203953
86.24239713774597
86.29032258064517
86.30535714285715
85.07588075880759
84.30054151624549
84.43294329432943
84.54012623985572
84.65588499550763
85.01356238698011
85.27832292595896
85.68922528940338
86.84355555555555
86.96010638297872
87.04332449160036
87.24978012313105
87.75088339222614
87.8424778761062
87.98054818744474
88.14386584289497
85.94339622641509
85.99202127659575
86.33007117437722
86.40957446808511
86.6056838365897
86.98035714285714
87.18061674008811
87.35106382978724
87.50132158590309
87.67488986784142
87.93416370106762
88.16447944007
88.2992125984252
88.42132867132867
88.48553900087643
88.73905429071804
87.35216240070609
87.02166377816292
87.14086956521739
87.32195975503062
87.51483420593368
87.72135416666667
87.99057412167951
89.79707652622528
89.89965397923875
89.95356835769562
90.19449225473322
90.2990492653414
90.36457437661221
90.53925798101812
90.72766323024055
90.93589743589743
89.0704960835509
89.17891097666379
89.43706896551724
89.49007765314927
89.69310344827586
89.7588285960379
90.14310344827587
90.26999140154773
90.40622299049265
90.71599657827203
90.98549488054607
91.48715753424658
91.5366269165247
91.66524701873935
91.72255319148937
91.90229396771453
92.1554054054054
92.25084745762712
92.50170068027211
92.67294520547945
92.79436860068259
92.96510638297872
92.98294970161977
90.82556131260795
90.5646551724138
90.7312661498708
90.9621668099742
91.29957081545065
91.53151618398637
91.52825342465754
90.04266211604096
89.54268292682927
89.78712446351932
89.98717948717949
90.05218135158255
90.33617747440273
91.45046570702794
91.56429780033841
91.71003401360544
91.71235194585448
91.83109243697479
92.10434056761268
92.11715481171548
92.47319932998325
92.581317764804
92.76123128119801
93.00248962655601
93.08180300500835
93.15679733110926
93.3872590108969
93.50666666666666
93.6558872305141
93.85169842584921
94.08699254349627
94.29651162790698
94.37458471760797
94.59212730318258
94.8314144736842
94.9414191419142
95.22149302707138
95.24691358024691
95.48215767634855
95.77
96.15136476426798
95.92013311148087
94.26600166251039
94.62753378378379
94.77405857740585
95.01501251042535
95.1595655806182
95.2571189279732
95.74074074074075
95.59620362381364
94.42304309586632
94.20205799812909
93.76428571428572
93.79666666666667
93.79899497487438
93.68487394957984
93.91225416036309
93.90223463687151
93.94583883751652
94.1858407079646
94.09356014580801
94.29965556831229
94.09634551495017
94.34508547008546
94.41145281018028
94.58829676071055
94.6401630988787
95.2429435483871
95.66666666666667
95.7128712871287
95.77117818889971
96.0567853705486
96.22445081184335
96.28298279158699
96.31136580706782
96.5071360608944
96.64373232799247
96.55439924314096
94.89418493803622
94.61000944287063
94.7582625118036
94.96331138287864
95.21739130434783
95.253534401508
95.53896103896103
95.53846153846153
95.82358402971217
95.27720930232559
94.27637721755369
94.01765799256506
94.19117647058823
94.28911253430924
94.3901549680948
94.74797479747974
95.10045662100457
95.16774193548387
95.93339333933393
95.87398739873987
96.15989159891599
96.2283393501805
96.36609558160505
96.42325158946412
96.85508550855086
96.35707762557078
95.28690036900369
94.92696122633002
95.21948998178506
95.36123748862602
95.45181818181818
95.86619090098127
95.9237668161435
96.19141323792486
96.32735426008969
96.42114695340501
96.5659192825112
96.75927601809954
98.0912408759124
97.9493670886076
98.21152115211521
98.46953405017922
98.57372654155496
98.80745341614906
98.88898678414097
99.05970149253731
99.27450980392157
99.32451499118166
99.48700173310226
99.24846894138233
97.94691780821918
98.19092465753425
98.31864406779661
98.61325503355704
98.6272040302267
98.77925311203319
99.20916666666668
99.28594905505341
99.40511551155114
99.67596390484003
99.75591836734694
99.96710526315789
100.15517241379311
100.3037037037037
100.52830188679246
100.67704918032787
100.84059161873459
101.0295566502463
101.32563891178896
99.63079470198676
98.37965260545906
98.66694214876033
98.77448559670782
99.10945273631842
99.15973377703827
99.2809364548495
99.56131687242798
99.79504132231405
99.8878812860676
100.13542526837324
100.19619205298014
100.32828282828282
100.61609388097233
100.19495798319328
98.28607809847199
97.67369308600337
97.87170773152081
98.1039729501268
98.35409556313994
98.44944774851317
98.67033898305084
98.75231676495366
98.83892617449663
98.9298245614035
98.33133561643837
97.46474086661003
97.44991511035653
97.65118243243244
97.83459277917717
98.09974853310982
98.16792611251049
98.1855241264559
98.35797342192691
98.45867768595042
98.70156636438583
98.8198347107438
99.04470198675497
99.19983552631578
99.33852459016393
99.51151315789474
99.59707554833469
100.01466992665037
100.1630615640599
100.20534223706177
100.48540450375313
100.60034904013962
100.09496676163343
100.71631982475355
100.46915167095116
100.01996927803378
99.7958833619211
99.0
98.65582191780823
98.33118971061094
97.69526627218934
97.86906474820144
97.83062330623306
97.46143790849673
97.43758043758044
97.37209302325581
97.64126149802891
97.8257477243173
98.53589743589744
98.47328244274809
98.56704980842912
98.69162436548223
98.85479797979798
98.95925925925926
98.80940892641738
98.7688622754491
98.90844233055886
99.14421930870083
99.24071856287425
99.43926380368097
99.39583333333334
99.369918699187
99.41463414634146
99.74358974358975
99.7723704866562
99.68369028006589
99.52901023890786
99.61111111111111
99.61111111111111
100.21357285429141
100.21357285429141
100.21357285429141
100.21357285429141
100.48940269749518
100.49809885931559
100.48181818181818
100.67279411764706
100.67279411764706
100.67279411764706
100.67279411764706
100.67279411764706
100.67279411764706
100.51119402985074
100.51119402985074
100.51119402985074
100.51119402985074
101.13167259786476
101.12166666666667
101.07619047619048
101.03225806451613
100.81391830559758
100.93148688046648
101.19885550786839
101.16946778711485
101.22451790633609
101.568
101.91743119266056
102.21653543307087
102.22538860103627
102.38852672750977
102.3658536585366
102.60925449871465
102.56649616368287
102.65306122448979
102.85696517412936
103.07
103.16377171215882
103.23588456712673
103.08241082410825
102.97439024390243
103.10709987966305
102.63250883392226
102.28604651162792
102.02193995381063
101.67763904653802
101.71428571428572
101.25136612021858
100.20912951167728
100.33434343434342
100.2052274927396
100.17095588235294
100.08159722222223
100.07113316790736
100.22033898305085
100.27667984189723
100.3609794628752
100.41666666666666
100.48244897959184
99.79261125104954
93.8746887966805
88.84328358208955
87.87069689336691
87.95097210481826
88.22622107969151
88.48474576271187
88.83955857385399
88.95431472081218
89.28159457167091
89.45886344359627
89.65025466893039
89.85122569737955
89.99324894514768
90.21434599156119
