67.4254215304799
67.21317829457364
67.14526588845655
67.02503209242619
66.98965740142211
66.81577246283129
66.70728562217924
66.58670143415907
66.41073738680466
66.07652399481194
66.01949317738791
65.83887801696021
65.82509752925878
65.68526930564569
65.53896103896103
65.33702737940025
65.33333333333333
68.95788812067882
72.04337050805452
72.00370599135269
71.95335820895522
71.93366398016119
71.86687306501548
71.81296296296296
71.78629283489097
71.59454432734036
71.47365158090514
71.17358958462492
71.12623762376238
71.10572139303483
70.88061538461538
70.78540507111936
70.77812113720643
70.6288532675709
70.4956843403206
70.30526315789474
70.21397379912663
70.1351689612015
70.04355942750466
69.83917396745933
69.85090455396133
69.7379612257661
69.5288999378496
69.49937578027466
69.25615141955836
69.11746231155779
68.97234443746072
68.85129174543164
68.81033396345306
68.58972733037413
68.49025769956002
68.41803278688525
68.28075709779179
68.12642947903431
67.98922686945501
67.93160227992401
67.81162196679438
67.67452229299363
67.56
67.43977055449331
67.35312697409981
67.23443456162643
66.99680102367242
66.8926517571885
67.19201520912547
71.00206611570248
71.00206611570248
132.436
134.01984126984127
141.90625
144.0
144.0
144.0
144.0
79.89084895259096
79.89953051643192
80.00246305418719
79.74041297935104
79.61227336122734
79.28704318936877
79.07961783439491
78.9937965260546
78.65779702970298
78.22111801242237
77.94798761609907
77.65638494756324
77.53165334972341
77.13658536585366
76.97614678899083
76.62261831591887
76.21656441717792
76.07234825260576
75.74162096282754
75.57125307125307
75.32805842970177
75.11255411255411
74.90240889437925
74.6714463840399
74.1405572755418
74.03653250773993
73.67892768079801
73.44123192960403
73.14213197969544
72.56574585635359
72.56574585635359
72.56574585635359
72.56574585635359
134.3842105263158
143.73684210526315
145.0124481327801
145.0124481327801
145.0124481327801
145.0124481327801
85.30564784053156
85.4
85.14962406015037
84.42969776609723
84.15517241379311
83.71180124223602
82.88833746898263
82.22403003754694
81.59030837004406
80.93068035943517
80.7548138639281
84.33076923076923
89.0481530343008
90.35340833884844
89.88859591298616
89.23937213865271
88.64895013123359
87.93550488599348
87.18778427550357
86.71437823834196
85.70895041854475
85.34664948453609
84.73832373640435
84.43031470777136
84.23220012828736
83.9602564102564
83.60613810741688
83.49583066067993
83.29249518922386
82.76107899807322
82.62548015364916
82.4971098265896
82.296200901481
81.98402555910543
81.71244358478401
81.59278350515464
81.39987163029525
81.28479381443299
80.94140373470702
80.82892188508715
80.6077922077922
80.56653746770026
80.42305215711527
80.28064516129032
80.08113329040566
80.08165910563837
79.9708549222798
79.82552918537525
79.67226890756302
79.61753246753247
79.44709677419355
79.3970398970399
79.21822849807445
79.1814696485623
79.06066411238825
79.0038560411311
78.96442432082794
78.9014175257732
78.8170731707317
78.80475272960823
78.74499677211104
78.49421593830334
78.39884020618557
78.27564102564102
78.23303457106275
78.01481004507406
77.89067524115755
77.72575465639049
77.71245186136072
77.58571428571429
77.43588082901555
77.40245478036175
77.29780361757106
77.29780361757106
77.14322580645161
77.05419354838709
77.10512654120701
77.11060802069858
76.97419354838709
76.96067053513862
76.72686375321337
76.55148005148006
76.37096774193549
75.99741935483871
75.98581560283688
75.79974160206719
75.72193548387096
75.53346203346203
75.49130714745654
75.5809585492228
75.58522359040829
75.48769430051813
75.34912394548994
75.20413436692506
75.16634304207119
75.06088082901555
74.88079896907216
74.76868556701031
74.53801169590643
74.44675324675325
74.13164721141375
74.0749354005168
73.93402328589909
73.86584575502269
73.84189980481457
73.79207277452892
73.71966255678132
73.6371911573472
73.56651524983776
73.46233766233766
73.32556634304207
73.22359843546285
73.08823529411765
72.9485342019544
72.9322033898305
72.82583170254404
72.6708526107072
72.63403416557162
72.49509483322433
72.33923884514435
72.26588081204977
72.20418848167539
72.1119109947644
71.98493778650949
71.87994722955145
71.8046052631579
71.758711374096
73.33460317460317
75.5213358070501
140.49068322981367
140.49068322981367
140.49068322981367
140.49068322981367
140.49068322981367
80.48488830486203
80.52646239554318
80.72005571030641
80.45472061657033
80.38743136058572
80.123872519543
80.1402257872846
80.0047818290496
79.91908212560386
79.86407766990291
79.7963746223565
79.6056338028169
79.45907692307692
79.27199504337051
79.19130434782609
79.0783950617284
78.86716325263811
78.82140634723086
78.6923076923077
78.66129032258064
78.31109725685785
78.22962041070318
78.15413533834587
78.05361596009975
77.94753279200499
77.88993120700438
77.8314606741573
77.74328544659588
77.66583072100313
77.62192816635161
77.58370183196462
77.29028213166144
77.16928886091881
77.10433689503456
76.9831038798498
76.93181818181819
76.87738246505718
76.72025316455696
76.72169512966477
76.45901639344262
76.42539682539683
76.2952806122449
76.07765754296626
76.07765754296626
76.01590330788804
75.84644913627639
75.79539641943734
75.73214285714286
75.65727098014094
75.62026940346377
75.42976266837717
75.36061381074168
75.15840309079202
75.06177606177606
75.02119460500964
74.91062176165804
74.85187580853817
74.77985797288574
74.77957336780867
74.68632534024627
74.59974176888315
74.58636363636364
74.49385113268609
74.21247563352827
74.127425614489
74.10909090909091
73.96301103179754
73.93281148075668
73.8603896103896
73.86857514638906
73.77915309446254
73.7265625
73.55839895013123
73.43599740090968
73.18508829300197
73.12516382699869
73.0622950819672
73.04646596858639
74.77216021011162
74.64868421052631
74.69129287598945
74.68310322156476
74.49041639127562
74.39456233421751
74.23122529644269
74.17127799736495
74.09736842105264
74.04252491694352
73.97538256819693
73.97531687791862
73.93824701195219
73.75249500998004
73.70424403183024
73.65821094793057
73.61595174262735
73.43194070080862
73.2823608316566
73.24680564895763
73.16889185580774
73.02434077079107
72.96906523201076
72.9133064516129
72.79326599326599
72.73378378378378
72.65489130434783
72.59457627118644
72.45139360978926
72.38654891304348
72.22146739130434
72.18397827562796
72.10555174777245
72.05191256830601
71.93916609706083
71.91877133105802
71.7827868852459
71.73588709677419
71.69925826028322
71.51467576791809
71.74984086569064
71.57041800643087
71.55236270753512
71.48626198083068
71.43951093951094
71.24379376193507
71.21697511167837
71.1427656850192
71.08905852417303
70.80408970976254
71.08169934640523
71.5992390615092
71.61357868020305
71.76878980891719
71.65960179833012
71.61696658097686
71.5547725816784
71.4354527938343
71.36059240180296
71.33225388601036
71.2147001934236
71.05730843528654
70.97683397683397
70.90856031128405
70.79229261920314
70.68954248366013
70.47672131147542
70.41007194244604
70.24005218525767
70.16568434839554
70.1750972762646
70.09631544925662
70.03943115707821
70.21613619541081
70.21613619541081
70.21613619541081
70.21613619541081
70.21613619541081
70.21613619541081
70.21613619541081
70.21613619541081
70.21613619541081
70.21613619541081
70.21613619541081
79.18860103626943
79.25832583258325
79.11450980392156
79.16690962099125
79.24669909659485
79.07775524002705
78.99540078843627
78.80657640232108
78.42068079640335
78.25925925925925
78.19617834394904
78.12476489028214
77.99875311720699
77.86185438705662
77.77576514678326
77.69993722536096
77.5911111111111
77.42884250474383
77.33927434754933
77.16866708780796
77.10392902408111
76.97496790757381
76.84580934101088
76.75576923076923
76.50032573289903
76.48271363339856
76.24122236671002
76.14912846998064
76.0785204412719
75.925877763329
75.85303723056826
75.76578947368421
75.72905759162303
75.6278613472858
75.4578947368421
75.3023872679045
75.29403973509933
75.19881109643329
75.09775429326288
75.01388888888889
74.87632978723404
74.83676177836762
74.76165113182424
74.69715043074883
74.47730307076101
74.45875251509054
74.41846361185983
74.35757575757576
74.19504021447722
74.15384615384616
74.06680026720107
73.99198931909213
73.89252336448598
73.79571332886805
73.62038900067068
73.57037037037037
73.49294828744124
75.46949602122015
77.76882078614257
77.77814790139907
77.89880952380952
77.79867549668874
77.67506631299734
77.6062416998672
77.56340819022456
77.54130865829478
77.4820717131474
77.4515272244356
77.33841059602649
77.33000665335994
77.14797611147976
77.00131752305666
76.93311258278146
76.87375415282392
76.78048780487805
76.7007299270073
76.5372340425532
76.51625746516258
76.44488977955912
76.31296171927468
76.29127516778523
76.05129913391073
75.93471019320452
75.89540306462358
75.82446808510639
75.71772575250836
75.59410582719357
75.50134048257372
75.42952571810287
75.28156650911546
75.15063887020847
74.99866041527126
74.89664429530201
74.83792871553463
74.75218855218856
74.61966101694915
74.48402447314751
74.42798913043478
74.33784698713609
74.32926001357774
74.06983050847458
73.9857045609258
73.84705075445817
73.83709787816564
73.76193724420192
73.69225543478261
73.38466850828729
73.37688098495212
73.29195088676671
73.17213114754098
73.03515889114266
72.95192958700068
72.91519674355496
73.2022684310019
73.05555555555556
74.66847405112316
74.66847405112316
74.66847405112316
74.66847405112316
74.66847405112316
74.66847405112316
74.66847405112316
74.66847405112316
74.66847405112316
78.40322580645162
78.37716262975779
78.25644916540213
78.13375350140056
77.8921634293369
77.64647794601711
77.41910331384015
77.40369897959184
77.28970775095299
77.1577958672511
77.10539523212046
76.88444722048719
76.67699115044248
76.56681443951868
76.41540404040404
76.3844696969697
76.24320909665192
76.24746835443038
75.87380497131932
75.78169014084507
75.57423857868021
75.54185303514377
75.46598202824134
75.3667731629393
75.28856041131105
75.23062139654068
74.9961464354528
74.92372333548803
74.70687418936446
74.55312298776562
74.50939727802981
74.44566623544631
74.37426900584795
74.2843201040989
74.21860767729343
73.94071661237786
73.86866059817946
73.79400260756194
73.64229765013054
73.49307844429795
73.42028985507247
73.34537097833224
73.3029702970297
73.21128608923884
72.97817460317461
72.91567852437417
72.73687664041995
72.60792079207921
72.47944297082228
72.43337730870712
72.31059602649006
72.22501654533421
72.0681216931217
71.96819085487077
71.8442513368984
71.75704697986578
71.60811709913506
71.57181028724115
71.37617135207496
71.3588195841717
71.13751668891855
71.00601604278074
70.89096989966555
70.818
70.7719651240778
70.54888739042481
70.44772117962466
70.33422818791946
70.18560860793544
70.1271870794078
70.03436657681941
69.82567567567567
69.72831978319783
69.70528455284553
69.5949966193374
69.38696537678207
69.4174031271244
69.24542372881356
69.14645776566758
69.03678474114442
68.93110504774897
68.81805838424982
68.79932885906041
68.66172506738545
68.71684350132627
68.5713328868051
68.3358310626703
68.1735593220339
68.05749486652978
67.96232876712328
67.94205862304023
67.81284153005464
67.90728476821192
68.12051282051281
68.09282970550576
68.01951854261549
67.86193548387097
67.24166099387338
67.20041180507893
67.07802874743327
66.95914127423822
66.99445983379502
66.8099173553719
66.72191400832178
66.6484593837535
66.4796633941094
67.83651944627555
70.04114365411436
71.43927648578811
71.43927648578811
71.43927648578811
71.43927648578811
71.43927648578811
71.43927648578811
75.288056206089
75.08157894736843
75.02331002331002
74.81673881673882
74.84803256445048
74.65080428954424
74.40897269180755
74.51704180064309
74.27507886435332
74.17744916820702
73.95704779189353
73.99820143884892
73.94390832328106
73.81054567749847
73.70420792079207
73.6140350877193
73.32167395377888
73.18483709273183
73.04716981132076
72.8515967438948
72.78361475922452
72.63310258023914
72.5022137887413
72.25141776937618
72.1803896920176
72.12909319899245
72.02969046114971
71.88002512562814
71.75063131313131
71.6842435655995
71.4723964868256
71.39835858585859
71.2264631043257
71.13880126182966
71.02089930335656
70.96124523506988
70.74523506988564
70.61284170375079
70.4448669201521
70.30539682539683
70.20460358056266
70.1234096692112
70.04728434504793
69.94827586206897
69.76236351958896
69.69201277955271
69.39936102236422
69.33674775928297
69.15350032113038
69.01217168481743
68.98848368522073
68.81568877551021
68.71282051282051
68.58574181117534
68.38910256410256
68.34590792838874
68.16087516087516
68.05710577547048
67.96636481241914
67.90903225806451
67.77041800643087
67.5956213779781
67.45466237942122
67.23849643551523
67.16103896103895
67.03511053315995
66.96567357512953
66.88372093023256
66.74756651524984
66.6614785992218
66.54263565891473
66.4346701164295
66.18246753246753
66.14033942558747
66.01181102362204
65.95549738219896
65.89418680600915
65.75490196078431
65.57984293193718
65.54908376963351
65.35737704918033
65.12852459016393
65.0413657255417
65.01707156927118
64.92838370565046
64.726433750824
64.726433750824
68.2810707456979
71.6171974522293
71.99872611464968
71.98149329929802
71.91379310344827
71.92592592592592
71.86116442738324
71.81514762516046
71.59871794871795
71.5242656449553
71.42729591836735
71.33696348494554
71.14719173660426
71.02577319587628
70.9780361757106
70.92733118971061
70.83904330963155
70.79495472186287
70.53806451612903
70.52036199095022
70.45307443365695
70.16981132075472
70.11818181818182
70.04557291666667
69.93150684931507
69.89364461738002
69.86224821312541
69.65692007797271
69.55853499018967
69.41764705882353
69.26457105435495
69.20800524934383
69.11132940406024
69.0223537146614
68.9920424403183
68.9122691292876
68.8672391017173
68.77726371447456
68.47240473061761
68.4510582010582
68.25617078052035
68.17545030020014
68.09260493004663
67.99139072847682
67.88133333333333
69.55922330097087
71.74839124839124
72.83505976095617
72.83505976095617
72.83505976095617
144.58695652173913
76.0
76.0
76.0
76.27896512935882
75.84636614535418
75.76276276276276
73.97475455820476
72.875927174646
72.78670177748519
72.74903722721437
72.67723525681674
72.60399750156152
72.41496598639456
72.29068322981367
72.08389882788403
72.02405922270204
71.79463171036205
71.68757763975155
71.51828890266584
71.29022277227723
71.18232385661311
71.1415327564895
70.96952736318408
70.85235732009926
70.74173424828447
70.58542713567839
70.39357682619648
70.3103448275862
70.08302122347067
70.03829252981795
69.86415094339623
69.84668769716089
69.56647763074984
69.285986049461
69.20801526717557
69.1390134529148
69.09044259140475
68.94955300127714
68.73042362002568
68.58112475759535
68.53216374269006
68.25179386823223
68.17750325097529
68.04743339831059
67.98763020833333
67.92488569562377
67.80484610347085
67.70754098360656
67.56447368421053
67.4457751164338
67.23881578947369
67.2326503635162
67.09801324503312
66.99001331557923
67.93455497382199
72.54925949774629
74.64364105874758
74.7177993527508
74.52672750977835
74.4658425504229
74.40586319218241
74.29870967741935
74.15284128020902
74.03576072821846
73.9
73.80853816300129
73.64908854166667
73.47934426229509
73.39816633922725
73.17673814165042
73.06919060052219
72.99478827361564
72.79750982961993
72.7562091503268
72.62229508196721
72.5453947368421
72.22652659225213
72.17161716171617
72.12607260726072
72.09306930693069
71.98279285241561
71.92536327608983
71.77644710578842
71.74037184594954
71.49335106382979
71.33444148936171
71.23946488294314
71.14839572192513
70.9498997995992
70.7716955941255
70.63087248322148
70.24209818426361
70.13633310946945
70.09421265141319
69.89979825151312
69.91196236559139
69.70615796519411
69.68661735036987
69.47873058744092
69.3979797979798
69.23521505376344
69.16902356902357
69.11021505376344
68.93598382749326
68.86819098856759
68.70631720430107
68.66396761133603
68.55111712931618
68.28764348413235
68.22864828513787
68.17643097643098
68.03978422117329
67.88971583220568
67.74291497975709
67.5376782077393
67.38775510204081
67.2123473541384
67.16790289952799
67.10812625923438
68.01924557351809
68.01924557351809
68.01924557351809
68.01924557351809
68.01924557351809
68.01924557351809
68.01924557351809
68.01924557351809
68.01924557351809
68.01924557351809
77.42068155111633
77.33502024291498
77.37602927721866
77.31450252951096
77.32334384858044
77.22115384615384
77.15189873417721
76.81056966369252
76.6236559139785
76.23689449236895
76.00601202404809
75.6873368146214
75.71157619359059
75.62142857142857
75.42379421221865
75.32927610506086
75.30200907323396
75.16462233699161
74.96098829648895
74.64564369310793
74.6485084306096
74.46437823834196
74.31880286271958
74.06710097719869
73.98760600130463
73.76283300844705
73.61493506493507
73.42754098360656
73.36976439790575
73.11830065359477
73.02410423452768
72.94568062827226
72.78809679529104
72.55294117647058
72.43852728468113
72.42631578947369
71.98211920529802
71.8344327176781
71.72320841551611
71.46428571428571
71.42677269715043
71.40133333333333
71.05702917771883
70.98671096345515
70.89463220675944
70.60711887172599
70.48894842598794
70.39142091152814
70.32325268817205
70.0975935828877
69.94571045576407
69.86792452830188
69.6043068640646
69.50672043010752
69.34568733153638
69.30114787305874
69.17929634641408
68.9695945945946
68.90688259109312
68.83703703703704
68.75134770889488
68.53021045485404
68.36542372881355
68.13830508474577
67.97350543478261
67.91740013540961
67.85461956521739
67.71614227086184
67.57025920873124
67.43702684101858
67.20668485675307
67.06625683060109
67.0006830601093
66.93214530500343
66.79931972789116
66.68175582990398
66.43582704186684
66.38885065381969
66.25788751714677
66.30147058823529
66.53658536585365
66.49038461538461
66.06653225806451
65.8242790073776
65.59000684462697
65.54694996572995
65.26403326403326
65.02633402633403
64.96803335649757
64.77877325982081
64.79195561719834
64.5609243697479
64.36107193229901
64.14128187456926
64.0840799448656
66.34602311352822
69.6923076923077
71.96258768511302
73.37549800796813
74.69420600858369
75.33266733266733
75.29257246376811
75.34460547504025
75.21428571428571
74.96982456140351
74.84836065573771
74.42140468227424
74.35900783289817
74.44458680333119
74.32654360280077
74.14051669817265
74.11679292929293
73.96907216494846
73.81531531531532
73.61804222648752
73.54809554551323
73.34444444444445
73.2815979043877
72.94175392670157
72.94018205461639
72.590099009901
72.4910536779324
72.39061467283543
72.1947194719472
72.04953764861294
71.86930693069307
71.75612988734261
71.51891174518911
71.42494996664443
71.27351567711808
71.12119205298013
71.02450331125827
70.91382765531063
72.69471624266144
72.69471624266144
132.57668711656441
132.57668711656441
132.57668711656441
132.57668711656441
132.57668711656441
132.57668711656441
83.17234262125903
83.07372942018611
82.76679841897233
82.67356173238527
82.64427383237364
82.5090206185567
82.14970453053185
81.99672560576293
81.88416230366492
81.72536136662286
81.50293925538864
81.38306188925081
81.21372549019608
80.99607586657946
80.8711776187378
80.62410423452769
80.55389610389611
80.36957928802589
80.16440129449838
79.94422827496757
79.80234070221066
79.57309184993532
79.55390574564235
79.47337662337662
79.30485436893204
79.13914174252275
79.00907323395982
78.7590206185567
78.60700389105058
78.39649578195977
78.29514563106797
78.22888459058672
78.10362694300518
77.84664948453609
77.75698505523067
77.59427828348504
77.48278102664068
77.2506443298969
77.14546640574038
76.98961713173264
76.86298701298702
76.67731421121252
76.55490578297596
76.38030006523157
76.25911458333333
76.12606139777922
75.76190476190476
75.65271419228253
75.48597521200261
75.33485045513655
75.27243172951886
75.03908794788273
74.87679269882659
74.62802881466929
74.4924787442773
74.29954515919428
74.2369451697128
74.03833658219624
73.94795055302538
73.62897985705003
73.50325097529259
73.36493506493507
73.29862475442043
73.0702210663199
72.8715953307393
72.72416020671835
72.5006518904824
72.3614931237721
72.28843626806834
72.07277452891488
72.02346805736636
71.79323797139142
71.5568704799474
71.42593811718235
71.24313725490197
71.15580182529335
70.94248366013072
70.90522875816994
70.58591178406847
70.52337063857802
70.33861386138614
70.08141825344714
70.00658761528327
69.7875
69.67936925098554
69.45161290322581
69.36195508586526
69.2671052631579
69.01051939513478
68.92373438527285
68.7172912557528
68.52906208718626
68.45280528052805
68.21935056328695
68.12508316699933
68.10119047619048
69.75033025099076
69.66754966887417
69.57228116710876
69.33888149134488
69.25514950166112
69.17042440318302
69.12293456708527
68.97882197220383
68.79614873837981
68.75082836315441
68.50702341137124
68.36515353805073
68.21125827814569
68.1547144754316
68.00464499004644
67.95279255319149
67.77393617021276
67.62925851703407
67.40658602150538
67.33400402414487
67.26259234385493
67.07523302263648
66.93204530313125
66.84024064171123
66.70067114093959
66.5706594885599
66.39798657718121
66.21581769436997
66.07330195023538
65.98519515477793
65.77574525745257
65.76881355932204
65.51016260162602
65.44504748982361
65.32406779661017
65.12660798916723
65.03571428571429
64.9871447902571
64.71545268890402
64.59261790840738
64.3667348329925
64.27948193592366
64.14118457300276
64.0054533060668
63.92706203135651
63.81550068587106
63.67536032944406
63.51391717583164
63.31767955801105
63.20511049723757
62.99039780521262
62.89993098688751
62.84375
62.632199861207496
62.47975291695265
62.38082191780822
62.210130047912386
62.170547945205485
61.8992408557626
61.896694214876035
61.904532967032964
65.17133333333334
68.95446880269814
68.95446880269814
142.2284263959391
140.70567375886526
144.61139896373058
144.61139896373058
144.61139896373058
144.61139896373058
75.87539267015707
75.70544554455445
75.49393290506781
74.91426657736102
74.60355781448538
74.62601120099565
74.44314689612784
74.28974831184776
74.12017167381974
73.8739913097455
73.60931677018634
73.51752190237798
73.27746390458255
72.997476340694
72.86283185840708
72.77454084863838
72.5530012771392
72.38177182919057
72.22890025575448
72.09751434034416
71.86598596043395
71.80937098844673
71.43822393822394
71.32859909619108
71.13835263835264
70.94594594594595
70.81636597938144
70.65637065637065
70.46437823834196
70.40876853642811
70.15867875647669
69.957928802589
69.87029831387808
69.65671641791045
69.4748201438849
69.27509778357236
69.1628664495114
69.03322475570033
68.9342105263158
68.56487549148099
68.43856209150327
68.2943864229765
68.103515625
68.0704960835509
67.90256747860434
67.5876559422193
69.23587385019711
74.06592689295039
75.19167217448778
75.16523463317911
75.11664482306684
74.93259162303664
74.91563113145847
74.69266055045871
74.5286750164799
74.48915187376726
74.35761154855643
74.12630208333333
73.97787898503579
73.88454011741683
73.70730117340287
73.58530183727034
73.36459709379128
73.23379174852653
73.11791530944626
72.94654498044329
72.66797129810828
72.44986807387863
72.39499670836076
72.28964613368284
72.13029315960912
71.96344647519582
71.84977139124756
71.61976439790575
71.38705416116248
71.21662303664921
71.11299804049641
71.0026298487837
70.86277084701247
70.73901639344263
70.48785292186474
70.45921052631579
70.24934210526315
70.04611330698287
69.9125
69.75428194993412
69.68635170603675
69.44297956493078
69.365308804205
69.20863309352518
69.55721765145849
69.55721765145849
69.55721765145849
69.55721765145849
69.55721765145849
69.55721765145849
69.55721765145849
69.55721765145849
69.55721765145849
69.55721765145849
69.55721765145849
69.55721765145849
74.34441087613293
73.79579316389132
73.69021739130434
73.25521207764199
73.18327526132404
72.79050847457627
72.52212389380531
75.4989966555184
76.2453947368421
75.95347313237221
75.77252106286456
75.79056237879767
75.53122987765614
75.33801916932907
75.24571428571429
75.13375394321767
74.95548589341693
74.78473091364205
74.5
74.41424968474149
74.26487163431435
74.09158878504672
73.90823970037454
73.76393237319975
73.56486146095718
73.44974554707379
73.11167192429022
73.01453855878634
72.83471074380165
72.81341853035144
72.66816431322208
72.47775628626692
72.39007092198581
72.15779345734445
72.02503209242619
71.78266494178526
71.67441860465117
71.5039113428944
71.34534731323723
71.16699155295646
71.01040312093627
70.91276041666667
70.71035386631716
70.5548260013132
70.26118421052631
70.08698495748855
69.9750164365549
69.82468811556139
69.5603448275862
69.37757133377572
69.26204620462046
69.02179656538969
68.9145129224652
68.51392572944297
68.36063408190225
68.19775132275132
68.08034528552457
67.93137908061293
67.85182724252492
67.58366533864542
67.44882943143813
67.20703384207035
67.05647840531562
66.95683930942896
66.72377158034529
66.60690571049136
66.39307128580946
66.18436873747495
66.11525649566956
66.01132578281145
65.92379679144385
65.55047106325706
65.51682368775235
65.4845013477089
65.16498993963782
65.10991957104558
64.85868102288022
64.70852921423774
64.40982503364738
64.31518817204301
64.25554808338937
64.06056527590847
63.903614457831324
63.77361018084393
65.59960552268245
69.43100065402224
71.54217687074829
72.0381414701803
72.01024590163935
71.95060893098783
71.90633245382585
71.85911784068466
71.71056062581486
71.59844054580897
71.57615035644848
71.32314694408322
71.2872964169381
71.08617363344051
70.99289864428664
70.90645161290323
70.73225806451613
70.55505473277528
70.47517730496453
70.28617363344051
70.06342088404868
69.94113883557262
69.8674775928297
69.52648578811369
69.47594278283485
69.31723237597912
69.17089018843404
68.9638942617666
68.93116883116883
68.84873949579831
68.59908735332463
68.40575916230367
68.27853881278538
68.14686684073106
67.98898250162021
67.95666235446313
67.70890188434048
67.62417871222077
67.42875902823376
67.27552356020942
67.1526867627785
66.95781147000659
66.81949934123847
66.60571808510639
66.45944148936171
66.39323607427056
66.28392621870883
66.04163912756114
66.02448709463931
65.75333333333333
65.62216288384512
65.51981195433177
65.35057085292142
65.22916666666667
65.06868686868687
64.95951417004049
64.69623655913979
64.59580230196345
64.43631436314364
64.3322102425876
64.09905660377359
63.94765465669613
63.76238968092329
63.567641060503064
63.52588555858311
63.36073369565217
63.1156462585034
62.959999999999994
62.77853725222147
62.78736413043478
66.64456981664316
66.64456981664316
66.64456981664316
66.64456981664316
66.64456981664316
144.9396984924623
148.83464566929135
148.83464566929135
148.83464566929135
75.6984771573604
75.61453930684699
75.38038632986627
75.27677329624478
74.875
74.37234726688104
74.43209096651927
74.1806331471136
74.06230721776681
73.82233189389265
73.6150061500615
73.5220588235294
73.45856353591161
73.13841463414634
