74.30905861456483
74.70130641330167
74.82468694096602
74.84356197352587
74.92079806529625
75.07069486404833
75.22019464720195
75.35160098522168
75.52829028290283
75.68073394495413
75.85171568627452
75.98706099815158
76.05795314426634
76.39925834363412
76.48214285714286
76.64202094886014
76.83549783549783
77.00682382133995
77.33126165320074
77.40185758513933
77.66997518610422
77.86716325263811
78.00062189054727
78.178125
78.3153942428035
78.499375
77.36596009975062
77.63358302122347
77.74092615769712
77.845625
77.92606516290726
78.20551378446115
78.3205289672544
78.52641509433963
78.63871374527112
78.86235072281583
79.09791535060013
79.22438717787556
79.36576121288692
79.53744493392071
79.70878079595704
79.99241466498104
80.18216318785579
80.28598484848484
80.42378241619228
80.64068441064639
80.88145315487571
81.08328035600763
81.30525649145028
81.34815756035579
81.46687898089172
81.83729903536978
81.90115532734275
82.16613213598461
82.30872056015276
82.38761174968072
82.56482670089859
82.75824175824175
82.91189710610932
83.16966580976863
82.77220956719817
82.77220956719817
82.77220956719817
82.77220956719817
82.77220956719817
82.77220956719817
139.07046070460706
141.26210826210826
140.89473684210526
140.89473684210526
140.89473684210526
140.89473684210526
67.53966699314398
67.63589301121657
67.7875
68.08127721335269
68.31901840490798
68.25817211474316
68.16338582677166
68.24853610930384
68.39794608472401
68.50253807106598
68.78271918678526
68.89051559516231
68.93070565797838
69.15997450605481
69.17230376515634
69.87221869040052
69.83663050414805
70.12927756653993
70.16793893129771
70.35143769968052
70.5247461928934
70.63964534515516
70.72779552715654
70.82352941176471
70.97817715019255
71.18601667735729
71.46035805626599
71.48750800768738
71.74709677419355
71.82731958762886
71.94774193548388
71.97998708844416
72.10946555054733
72.25032258064516
72.66796368352789
72.70957309184993
72.91736604260814
73.12337662337663
73.38120104438643
73.53245901639345
73.63213114754099
73.82665791201576
73.93836065573771
74.14576493762311
74.365308804205
74.58300653594772
74.68786885245902
74.81299212598425
74.99147540983607
75.07798165137615
75.36828309305373
75.53320184089415
75.86631716906946
76.25088841506752
74.14594594594594
74.14594594594594
138.07476635514018
138.07476635514018
138.07476635514018
71.47887323943662
71.73579801623085
71.94391244870042
71.86198083067093
72.10639606396064
72.56051344743277
72.72249690976514
72.77189666036547
72.8168130489335
72.96175548589342
73.24811083123426
73.50062814070351
73.57403906742282
73.77232704402516
73.88179519595448
73.96270543615677
74.10170562223627
74.27555555555556
74.36058301647655
74.48829854522454
74.8655303030303
74.91967109424415
75.117237008872
75.26742712294043
75.40177439797212
75.46119592875318
75.66350411132194
75.94095238095238
76.03682539682539
76.29310344827586
76.38853503184713
76.48535031847133
76.57864450127877
76.90512820512821
77.07193320488118
77.16698656429942
77.30479233226838
77.53281853281854
77.68863049095607
78.00580270793037
78.12403598971723
78.18762088974854
78.37427652733119
78.53816300129365
78.66601815823606
78.88353936239427
79.18859364873623
79.27888960619755
79.44660194174757
79.59675324675325
79.8203788373612
79.9509483322433
80.19440832249676
80.29430789133247
80.42894224529526
80.61768530559168
80.71587197909862
79.41704325371207
79.50259403372245
79.52720207253886
79.72319688109162
80.01353092783505
80.08419023136247
80.28507078507079
80.47646679561574
80.51290322580645
80.69439071566731
80.00064226075787
79.39575289575289
79.5260785576304
79.63612903225807
79.68963296844817
79.74403610573823
79.98188874514877
80.15290322580645
80.28258064516129
80.41283214517175
80.5618556701031
80.61404639175258
80.73096774193549
80.81476683937824
80.33118556701031
79.9903412749517
79.97873711340206
80.03675048355899
80.16388174807199
80.27348777348777
80.35935483870968
80.47459807073955
80.58687258687259
80.60077269800387
80.80129449838188
80.87823834196891
81.0194678780013
81.16515544041451
81.30206985769728
81.34695201037613
81.33311730395334
80.46460746460747
80.51610824742268
80.67098445595855
80.84710474951204
80.89178617992177
81.00389105058366
81.14996767937944
81.33527131782945
81.34841628959276
81.5475113122172
81.64447317388493
81.8
81.83214053350683
82.00130975769483
82.19804560260586
82.27911515940143
82.29231770833333
82.43721535458685
82.5843648208469
82.78645833333333
82.89311475409836
83.04533508541392
83.16067929457871
83.23818897637796
83.34186351706036
83.5192936559843
83.61417322834646
83.76215505913272
83.99013806706114
84.01775147928994
84.14003944773175
84.22536136662286
84.4733727810651
84.60382333553065
84.67986798679868
84.82419035029743
84.97683653209795
85.15691489361703
85.30379746835443
85.48239202657807
85.6439894319683
85.70974155069582
85.81739707835325
85.93094289508632
86.22699798522498
86.3261744966443
86.48893360160966
86.61796246648794
86.78561917443409
86.84569138276554
87.1341874578557
87.19811320754717
87.30572390572391
87.38284942606347
87.57894736842105
87.83378016085791
88.01543624161074
88.11343686698177
88.17297297297297
88.19824086603518
88.45768449559918
88.54169491525424
88.6849593495935
88.88391038696538
89.04829931972789
89.19796610169492
89.30821452817379
89.51531654186522
89.6493860845839
89.74025974025975
89.8952772073922
90.08503401360544
90.27800546448087
90.47505126452495
90.69114619080302
90.77731958762887
90.86932599724896
91.01720578114247
91.23076923076923
91.38042729152309
91.64270905321355
91.75484764542936
91.93449477351916
91.99652052887961
92.13444213444214
92.41944444444445
92.62073764787752
92.69214732453092
92.80516759776536
92.95194986072423
93.15266106442577
93.3134223471539
93.52180028129395
93.71820098383697
93.79578947368421
94.07347795661302
92.39408396946565
84.0
136.3237704918033
131.87854251012146
134.3134328358209
134.3134328358209
134.3134328358209
134.3134328358209
80.84533648170012
81.04003558718861
81.36954858454476
81.55555555555556
81.57198192382182
81.80910240202276
81.9164047768699
81.9077791718946
82.0213567839196
82.17114303560275
82.33585858585859
82.52110901071204
82.70817610062893
82.75831202046035
82.82496782496783
82.96069587628865
83.09014267185474
83.19830949284786
83.42320155541154
83.53082414016872
83.63860103626943
83.7496740547588
83.86049543676663
83.92397660818713
84.04503916449086
84.18590998043052
84.29300196206671
84.5045751633987
84.64794252122796
84.7819253438114
84.86993464052287
84.96274509803922
85.08196721311475
85.21277997364953
85.29163923633969
85.51706036745406
85.63241106719367
85.74556213017752
85.8439763001975
85.94792353328938
86.16908850726553
86.25330687830687
86.37674418604651
86.54551495016611
86.71684350132627
86.7899271040424
86.90450928381964
87.08021390374331
87.2374916611074
87.33668005354752
87.43954575818303
87.53004005340453
87.6428093645485
87.94377510040161
88.08400537634408
88.09482178883658
88.25033467202142
88.49598393574297
88.50703281982585
88.65211551376763
88.80161943319838
88.95273463875759
89.09642616318274
89.18328840970351
89.28561827956989
89.53328850033624
89.78084962913015
90.04959785522789
88.96986006458557
88.96986006458557
132.85099337748343
132.6451612903226
139.19753086419752
145.4375
145.4375
80.01311475409837
80.10008271298594
80.36266855926189
80.4833442194644
80.52551984877127
80.55727554179566
80.86172839506173
80.97856705450091
81.03159851301115
81.15047021943573
81.26282457251425
81.35487959442332
81.45825366475462
81.5530012771392
81.7543296985247
81.80576923076923
81.83397435897436
81.9744081893794
82.21136653895275
82.39372599231754
82.51790281329923
82.7134578235673
82.76208897485493
82.87953367875647
82.97416020671835
83.08938906752411
83.25611325611325
83.63106796116504
83.73151750972762
83.86588541666667
83.91423001949317
84.00064935064935
84.18152244632401
84.48494764397905
84.66470971950424
84.79856115107914
84.95543905635648
85.0058862001308
85.13552631578948
85.35714285714286
85.54862023653088
85.68861092824227
85.82765399737877
85.97900262467192
86.21868787276343
86.2601194426012
86.51428571428572
86.6168100595632
86.7001321003963
86.875
87.12690019828156
87.29442970822281
87.35619174434088
87.59615384615384
87.74421678783874
87.99800664451827
88.11324503311258
88.21956087824351
88.36950732356857
88.414
88.62649800266311
88.79069767441861
89.1410512308716
89.236508994004
89.42228152101401
89.47526737967914
89.57591973244148
89.75486903962391
90.13654618473896
90.20772303595206
90.46097883597884
89.71657754010695
89.71657754010695
130.77364864864865
130.77364864864865
138.97229219143577
138.97229219143577
138.97229219143577
138.97229219143577
78.75634517766497
76.67651888341544
76.63835810332625
76.46073298429319
76.45161290322581
74.84573829531813
73.03588235294117
73.18068720379146
73.2558001189768
73.34813925570228
73.74574209245742
75.32844932844932
75.51741293532338
75.67349472377406
75.87593052109182
75.92111801242235
76.06433479075578
76.36792452830188
76.51532207629769
76.81988742964353
76.94406463642014
77.01927860696517
77.3081721771678
77.470625
77.54642409033877
77.77028714107365
77.90954460386774
78.18301061836353
78.45625
78.5209244222361
78.65034526051475
78.85373509102322
79.10970996216898
79.2813880126183
79.3800505050505
79.45896464646465
79.71392405063291
80.0768253968254
80.19367088607595
80.27393785668991
80.45708836617928
80.6343949044586
80.82617062219371
80.89878283151826
81.10613810741688
81.33226632522407
81.47692307692307
81.72867222578576
81.87532133676092
81.91307147456536
81.98646907216495
82.07459807073955
82.20654265554843
82.37693298969072
82.72597402597403
82.75097529258778
82.91807542262679
82.94408322496749
83.01100323624595
83.15738341968913
83.21868916288125
83.55035737491878
83.60923276983095
83.83864671437865
83.91737150292778
83.95
84.06619078520441
84.16666666666667
84.54177545691905
84.58800521512386
84.72120418848168
84.84148727984345
84.95365535248042
85.0313315926893
85.09614126880314
85.44957152274226
85.58421052631579
85.70526315789473
85.75657894736842
85.85158311345647
85.95197368421053
86.22067594433399
86.3155436957972
86.38789088489688
86.49301397205589
86.6870026525199
86.82395764394441
86.96279069767442
87.13875917278186
87.20187165775401
87.35043304463692
87.42704863424383
87.55555555555556
87.79732441471572
87.95847287340925
88.09224598930481
88.16454849498328
88.26590756865372
88.38085676037483
88.61699258260283
88.82983050847457
89.02626262626262
89.15003348961822
89.21744966442952
89.29099462365592
89.48115746971736
89.60284167794316
89.84081632653061
90.00202839756592
90.09398242055443
90.33536585365853
90.40421195652173
90.51702997275204
90.68826739427013
90.82116040955631
90.88251366120218
91.24166099387338
91.31972789115646
91.42603953646899
91.52912954078135
91.6710254645561
91.82135523613962
91.90472926662098
92.01587301587301
92.42896174863388
92.42896174863388
92.42896174863388
92.42896174863388
134.08474576271186
137.84722222222223
137.84722222222223
137.84722222222223
79.29006085192698
79.49960660896932
79.76203032300593
79.81800766283524
80.0018656716418
80.25652173913043
80.35084427767354
80.5192546583851
80.61212886923563
80.63901203293223
80.80141843971631
80.95164410058027
81.0875160875161
81.31177976952625
81.37902187902188
81.47619047619048
81.62694300518135
81.80077871512005
81.91742522756827
81.94996751137101
82.19146183699871
82.25501618122978
82.45919689119171
82.70006506180871
82.80221210149642
82.91115434500648
82.98122977346279
83.05692108667529
83.21806451612903
83.57672301690508
83.67641325536063
83.76928104575164
83.94163424124514
84.00259571706684
84.09656513285807
84.36018336607728
84.53002610966057
84.63636363636364
84.8495748855461
84.92549019607843
85.0909090909091
85.34628044766293
84.95297191378184
83.77225130890052
83.8791639451339
83.90737116764514
84.16470588235295
84.34231274638633
84.48655737704918
84.59013157894736
84.7001312335958
84.81580666231221
84.97110965200262
85.06973684210526
85.25396825396825
85.41215323645972
85.62007874015748
85.742444152431
85.80209698558322
86.02894736842106
86.15287888815354
86.26542800265428
86.4188829787234
86.62747688243064
86.82936507936508
87.0284203569068
87.17154255319149
87.27563249001332
87.41827885256838
87.53733333333334
87.76821192052981
87.87516600265604
88.06644518272425
88.26421404682274
88.39173884077282
88.55296469020652
88.66979865771812
88.9251837007348
89.07214428857715
89.18607764390897
89.19959812458139
89.31842456608811
89.63295378432686
89.76244952893674
89.90610328638498
89.98921832884098
90.09738079247818
90.21674544226873
90.37905405405405
90.46824324324324
90.52738336713996
89.00602409638554
89.04682274247492
89.09030100334448
89.20080321285141
89.31300268096514
89.43346774193549
89.50605652759084
89.61129791526564
89.8888140161725
89.9608636977058
90.17083051991898
90.22356902356903
90.27272727272727
90.44143534190927
90.56668923493568
90.68138586956522
90.74965986394558
90.82981620149762
91.0785375761679
91.18438761776581
91.23553162853297
91.42857142857143
91.46571622539037
91.6482993197279
91.76771117166213
91.90915300546447
91.96915695681975
92.06872852233677
92.30921501706484
92.36158578263841
92.57417582417582
92.61512027491409
92.74242424242425
92.98342541436465
93.02418797512094
93.18823529411765
93.33448993754337
93.59986033519553
93.72036262203626
93.76864111498257
93.92119944211994
94.07505211952746
94.17224546722454
94.335904628331
94.52642706131078
94.71688857743518
94.83743842364532
94.99087078651685
95.25123849964615
95.3135593220339
95.38739376770538
95.55500705218618
95.61641896673744
96.08942512420157
96.18349928876245
96.31960227272728
96.40873299928418
96.54584527220631
96.72655122655124
96.91000719942404
97.07163323782234
97.17453505007154
97.41480948957584
97.57879656160458
97.68893678160919
97.81700288184439
98.0194384449244
98.29978432782171
96.53684210526316
85.82442748091603
85.82442748091603
85.82442748091603
85.82442748091603
139.15942028985506
143.3393665158371
143.3393665158371
143.3393665158371
72.949069539667
73.11258795934323
73.34575569358178
73.61079365079365
73.67263743051267
73.93417874396135
71.98383233532934
70.95440729483283
71.13540372670808
71.20099875156055
71.44597126795753
71.64
71.84615384615384
71.97745773324985
72.05746408494691
72.14912280701755
72.39299123904881
72.6299311208516
72.8513174404015
72.91666666666667
73.05256570713392
73.26481715006305
73.47916666666667
73.73358348968105
73.77777777777777
73.87013801756588
74.039018250472
74.1803896920176
74.431718061674
74.74795211090107
74.82559598494353
74.96365914786968
75.12366603892028
75.41782553729456
75.53992395437263
75.7433628318584
75.80443037974683
75.97718631178707
76.30504148053606
76.44990427568602
76.51464968152867
76.83248407643312
76.99362651370299
77.2076677316294
77.29641485275287
77.4240871236387
77.55077120822622
77.9108402822322
78.16431322207958
78.2936660268714
78.41255605381166
78.48264781491002
78.70723894939141
78.84842646114322
79.16141479099679
79.36457659987072
79.52577319587628
79.62556197816313
79.9403080872914
80.17087378640777
80.31756318859365
80.42153047989623
80.5249513933895
80.74352331606218
81.16504854368932
81.32320620555915
81.44041450777202
81.50843060959792
81.88411458333333
82.12759067357513
82.28626943005182
82.41715399610136
82.60221354166667
82.79712981082844
83.11219195849546
83.24951267056531
83.44198174706649
83.60419397116645
83.80404964075767
83.94973890339426
84.25833878351864
84.36470588235294
84.5690897184021
84.8132372214941
84.96850393700787
85.09467455621302
85.27868852459017
85.51185770750988
85.67412771560237
85.75775577557756
85.90112063282795
86.14116094986808
86.34808454425364
86.58745874587459
86.64686468646865
86.72919418758256
86.82508250825083
86.94257425742575
87.06076618229855
87.36884154460719
87.56121773659828
87.63014608233732
87.74302788844622
87.83742534837425
87.9620253164557
88.23949299533022
88.27351567711808
88.36546184738955
88.66844563042028
88.85110663983903
88.96517079705292
89.13020134228188
89.3403106009453
89.32132352941177
89.32132352941177
134.88888888888889
134.88888888888889
134.88888888888889
133.9494584837545
139.84682080924856
139.84682080924856
139.84682080924856
139.84682080924856
81.21131639722864
81.56322869955157
81.85572519083969
82.08246708246708
82.32663642255346
82.35894206549118
82.46996245306633
82.51094434021263
82.66250779787897
82.90332705586943
83.01898734177215
83.18124606670862
83.28706624605678
83.44613434727503
83.59018483110262
83.75031928480205
83.8750804893754
83.93087855297158
84.177304964539
84.26597805035507
84.41645077720207
84.48539909149903
84.74088541666667
84.87443365695793
85.00388601036269
85.18269851517108
85.30953926022063
85.60651465798045
85.63588736083824
85.72287581699347
85.80615586116568
85.9241334205363
86.04973821989529
86.29941291585128
86.51280367695338
86.6344510190664
86.66535174227482
86.76412614980289
84.92156862745098
84.7175622542595
84.7175622542595
84.77421465968587
84.82044560943643
84.85330713817943
84.99543378995433
85.06596995427824
85.2941943900848
85.44662737393583
85.62098360655737
85.69633507853403
85.78557377049181
85.85901639344263
85.9345977763244
86.01375245579568
86.15324165029469
86.27254901960784
86.56898817345598
86.71456692913385
86.84514435695539
86.92252133946158
87.01579986833443
87.09448818897638
87.17631578947369
87.47116644823066
87.62409954158481
87.66775884665793
86.61372549019607
86.61372549019607
86.68949771689498
86.83736120182887
86.90130718954248
86.99672988881622
87.10498687664042
87.22200392927309
87.52555701179554
87.69411764705882
87.80248528449967
87.88138925294889
88.0065703022339
88.11470006591958
88.2344782034346
88.38214051214707
88.60730593607306
88.65926892950391
88.84183006535947
88.9546052631579
88.89914865749836
86.76558441558441
84.01554404145078
81.5561224489796
78.94240506329113
75.90220820189275
74.89105793450882
74.97730138713746
75.01505646173149
75.11694809255785
75.34380892520427
75.46888749214331
75.72710163111668
75.81583909490887
75.91974921630094
76.1024512884978
76.40658644711843
76.49430379746835
76.68032786885246
76.82304785894206
77.05632040050062
77.12547051442911
77.34798994974874
77.39321608040201
77.79459798994975
77.88040075140889
78.0056603773585
78.23451327433628
78.32126984126984
78.4709228824273
78.69444444444444
78.8203026481715
79.1265903307888
79.34458598726114
79.3937659033079
79.40674729471674
79.6198347107438
79.80573248407643
80.02356687898089
80.17493638676845
80.28726114649682
80.38334392879847
80.50286806883365
80.6592356687898
80.86465683130211
81.04137492043284
81.16360177552315
81.24524714828897
81.42929936305732
81.51149425287356
81.69712460063897
81.95009596928983
82.08109833971903
82.27923322683706
82.38397435897436
82.59483870967742
82.75210355987055
82.92709677419354
83.01035598705502
83.19601542416453
83.40618955512572
83.60606060606061
83.75338928340865
83.84057031756319
82.24587039390089
81.19632678910703
81.36230964467005
80.08432432432433
80.08432432432433
127.73936170212767
135.0
135.0
135.0
66.80721393034825
66.19316375198729
66.5489941596366
66.55348557692308
66.65751789976133
67.07283950617284
67.22283950617285
67.43491671807526
67.6594427244582
67.73358116480793
67.91527520098948
68.04562268803946
68.10351201478743
68.28159509202455
68.41733251382914
68.48466257668711
68.64162561576354
68.7051202961135
68.76108374384236
68.86321626617375
69.06045650832819
69.16625615763547
69.29963235294117
69.52149877149877
69.57697044334975
69.7567901234568
69.80569306930693
69.99257884972171
70.06728395061728
70.17974058060531
70.52741836105976
70.75015460729746
70.8319950586782
70.8955500618047
71.0352504638219
71.27452190006169
71.51115241635688
71.67594310451453
71.743335399876
71.87344913151365
72.16480099502488
72.33518862090291
72.53358208955224
72.69627329192546
72.76832298136647
72.91853233830845
73.14810205351587
73.28571428571429
73.62032418952619
73.76178660049628
73.97507788161994
74.13445903689806
74.30238393977416
74.65732087227414
75.04842767295598
74.7947947947948
74.7947947947948
130.96014492753622
132.71875
140.59166666666667
140.59166666666667
65.80274656679151
64.1161657189277
63.862837837837844
63.99691548426897
64.13120567375887
64.36567616737416
64.95087064676616
65.03908188585608
65.27641277641278
65.44601226993865
65.70049200492005
65.88246153846154
66.077065351418
66.31904470300061
66.53081147040879
66.87198515769944
66.97208436724566
67.17625231910947
68.75138803207896
68.98763141620285
69.24691358024691
69.53488372093024
69.73733003708281
69.9695652173913
70.14625
70.44780728844967
70.65549348230913
70.83032939714109
71.0
71.13283674736189
71.37841191066998
71.66355721393035
71.89769182782283
72.0585305105853
72.27
72.53479623824451
72.68164794007491
72.74030037546933
72.92897196261683
73.1270337922403
73.39209535759096
73.65230961298377
73.729375
73.94367959949938
74.02380952380952
74.25897920604915
74.50031347962383
74.58605527638191
74.84875
74.96291640477688
75.25078764965343
75.3099121706399
75.63584905660377
75.8240450845335
75.99687695190507
76.24263322884012
76.3859649122807
76.71839799749687
76.763125
77.16135084427768
77.3149655604258
77.50250941028858
77.75842696629213
77.93304130162703
78.10106716886378
78.40037712130736
78.51069182389936
78.81544256120527
79.14464621164684
79.39056603773585
79.47826086956522
79.86545682102629
80.04522613065326
80.28400503778337
80.35182849936949
80.4943396226415
78.87460815047022
78.11827284105131
78.16635397123201
78.41734758013828
78.45052893590541
77.73733583489681
77.48465873512836
77.59150530918176
77.8995633187773
78.13345864661655
78.47394852479599
78.51193467336684
78.78013741411618
79.02573760200879
78.23756218905473
78.25155666251557
78.31023720349563
78.51773490976976
78.61619937694704
79.1354556803995
79.19550281074329
79.28232354778264
79.40685358255452
79.55003107520199
79.69799498746868
79.99748427672957
80.1003764115433
80.33333333333333
80.450625
80.64613450659962
80.83090563647879
81.02588383838383
81.09394703656999
81.38253768844221
81.47607052896726
81.62507916402787
81.91819911223843
82.02025316455696
82.24111675126903
82.4010152284264
82.4850603941513
82.74424552429667
82.83237364043507
82.96564885496183
83.10146777281429
83.47395171537484
83.52547770700637
83.73303457106275
83.83215887251761
83.98973042362003
84.03782051282052
84.26248399487837
84.51602564102564
84.60205391527599
84.78433889602054
84.91178364455892
85.0
85.05730843528654
85.13788659793815
85.36893203883496
85.46332046332046
85.55878552971576
85.68967741935484
85.8738680465718
85.91250810110175
85.95019404915912
86.02713178294573
86.27077922077922
86.28979857050032
86.28979857050032
86.42265372168285
86.54226267880364
86.78841145833333
86.85315139701105
87.01362751460091
87.2336387434555
87.2336387434555
87.2336387434555
87.2336387434555
133.0
133.0
133.0
70.64566929133858
70.72019635343618
70.80731707317074
70.72403381642512
71.01057213930348
71.19712140175218
71.42391984971822
71.49281698938164
71.8735275883447
71.95657568238214
72.19180633147114
72.30616054760424
72.44099378881988
72.69962686567165
72.751875
72.9448966812774
73.23689197725837
73.3020767778477
73.41206030150754
73.52488972904852
73.7134724857685
73.86443883984867
74.11300505050505
74.16055625790139
74.33713561470215
74.61089987325728
74.67446270543616
74.9047919293821
75.12278481012659
75.27088607594936
75.32633587786259
75.54379332073094
75.68611287254281
76.03619047619047
76.31348955034832
76.33861762840837
76.4615873015873
76.7029262086514
76.90664961636828
77.12684176809738
77.29610721123166
77.37619350732018
77.60166240409207
77.88239074550128
78.02956298200515
78.21140294682895
78.38049713193116
78.49201277955271
75.39285714285714
70.2746835443038
70.06940063091483
70.0771175726928
70.40771175726928
70.50220541902962
70.74043887147336
71.01754385964912
71.15050377833754
71.36272040302266
71.47424623115577
71.53174104336895
71.90971357409714
72.11598746081505
72.34908632640202
72.40528634361233
72.45956112852664
72.56721105527639
72.75469336670838
73.00125078173859
73.12523599748269
73.2794952681388
73.40465701699182
73.48991172761664
73.7084917617237
73.94927076727964
74.19873417721519
74.31075949367089
74.41682479443391
74.57133757961783
74.83588761174968
75.02806122448979
75.19071837253655
75.36882129277566
75.50286441756843
75.5673076923077
75.80436177036562
76.36125319693095
76.04730290456432
131.9837398373984
131.9837398373984
131.11612903225807
137.993006993007
142.0
142.0
60.0377358490566
58.84370579915134
58.872394188250155
58.90975166565718
57.08956145768994
54.1648835745752
54.13065326633166
54.222921914357684
54.333963453056086
54.485247959824235
54.724999999999994
54.884639498432605
55.14770584538026
55.30696798493409
55.587791063561994
55.77338355304457
55.97635345364033
56.1146931184129
56.31409062693979
56.5518102372035
56.89503105590062
57.015489467162325
57.25496277915633
57.39838408949659
57.81948782011243
57.96766169154229
58.12267657992565
58.30012376237623
58.584367245657575
58.871731008717305
59.178175092478426
59.3221601489758
59.595903165735564
59.89496581727781
59.988206083178156
60.27289719626168
60.49843456480902
60.803124999999994
60.96386292834892
61.32417239225484
61.65081351689612
61.851063829787236
61.99624765478424
62.30231105559025
62.572409488139826
62.81253918495298
63.00435865504359
63.22616822429906
63.677318295739354
63.83967560823456
64.08717310087174
64.19240348692404
64.633125
64.78931013051584
65.00623052959502
65.12414223331254
65.58929682638457
64.83189655172414
63.44020037570445
62.45676691729324
61.661219358893774
60.97278481012658
60.47907276239536
60.13139158576051
59.959328599096196
60.21935483870968
60.7014157014157
60.894230769230774
61.17726396917148
61.5625
61.77869897959184
61.89949109414758
62.291293213828425
62.49583066067993
62.87419768934531
62.946530872056016
63.200382897255906
63.34436664544876
63.72640306122449
63.878249841471145
64.0140306122449
64.14576702737111
64.66179275270184
64.8603916614024
65.03548795944234
65.22363405336722
65.50920634920635
65.61005089058524
65.90765338393422
66.05446485117163
66.19375398342893
66.50126582278482
66.79795396419438
66.94083969465649
67.10800508259213
67.26003824091778
67.61312938177183
67.76736775015934
67.93066157760815
68.05336721728081
68.29554140127388
68.6891719745223
68.90694710006373
69.02931803696622
69.24872448979592
69.50031786395422
69.6681500317864
69.88329081632654
70.0076677316294
70.35022450288646
70.66094147582697
70.90524967989757
71.08071748878923
69.42001274697259
67.75763182238668
67.75763182238668
129.0
129.0
129.0
