123.60450660450661
123.16536661466458
123.17564402810305
123.0123839009288
122.94504643962848
122.79182729375482
122.72845156369183
122.67401215805471
122.31336405529953
122.07072243346008
121.99083969465649
121.93953136810279
121.7313769751693
121.68246802106847
121.53141559424678
121.33939393939394
122.07225211375865
125.3626817447496
125.86764705882354
125.71974522292993
125.54242664551943
125.5490966221524
125.45616757176106
125.49268668206312
125.02567975830816
124.89728096676737
124.57791225416037
124.52723146747353
124.31400602409639
124.0673732021196
123.91228070175438
123.80652503793627
123.75570776255708
123.6951219512195
123.54943396226415
123.32255639097744
123.19029850746269
122.98738872403561
122.97271386430678
122.84202792064659
122.78187177597641
122.34099332839139
122.14381022979985
121.98442136498517
121.84693877551021
121.59940872135994
121.44837758112095
121.19111111111111
121.08943089430895
121.0036791758646
120.98310066127847
120.9319678127286
120.90517870167761
120.49927431059507
120.33722627737225
120.29018181818182
119.78200438917338
119.77875457875459
119.65271659324523
119.41765578635014
119.20888888888888
119.2973174366617
128.02086677367578
130.61525565800503
129.94122448979593
129.76099120703438
129.42455858747994
129.12934518997574
129.11255060728746
128.93083807973963
128.50124275062137
129.38846572361263
131.91559633027524
133.42424242424244
133.42424242424244
133.42424242424244
133.1715976331361
133.1715976331361
133.1715976331361
133.57396449704143
133.33447880870563
133.33447880870563
133.33447880870563
133.33447880870563
133.33447880870563
133.33447880870563
133.33447880870563
133.33447880870563
133.33447880870563
133.33447880870563
133.33447880870563
133.33447880870563
132.37713437268002
132.37713437268002
131.44444444444446
131.16136363636363
130.6447963800905
130.40828402366864
129.9121522693997
129.72845763939173
129.67936736161036
128.9698275862069
128.93486041517536
128.8690728945506
128.7549295774648
126.89706933523945
124.09468317552805
123.19319826338639
123.03262411347518
122.86643356643356
122.69369369369369
122.4517453798768
122.48823133826497
122.00682593856655
121.98432174505794
121.75726842461123
122.96143437077131
123.69467213114754
123.51801495581238
123.24560216508796
122.84139784946237
122.86427145708583
122.5397877984085
122.43795141168746
122.2280701754386
121.62277814351546
121.49801849405549
121.12326961107449
120.94701986754967
120.76544021024966
120.57603686635944
120.53324555628703
120.32306684141547
120.06973684210527
119.89723320158103
119.67242524916944
119.63901791639017
119.55717118307997
119.40606460118656
119.4006600660066
120.11342281879195
120.31011386470195
119.80653769179453
119.76063829787233
119.62171052631578
119.47347740667976
119.01123595505618
118.82419035029741
118.78825857519789
118.66842452208306
118.37871777924653
118.14077025232405
117.98130841121495
120.00994694960212
121.04382470119522
120.72340425531914
120.65981432360743
120.28289473684211
120.20723684210526
119.91240875912409
119.61813368630047
119.47981469225678
119.42735042735043
119.1306631648063
118.95433487756452
118.87838730998017
118.71968190854871
118.48677248677248
118.51227604512276
118.21108179419525
118.12623925974884
118.08839050131925
117.89278623428194
117.80553724456163
117.57057654075547
117.4208084824387
117.26263952724885
117.17060367454067
117.13294040602489
119.55355954757152
120.16531713900136
119.98394648829432
119.71256684491979
119.60013440860214
119.4535666218035
119.19666666666666
119.01671122994652
118.86202277294038
118.74515050167224
118.59744623655914
118.36789297658862
118.3014705882353
117.93453573814296
117.88160535117058
117.71217215870881
117.40066666666667
117.26031957390146
117.01407506702412
116.87718120805368
116.70449966420416
117.19114688128772
116.961872909699
116.72508361204012
116.54485049833886
116.265604249668
116.19269102990033
115.9449602122016
115.89588859416446
115.78699402786994
115.55199999999999
115.30339321357286
115.1895640686922
114.88741721854305
117.23122923588039
120.14147688060731
119.88625592417063
119.61760752688173
119.14719783929777
118.83489932885905
118.79705291359679
118.53612424037811
118.31741761936786
118.1275167785235
117.95390781563125
117.71457353928811
117.65907568653716
117.55548128342247
117.51434289526351
117.24149432955303
116.0197109067017
114.65990843688685
114.37377690802347
114.21625163827
113.97932816537468
113.68002585649644
113.28617363344051
113.21455938697318
113.08306709265176
112.91507024265644
113.37612323491656
117.51382333108563
117.34954007884363
117.08393442622952
116.87050359712231
116.73581213307241
116.52275682704811
116.26683771648493
116.10448717948718
115.95798854232973
115.53316326530611
115.4174078780178
115.14267676767676
114.99748269351794
114.78378378378378
114.57303370786516
114.38226108682073
114.30161691542288
114.09
113.93187499999999
113.7110694183865
113.44555071561916
113.34328358208955
113.2695652173913
113.12701363073111
112.8260333127699
112.69363804817789
112.29869321717486
112.24227441285538
112.1248447204969
111.9137181874612
111.68024691358025
111.38895781637717
113.86034912718205
115.80155138978668
115.72779922779924
115.3998728544183
115.40063492063493
115.32572877059569
115.2764073371284
114.86290839205637
114.73765234124438
114.53532781667727
114.43102352193262
114.29535327816677
114.15739570164348
113.99745060548119
113.86641221374046
113.68571428571428
113.57874762808349
113.39001264222503
116.06005056890012
119.23293963254594
119.12802090137166
118.61413748378729
118.42068079640333
118.23849104859335
118.24967989756722
118.0888178913738
117.83611825192801
117.67762733720181
117.66988416988417
117.62880710659898
117.271974522293
117.22455470737913
116.95812182741116
116.92536369386464
116.47730138713746
116.45974842767296
116.23717146433042
116.02588383838383
115.99242902208202
115.66836734693877
115.67834394904459
115.52060875079265
115.42646114322415
115.81963788300835
118.44107744107744
120.25911708253359
121.93581395348838
122.85593220338984
122.70669745958429
122.50435413642961
122.42083333333333
122.03673469387755
122.11615487316422
122.18729535036019
121.85677252106287
121.38295081967213
121.40809768637533
121.0454250486697
120.92556634304208
120.75844155844156
120.57299741602067
120.30229591836735
119.93806451612903
118.8378728923476
115.794921875
112.29434697855751
112.01814646791964
111.91126943005182
111.53259452411996
111.19115734720415
111.12386511024644
110.75551232166018
110.50194300518135
110.31334622823985
109.97467532467533
111.98319327731093
116.44133333333333
116.62089752176826
115.7373271889401
114.82364467668191
113.77002583979328
110.86109282422646
109.11206896551724
106.06498673740053
105.08577127659575
105.24262734584451
104.96827495042962
104.66821808510639
104.14399469143996
104.02518223989398
103.6953642384106
103.51883674818242
102.90794701986755
102.78937007874015
102.46591661151555
102.40251989389921
102.1574440052701
101.97824653922214
101.8996699669967
101.71645736946465
104.43072882468812
106.98213103904699
106.79461942257217
106.09526938239159
105.9960500329164
105.761685319289
105.61876640419948
105.26204620462046
104.90410052910053
104.7543160690571
104.6141160949868
104.48357424441525
104.42651861528412
103.92159468438538
103.88328912466844
103.73069306930694
103.61462450592884
103.39522546419099
103.14626075446725
102.81606905710491
102.65003326679974
102.48941798941799
102.26447368421053
102.05986842105264
101.79894875164257
101.60610079575596
101.3497375328084
101.15903141361257
101.09293193717278
100.78026315789474
100.78143515470705
100.5319289005925
100.33822548365578
100.17005267118134
101.0
101.0
101.0
101.0
101.0
101.0
101.0
99.01517450682853
98.90845886442642
98.95665024630543
98.68877551020408
98.43707611152976
98.38801711840227
98.24658469945355
98.2624584717608
98.13529411764705
98.3302752293578
102.06975184439973
103.27437794216544
103.01250822909809
102.65290322580645
102.32012779552716
102.18654822335026
102.05276541640178
101.97640306122449
101.7319257837492
101.66877770740976
101.61904761904762
101.42739378566898
101.09974747474747
100.91740226986128
100.68304977945809
100.48025078369906
100.27255520504733
100.12830188679246
99.91697877652933
99.65601503759399
99.46703980099502
99.23960273122285
98.96892479801119
98.86451211932877
100.42164179104478
104.43632837750485
105.05249513933896
104.51186658114176
103.96774193548387
103.85466237942123
103.59423076923076
103.35974440894569
103.11288265306123
102.81841432225065
102.58482142857143
102.22053231939164
101.98792884371029
101.6607594936709
101.20925808497147
100.42078580481623
100.08291139240507
99.60755441741358
99.18263090676884
98.46321177223288
100.61702127659575
101.36655737704919
100.63442940038685
99.45274584929757
98.61504142766094
97.72936660268715
96.97135582431572
96.2828025477707
95.63590709353421
95.20250783699059
94.78500619578686
94.53511497824736
94.38923267326733
94.22948797038865
93.81054567749847
93.4818684695759
93.00837628865979
92.54189085318986
92.54189085318986
92.54189085318986
92.54189085318986
92.54189085318986
92.54189085318986
92.54189085318986
88.0
88.0
89.22304832713755
89.05529522024368
88.4505928853755
88.43090007087173
93.02364864864865
93.57514638906962
93.3796992481203
93.1033434650456
92.76407185628743
92.79642857142858
92.6525323910483
92.50354609929079
92.21987066431511
91.82913984786425
91.75876168224299
91.38992974238876
91.34305717619603
91.01462843768286
90.89713617767387
90.80233918128656
90.64236111111111
90.55715935334872
90.38278068644561
90.16916859122402
89.85913853317811
92.63515081206496
98.44404113732608
102.80576441102757
102.85290482076638
102.30811808118082
102.1857055589493
101.82374541003672
101.51516990291262
101.43987915407854
101.18176364727054
101.03022974607013
100.77011494252874
100.55728854229154
100.44237695078031
100.4259927797834
100.07743097238895
100.06478704259149
99.94216867469879
99.68168168168168
99.6610576923077
99.44693753790176
99.33595641646488
99.10818888224746
98.58879618593564
98.2647412755716
98.1133773245351
97.66686746987952
97.37050359712231
98.45334136062613
99.25197328476017
98.95581113801452
98.55266343825666
98.34790419161676
98.09395571514064
97.94939759036144
97.50866706515242
97.41641879833432
97.23026315789474
96.98500299940012
96.69994022713688
96.42745803357315
96.0692588092345
95.28381642512078
93.77898550724638
93.7355421686747
93.31693989071039
93.08308065494239
92.99338146811071
92.65649311789348
92.23568818514008
91.96484848484849
91.74984857662022
91.60858895705522
92.17631578947369
93.07404458598727
92.60440713536201
91.8671096345515
90.35926305015353
89.1124763705104
87.38372093023256
87.32430506058446
86.96167008898016
86.73998686802364
86.52688860435339
86.41581632653062
86.17580340264651
85.7922645040549
85.62718204488777
85.47410604192355
85.2425167990226
85.0343347639485
86.88289962825279
91.88166449934981
94.57313829787235
94.51764705882353
94.13826366559485
93.87019533711405
93.43994943109988
93.1956934768841
93.0969773299748
92.94280326838467
92.77028714107365
92.68614045991299
92.24498746867168
92.21741854636592
91.96007485963818
91.83416458852868
91.83023543990086
91.68645640074212
93.03343653250774
96.1839592616168
96.55104629042486
96.25757575757575
96.20113136392206
95.83656856606136
95.64764890282132
95.36
97.25096277278561
98.79274611398964
98.71086675291073
98.30103359173127
98.02200647249191
97.86601941747573
97.64059469941823
97.50448717948717
97.19096774193548
97.11046511627907
96.91801162040025
96.78269230769232
96.55948553054662
96.26343042071198
96.19001297016861
95.86619263089851
95.59935275080906
95.45919689119171
95.17786561264822
95.88597097442985
97.73139745916515
98.1221264367816
98.1221264367816
98.1221264367816
98.1221264367816
98.1221264367816
93.68885869565217
93.05128205128206
92.96424815983175
92.70235756385068
95.0
96.69906542056074
96.8814479638009
96.57836456558773
96.30180921052632
96.19323671497585
95.83990345937248
95.8498023715415
95.57198443579766
95.37460815047022
95.06770428015564
94.7401086113266
94.61955691367456
94.4016454749439
94.33733133433283
94.09198813056379
93.85533184190902
93.56609410007468
93.32645541635962
93.24431401320616
93.05697589481373
92.62719298245614
92.55717407137655
92.37572674418605
92.2101083032491
95.43620178041543
99.1293172690763
98.94753328112765
98.72432024169184
98.36830357142857
98.03323485967503
97.81327498176513
97.80029154518951
97.47760115606937
97.23280802292263
97.078360891445
96.91720199857245
96.76645435244161
96.08339222614842
95.98505338078292
95.88372093023256
95.50426136363636
95.41076487252124
95.24223163841808
95.10254596888261
94.76123595505618
94.46401118099232
94.38308457711443
94.15994236311239
94.1620029455081
94.4958553127355
97.60015835312748
99.70497147514263
100.30048465266559
99.93060909791828
99.89537528430628
99.8105423987777
99.73046875
99.3457249070632
98.07692307692308
98.07692307692308
98.07692307692308
98.07692307692308
98.07692307692308
100.63826366559485
100.4059171597633
100.13674321503132
100.31104651162791
100.17625570776255
100.0493079584775
99.7843137254902
99.04169944925255
98.93726379440665
98.7701317715959
98.04055944055943
97.7396694214876
97.48324396782843
97.37350993377484
97.14276401564537
96.7854381443299
96.63671128107075
96.27021822849807
96.77363515312916
97.04429530201342
96.81602564102565
96.4513931888545
96.19939024390244
95.93014925373134
95.72002362669816
95.1673541543901
94.9073856975381
94.48417350527549
94.00116686114352
93.61055718475073
93.02058823529411
92.75246949447995
92.55932203389831
92.14537963507946
93.80873671782763
95.75407854984894
95.26739261947974
94.52016857314871
94.12372372372373
93.76184763047391
93.24185765983113
93.02710843373494
92.66111771700356
92.61154074955384
92.46798324356672
92.22368421052632
92.22368421052632
92.0173860911271
91.91447368421052
91.7773788150808
91.6118776244751
91.37901758641601
90.94882860665845
90.72988505747126
89.76062322946176
89.69202363367799
89.56395348837209
89.4199716713881
89.24281805745554
89.03769841269842
88.66470203012443
88.46510152284264
87.99812382739212
87.57116221255438
87.48359133126935
87.3992673992674
87.19447852760736
87.00305810397553
86.71183323114654
87.96886446886447
93.30360531309297
95.04198473282443
94.22572665429809
93.81061073411475
93.50429447852761
92.78380024360536
92.58243080625752
92.1887357699221
91.85895117540687
91.63636363636364
91.2244776119403
90.81354916067146
90.69796650717703
90.57747318235995
90.29843561973526
90.18989653073646
89.76698369565217
89.36333333333333
89.36333333333333
89.36333333333333
89.36333333333333
89.36333333333333
89.36333333333333
90.27525252525253
90.5364308342133
90.53839037927844
90.21993410214168
89.85106382978724
89.61527377521614
89.31450488145049
89.03234501347708
88.67042440318302
88.45554834523037
88.22215108834827
87.89058524173028
89.73529411764706
94.33770491803278
95.35657894736842
94.33183568677792
93.98285714285714
93.70275344180226
93.40261356565028
93.01550868486352
92.90779702970298
92.75061881188118
92.5251084934904
91.95555555555555
91.80637254901961
91.62324159021406
91.2696287279367
91.00362756952842
90.74049487024743
90.3329312424608
90.02851941747574
89.69498777506112
89.30661809350335
88.88719512195122
88.56140350877193
89.97682926829269
94.10852713178295
94.36880370125579
94.01133333333334
93.71333775713337
93.40145502645503
92.86513157894737
92.86161879895562
92.7543973941368
92.59146735617324
92.47036082474227
91.96398713826366
91.70358514724713
91.38466453674121
90.92866407263294
90.47911227154047
90.42769857433808
93.74568138195778
96.0
96.0
96.0
96.0
96.0
96.0
92.42424242424242
92.42424242424242
92.42424242424242
94.04326328800988
94.15520833333333
94.14832089552239
93.77112676056338
93.66118421052632
93.54503464203233
93.50480413895048
93.40243902439025
93.22285714285714
92.8231148696265
92.51774530271399
92.2919254658385
92.21428571428571
91.61245674740485
91.27248140635565
94.76863572433193
95.02557014512784
94.61491525423729
94.17813765182186
94.01070234113712
93.82247340425532
93.57534246575342
93.23968565815323
93.02883355176934
92.52925877763329
92.08202099737532
91.86431833007175
91.7378640776699
91.55920205920206
91.4932388924662
91.06640876853643
90.83183568677792
90.44901836605446
90.0829639012033
89.74430379746835
89.44910941475827
88.96575776791376
88.68702770780857
88.64631843926998
88.34398496240601
88.28849780012571
94.0072607260726
94.92225913621263
94.2095926412615
93.94816272965879
93.51960784313725
93.1984282907662
92.96412263535551
92.99739583333333
92.75631885936487
92.70900842514583
92.23000660938533
92.07299270072993
91.72665764546684
91.48125937031485
93.70217917675545
93.70217917675545
93.70217917675545
93.70217917675545
93.70217917675545
93.70217917675545
93.70217917675545
93.70217917675545
93.70217917675545
97.5
97.5
97.5
100.20574886535553
100.46950517836594
100.65663900414938
100.88690476190476
101.04413145539905
100.88807339449542
100.55239786856129
100.19130434782609
100.05290102389078
99.59180187873612
98.78282828282829
98.15136476426798
97.90630048465266
97.1584
96.81560283687944
96.32808811959087
96.02509803921569
95.8113063407181
95.67827403482211
95.0983231707317
94.93111279333839
95.68437259430331
99.99340478153339
103.34247787610619
103.51176470588236
103.30427764326069
103.49961028838659
103.22264150943397
102.65853658536585
102.29941860465117
101.64841498559078
100.74550682961899
99.81864161849711
99.26790830945558
98.5623663578047
97.95951704545455
97.20492396813903
96.47563636363637
95.9160419790105
95.47044917257683
98.5536231884058
99.73061224489797
99.73061224489797
99.73061224489797
99.73061224489797
99.73061224489797
99.73061224489797
99.73061224489797
97.98389694041867
98.00391644908616
97.8108108108108
97.86570247933884
97.88333333333333
97.23813786929276
96.11847555923778
95.9088
95.63063763608088
95.2147859922179
94.88795088257866
94.70336391437309
94.47396226415094
94.08567096285064
93.82511210762331
93.37100371747212
92.99925428784489
92.72788605697151
92.47431124348473
92.01442672741078
91.65165165165165
91.47451274362818
90.94427710843374
90.67854435178165
90.26372776488786
91.221875
95.90129449838187
98.62707641196013
98.01736972704714
97.58326497128795
97.22929936305732
96.85973207249802
96.73170731707317
96.2007662835249
96.12167300380227
95.91374045801527
95.81617086193745
95.4942878903275
95.33863636363637
95.08136882129277
94.93048128342247
94.42619227857683
93.93626707132019
93.43168168168168
92.86692015209125
93.90109034267913
99.2525167785235
100.97680412371133
100.3083264633141
100.11673469387756
99.8739837398374
99.53158326497129
99.13736713000819
98.90515126737532
98.75750202757501
98.38536585365853
98.28248587570621
98.08427876823339
97.9983870967742
97.51996805111821
97.37857142857143
97.12946783161239
96.88492063492063
96.46116893514812
96.2816
96.00645682001614
95.66505636070853
95.41619887730553
94.92955465587045
94.59437751004016
94.5158924205379
98.22723404255319
102.01238938053098
103.02506714413607
102.22988505747126
101.96006944444444
101.58641444539983
101.03807106598984
100.95769881556683
100.37290969899666
100.09770603228547
99.86352148272957
99.33843537414967
99.12735042735042
98.42178046672429
98.25602140945584
97.3965317919075
97.3965317919075
97.3965317919075
97.3965317919075
97.3965317919075
97.3965317919075
97.3965317919075
97.3965317919075
97.3965317919075
111.5
111.5
111.5
111.5
111.5
112.13924050632912
111.85350318471338
111.9164677804296
111.65842696629213
111.00221729490022
110.66006600660066
110.75081256771398
110.56852248394004
110.15086206896552
110.01155462184875
109.48400412796698
109.4665991902834
109.08779011099898
108.6676441837732
108.54798464491363
108.46564885496184
107.99810606060606
107.81180811808119
107.61743119266055
106.89243391066546
106.52406902815622
105.99288256227757
105.3330396475771
105.16608391608392
104.44415357766144
104.00862068965517
103.69283865401208
103.12900505902192
102.9261744966443
102.51864125932063
101.96972176759411
101.7712895377129
101.1646390916464
101.0335463258786
100.3984126984127
99.98173153296267
99.63435776201734
99.1541598694943
98.98075240594926
98.98075240594926
98.98075240594926
98.98075240594926
98.98075240594926
98.98075240594926
95.34545454545454
95.34545454545454
95.34545454545454
95.07926023778072
94.61353711790393
94.36327345309381
94.17181467181467
94.13674418604651
93.46230699364214
93.01777777777778
92.71269296740995
92.29051217464315
92.07485760781123
91.4928
91.47130153597413
92.74320771253286
92.48648648648648
92.30097879282219
91.87898089171975
91.43711180124224
91.28203184230478
90.75691847419596
90.26405325443787
90.12240356083086
89.69571639586411
89.42143906020559
89.22214129643118
88.73951434878587
88.39666424945612
88.27134587554269
87.91074020319303
87.592
87.26033357505439
86.84960231381055
86.52224653537564
86.27871250914411
85.98546511627907
85.74872541879097
85.50147058823529
85.32527472527472
84.61504424778761
84.4186046511628
83.92775330396476
83.92775330396476
83.92775330396476
83.92775330396476
83.92775330396476
83.92775330396476
83.92775330396476
83.92775330396476
83.92775330396476
81.25105189340813
81.21364653243847
80.76728334956184
80.60017497812774
80.31967213114754
80.03170920340294
82.84398782343987
89.06230031948881
89.40258751902587
88.67836257309942
88.54539007092198
88.1067415730337
87.68970283344851
87.53556771545827
87.21680216802169
86.68314150304671
86.37584345479083
85.92126514131898
85.61891891891892
85.4020202020202
84.9852249832102
84.69688768606224
84.23680649526386
83.85907859078591
83.41683638832315
83.0183923705722
82.68413886997958
82.20216362407032
81.6866981769075
81.31376518218623
81.05131667792033
80.59905660377359
81.17004048582996
89.31560283687944
89.79151943462898
89.100633356791
88.92543554006969
88.54916897506925
88.38259668508287
88.08240997229917
87.74587912087912
87.41740918437286
87.13147138964578
86.81071913161465
86.45547945205479
86.37174211248285
85.7966573816156
85.49741315594974
85.23621399176955
88.451171875
91.52668680765358
93.84225621414915
92.97643979057591
92.75903614457832
92.40884820747522
92.10162002945508
91.74466571834994
91.57676056338028
91.2407277816655
90.94722222222222
90.65749656121045
90.3832991101985
90.03986254295533
89.70704996577686
89.42750677506776
89.26548672566372
88.78369272237197
88.45161290322581
88.19436997319035
87.66532797858099
87.32463186077644
87.04637096774194
88.44361917623227
89.7491408934708
89.3313049357674
88.84636118598382
88.57777777777778
88.24613315400134
87.9421265141319
87.71188717259906
87.3995983935743
87.06018518518519
86.75781769793745
86.51193633952255
86.22362309223622
85.71352785145889
85.30139720558883
84.882
86.41184298070526
88.55411844792376
88.00067476383266
87.72757697456493
87.40829986613119
87.22860962566845
86.78414390406395
86.39029255319149
86.14590273151232
85.65333333333334
85.52726063829788
85.11492734478203
84.82267633487146
84.4824619457313
86.368245496998
86.63087248322148
86.2621747831888
85.76462765957447
85.61655629139072
85.26312292358804
84.99670836076366
84.70026525198939
84.45268034414295
84.04370860927152
83.82946250829463
83.34773936170212
83.03637566137566
82.74783188792529
82.41360907271515
83.77188328912467
86.59945504087193
86.52005438477227
86.08394895903291
85.73977196512408
85.27254509018036
84.88859416445624
84.59391534391534
84.37392455327597
83.8278364116095
83.52812706816678
83.40410052910053
82.98421052631579
82.77003942181341
82.1497617426821
81.8232558139535
82.73514602215509
83.33022170361727
82.91882352941177
81.7455121436114
81.33847637415622
81.06189213085764
80.78024691358024
80.42770628311885
80.1513592946363
79.9812274368231
79.66761162296244
79.59381588193956
79.52404181184669
81.960219478738
83.34171907756813
82.74420190995907
82.63531799729364
82.56064690026955
82.53271028037383
82.37017310252996
82.29227696404794
82.13663366336634
81.85212201591511
81.56556291390729
80.91920529801324
80.80277961614824
80.41549766199064
80.01380262249828
79.5381199111769
82.65258620689656
82.65258620689656
82.65258620689656
89.5
89.5
89.5
93.79100529100529
93.47013274336283
93.46712463199215
93.29017447199266
92.57756354075373
92.17394957983193
91.80634662327095
91.26760563380282
91.01814058956916
90.46953937592868
90.39603232916973
90.15686274509804
89.67049533381191
90.91625266146202
93.7420546932742
93.63157894736842
93.21739130434783
93.06538734896944
92.8119298245614
92.57756232686981
92.38125
91.71508379888269
91.58142758142758
91.18806384455239
90.6046993780235
89.91164383561645
89.45862068965518
88.98439620081412
88.578125
88.24170616113744
87.95760430686407
87.53772943575798
87.42442645074225
87.1084175084175
86.68105192178018
86.34875922199866
86.05013368983957
85.72218520986009
85.35156771180787
84.96227663798808
84.51256613756614
84.16809492419249
83.7250656167979
83.25295663600525
83.07913669064749
82.56825604180274
82.38602220770738
82.11197411003236
81.75523560209425
81.41693811074919
81.22632944228275
86.77960301163587
90.82823871906841
91.72852983988355
91.02325581395348
90.74025069637884
90.59375
90.36276522929501
90.19291070211315
89.80474576271186
89.60907859078591
89.45491251682368
89.28590514362057
88.96316141995982
88.69235924932975
88.27892976588629
88.14428191489361
87.70544720914593
87.35670937289278
86.4554054054054
86.00870730073677
85.57210242587601
85.33579088471849
85.01665556295802
88.499661933739
92.0112676056338
91.985935302391
91.48918353105374
90.99790648988137
90.72971114167812
90.34628975265018
89.94540727902947
90.57879234167893
90.64880952380952
90.64880952380952
90.64880952380952
94.5
94.5
95.83652430044182
96.02000000000001
95.67979274611399
95.46647780925402
95.1786030061892
94.671875
94.24046692607004
93.93768768768768
93.41176470588235
93.20943531093639
92.83823529411765
92.6398891966759
92.14799446749655
91.625
91.39784946236558
91.09041835357625
90.72781854569713
91.25886287625418
94.11731448763251
95.07364620938628
94.50070521861777
94.14414414414415
93.98430034129693
93.55151515151515
93.20161834120027
92.89169435215946
92.30039787798408
91.97827518104016
91.62606978275181
91.31833007175473
90.98318240620958
90.48576972833118
90.19639407598197
89.82474226804123
89.10556994818653
88.8208573256558
88.59271099744245
88.17091836734694
87.70222222222222
89.15869017632242
90.72030651340997
90.41374920432845
89.79556962025316
89.12421580928482
88.87920298879203
88.60555555555555
88.30061349693251
87.84129901960785
87.55168195718655
87.30188679245283
87.22721749696234
90.64077066500933
96.54769846564376
99.10983827493261
98.74120769741208
98.39832149774048
98.15054452274182
97.52469531751123
97.31041009463723
96.9449656035022
96.70143660212366
96.215625
95.93107769423558
95.38224181360202
95.02119700748129
94.70646766169155
94.25311720698254
93.88444990780577
93.41877702285362
92.9394495412844
