76.48785714285714
76.60573476702508
77.33189033189034
77.16031631919482
76.80344332855093
76.7790530846485
76.71816881258941
76.76361031518624
76.84637473079684
76.78263988522238
76.69642857142857
76.60028653295129
76.51077586206897
76.47735442127966
76.57758620689656
76.48600143575018
76.38924731182796
76.21423436376708
75.68857142857142
75.5958512160229
75.38538681948424
75.0519943019943
74.71356783919597
74.54584527220631
74.38693467336684
74.06299212598425
73.69357142857143
73.3961318051576
73.09878310665712
72.68714285714286
72.47067238912733
72.18544935805991
71.8045486851457
71.61478322672353
71.28022759601707
70.93732193732194
70.56475583864119
70.18484419263456
69.78474697077691
69.51353276353277
69.3105151729005
68.94613749114103
68.61347517730496
68.42112776588151
68.17372881355932
67.47974413646055
67.14911660777385
66.77037562012757
66.47804532577904
66.2226173541963
65.71765546819157
65.40793201133144
65.31156848828957
64.7196261682243
64.48283261802575
64.38467048710602
63.832967032967034
63.76042456406368
65.00240577385726
66.28985507246377
67.16333333333333
68.04047976011994
68.04047976011994
68.04047976011994
68.04047976011994
68.04047976011994
68.04047976011994
68.04047976011994
68.04047976011994
68.04047976011994
68.04047976011994
68.04047976011994
68.04047976011994
68.04047976011994
68.04047976011994
68.04047976011994
68.04047976011994
68.04047976011994
68.04047976011994
76.5
76.5
76.5
76.57482517482518
76.72949002217295
76.89393939393939
76.84848484848484
77.11528384279475
76.94352736750652
76.7753108348135
76.30305755395683
76.04241281809614
74.94089834515367
74.94089834515367
74.94089834515367
74.94089834515367
74.94089834515367
74.94089834515367
74.94089834515367
74.94089834515367
74.94089834515367
74.94089834515367
74.94089834515367
74.94089834515367
74.94089834515367
82.70133333333334
82.07874865156418
81.52822966507178
81.48899755501222
81.33209785025946
81.00416377515614
80.82235528942115
80.21973684210526
79.89033095392602
79.68243681140635
79.16198563030699
78.80693717277487
78.33421226104153
77.97295514511873
77.82640264026402
77.58136482939632
77.12920237310482
76.85119047619048
76.5625
76.18815789473685
76.86529528865296
84.69535519125684
88.01296043656207
91.08418891170432
91.02074688796681
90.9799585348998
90.7009735744089
90.34004163775157
90.05470914127424
89.76790633608816
89.33838731909029
89.08884297520662
88.81438356164384
88.49147920927062
88.1092032967033
87.71214188267395
87.42934782608695
87.18972602739726
86.52832764505119
86.46232876712328
85.96666666666667
85.68553888130968
85.43228454172366
85.14129692832765
84.76954452753229
84.48271186440678
84.2498298162015
83.64300341296928
83.50441876274643
83.15353260869566
82.88964116452269
82.56046195652173
82.32566012186865
82.03520649966147
81.85994587280108
81.3970189701897
81.01819407008087
80.83153638814017
81.04777927321669
83.74676650782845
83.74676650782845
83.5
83.30628803245436
83.0485502360081
82.87491548343475
82.41909275558565
82.1023569023569
81.9055967633176
81.67702702702702
81.3835246455098
81.1016835016835
80.95903290799194
80.97315436241611
83.31722260040844
82.80800542740842
82.76200135226505
82.37686062246279
82.07104557640751
81.944032366824
81.625
81.38631790744466
81.09498327759198
80.87658438959306
80.43758389261745
80.19892833221701
79.95655080213903
79.95040214477211
82.10671140939597
81.84387617765815
81.56795131845841
81.239652870494
81.01472556894244
80.67205387205387
80.28859060402685
80.13542361574383
79.93391188251002
79.69515477792733
79.29205921938089
79.09731543624162
79.5505016722408
79.30655957161981
79.23568575233023
79.02479892761394
78.73074346952444
78.43779421654338
78.18389261744966
77.98262032085562
77.83545150501672
77.62642521797451
78.67341430499326
78.1985195154778
78.12466487935657
77.93158953722335
77.5342372881356
77.1923076923077
77.03573836817262
76.74396782841823
76.30707070707071
75.96024258760107
75.72300469483568
75.2072192513369
75.06917394224311
74.79161028416779
74.30779569892474
74.03778677462888
73.81186783546865
73.35570469798658
72.85302013422819
72.54368279569893
72.19798657718121
71.8428093645485
71.49062918340027
71.1371237458194
70.88903743315508
70.39454424484364
70.11283783783784
69.4881836596894
69.16452268111036
68.949358541526
68.51417004048584
71.39484396200814
71.91621253405995
71.27574525745257
71.21847606203642
70.97025016903314
70.42058623040218
70.1500339443313
69.8680649526387
69.68864717878994
69.27340569877883
69.0198494182067
68.78936605316973
68.34907597535934
68.17241379310344
67.77348066298343
67.36995827538247
67.54583333333333
69.97446514837819
69.17854671280277
69.03219178082192
68.77754962354551
68.41505524861878
68.23060941828255
67.79792387543253
67.49687282835302
67.28481894150418
67.01673640167364
66.76917712691771
66.27482517482518
66.11041229909155
65.87718073970692
65.3059649122807
65.21011946591707
64.78742937853107
64.40631730078967
64.37799401197604
66.12760180995475
66.83597883597884
66.83597883597884
66.83597883597884
66.83597883597884
66.83597883597884
66.83597883597884
66.83597883597884
66.83597883597884
66.83597883597884
66.83597883597884
64.49520766773163
64.82308657465495
64.30869130869131
64.02183803457689
63.42046431642305
63.138359569179784
62.44911147011308
62.150393700787404
61.61235521235521
61.254946727549466
60.713318284424375
60.13810930576071
59.74685418208735
59.31609613983977
59.04545454545455
58.47356828193833
58.19912790697674
57.90247452692867
61.881838074398246
68.39059158945118
71.10886252616888
70.97730398899587
70.78415300546447
70.262508567512
70.02732240437159
69.8323108384458
69.39590443686006
69.22930800542741
70.50817438692098
76.41433447098976
76.42477876106194
76.30101694915254
76.09575185434929
75.69721656483367
75.46562287270253
75.16767676767677
74.96127717391305
74.5825968728756
74.17571234735414
73.99662162162163
73.67871759890859
73.3206779661017
73.11050847457628
72.76682528891911
72.40425531914893
72.14986376021798
71.81476418318523
71.28424657534246
71.09848484848484
70.80013689253936
70.45048143053646
70.20068728522337
69.87474332648871
69.4824016563147
69.09677419354838
68.69103448275862
68.2239010989011
68.03637611530542
67.6935261707989
67.31473829201101
66.9910775566232
66.84301521438451
66.92110726643598
68.79986197377502
68.03840877914952
68.04765146358066
67.73237508555783
67.24363386097728
67.07118175535591
66.87612456747405
66.42551724137931
66.13633217993079
65.91988950276243
65.37412095639944
65.15977575332866
64.99374130737135
66.52937111264686
66.22329427980704
66.0576527110501
65.91678129298487
65.42076124567474
65.24116424116424
64.90770298403886
64.51927119831815
64.1906096706377
64.00139275766017
64.9656622284513
65.74225352112676
65.09684210526316
64.98244382022472
64.80845070422535
64.32678821879382
64.0506329113924
63.90684544812986
63.41472045293702
63.351485148514854
62.94844632768361
62.63435495367071
62.33711048158641
61.25939050318922
60.62697274031564
60.38555956678701
59.97779369627507
59.54780733285406
59.15732758620689
58.94691535150646
58.53503649635036
58.269539810080346
59.285506190823014
60.95848246241947
60.615107913669064
60.587473002159825
60.17659727207466
59.911238367931276
59.60418168709445
59.475707034082674
59.29351784413693
61.212401995723454
62.0206847360913
61.87803138373752
61.64295977011494
61.512508934953544
61.28060128847531
61.6033117350612
61.55699855699855
61.280802292263616
60.92981186685962
60.62227074235808
60.33117350611951
60.15429403202329
59.925253991291726
59.61086637298091
59.7189591078067
59.713076923076926
60.65780445969125
61.226571767497035
60.15028901734104
60.15028901734104
60.15028901734104
60.15028901734104
60.15028901734104
60.15028901734104
60.15028901734104
60.15028901734104
60.132231404958674
60.40026954177898
60.49350649350649
60.57754010695187
60.635999999999996
60.16150234741784
60.067506750675065
59.76058772687986
59.816120906801004
59.92351973684211
60.843121480289625
60.78503184713375
60.53689167974882
60.48916408668731
62.49739000745713
64.37794117647059
67.07035175879398
70.44028268551237
75.54896551724138
78.25943719972547
80.10540725530458
79.89516678012254
79.65671641791045
79.40989159891599
79.26944065484311
78.88191126279864
78.88722826086956
80.02472527472527
79.60756013745704
79.40027229407761
79.10422343324251
78.83321941216678
78.52054794520548
78.33423913043478
77.9822767552829
77.6
77.31048663468128
76.94693314955204
76.54364261168385
76.3048275862069
76.03840877914952
75.63793103448276
75.39256198347107
75.07991803278688
76.66085136078158
76.63110181311018
76.39278278972935
76.31111111111112
75.79428172942818
75.5
75.29688581314879
74.93857832988267
74.56606397774686
74.24104683195593
73.82782369146005
73.50347222222223
73.10699588477367
72.62534626038781
72.723638869745
75.53583855254001
75.41707147814019
75.07905686546464
74.52875952875952
74.33448038540949
73.98695054945055
73.56866804692892
73.34456671251719
73.01446280991736
72.72633744855968
72.6978021978022
74.62154696132596
74.37809917355372
74.27291523087526
73.77754962354551
73.54807692307692
73.2678936605317
72.9084073820916
72.7642220699109
72.45610425240055
72.08973487423522
72.86879673691367
72.76996587030716
72.38477366255144
72.14683888511217
71.90822569680489
71.63333333333334
71.3561736770692
71.17015530047266
71.27815468113975
70.88271186440679
70.6607869742198
70.29172320217096
69.98580121703854
69.72892784895483
69.73319892473118
69.98717948717949
70.01954177897574
69.79163857046527
69.38451178451179
69.13270777479893
69.79107505070994
70.2832097100472
70.52040133779265
70.1983860121049
70.06304493628437
69.94369973190348
69.89180107526882
71.07104557640751
70.84656796769852
70.65616621983914
70.4728370221328
70.50167897918065
71.03877005347593
71.18047138047137
71.07061197041023
71.77510040160642
72.34785522788204
73.12784471218207
73.27683997299123
73.39986513823331
73.75763747454175
73.87780040733197
74.36547538772759
74.81842818428184
75.20259208731241
75.1312925170068
74.97086720867209
74.8251700680272
74.3586440677966
74.27038043478261
74.03197278911564
73.80135593220339
73.55313351498637
73.21994535519126
72.99109589041096
72.7153635116598
72.43430905377808
72.14305270362765
71.89405331510595
71.54768392370572
71.19522184300341
70.87593728698023
70.43342391304348
70.20286885245902
69.96518771331058
69.55956432947583
69.42944785276073
69.5139550714772
69.26639344262296
69.18992511912866
68.92706203135651
68.59065934065934
68.23449216087253
68.33743169398907
68.13387978142076
67.95494880546075
67.64774281805745
67.29965870307167
67.34696659850034
67.47534246575343
67.1341961852861
66.9172932330827
66.67101648351648
67.74555403556772
68.39103448275863
68.04529855868222
67.82054794520548
67.69209621993127
67.23440712816998
66.9452804377565
68.15955983493811
68.0302613480055
67.76616231086658
67.60857538035961
68.09730848861284
69.45277777777778
69.80514961725818
69.7991660875608
70.74240331491713
72.34225352112676
73.66411149825784
74.67809657102869
75.604064470918
77.19101123595506
78.75511644318983
81.16385372714487
83.55980184005662
86.06110711718188
87.50144927536232
88.39626704953338
88.57132616487455
88.73126801152738
89.34485241180705
89.44934876989869
89.43509789702684
89.23016440314511
90.22795698924732
90.13558106169297
89.93669064748201
89.73919308357348
89.41510791366906
89.48675733715103
90.64718614718615
90.64548736462093
90.25163161711384
90.02669552669553
89.89280575539568
89.50611951043916
89.25827338129497
88.97039711191336
88.80716845878136
88.32480454868515
88.05053380782918
84.77026074700494
84.629811056683
84.10578279266572
83.61285814116003
83.41263157894737
82.91031073446328
82.62911126662001
81.68181818181819
80.13061797752809
79.48569434752268
79.00760193503801
78.57598889659958
78.25418994413408
77.3659217877095
76.61511546536039
76.41023842917251
75.87482614742699
75.59902029391182
74.78087927424983
74.5027972027972
74.14535290006988
73.59274755927476
73.34100418410041
72.82693649685973
72.52649930264992
72.11402902557015
71.6562282533055
72.94930555555555
73.05486111111111
72.63176144244106
72.52904564315352
72.0900962861073
71.85231193926846
71.48311509303929
71.12636612021858
70.93835616438356
70.27868852459017
70.08321964529331
70.13936097892591
72.30404941660947
72.1682561307902
71.81657608695652
71.65667574931881
71.21462423832092
70.99459824442944
70.40884353741497
70.12516914749662
69.88971583220568
69.67162162162163
69.1696065128901
70.2063599458728
70.8760162601626
70.30685675492192
70.0634278002699
69.98520511096167
69.58751696065129
69.19431279620854
69.6510522742702
69.68145161290323
69.53382451440054
69.22311827956989
68.93270524899057
68.40513166779203
68.21677852348994
69.2911051212938
69.0804054054054
68.8578167115903
68.53504043126685
68.2088948787062
68.00538358008076
68.00405679513185
70.15057393652937
70.50709939148074
70.26827632461435
70.04082998661312
69.86577181208054
69.676254180602
69.12096774193549
68.71978392977718
67.56102494942684
67.2241610738255
66.87970430107526
66.47158322056833
66.07531943510423
65.87943737441392
65.45625841184388
65.13471849865952
64.79919408999328
64.39391891891891
64.51789331532748
66.10472972972973
65.26195286195286
65.23624161073826
64.91565452091768
64.55705604321405
64.18451178451178
64.00871313672923
63.57528696826469
63.13670033670034
62.76871207012812
62.455713319810684
62.47447243022464
62.17479674796748
61.84010840108401
61.58423913043478
61.28610169491526
60.842354533152914
62.71872887085868
62.71100607697501
62.42420122365738
62.37152542372881
62.03921568627452
62.08769544527533
62.81886024423338
62.70319945541185
62.45
62.095788043478265
61.796736913664176
61.60546075085324
62.264021887824896
62.52123287671233
63.00610997963341
62.930847457627124
62.798227675528295
62.489041095890414
62.219562243502054
61.91917808219178
63.151329243353786
63.508230452674894
63.5106529209622
63.2574931880109
63.09591836734694
62.81849315068493
62.7972602739726
63.074124914207275
62.975443383356065
62.71594798083504
62.541895604395606
62.5586017820425
63.23098012337218
63.573498964803306
63.44574175824175
63.17156527682843
63.072404371584696
63.01706484641639
63.0498974709501
62.930584192439866
62.91964285714286
63.0704032809296
63.25882352941177
63.39118457300276
63.07074175824175
62.92793411118737
62.608635097493035
62.73148788927335
63.01313061506565
63.18615916955018
63.298611111111114
63.123259052924794
63.0974930362117
63.07306889352819
63.151430565247736
63.39733707077785
63.44553759662685
63.49612948627727
64.0974930362117
64.12840195394277
64.28943661971832
64.55250176180408
64.42194092827005
64.26576895818569
64.22457627118644
64.27556818181819
64.46657183499289
64.52133712660029
64.39630681818181
64.2587064676617
64.2690100430416
64.24314574314575
64.37554269175108
64.38388969521046
64.3730909090909
64.07580174927114
64.03950256035114
64.10956902848795
63.89970501474926
63.70217554388597
63.392911010558066
63.14549653579677
62.81438515081207
63.12996108949416
62.81351981351982
62.826728826728825
62.7072213500785
62.536949685534594
62.476642913697546
62.37559429477021
62.00321285140562
61.800959232613906
61.36495176848875
61.16224899598393
60.9919224555735
60.769230769230774
60.58847077662129
60.490491283676704
60.296974522293
59.935148118494794
59.65560821484992
59.56828885400314
59.38389366692729
59.39672642244739
58.94948697711129
58.810641627543035
58.027472527472526
57.791139240506325
57.83478260869565
58.945011783189315
58.98737174427782
58.86231313926042
58.4527402700556
58.10836653386454
57.8532477947073
58.99201277955271
59.18619582664526
59.89968152866243
60.50946372239747
61.158267716535434
61.85323965651834
62.16189000774594
63.75421133231241
64.96747352496217
68.04441154700223
70.07873436350258
71.13221329437546
72.3311499272198
72.66955892986262
72.51626898047722
72.40172166427547
72.27213822894169
71.997113997114
71.6592219020173
71.525824964132
71.33595988538681
70.9839883551674
70.64565217391305
70.59291395516992
70.65843023255815
70.53068592057761
70.29475982532752
69.65267727930535
69.67099567099567
69.71945046999276
69.7103548153512
69.61963636363636
69.46965317919076
69.11833455076699
68.87950937950939
69.2822174226062
69.28602305475505
69.02302158273382
68.7177825773938
68.56164383561644
68.61798561151079
68.62021660649819
68.64544138929088
68.51905104241553
68.27573794096472
68.40905823148813
68.40158615717375
68.22527075812275
68.11976911976912
68.04046242774567
68.16823104693141
67.90448625180898
67.68853640951694
67.56326825741142
67.36903039073806
66.90843023255815
66.64523121387283
66.40965618141917
65.94521548575602
65.82776162790698
66.33795620437957
66.31751824817518
65.77567370721049
65.42930029154519
65.08235294117647
64.740058910162
65.2496328928047
65.6767083027186
65.25863335782513
64.92296404988996
64.72205882352941
64.21502209131076
63.75867158671586
64.34581497797357
65.39133627019089
64.80808823529412
64.75386882829771
64.50811209439529
64.05956813104989
63.83988139362491
65.31397058823529
64.7806309611152
64.6216814159292
64.36990363232023
63.895787139689574
63.7466765140325
63.495138369483925
64.59053954175906
64.59437453737972
63.85661218424963
63.67481481481481
63.3863976083707
63.152631578947364
62.60328113348248
62.31334332833583
61.75243081525804
61.50562640660165
61.160945842868045
60.34825493171472
60.04736440030558
59.41507996953541
58.963678516228754
60.06211656441718
60.04141104294479
59.63422053231939
59.301987767584095
58.95552147239263
58.328232593726085
57.89016018306636
57.4815668202765
57.07137315748642
57.75038520801233
57.74922600619195
57.31211656441718
57.17214996174445
57.51475155279503
58.96720061022121
59.698722764838465
59.918106686701734
60.64115898959881
61.951291512915134
63.102994886778674
63.46506550218341
64.34643377001456
65.01593048515568
65.42124277456648
65.46350364963503
65.52528901734104
65.55515239477504
65.46528274874731
65.41618911174785
64.99928366762178
64.76585014409221
64.85673146148308
64.505772005772
64.43031609195403
64.03661162957646
63.74475777295734
63.371326164874546
62.68645908761766
62.236020334059546
61.8075526506899
61.22813411078717
60.84210526315789
60.557917888563054
60.211988304093566
59.785923753665685
59.66323529411764
59.276091783863805
58.83839881393625
58.49333333333334
57.91901931649332
57.48462115528882
57.2
58.40391861341371
59.28026905829596
58.5940074906367
58.50864012021037
58.31948640483384
57.8140243902439
57.38672768878719
56.98525989138868
56.40795631825273
56.11379579111457
55.77725118483413
57.60201706749419
58.31109387121799
57.8250773993808
57.72453703703704
57.28792569659443
56.87636932707355
56.70445660672401
57.19688715953308
57.943485086342235
57.92410015649452
57.72127329192547
57.51788491446345
57.24591439688716
59.252721617418345
59.246105919003114
59.00463678516229
58.73379629629629
58.605709876543216
58.38597842835131
58.56515034695451
60.56525096525097
60.561200923787524
60.527672479150866
60.494696969696975
59.75057383320582
59.64692307692307
59.40092165898618
59.04590665646519
58.657120743034056
58.54327666151468
58.48219814241486
58.19565217391305
57.814553990610335
57.66300940438872
57.38805970149254
57.27659574468085
56.92038216560509
56.75917065390749
56.486507936507934
56.2312
56.06143896523848
55.71615008156607
55.6013018714402
55.58353708231459
55.649593495934965
55.5271695052717
55.47251845775226
55.44562551103843
55.428921568627445
55.39183673469388
55.34398034398035
55.39183673469388
55.270867430441896
55.198686371100166
54.99505766062603
54.723793677204654
54.68019884009942
54.15371900826446
54.13625103220478
53.94671107410491
53.71573604060913
53.65195246179967
53.57264231096006
53.30624465355004
53.15856777493606
52.900939368061486
52.603256212510715
52.68181818181819
52.48445595854922
52.53958691910499
52.53958691910499
52.40484429065744
52.42168674698796
52.37359792924936
52.27256944444444
52.21932114882506
52.22096069868995
52.186351706036746
51.85776614310646
51.74803836094159
51.74803836094159
51.71965065502184
51.6159230096238
51.640350877192986
51.75592625109745
51.78352322524101
52.102005231037495
51.914612676056336
51.90347826086956
52.17959895379251
52.11471103327496
52.08070175438597
51.760907504363004
51.760907504363004
51.75807860262009
51.77797202797203
51.7963125548727
51.85464098073555
51.89894551845343
51.849777777777774
51.6607301869991
51.66990291262135
51.62001771479186
51.54666666666667
51.55062166962699
51.471326164874554
51.07985480943739
50.7045045045045
50.584462511291775
50.346014492753625
49.84800741427247
49.83518518518518
49.801299907149485
49.60146923783287
49.60146923783287
49.61085556577737
49.79316712834718
49.92685185185185
50.220183486238525
50.87717690192484
51.31046931407943
51.89435989256938
52.2114537444934
52.86062717770035
53.8926116838488
55.49450549450549
56.762684124386254
58.64188649080735
61.380510440835266
63.64599092284418
66.09954751131222
68.48435171385991
70.26064610866374
71.63296703296703
72.51086956521739
72.69126074498567
72.64722617354197
72.17974322396576
71.63326226012794
70.6376604850214
70.1330014224751
69.94370161857847
69.5468085106383
69.43857142857142
69.25910064239828
68.93954480796586
68.62228654124458
68.63864942528735
68.53118279569892
68.36011477761836
69.320970042796
69.15362526920316
68.81236520488856
69.0294751976995
69.36868686868686
69.45467730239304
69.55587808417997
69.56486880466473
69.34760522496371
69.28571428571429
69.19546120058565
69.05054945054945
68.74342105263158
68.3221083455344
68.07137546468401
68.01559020044543
67.72822040208489
67.49813571961224
67.16579536967886
66.9092936802974
66.49185185185185
66.09774436090225
65.54450261780104
65.10300751879699
64.67066766691673
64.11010558069381
63.758414360508596
63.14973664409331
62.69568508705527
62.066716641679164
61.64017991004498
60.76589379207181
60.34157303370786
59.8340874811463
59.21021021021021
58.66944024205749
58.309363295880146
57.68261199696279
57.23136049192928
56.71808510638297
56.18216756341276
55.71775417298937
55.27657935285053
54.71604938271605
55.51044083526682
64.02518518518518
70.23473837209302
74.27443881245475
75.65564342199856
77.78279569892473
78.07631389488841
77.85744985673352
77.57653791130186
77.28217821782178
76.82531824611033
76.48671328671328
76.20152883947186
75.98671328671328
80.50749464668094
79.76545842217485
79.59421312632321
79.25856044723969
78.86427566807313
78.63826815642459
78.27871148459384
77.86741102581996
77.47091412742382
76.99653018736988
76.6002766251729
76.42068965517241
75.9896480331263
75.6618556701031
75.13837764144513
74.71615120274915
74.32605729877217
73.9924914675768
73.32511978097193
72.95824777549623
72.55358361774744
72.20162932790224
71.68563685636856
71.357385976855
70.94623655913979
70.5367498314228
69.90033444816054
69.44742129939719
69.0260347129506
68.56099195710456
68.1
67.7849533954727
67.27139037433155
67.16058394160584
71.68801089918256
76.47769389155799
78.50901525658807
79.35540069686411
80.42294159042928
80.47689075630252
80.31537916371367
80.36421499292787
79.8893587033122
79.89466292134831
79.7739251040222
79.51422623178348
79.24930939226519
78.9482044198895
78.70816044260027
78.46339779005525
78.12859097127223
77.89788972089858
77.66620879120879
77.01154891304348
76.82174206617151
76.48915989159892
76.06734006734007
75.86195286195286
75.28466175485599
75.07009345794393
74.712
74.36655518394649
73.88420348058902
73.5669344042838
72.95146276595744
72.7322730284957
72.76256613756614
74.13630319148936
73.96677740863787
73.60079840319361
73.36184210526316
72.88801571709234
72.65950520833333
72.09348255431205
71.91666666666667
71.55098039215686
71.07908496732026
70.76662320730118
70.39087947882736
69.95552648790058
69.29784454604834
69.08028720626632
68.83366077275704
69.17716535433071
69.1034708578913
68.87320261437908
68.48565840938723
68.09595300261097
67.75814863102998
67.08127438231469
66.80506822612085
66.29247730220493
65.9590909090909
65.65322055953156
65.146484375
64.7574967405476
64.189453125
63.67080339647289
63.168627450980395
62.968688845401175
66.02442244224423
66.04319371727749
65.75787401574803
65.53185955786736
65.08018252933508
65.08018252933508
69.52514696276943
70.74015748031496
72.35540983606558
72.44480946123522
72.37377049180328
72.1827111984283
71.93272370999347
71.7847854356307
71.376953125
70.90956408588158
69.80104712041884
69.35909090909091
68.95166557805356
68.59545454545454
68.40378343118068
67.91758598312784
67.58020698576973
67.23426346528228
66.62960568842922
66.32276843467011
65.83495145631068
66.6526867627785
69.37109375
71.4901832460733
71.8420013166557
71.65949119373776
71.48859934853421
70.85303723056826
70.62532299741602
70.72780298120544
73.43475409836066
74.32423651721898
73.76723016905072
73.52788586251621
73.26044386422977
72.93246753246753
72.48502604166667
72.11576193590582
71.92992796332679
74.90098360655738
75.32036914963744
74.79002624671917
74.59921156373193
74.21049180327869
73.92852415618796
73.41372549019607
73.10204081632654
72.67057291666667
72.35363457760315
72.01047806155862
71.63981663392272
71.27200529450695
70.95562913907285
70.72196721311475
73.16367265469061
72.88918380889184
72.54904542462147
72.18562874251496
71.9367088607595
71.57585751978891
71.19707057256991
70.91976127320955
70.35719019218025
70.07758620689656
69.61217736598279
69.37566137566138
69.59867109634551
69.53774834437085
69.14029255319149
68.97333333333333
68.57989347536618
68.0659045057162
67.8324432576769
67.326
67.54551495016611
69.18254497001999
69.184350132626
68.85268745852687
68.77116402116403
68.29177718832891
67.96675531914893
67.70367892976589
67.23419827012641
67.03674014696058
66.73186959414504
66.27815013404826
66.04255319148936
66.01736806947228
65.09377093101139
64.86988598256204
64.39115874079036
64.1199200532978
63.85981308411215
63.389932885906035
63.072
63.11984021304927
65.87139986604153
65.35503355704698
64.99800266311584
64.78418230563003
64.31730126920507
64.04993342210386
64.38060200668896
67.17926421404682
67.14609739826551
66.79041916167665
66.55371352785146
66.09006622516556
65.93778954334877
65.51646903820817
65.18770654329147
65.05496688741722
64.82970297029703
64.28968253968254
64.04095112285337
63.86264100862641
63.248000000000005
63.544607190412776
66.04026402640264
65.18452380952381
65.0297619047619
64.8443113772455
64.63563829787235
64.17066666666666
63.98139534883721
63.47340425531915
63.19107856191745
62.96754966887417
63.07594936708861
64.87143803843605
65.83543463835434
66.44653665097512
66.02333333333333
65.89933774834437
65.65693430656934
65.23658051689861
65.09741550695826
65.09133024487095
67.9840848806366
68.06022501654533
67.8234126984127
67.55519268451992
67.06649111257406
66.89986824769433
66.55167873601053
66.29960317460318
65.96176664469347
65.69781312127236
65.22548365577052
64.99867461895295
64.69461077844312
