110.73314606741573
110.97304832713755
111.1877890841813
111.46851851851852
111.78558225508317
111.99351251158481
112.25782688766114
112.67813953488371
112.98154981549816
113.10536044362291
113.46468401486989
113.69433962264151
114.00945179584122
114.0879848628193
113.32926829268293
110.71200750469043
109.55233644859814
109.66884939195509
109.82132834424695
110.06994328922495
110.27703984819735
110.56826923076923
110.8176527643065
111.00386473429953
110.99226305609284
108.21332046332046
105.1976401179941
105.21379310344827
105.11527093596058
105.1272365805169
105.34607645875252
105.4319587628866
104.45614035087719
103.15901060070672
101.54635352286775
98.78039215686275
98.78039215686275
98.78039215686275
98.78039215686275
98.78039215686275
98.78039215686275
98.78039215686275
98.78039215686275
98.78039215686275
98.78039215686275
80.42768273716952
80.3996913580247
80.42218798151002
80.47779479326186
80.47779479326186
80.47779479326186
80.47779479326186
81.21879588839941
81.74676258992805
81.76734104046243
81.76734104046243
82.10128388017118
82.59631728045326
83.14522821576763
83.66268260292165
83.79161372299873
84.14478527607362
84.73809523809524
84.89614935822637
85.02774566473988
84.88248847926268
84.68027210884354
84.2728310502283
84.22158438576349
84.15165336374002
84.06200676437429
84.08108108108108
84.04288939051919
84.19642857142857
84.5431131019037
84.62626262626263
85.23318385650224
85.67001114827202
86.08342602892102
86.60917030567686
86.96420824295011
87.1396103896104
87.36126224156692
87.78935939196525
88.14668094218415
88.41914893617022
88.60660980810235
88.83628779979145
89.33960292580983
89.77486910994764
89.9718456725756
90.00940438871473
90.54983570646222
90.39842873176207
90.47976878612717
89.6260762607626
89.15912208504801
88.36115107913669
87.90299572039943
88.53150684931506
89.19496855345912
89.41102181400689
89.70873786407768
89.9908256880734
90.02077151335311
90.56669912366115
90.92329279700655
91.28334866605336
91.71181818181819
91.87935656836461
92.24715162138475
92.52173913043478
93.1517779705117
96.22142857142856
97.46396396396396
98.1
98.36832740213524
98.60780834072759
99.12566371681416
99.3979148566464
99.63185378590077
100.07118055555556
100.34258456201215
100.6473136915078
101.18229166666666
101.40137812230836
101.65194805194805
102.01302083333334
102.27657735522905
102.59173126614988
102.8488271068636
103.23854796888506
102.14862542955326
97.57081545064378
97.85726569217542
98.07075064710958
98.34135855546002
98.52110249784668
98.81599312123818
99.24526678141136
99.3926116838488
99.74784110535406
100.03359173126614
100.23083548664944
100.48275862068965
100.71712802768167
101.06440382941688
98.86660929432014
98.22260569456428
98.40434782608696
98.61826086956522
99.0812937062937
99.22173531989483
99.36459246275197
99.59912280701755
100.32422907488987
101.29500891265597
101.54472271914133
101.72571942446044
102.22682268226822
102.3821138211382
102.7561196736174
103.10849909584087
103.42067089755213
103.18501805054152
100.06480648064806
99.13550135501356
99.20732797140303
99.50044762757386
99.70666666666666
100.13575865128661
100.38638373121131
100.61497797356827
100.83010563380282
101.13130434782609
101.39965247610773
101.56895056374674
102.16896551724139
102.31774891774892
102.54655172413794
102.80603448275862
103.2053494391717
103.30292598967299
103.57781599312125
103.92763731473408
104.20242214532871
104.57562662057043
104.59723422644771
101.268669527897
99.77739726027397
99.9190800681431
100.2642310960068
100.34300341296928
100.64635193133047
100.9597602739726
101.3953488372093
101.63862660944207
101.99828326180258
102.22766323024055
102.50775862068966
102.72058823529412
103.24956521739131
103.41471861471862
103.65674255691769
102.0446735395189
99.47363872082974
99.00954861111111
99.143470790378
99.37617823479006
99.55102040816327
99.9795744680851
100.16765957446808
100.52122241086587
100.76027397260273
101.16439522998297
101.24037639007699
101.62382978723404
102.03605150214592
102.23484201537147
102.48502994011976
102.83419689119171
103.1263877028181
100.45276595744681
97.90693739424704
97.27241962774957
97.36217133163697
97.56851063829788
97.69906223358909
98.18259385665529
98.50042480883602
98.74259102455545
98.17914213624894
96.39880444064902
95.66301600673968
95.82145850796311
96.15294117647059
96.33557611438184
96.59479865771812
96.90025146689018
97.36386554621848
97.49916387959865
97.77508361204013
98.16430358632194
98.37531276063386
98.63455149501661
98.75520399666945
99.22828784119108
99.42821576763485
99.77981651376146
100.19683069224354
100.36794019933555
99.42083333333333
97.0529411764706
96.61402027027027
96.68849706129303
97.08571428571429
97.26192468619246
97.65912897822446
97.94393305439331
98.2979079497908
98.57478991596639
98.82377740303542
99.2281879194631
99.36348267117498
99.7024513947591
99.71065989847716
96.6536170212766
96.27806122448979
96.42141036533559
96.56499575191164
96.87552921253175
97.13412563667232
97.42337002540219
97.6139455782313
97.82922684791843
98.42639593908629
98.6217133163698
98.8108566581849
99.26257459505541
99.50212765957447
99.6334763948498
99.85775492716367
99.62339880444065
96.8594548551959
97.16538131962297
97.46541417591803
97.6464560204953
97.87190435525193
98.31911262798636
98.45694799658995
98.5670367207515
96.71269296740995
94.87392795883362
95.31794871794872
95.37171888230313
95.60289115646259
95.96519524617996
96.29702127659574
96.38592027141645
96.84881756756756
97.10034013605443
97.45224006762469
97.73688663282573
98.19797809604043
98.33780385582565
98.68713204373424
98.91764705882352
99.3
99.45731191885038
99.76955782312925
98.48474576271187
98.63067694944301
98.80614859094791
99.18197278911565
99.38586030664396
99.51797945205479
99.8631669535284
100.18685121107266
100.25065502183406
102.40578439964943
102.6342105263158
103.11521547933157
103.28861429832304
103.56338028169014
103.75311942959001
103.98040961709705
102.74216651745748
102.60303300624443
102.5685053380783
102.78984861976848
103.04897595725734
103.36379769299023
103.42021276595744
103.56687333923827
101.83731211317419
99.63636363636363
99.72105263157894
100.05134899912969
100.3295652173913
100.55208333333334
100.67158992180713
101.11014744145706
101.2671292281006
101.53953084274544
101.68658008658008
102.17575757575757
102.47313691507799
102.50823937554206
102.52170138888889
99.75605536332179
98.80225498699046
99.1038062283737
99.24611398963731
99.47979363714532
99.94081810269799
100.1391529818496
100.32124352331607
100.47058823529412
100.63208369659984
101.14050303555942
101.24655172413793
101.51172893136403
101.57304347826087
98.51934651762683
98.29112833763998
98.36629406706793
98.49061433447099
98.73021276595745
99.05051369863014
99.28486394557822
99.51018675721562
99.78231292517006
100.27810650887574
100.35720303285595
100.67372881355932
100.86224489795919
101.14792899408283
101.34511784511784
101.54928390901432
101.78849407783417
101.96692111959288
102.45323129251702
102.60744500846025
102.60747663551402
100.3451476793249
100.1034188034188
100.24406779661017
100.4045608108108
100.6043956043956
100.91829787234042
101.32710280373831
101.4195744680851
101.67579127459368
101.9253859348199
102.14503816793894
102.36734693877551
102.52663230240549
102.76672384219555
103.18547008547009
100.79163108454313
99.43798118049615
99.41071428571428
99.45709430756159
99.75321336760925
100.10111396743787
100.30736301369862
100.60359589041096
100.74506437768241
101.20241171403961
101.34165232358004
101.50560828300259
101.80829015544042
102.05699481865284
102.34585824081981
102.55260906757913
102.8829604130809
103.10845431255336
103.5
103.77186963979418
104.04213241616509
104.27720207253887
104.43384879725086
104.69456427955134
101.47733105218134
100.47814910025707
100.46746575342465
100.61958405545927
100.94391716997411
101.17733564013841
101.40727902946273
101.53460207612457
101.9064935064935
100.55941023417174
100.78732638888889
100.94787141615987
101.16
101.33419913419914
101.60403863037752
101.62852112676056
101.51629955947136
101.64024933214603
101.8950177935943
102.16577540106951
102.47950089126559
102.65719360568383
103.06660746003553
103.2535587188612
103.5394265232975
103.75112309074572
104.19296663660955
104.2961296129613
104.62320143884892
104.8926296633303
105.29204339963835
105.62826282628262
105.68778280542986
106.08100810081008
106.37420526793824
106.72150735294117
105.74067333939945
101.9330985915493
99.3657894736842
99.42993907745867
99.6457242582897
99.88626421697288
100.19284467713787
100.4504347826087
100.6949740034662
101.1280701754386
101.29082969432315
101.75614035087719
102.11393514461
102.3411867364747
102.60820244328099
102.87105263157895
103.29221347331583
103.42869641294838
103.66549912434326
103.85978835978835
104.42731277533039
104.65259454705365
104.93952673093777
105.25701754385965
105.44454225352112
105.81272084805653
105.96024734982332
106.2788038698329
106.67169476486247
106.93611357586514
107.27540106951872
107.60908281389136
107.83035714285714
107.99019607843138
108.25
108.61333333333334
108.37256637168142
103.07211120764552
101.19340849956635
101.28917748917749
101.46891191709844
101.56443298969072
101.80586712683348
101.96802074330165
102.18072289156626
102.38275862068966
102.77174849267873
102.91896551724139
103.30981067125646
103.5554600171969
103.82312338222606
104.09688581314879
104.29913793103448
104.44405897658282
104.59291270527225
105.19427580225499
105.43414211438474
105.67747589833479
104.44550173010381
101.2666083916084
99.57871972318338
99.66957279860506
99.73757628596339
100.1229293809939
100.50436300174519
100.7159090909091
100.90267011197244
101.33304498269896
101.50779896013864
101.87186147186148
102.14766839378238
102.32672413793104
102.52554112554112
103.09067357512953
103.27506426735218
103.46770025839794
103.70542635658916
103.9931330472103
104.23711340206185
104.46513605442178
104.7504258943782
105.07854729729729
105.44830508474575
105.6204564666103
105.95101351351352
106.22175021240442
106.38898305084746
106.715860899067
106.94355518112889
107.29117147707979
107.47314578005114
107.94288150042627
106.51433389544688
104.55919395465995
104.47128378378378
104.35055038103303
104.53592561284869
104.69820971867009
105.13919726729291
105.42222222222222
105.66437177280551
105.77566867989646
106.2720207253886
106.43313201035375
106.41623488773749
103.3984771573604
100.94871794871796
100.95886889460155
101.25972927241963
101.49022939677145
101.71162001696354
102.11729957805906
102.26271186440678
102.35574468085106
101.47472150814053
101.52233676975945
101.74318381706244
102.23330442324371
101.87166236003446
101.07933740191805
101.5060975609756
101.6611642050391
101.75696864111498
102.24168126094571
102.32983377077866
102.6829268292683
103.05506993006993
103.98591549295774
105.57899461400359
105.65377697841727
106.1442652329749
106.32493249324932
106.55156950672645
106.97749774977498
107.35495495495496
107.41538461538462
104.9048473967684
102.25044722719142
98.62757385854968
96.02685765443151
96.0251572327044
96.17371737173718
96.39982269503545
96.69839857651246
97.16846846846846
97.45085662759243
97.65768194070081
97.86702605570531
98.35906642728905
98.47912885662433
98.69049773755657
99.02820746132848
99.33574660633485
95.93302752293577
94.02427637721756
94.28491096532333
94.44558139534884
94.72134203168686
94.91643454038997
95.13295880149813
95.5254394079556
95.75440222428175
98.34116541353384
99.64711447492905
100.1371807000946
100.5257731958763
100.96348314606742
101.20582706766918
101.47031539888683
101.875
102.00552995391705
102.45992714025502
102.73550724637681
103.04399633363886
103.28352835283528
102.57247037374658
100.89116279069768
100.68778696051423
100.74748398902105
101.20345140781109
101.43156934306569
101.76777677767777
102.05734767025089
102.23822222222222
102.61101243339255
102.73777777777778
102.02072072072072
101.406191369606
100.71092278719397
100.69187145557656
100.94746716697937
101.33302063789868
101.51029962546816
101.75140186915888
101.95377358490566
102.25209302325581
102.49256505576207
102.86976744186046
103.17903525046381
103.4025974025974
103.57288765088208
103.80729653882133
104.10457516339869
104.38775510204081
104.60873605947955
104.81121495327102
105.3538175046555
105.61278195488723
105.79924599434496
106.02159624413146
106.26691729323309
106.77504725897921
106.82938388625593
107.19357884796977
107.19357884796977
102.32532347504622
101.4763670064875
101.60257589696411
101.73529411764706
102.05462962962963
102.25690607734806
102.55668202764977
102.75092936802974
102.91620111731844
100.00555041628122
97.45990783410139
95.78107606679035
95.44413407821229
95.46710526315789
95.55849056603773
95.7648165569144
96.1067044381492
96.81052631578947
97.41595441595442
97.56451612903226
97.86355140186916
98.18779342723005
98.43069767441861
98.55617455896007
98.93947858472998
99.31386861313868
99.58310626702998
100.10798548094374
100.3393665158371
100.5662100456621
100.42985611510792
98.58234758871701
97.75091911764706
97.90793072014586
98.31312217194571
98.68937329700273
98.91205802357209
99.22563176895306
99.49143372407573
99.75912408759123
100.1764168190128
100.34400731930467
99.32865168539325
99.0361560418649
98.73191899710704
98.09724950884086
98.07213438735178
98.37204724409449
98.52118226600984
98.79802955665025
99.07661691542289
99.24852071005918
99.66402378592666
100.03093812375249
99.08308004052685
99.10558375634517
98.54740061162079
98.78643724696357
98.95833333333334
99.34475806451613
99.46513944223108
99.71144278606965
100.11546184738955
100.39900497512437
100.72233201581028
100.97534516765286
101.13762376237624
101.46365422396858
101.7708947885939
101.92383778437191
99.67318982387476
97.22727272727272
97.26502463054187
97.41666666666666
97.66764132553607
97.89060987415294
98.20096618357488
98.50428979980934
98.63092979127134
98.79450757575758
99.48075117370891
99.61927034611787
99.89493433395873
100.3246024321796
100.43854748603351
100.695211786372
101.03785780240074
101.31031307550644
101.52568807339449
101.95628415300547
102.1480472297911
102.51451905626135
102.6027397260274
102.86231884057972
103.1716894977169
103.5081227436823
103.62646264626463
104.00447627573858
104.49686660698299
104.73392857142858
105.0455764075067
105.36485280999108
105.59551569506726
106.02486678507992
106.19606087735005
106.4741532976827
107.03815439219166
107.32
107.62388591800357
108.00805008944545
108.25267857142856
108.58131176999102
108.53020739404869
104.89683257918551
102.52617328519855
101.08558558558559
101.12946428571428
101.2679856115108
101.33393339333934
100.66636280765724
99.62477064220184
98.90749306197965
97.71521942110178
98.03189493433396
98.20322886989554
98.41642788920726
98.81044487427465
99.60745829244357
100.111328125
100.36399217221134
100.60451422963689
100.98913043478261
101.37648221343873
101.83647175421208
102.12684365781712
102.24703557312253
102.5181194906954
102.9304347826087
103.18058252427184
103.48101265822785
103.60546875
104.03595724003887
104.27606177606177
103.63431372549019
103.5253227408143
103.54336989032902
103.9001996007984
104.05367793240558
103.4629258517034
103.4446680080483
103.48293172690762
103.70816326530613
103.85
103.92276004119464
104.04860392967942
104.38813735691988
104.54526315789474
103.84819532908705
103.90537634408602
104.07411630558724
102.80442804428044
102.13624999999999
101.75563909774436
101.77581863979849
101.75094339622642
101.71626733921815
101.69346733668343
100.13857677902621
100.15375
100.73882352941177
100.96342857142858
101.19296254256527
101.30923248053392
101.68206820682067
101.80173347778981
101.98494623655914
102.15442764578833
102.29379760609358
100.68903803131991
99.78777393310266
98.13969732246798
96.67057444314185
95.52576112412179
95.53231492361927
95.6492450638792
95.8919540229885
96.2740656851642
96.45961319681456
96.82065834279229
96.8316268486917
97.1391694725028
97.3984375
97.67191011235954
97.99217877094972
98.37053571428572
98.76736493936053
98.95642458100559
99.55207166853303
97.69318181818181
96.38805970149254
94.53882352941176
94.53066037735849
94.46162927981109
94.6090047393365
95.10593713620489
95.4894859813084
95.66933638443936
96.00339366515837
96.4939226519337
96.70893054024256
96.84083424807903
97.14923747276688
97.63296703296703
97.89989118607181
98.27716186252772
98.5323819978046
98.8412348401323
98.78941565600883
97.71949828962371
97.71949828962371
98.3310502283105
98.41049030786773
98.8422247446084
99.16685584562997
99.47940503432494
99.73908045977012
100.21878579610538
100.73761261261262
100.96579247434435
101.11187214611871
101.54908675799086
102.00677200902935
102.13485714285714
102.4550499445061
102.88146551724138
102.92152704135736
100.79550321199144
100.6927966101695
100.75181723779855
101.16188524590163
101.54733727810651
101.70542635658916
101.98360655737704
102.33616619452314
102.59317343173431
102.49863512283895
100.48890942698706
99.12547169811322
98.44331797235023
98.52946509519492
98.64937388193202
98.91101321585903
99.1938596491228
98.29266136162687
97.29144385026737
96.88758992805755
97.11919368974583
97.47545219638243
97.68846815834767
97.90086206896552
98.17176870748298
98.59422750424449
98.78875638841566
99.13737201365188
99.4176570458404
99.6176720475786
100.1181506849315
100.07240204429301
97.63107638888889
97.37586805555556
97.48969072164948
97.90484429065744
98.19365895458441
98.44815766923736
98.81421232876713
99.25212947189098
99.45307167235495
99.80051150895142
100.04351535836177
100.30710659898477
100.56101694915255
100.92444821731749
101.14795918367346
101.38799661876584
101.35367892976589
98.36989795918367
97.86269430051814
97.96920444824636
98.3276740237691
98.56669498725574
98.8077900084674
99.24388185654009
99.38500421229992
99.73996655518394
100.0963149078727
100.37468776019983
100.5973487986744
100.88220551378447
101.21398834304746
101.49376558603491
101.69045643153527
101.98661087866108
102.3894472361809
102.6015037593985
102.89579831932772
103.20433694745621
102.11608623548922
99.78719866999168
99.88445552784705
100.31648715824358
100.46153846153845
100.88474295190713
101.26948590381426
101.51821192052981
101.65149006622516
101.9522240527183
102.17807089859852
102.52878289473685
102.77823577906018
103.22433774834437
103.4699093157461
103.6334431630972
103.94285714285715
104.28489326765188
104.57739557739558
104.86999182338512
105.14848236259229
105.46775510204083
105.9198691741619
106.06427990235964
106.43591836734694
106.63993453355155
107.00896495517523
107.33305988515175
107.54299754299754
107.02764227642277
104.76307189542484
105.02512155591572
105.26328699918234
105.46862265688671
105.74185667752442
106.05528455284554
106.35708435708435
106.55867768595041
106.94334975369458
107.28654004954583
107.5120532003325
107.84925864909391
108.18287614297589
108.44332493702771
108.63083333333333
109.16499162479062
109.34612176814011
109.52960800667222
109.7743288590604
110.38851913477538
110.53595317725753
111.07588532883642
111.26784214945424
111.52768456375838
111.90118243243244
112.22529313232832
112.50592216582064
112.86317567567568
113.43204697986577
113.64316057774002
110.94639865996649
108.84289276807979
108.60862354892205
108.63394342762064
108.96428571428572
109.24769874476988
109.53490328006728
110.00167224080268
110.31829573934837
110.55313807531381
110.82744107744108
111.18258664412511
111.35993208828523
111.63924592973436
111.6917808219178
109.54088586030664
108.8940170940171
109.27296137339056
109.44918872758326
109.69777397260273
110.09254498714654
110.33390410958904
110.46907216494844
110.85159620362381
111.32006920415225
111.69519650655022
111.67832167832168
108.63336229365768
106.7053726169844
105.20872540633019
104.86028789161728
104.78245915735167
105.15138408304497
105.49654576856649
105.74038461538461
105.52253032928942
105.32550043516102
105.17941952506595
105.34977973568282
105.65953654188948
105.93008849557522
106.23321554770318
106.53798033958893
106.89454870420018
106.89388489208633
107.57971014492753
107.91402714932127
108.18026905829596
108.56340579710145
108.81677301731996
109.25270758122744
109.77727272727273
110.02350813743219
110.34144144144145
110.69021739130434
110.92468239564428
109.96579657965796
107.63138686131387
106.51996370235935
106.58679927667269
107.094459582198
107.3384476534296
107.57837837837837
107.98550724637681
108.19981998199819
108.4332129963899
108.58941605839416
109.13896457765668
109.32816773017319
109.82037037037037
110.1452205882353
109.85051067780873
107.29216589861751
105.32409972299169
105.18984962406014
105.05529075309819
105.47922705314011
105.48834951456311
105.80689655172414
106.0654936461388
106.35029354207435
106.7020447906524
106.96646942800788
107.28054740957967
107.44965786901271
107.63457760314341
108.21247563352827
108.56530214424951
108.8256157635468
109.08619000979432
109.20333988212181
109.76360039564787
109.95841584158416
110.33365949119374
110.46463654223969
106.56534653465346
105.68725099601593
105.83514313919052
106.21932367149759
106.44658325312801
106.70588235294117
106.98946360153258
107.31805157593124
107.5490009514748
107.89877010406812
108.23649906890131
108.54402224281742
108.80073461891644
108.96780128794848
109.41758241758242
109.78415300546447
110.08174386920982
110.27092709270927
110.73760144274121
110.92663043478261
111.34144144144145
111.60955816050496
111.86948694869487
112.15439856373429
112.52807971014494
112.85443037974684
113.07789855072464
113.66727107887579
113.85831809872029
114.07261029411765
112.60881294964028
109.0828025477707
108.49461400359067
108.49141824751581
108.71454545454546
108.98717948717949
109.46272727272728
109.70944087992667
109.96614821591949
109.83058608058607
107.35772357723577
106.30009066183138
106.42402183803458
106.76524112829846
106.9936189608022
107.48616236162361
107.61786372007367
108.01381215469613
108.2920517560074
108.5268022181146
108.43506493506493
108.58007448789571
108.86748120300751
109.29499072356215
109.91729323308272
110.01128880526811
110.38676607642125
110.54553990610329
110.82119205298014
111.10461828463713
111.62655205348615
111.83765609990394
111.96360153256705
109.10470701248799
108.0495145631068
108.0540275049116
108.37719298245614
108.52348336594912
108.82755203171456
108.79939819458374
107.87651821862349
107.87397540983606
108.03777544596014
108.3242105263158
107.74000000000001
107.35805084745763
106.43070362473347
106.01802757158006
106.34957627118644
106.41693121693122
106.79269602577872
107.0950323974082
107.41075268817204
107.52660753880266
106.62651933701657
106.43097643097643
106.0662177328844
106.23094170403587
106.47942157953281
106.88030467899891
107.08662280701753
107.39106753812636
107.57375271149675
106.81140350877193
106.87292817679558
106.51103752759383
105.29281767955801
105.44900221729489
105.65418502202644
105.84048404840485
106.02081051478642
106.40261153427639
106.6017316017316
106.87541345093715
107.1819209039548
108.26432748538011
108.83255813953488
109.21733966745843
109.44037780401416
109.58612440191388
109.64207980652962
110.00120627261761
110.00609013398295
110.13771712158808
110.09405940594058
110.25798525798527
111.05408805031446
111.08281053952321
111.09685534591195
111.69543147208122
112.00639386189258
112.22576530612244
112.25634517766497
112.8625
113.06939281288723
113.58417085427135
113.87775061124694
114.21160822249092
114.390625
114.76167664670659
114.99414519906324
115.22546728971963
115.42840512223515
115.77116704805492
116.37441860465117
116.53658536585365
117.00346420323325
117.21254355400697
117.5005931198102
117.91362530413625
116.24548736462094
113.28934624697337
111.49047619047619
111.43447461629279
111.74680603948897
112.04322429906543
112.42857142857143
112.53701527614571
112.73720930232558
112.06831566548881
112.05776173285199
112.1390243902439
112.27784431137724
112.48090692124106
112.61602870813397
111.12620192307692
110.84121212121212
109.26978417266187
107.97313797313797
108.09599027946537
108.2169373549884
108.57175141242938
108.79337016574586
108.89913232104121
109.19292604501608
107.8569880823402
105.21645021645023
103.54831704668838
103.65166130760986
103.82161060142712
104.061
104.32937685459942
103.50554994954592
103.49846782431052
103.40498442367601
103.68307692307692
103.95146612740142
104.13927855711424
104.76814516129032
104.88434695912264
105.02369200394867
105.4910358565737
104.1556886227545
102.94294294294295
102.90270812437312
102.93969849246231
103.17
103.59538152610442
103.92555331991952
104.23223223223223
104.48648648648648
104.73493975903614
104.87777777777778
105.22434607645874
105.69534412955466
105.94472876151484
105.40996948118007
104.92753623188406
104.09494324045409
103.22463768115942
103.24195223260644
103.39481865284975
103.57217573221757
103.85804416403786
104.39057591623038
104.10212765957448
103.71305285868392
103.91982665222102
104.20021645021646
104.5656894679696
104.8430735930736
104.97276688453158
105.29018338727076
105.7532751091703
105.99890470974807
106.45905172413794
106.78579234972678
106.95860566448802
107.38955386289445
107.81697905181917
108.09210526315789
108.56555555555556
107.34563758389262
105.62555555555556
103.63787375415282
103.38325991189427
103.45235487404162
103.61269146608315
103.88327721661055
103.8868778280543
103.52173913043478
103.62995594713657
103.65183537263627
104.42632170978628
106.74827586206897
107.5221843003413
107.94874715261959
108.28342857142857
108.67545871559633
108.60416666666666
108.61301775147929
108.63528009535162
108.00718562874252
108.07290400972053
108.15822002472189
108.70012547051442
108.47914032869785
108.66193548387096
109.20025839793281
109.49076517150397
109.93907284768213
110.13287671232877
110.85232067510549
110.99577464788732
111.31029619181946
111.7991452991453
112.01952580195258
112.3526912181303
112.73285714285714
113.09312320916905
113.66957787481806
113.88936781609195
114.359375
114.7358757062147
114.88335704125177
115.26516220028208
115.54172560113153
116.11931818181819
116.39495798319328
116.67418899858956
117.01269393511988
117.11739745403112
114.43983402489627
112.67932489451476
112.94337016574585
113.5027397260274
113.71388499298737
113.89889196675901
114.15
114.46027397260275
114.56580732700135
114.75515818431913
115.24229691876751
115.69872701555869
116.1765557163531
114.55649717514125
113.18130311614732
110.14054054054054
107.97304582210242
107.08233731739708
107.03145478374836
107.19115734720415
107.31824062095731
107.86751592356688
108.07594936708861
108.31858407079646
108.75282308657467
109.0352798053528
109.16363636363636
109.53676470588235
109.95486935866984
110.09778812572759
110.67090069284065
110.97695852534562
111.1753986332574
111.48206278026906
111.63959955506118
112.1013215859031
112.28633879781421
112.68131868131869
113.00981461286804
113.42434210526315
113.85792349726776
114.08004385964912
114.40331491712706
114.3875968992248
112.0033185840708
110.92105263157895
110.9543429844098
110.90369540873459
111.15607580824972
111.425
111.96658986175115
112.15028901734104
112.23140495867769
112.92479435957696
113.11929824561403
113.3905325443787
113.50414201183432
114.0989522700815
114.47386759581882
114.79466357308584
115.05446118192353
115.52479815455594
115.90660592255125
116.06407322654462
116.49885057471263
116.74137931034483
117.22632794457274
117.54545454545455
117.91058823529411
117.58030480656507
114.69850402761796
112.97808535178777
112.85550458715596
112.91383219954648
113.22716894977168
113.85614035087718
113.90781796966161
113.87847222222223
111.33860045146727
109.54189944134077
107.70386740331492
107.61640798226165
107.71143174250832
107.86928104575163
108.06263736263736
108.57375271149675
108.76278563656149
109.07456140350877
109.30921052631578
109.63245033112582
110.1313953488372
109.61074705111403
106.88455772113943
