60.41702127659575
60.53519932145886
60.552251486830926
60.60965283657917
60.74787775891342
60.775042444821736
60.81287044877223
60.816257408975446
60.83149872988993
60.84699915469146
60.883544303797464
60.91024555461473
60.91024555461473
60.91024555461473
61.05649241146712
61.05812973883741
61.0672268907563
61.05466778805719
61.05466778805719
61.062289562289564
61.1041141897565
61.091519731318215
61.13098236775819
61.08466051969825
61.148023549201014
61.133389261744966
61.14585079631182
61.1679261125105
61.21728187919463
61.211586901763226
61.27090301003345
61.42845117845118
61.65008431703204
61.71919530595139
61.69572506286673
61.759430008382225
61.83
61.87260616153206
61.87260616153206
61.88323603002502
62.05369127516778
62.0720871751886
62.23933054393305
62.44296419650291
62.778886118038244
63.053601340033495
63.00501253132832
62.99583333333334
62.95503746877603
62.47456213511259
57.327543424317625
52.95957095709571
53.016406890894174
52.89884868421052
53.353758169934636
52.399671052631575
52.640329218107
52.67271228359439
52.73256767842494
52.60755336617406
52.61525840853159
52.600490196078425
52.59392945036916
52.76910569105691
52.70846905537459
52.75713121434393
52.86850649350649
52.8661800486618
53.008103727714754
53.08110300081103
53.11678832116789
53.21907841552142
53.472608340147175
53.70967741935483
53.54003558718861
53.10710259301014
53.10710259301014
53.10710259301014
53.10710259301014
53.10710259301014
53.10710259301014
53.10710259301014
51.37292464878672
51.68577981651376
51.83978494623656
51.923312883435585
51.97450980392156
52.064516129032256
52.072811059907835
52.02818181818182
52.42100538599641
52.62776304155615
52.77085162423178
52.9869337979094
53.26829268292683
53.284219703574536
53.38601036269431
53.50129870129871
53.797063903281526
54.07289879931389
54.30815450643777
54.55697278911565
54.645106382978724
54.69763513513513
54.947546531302876
55.24810126582278
55.39747899159664
55.77128547579299
55.96163469557965
56.10860484544695
56.32472939217318
56.6644407345576
56.78195488721805
57.10275689223057
57.25523012552301
57.34309623430963
54.31645569620254
53.352066115702485
53.6170731707317
53.9664758789861
54.10795454545455
54.256137479541735
54.39473684210526
54.719312602291325
54.86921202274574
55.21852152721365
55.3071948261924
55.424267100977204
55.50162601626016
55.66289409862571
55.823624595469255
55.89934533551555
55.94345991561181
55.644379844961236
55.644379844961236
55.644379844961236
55.644379844961236
55.644379844961236
55.644379844961236
55.644379844961236
55.644379844961236
55.644379844961236
55.644379844961236
55.644379844961236
55.644379844961236
55.644379844961236
55.644379844961236
55.644379844961236
55.644379844961236
55.644379844961236
55.644379844961236
55.644379844961236
55.644379844961236
52.906336088154276
53.02595936794583
53.099613152804636
53.061020036429866
52.99490662139219
53.27016129032258
53.36728395061728
53.28059701492538
53.38626292466765
53.46622613803231
53.42066957787482
53.477470930232556
53.55724637681159
53.52346570397111
53.61987041036717
53.6508279337653
53.840028694404594
53.840028694404594
53.97381457891012
53.99079971691437
54.00565770862801
54.03548616039744
54.128459900638745
54.14498933901919
54.09220872051465
54.02645113886848
53.996906419180206
54.007359705611776
54.007359705611776
54.007359705611776
54.007359705611776
54.007359705611776
54.007359705611776
54.007359705611776
54.007359705611776
63.41301272984441
63.8757467144564
64.5101171458999
64.7554890219561
64.707779886148
64.80072793448589
65.13129496402878
65.2068661971831
65.22105263157894
65.29122807017544
65.34718614718615
65.4848746758859
65.7015306122449
65.69047619047619
65.69420783645656
65.72888513513513
65.8847771236333
65.82481139983236
65.90412111017662
65.876254180602
65.99000832639467
65.95575959933223
65.9766860949209
66.02388797364085
66.04470198675497
66.1897689768977
66.47920133111481
66.53305785123968
66.53305785123968
66.6052416052416
66.56496710526316
66.67295081967212
66.75816993464052
66.80866721177432
66.86906710310966
66.96084828711255
66.99019607843137
67.03507340946166
67.11928104575163
67.14820846905538
67.18152085036795
67.26147540983607
67.35767022149302
67.42053789731051
67.64542483660131
67.65040650406505
67.86404586404586
67.85279605263158
68.02866502866503
68.03524590163934
68.12746710526316
70.30049668874172
71.61453930684699
71.7134404057481
71.90118243243244
72.04978902953586
72.12026913372581
72.1433361274099
72.26945606694561
72.33054393305439
72.46224832214764
72.50547598989048
72.50547598989048
72.65059221658207
72.66216216216216
72.75062972292191
72.83431455004205
72.96548821548822
72.90800681431006
72.96798652064027
72.96798652064027
73.00167644593462
73.00841750841751
73.1214405360134
73.15533165407221
73.17169179229481
73.17126148705096
73.17922948073702
73.16555183946488
73.22231543624162
73.14297658862876
73.15042016806723
73.28764805414552
73.3401187446989
73.3454699407282
73.3640982218459
73.2687447346251
73.2687447346251
73.41344537815127
73.49199663016007
73.58333333333333
73.47748513169074
73.0709090909091
71.82127031019202
70.1283422459893
70.1283422459893
73.5
73.5
69.46621621621621
69.12080536912751
69.65521191294387
69.4979633401222
69.72865275142316
69.86870503597122
69.76655052264809
70.09680207433017
70.12297181895815
70.28522630230572
70.3758445945946
70.4724342663274
70.4726661059714
70.4261744966443
70.48188711036225
70.45042016806723
70.45042016806723
70.65491183879094
70.66526845637584
70.63484087102178
70.73684210526316
70.77416666666667
70.67169179229481
70.7787903893952
70.79025598678778
70.88109000825764
70.95174708818635
71.09075770191507
71.15186721991701
71.19368246051538
71.18718801996673
71.2393661384487
71.2393661384487
71.2393661384487
71.26123128119801
71.26123128119801
71.26871880199667
71.26871880199667
71.26871880199667
71.28678304239402
71.28678304239402
71.30762852404644
71.40976821192054
71.44656172328087
71.56547122602169
71.70539419087137
71.62180016515276
71.62180016515276
71.62180016515276
71.54688796680497
71.64446294754372
71.77114427860697
71.78073089700996
71.8144758735441
71.84333333333333
71.90166666666667
71.89258950874272
71.91909924937448
71.96494156928213
72.04781879194631
71.98412698412699
72.01002506265664
72.01002506265664
72.06187290969899
72.11474036850922
72.14904246461282
72.18781302170284
72.18781302170284
72.18181818181819
72.29110738255034
72.25292153589315
72.3515559293524
72.41442953020135
72.4310924369748
72.42485306465156
72.42485306465156
72.59132610508757
72.53294412010008
72.4463986599665
72.45385906040268
72.64691151919867
72.64691151919867
72.55054302422724
72.67703952901599
72.67703952901599
72.69444444444444
72.82594142259414
72.85690376569038
72.89597315436242
72.94449116904963
72.95966386554622
73.13937867338372
73.08626465661642
73.17518860016764
73.22826086956522
73.21171548117155
73.24705882352941
73.27693602693603
73.34203875315923
73.31848739495798
73.31848739495798
73.37942664418212
73.34877843302444
73.21858864027539
72.77957532861477
72.77957532861477
72.77957532861477
72.77957532861477
72.77957532861477
72.77957532861477
72.77957532861477
72.77957532861477
72.77957532861477
69.38002980625932
69.40102171136654
69.70443925233644
69.78125
69.70687830687831
69.735503560529
69.94940476190476
69.8192419825073
69.80929791271348
69.93289224952741
70.07742537313433
69.94014732965009
69.92265696087352
69.86178861788618
69.80723981900452
69.80723981900452
69.84134179510426
69.86269196025293
70.0054298642534
70.00540540540541
70.06373429084381
70.03043867502238
69.91896705253785
69.97767857142857
70.0284191829485
70.03105590062111
70.06814159292036
70.04533333333333
70.04533333333333
70.04533333333333
70.03362831858406
70.03362831858406
70.03362831858406
70.00352733686067
70.03897254207263
70.12962962962963
70.15743183817062
70.07766990291262
70.15048118985126
70.17497812773404
70.18881118881119
70.18881118881119
70.20470383275261
70.14310494362533
70.14310494362533
70.13084922010398
70.1110147441457
70.1110147441457
70.12934027777777
70.1110147441457
70.13632441760139
70.17586206896551
70.15450643776823
70.20826161790018
70.20826161790018
70.26229508196721
70.2426597582038
70.21663778162912
70.23982683982683
70.25625539257982
70.2788296041308
70.28374892519346
70.19881053525913
70.22932651321398
70.13102282333051
70.19677692960136
70.18490245971162
70.16638370118845
70.08375634517766
70.1602023608769
70.1602023608769
70.28849407783417
70.25844594594595
70.30651989839119
70.30651989839119
70.1774193548387
70.22514868309261
70.1899915182358
70.26627218934911
70.32571912013536
70.2776371308017
70.22842639593908
70.37394957983193
70.36908783783784
70.41393786733838
70.49456066945606
70.49456066945606
70.52975691533948
70.45088161209068
70.45088161209068
70.48113998323554
70.45614035087719
70.49916527545909
70.54979079497907
70.54979079497907
70.48542880932557
70.51683501683502
70.51724137931035
70.54970263381479
70.54970263381479
70.84312080536913
72.00087565674255
72.55565371024736
72.79454390451833
72.93496621621621
73.17826825127335
73.18367346938776
73.15338983050847
73.2125317527519
73.3542372881356
73.36641221374046
73.47426160337552
73.55620805369128
73.67701342281879
73.65326633165829
73.65184563758389
73.72222222222223
73.81534569983137
73.8856900931414
73.94271272114574
73.9748743718593
74.00755033557047
73.99332777314429
74.04697986577182
74.06093489148581
74.25666666666666
74.24646128226478
74.41819699499165
74.41819699499165
74.41819699499165
74.42224080267559
74.58569051580699
74.58569051580699
74.68770764119601
74.62011637572735
74.62011637572735
74.68827930174564
74.71109271523179
74.76558603491272
74.79568106312293
74.83705541770058
74.8476821192053
74.89045643153527
74.93713813068652
74.93713813068652
74.94623655913979
74.94623655913979
75.0091059602649
75.0091059602649
75.05726141078839
75.08395677472984
75.08395677472984
75.11480865224625
75.19269102990033
75.15890183028286
75.18432026688907
75.3157894736842
78.99137187230372
81.70950226244344
81.89808917197452
82.25
82.33544877606528
82.40983606557377
82.51548269581056
82.54800724637681
82.6762331838565
82.80353982300885
82.7844522968198
82.90497335701599
82.90868794326241
82.91946902654867
83.07637655417406
83.14795008912655
83.11170688114387
83.18637992831542
83.25267857142858
83.31729055258467
83.28711111111112
83.32620320855615
83.32620320855615
83.44064748201438
83.4304932735426
83.4304932735426
83.53702051739518
83.49639639639639
83.49639639639639
83.60714285714286
83.59532374100719
83.74933095450491
83.78450578806768
83.79857397504456
83.83303571428571
83.86237712243074
83.86237712243074
83.94736842105263
84.03673835125448
84.08086253369272
84.08902877697842
84.08723021582733
84.08190819081908
84.11261261261261
84.11261261261261
84.11801801801802
84.15294117647059
84.15294117647059
84.15913200723327
84.17689530685921
84.20886075949367
84.20886075949367
84.28597285067873
84.29166666666667
84.32760180995476
84.32760180995476
84.32760180995476
84.3971119133574
84.4014401440144
84.44165170556553
84.437890974084
84.51077199281868
85.10761904761905
85.04889741131352
85.53199268738574
85.83671668137687
86.19673539518901
86.38690476190476
86.49749582637729
86.64149377593361
86.765522875817
86.76167076167076
86.8911620294599
86.92045454545455
87.05322580645161
87.27339300244101
87.22051696284329
87.30707395498392
87.27561556791105
87.34834123222748
87.38352941176471
87.30907668231612
87.31889763779527
87.28939157566303
87.66370250606306
87.64385692068429
87.52945677123184
87.58490566037736
87.51768246802106
87.38404175988069
87.34592592592593
87.28834808259587
87.18401759530792
87.15947329919531
87.1361981063365
87.0475847152127
87.3394294074616
89.14164742109315
89.30131680867545
89.32280431432974
89.36589030803907
89.63849056603773
89.846805234796
90.54355919583023
90.42352092352093
90.47802929427431
89.94592790387183
89.97176625082075
90.00129617627998
90.05612903225807
90.56582446808511
90.70736562707366
90.61791831357048
90.47202106649111
91.77339901477832
91.5817396668723
90.10617120106171
89.78825857519789
89.67864271457086
88.79172320217096
88.86590296495957
88.53279785809906
88.9682320441989
88.39342015078822
88.52613713509844
88.2327935222672
88.2327935222672
88.1710615280595
88.24763193504737
89.07167710508003
89.07167710508003
88.91859649122807
88.87588652482269
88.72261235955057
88.7793199167245
88.68601398601399
88.74035087719298
88.73300630693763
88.62429378531074
88.87057991513437
88.85593220338983
88.91889985895628
88.93225123500353
88.9469964664311
88.9469964664311
88.82
89.26128093158661
89.36645068394529
88.91316526610645
88.92237762237762
89.01118881118882
89.46076313894888
88.85292047853625
88.84081346423562
88.77266387726638
89.18365921787709
88.7883817427386
89.17090395480226
88.77459016393442
89.04152005629838
89.12535014005603
89.10471567267683
89.11562284927736
88.61620897521769
89.06694271911664
88.85576259489304
89.03698630136986
89.02097428958051
89.1056856187291
89.00332225913621
89.08494983277592
88.99532710280374
89.03843605036448
89.0262467191601
89.08176508760545
89.06156837329877
89.12782440284055
90.0411227154047
90.04291287386216
89.98483849703362
90.03848662752772
89.95803278688524
89.91960784313726
89.88831168831169
89.65947712418301
89.5718954248366
89.56975228161669
89.3692704970949
89.55013020833333
89.56132381570409
89.53880983182407
89.59974093264249
89.61677419354838
89.88208762886597
89.71959942775393
89.49682107175295
89.88354037267081
89.78817733990148
90.2022988505747
89.87091503267973
89.24370860927152
88.21485714285714
87.29928498467824
86.63346228239845
86.83363970588235
87.13656783468105
87.25261324041811
87.34816082121472
87.75331125827815
87.78271604938271
88.04515599343186
87.914653784219
87.96064257028112
88.05225080385853
88.06869009584665
88.28115015974441
88.0993640699523
88.14410134600158
88.09992254066616
88.09899458623356
88.05594405594405
88.07602792862684
88.11231603408211
88.04202334630351
88.12788906009246
88.07302075326672
88.06436781609196
88.17354740061162
88.1837048424289
88.1707503828484
88.11509146341463
88.19090909090909
88.24522536287242
88.21695951107716
88.23241590214067
88.20076335877863
88.13969465648854
88.06335877862595
88.07860922146637
87.95629238884702
87.85563114134543
87.85746606334841
87.71352583586626
87.63177998472116
87.60030745580323
87.37694704049844
87.34820031298905
87.16640378548895
87.04
86.67875125881169
85.65653495440729
82.74074074074075
80.45070422535211
79.8030303030303
78.3546511627907
77.9074074074074
77.93026151930262
77.71736785329018
77.48245614035088
77.126267281106
77.38454784899034
77.0424292845258
77.06376109765941
76.73527101335428
76.44401840490798
76.33384262796028
76.05419450631032
75.71640682999258
75.57503714710252
75.34204630321135
74.61207547169812
74.51143292682927
73.91942771084338
73.5676720804331
72.77406832298136
72.29635627530364
71.47864077669902
70.21630615640599
70.21630615640599
70.21630615640599
70.21630615640599
70.21630615640599
70.21630615640599
70.21630615640599
70.21630615640599
70.21630615640599
70.21630615640599
70.21630615640599
70.21630615640599
70.21630615640599
70.21630615640599
54.526946107784426
54.526946107784426
54.526946107784426
54.526946107784426
54.8692403486924
54.88967136150235
54.714121699196326
54.66703662597115
54.38325991189427
54.436323366555925
54.325782092772386
54.404008438818565
54.33367875647669
54.40686784599376
54.11746031746031
53.977040816326536
53.977040816326536
53.977040816326536
53.977040816326536
53.977040816326536
53.977040816326536
53.977040816326536
57.72099853157121
58.03170731707317
58.36975717439293
57.7061266874351
57.51902748414376
57.61057173678533
57.90023752969121
57.90023752969121
57.90023752969121
57.90023752969121
57.90023752969121
57.90023752969121
57.90023752969121
57.90023752969121
57.90023752969121
57.90023752969121
57.90023752969121
57.90023752969121
57.90023752969121
56.294117647058826
55.57040572792363
54.918887601390495
54.94880546075085
55.6156626506024
55.6156626506024
55.6156626506024
55.6156626506024
55.6156626506024
55.6156626506024
55.6156626506024
55.6156626506024
53.283422459893046
53.283422459893046
53.283422459893046
53.283422459893046
53.283422459893046
53.283422459893046
53.283422459893046
53.283422459893046
53.283422459893046
53.283422459893046
53.283422459893046
53.283422459893046
53.283422459893046
53.283422459893046
53.283422459893046
53.283422459893046
53.283422459893046
53.283422459893046
53.283422459893046
54.13517441860465
54.763440860215056
54.80136054421769
54.93094289508632
54.88211920529801
54.92450331125828
54.97179487179487
55.19391634980988
55.11316113161132
55.23486682808716
55.28504672897196
55.099428571428575
55.67303370786517
55.777155655095186
55.71460423634336
56.17494356659142
56.42281879194631
56.36104513064133
56.36104513064133
56.36104513064133
56.36104513064133
56.36104513064133
56.36104513064133
56.36104513064133
56.36104513064133
56.36104513064133
56.36104513064133
52.41796875
52.35540069686411
52.516592920353986
52.437234042553186
50.89950248756219
51.12823061630219
51.183569979716026
51.20682523267838
51.10558375634518
51.618236472945895
51.86136595310907
51.92222222222222
51.889218595450046
52.00295275590551
51.99318403115872
51.96489563567363
52.047664442326024
52.061284046692606
51.76406926406926
51.76406926406926
50.603305785123965
50.603305785123965
50.603305785123965
50.603305785123965
50.603305785123965
50.603305785123965
50.603305785123965
50.47989623865111
50.941309255079005
50.85297297297298
51.124064171122996
51.82298136645963
51.72497472194135
51.77799227799228
51.62097516099357
51.33847549909255
51.21305530371714
51.193078324225866
51.18372943327239
51.13978494623656
50.74370503597122
50.58423913043478
50.57985480943739
50.43867924528301
50.15202702702703
50.15202702702703
50.15202702702703
50.0
50.0
50.0
50.0
50.0
52.76744186046511
52.75830469644903
52.760517799352755
52.907614213197974
52.89213709677419
52.74703557312253
52.22156862745098
51.92102665350444
51.81923076923077
51.84548944337811
51.81417624521073
51.92479108635098
51.94031221303949
51.87362637362638
51.81649675625579
51.945672191528544
52.133699633699635
52.466787989080984
52.49682107175295
52.518139534883716
52.54410399257196
52.73283858998144
52.902752293577976
53.16071428571429
53.09425493716337
53.18051831992851
53.225314183123885
53.274932614555254
53.36946702800361
53.2506836827712
53.35431654676259
53.34963768115942
53.412511332728926
53.40694568121104
53.44843049327355
53.574107142857144
53.48226950354609
53.49512843224092
53.82039711191335
53.6103896103896
53.423780487804876
53.423780487804876
53.423780487804876
53.423780487804876
53.423780487804876
53.423780487804876
53.423780487804876
53.423780487804876
53.423780487804876
53.423780487804876
53.423780487804876
53.423780487804876
55.0
55.0
55.0
55.0
55.0
54.989457831325296
54.989457831325296
54.989457831325296
54.989457831325296
54.989457831325296
54.989457831325296
54.8997005988024
54.88077496274218
54.88077496274218
54.88077496274218
54.88077496274218
54.88077496274218
54.88077496274218
54.88077496274218
54.88077496274218
54.88077496274218
54.88077496274218
54.88077496274218
54.88077496274218
54.88077496274218
54.88077496274218
54.88077496274218
54.88077496274218
54.88077496274218
54.88077496274218
54.88077496274218
54.88077496274218
54.42735042735043
54.42735042735043
54.42735042735043
54.42735042735043
54.42735042735043
54.42735042735043
54.42735042735043
54.42735042735043
54.42735042735043
54.42735042735043
54.42735042735043
54.42735042735043
54.42735042735043
54.42735042735043
54.42735042735043
54.39007092198581
54.39007092198581
54.39007092198581
54.39007092198581
54.39007092198581
54.39007092198581
54.39007092198581
54.39007092198581
54.39007092198581
54.39007092198581
54.39007092198581
54.39007092198581
54.39007092198581
54.39007092198581
54.39007092198581
54.39007092198581
54.39007092198581
56.12422360248448
56.12422360248448
56.12422360248448
57.02657342657342
57.68466257668712
58.39935064935065
58.5793172690763
57.5348162475822
58.672779922779924
58.062844542447635
58.0551282051282
58.85124999999999
59.27809965237543
59.790948275862064
60.29560975609756
60.55760368663594
60.38883888388838
60.553886925795055
60.47475642161204
60.08474576271186
58.956989247311824
58.956989247311824
58.956989247311824
58.956989247311824
58.956989247311824
57.5
57.5
57.5
57.5
60.086605080831404
60.44327731092437
60.40671273445213
60.90056818181819
60.944852941176464
60.93498168498168
60.87420237010028
60.8841628959276
60.96869409660107
60.93804537521815
61.00174064403829
60.93333333333334
60.964716006884686
60.94387755102041
60.92457627118644
60.99408783783784
60.8458225667528
60.42580019398642
59.43692307692308
59.43692307692308
59.43692307692308
59.43692307692308
59.43692307692308
59.43692307692308
59.43692307692308
59.43692307692308
59.43692307692308
58.755414012738854
59.362336114421936
59.4895947426068
59.88216216216216
60.08677248677249
59.99794026776519
60.066530194472875
60.172239108409315
60.265243902439025
60.176412289395444
60.349129593810446
60.449136276391556
60.47722960151803
60.597537878787875
60.50467289719626
60.41271347248576
60.45912547528518
60.301814708691495
60.301814708691495
60.360608943862985
60.65209125475285
60.533777354900096
60.61328125
59.9968085106383
59.9968085106383
59.9968085106383
59.9968085106383
59.9968085106383
59.9968085106383
61.0
61.0
61.0
61.0
61.0
61.64199192462988
61.56423173803526
61.78024691358024
61.55737704918033
62.004602991944765
62.08914285714286
62.011074197120706
62.14972677595628
62.37432578209277
62.27426160337552
62.20103626943005
62.34384537131231
62.34368737474949
62.438048780487804
62.56147144240077
62.494716618635934
62.54595588235294
62.6563354603464
62.660308810172566
62.56862745098039
62.52270703472841
62.566402814423924
62.69055944055944
62.696943231441054
62.82559158632779
62.72687609075044
62.79736842105264
62.83680870353581
62.51520912547528
61.88427947598254
61.88427947598254
61.88427947598254
61.88427947598254
61.88427947598254
61.88427947598254
61.88427947598254
61.5
61.5
61.5
61.5
61.5
59.97459893048128
60.202290076335885
60.430504305043044
60.337306317044096
60.69965075669383
60.5793025871766
60.60758082497213
60.788840262582056
60.790966386554615
60.808777429467085
60.89038262668045
61.09146968139774
60.88511488511489
60.93532338308458
60.99607072691552
61.01077375122429
60.902949571836345
60.902949571836345
60.94334277620396
60.95377358490566
61.05529522024368
60.9774011299435
61.14107485604606
60.97355533790402
60.45551982851018
60.45551982851018
60.45551982851018
60.45551982851018
60.45551982851018
60.45551982851018
60.45551982851018
60.45551982851018
60.45551982851018
60.45551982851018
60.45551982851018
61.22112676056338
61.296052631578945
61.534504391468005
61.34647550776583
61.749710312862106
61.71509648127129
61.86888888888889
62.01318681318682
62.09100418410041
62.26796714579055
62.17564870259481
62.25196850393701
62.3779296875
62.216809933142315
62.23384030418251
62.3194706994329
62.39493433395873
62.39493433395873
62.458878504672896
62.46685340802988
62.44692737430168
62.41433891992551
62.455390334572485
62.36607970342911
62.337626494940196
62.33823529411765
62.244101633393825
62.3042304230423
62.30278526504942
62.2988298829883
62.27533632286996
62.170731707317074
62.518653321201086
63.136111111111106
63.08220502901354
62.111948331539296
62.111948331539296
62.111948331539296
62.111948331539296
62.111948331539296
62.111948331539296
62.111948331539296
61.5
61.5
61.5
61.5
61.5
61.5
61.5
61.5
61.5
61.5
62.86891891891892
62.90224570673712
63.14927344782035
62.90306122448979
63.19548872180451
63.146249999999995
63.18382352941177
63.18235995232419
63.092289719626166
63.30069124423963
63.334486735870826
63.527809307605
63.38621444201313
63.37012987012987
63.35243243243244
63.35243243243244
63.340172786177106
63.340172786177106
63.50277469478357
63.21984216459977
62.91230207064555
62.91230207064555
62.91230207064555
62.91230207064555
62.91230207064555
62.91230207064555
62.91230207064555
62.91230207064555
65.5
65.5
65.5
65.5
65.5
65.5
65.5
65.5
65.5
65.5
63.68352788586252
63.66280566280567
63.70199501246883
63.84634146341463
63.98729792147806
64.02043132803632
64.05016357688113
64.25782092772384
64.3931987247609
64.32721712538226
64.43262411347517
64.37151394422311
64.35860058309038
64.4274661508704
64.59537572254335
64.45242537313433
64.3155929038282
64.45597775718258
64.49398704902868
64.50924214417745
64.5239852398524
64.53271889400922
63.40090497737556
63.00960698689957
63.24206008583691
63.251071122536416
63.100168350168346
63.16472545757071
63.22599337748345
63.259075907590756
63.3557929334429
63.37551355792934
63.43878389482333
63.43878389482333
63.35497124075596
63.40180032733224
63.34339314845025
63.34339314845025
63.33551020408163
63.193040596520305
63.312086092715234
63.35871404399323
63.23176361957525
63.25759059745347
63.03815261044177
63.34396809571287
63.478005865102645
64.41941564561735
64.27232142857143
64.52351916376307
64.53885567890691
64.71512605042017
64.80971993410215
64.7986906710311
64.74694873881204
63.16350123864575
62.312033195020746
61.60911270983213
61.865220759101476
61.899308224442734
62.00593912397922
62.091043671354555
62.099999999999994
62.081199707388436
62.19636363636364
62.22431259044862
62.23461259956554
62.307968413496056
62.26009922041105
62.37967537050106
62.36158192090396
62.3621052631579
62.384776536312856
62.37849162011173
62.366177498252966
62.342456140350876
62.40576652601969
62.40182328190744
62.398596491228076
62.398596491228076
62.37851123595506
62.383909668313336
63.76616915422886
64.38271604938272
64.44645441389291
64.81876332622602
65.02384291725105
64.92600422832982
64.96830985915493
65.08321579689704
65.32095304835319
65.17146872803936
65.25615763546799
65.18394886363636
65.19638989169675
65.25747508305648
64.4500998003992
63.77251908396947
63.77251908396947
63.77251908396947
63.77251908396947
63.77251908396947
62.20099667774086
60.745333333333335
61.23664122137404
61.620654396728014
61.477799227799224
61.73308619091752
61.7103825136612
61.88997338065661
61.873777777777775
61.82130281690141
61.88168273444347
61.84469370146678
62.00170502983802
62.00678541136557
62.130581297388375
62.10543933054393
62.241493775933606
62.09770114942529
62.27938808373591
62.27018385291767
62.2321568627451
62.259172521467605
62.27962819519752
62.27251732101617
62.43351268255188
62.462803445575574
62.28685897435898
62.09359190556492
