94.31827805222301
93.85774647887324
93.74063604240283
95.87855655794587
96.41316526610643
96.39340813464236
96.29986052998606
96.03611111111111
95.94602076124568
95.83344899375433
95.54852320675106
95.40662438336857
95.35426958362739
95.11888111888112
94.95489781536293
94.89510985116938
94.61620469083155
94.36298932384342
94.20352112676056
93.98301486199576
93.89750889679715
93.65504978662874
93.34593437945792
93.33357091945831
93.01127554615927
92.8940350877193
92.64664310954063
92.37321937321937
92.22560113154172
91.99858156028368
91.8388928317956
91.82636428065202
91.46137026239067
91.27206477732794
90.90654205607477
90.90654205607477
90.90654205607477
90.90654205607477
90.90654205607477
90.90654205607477
89.93081761006289
89.6061588330632
89.51742627345844
89.42134831460675
89.54179254783485
89.12511415525114
88.80670103092784
88.64686192468619
88.42949234488316
88.11233307148468
87.91881342701015
87.4858454475899
87.28247734138972
86.87198795180723
86.82732732732732
91.16226138032306
93.59147685525349
93.62134502923976
93.50977552498189
93.4361170592434
93.23170731707317
92.95719298245614
92.78169014084507
92.07926397735315
91.39313244569026
91.08503162333099
90.97973445143256
90.4808094905792
90.12100139082058
89.89631176061239
89.63958333333333
89.32098765432099
89.06095890410958
88.92925170068027
88.76057298772169
88.70588235294117
88.50924024640658
88.44216290212184
88.35102040816327
88.18515997277059
88.5048010973937
94.72539573296628
94.8840579710145
94.90088858509911
94.78817056396149
94.7624914442163
94.55320600272852
94.42671232876712
94.2863978127136
94.15535956580733
94.0518417462483
93.94733288318703
93.80725319006045
93.73499662845583
93.67876344086021
93.4789972899729
93.2940350877193
93.01574074074074
93.01574074074074
93.01574074074074
93.01574074074074
93.01574074074074
93.01574074074074
93.01574074074074
88.26287262872629
87.20384204909286
85.57090576395242
84.56587301587301
84.74925373134329
84.95667870036101
85.17713479181369
85.45543175487465
85.64315068493151
84.49773755656109
83.09333333333333
82.70963704630789
83.15749039692702
83.65708812260536
84.24455825864277
85.26346153846154
87.46139119336311
88.45992366412214
89.28534538411878
89.98463508322664
90.45454545454545
91.41176470588235
92.1413043478261
92.42628205128206
92.93079365079365
93.34165067178503
93.59526854219949
93.87253027405991
94.11614550095724
95.70806658130601
98.8547557840617
99.06949806949807
99.23230373230373
99.37628205128206
99.45716112531969
99.46350832266324
99.44593730006397
99.38476312419974
99.44236960721184
99.37451984635084
99.31605886116444
99.20795892169448
99.06153846153846
98.80628608082104
98.72936660268715
98.5403329065301
98.39719029374203
98.19782330345711
97.96854942233634
97.76717557251908
97.67051282051281
97.59053103007038
97.42519181585678
97.25112107623318
97.11004478566858
96.70716112531969
100.66666666666666
100.98899676375405
100.81981981981983
100.82345360824742
100.76169122357463
100.60282776349615
100.50096836668818
100.43447385409942
100.4516335682255
100.10744336569579
99.8948051948052
99.74103065883888
99.66710439921208
99.46503957783642
99.23122529644269
99.21805006587616
102.41222879684418
105.83277140930547
109.54140570633264
109.6614119259767
109.75271002710028
109.6358732299393
109.5935397039031
109.36941813261163
109.29918588873812
109.1288766368022
108.92318244170096
108.5481171548117
108.36414565826331
108.21403752605977
108.1415683553088
107.94117647058823
107.38424326192121
107.22290809327846
107.1015785861359
107.01357773251867
106.54325955734407
106.36768617021276
106.07631578947368
106.03265839320706
105.52100840336135
105.3389175257732
106.30588235294118
107.3311432325887
107.07005948446795
106.93133333333333
106.76265614727154
106.70287958115183
106.5640522875817
106.0995385629532
106.10052562417872
105.74950560316414
105.47709424083769
105.22039473684211
104.89709762532982
106.59581425768476
108.59682749504296
109.07312252964427
109.05897771952817
108.8682322243966
108.55874673629242
108.24476439790575
108.16395575797007
111.40482398956975
115.07269155206288
118.03213367609254
117.9775641025641
118.12146003775959
118.23252937538652
118.11289327575571
118.11289327575571
118.11289327575571
118.11289327575571
118.11289327575571
118.11289327575571
118.11289327575571
118.11289327575571
118.11289327575571
118.11289327575571
123.65800865800867
122.61826252377932
122.9239875389408
122.9239875389408
122.9239875389408
122.0943989930774
121.92550505050505
121.61422278162365
121.4971572962729
120.35336381450033
120.05032258064516
119.72449642625081
119.2133072407045
118.41672067401166
111.92810880829015
104.40882543802726
97.91923834537099
92.9318783068783
90.37896825396825
90.01672240802675
89.89694148936171
89.83311170212765
89.59986816084377
89.4323258869908
89.17693836978131
88.9202657807309
89.57228915662651
89.35733512786003
89.2342586323629
89.10871033085753
89.10067567567567
88.92842673869008
88.84324324324324
88.64035087719299
88.4650067294751
88.21081081081081
88.0944669365722
87.92542372881356
90.40823211875843
94.96849865951742
98.91783567134269
102.97607973421927
105.24121935056328
105.25725593667546
105.2268244575937
105.10104986876641
104.84280052840158
104.52766798418972
104.39564068692206
104.27496671105193
104.09980171844018
103.91507570770244
103.81406044678056
103.50099403578528
103.27109634551495
102.68452380952381
100.71944809461235
99.79362972793629
99.59403973509933
99.33089214380826
99.21675531914894
99.02598267821452
98.6078301260783
98.348
98.09873248832555
98.03187250996015
97.83855903935958
98.3953795379538
100.75555555555556
101.54477611940298
101.53861788617886
101.46987136086662
101.15211459754434
101.07749830047587
100.9392302498312
100.70385395537525
100.61616161616162
100.25990597716589
100.0886932972241
101.41276306856756
103.92682926829269
104.37711577522003
104.33920108327692
104.05363204344874
104.0515254237288
103.77979797979798
103.75420875420875
105.21751025991793
108.51074151074151
111.85164051355207
112.61075725406936
112.4985935302391
112.44366197183098
112.20871398453971
111.97827610371408
111.82608695652175
111.73407977606718
111.60771929824561
111.28730822873082
111.02172389628592
110.82794943820224
110.58397212543554
110.50522648083623
110.16689750692521
109.81805458362491
109.78041958041959
109.68153310104529
109.30656424581005
108.97677691766361
108.88297126839524
108.63559915907499
108.45763888888888
108.11436541143655
107.99305072967339
107.78333333333333
107.71875
107.29488950276243
108.33007676203769
110.71664275466284
110.6412652767793
110.53333333333333
110.37366548042704
109.94079885877318
109.87384176764077
109.84483985765124
109.61402266288951
109.24947145877378
109.01912181303116
108.94968107725018
108.77247191011236
108.67515923566879
108.51226348983883
108.15941011235955
107.96330275229357
107.67563739376772
107.57861189801699
107.32980972515855
107.16538192011213
106.7444996451384
106.68909348441926
106.36678445229683
106.3053003533569
108.59201141226819
109.64650827933765
109.56048675733715
109.34310221586847
109.24821173104435
108.83273766976411
108.78928571428571
108.6305278174037
108.53911806543385
108.2983699503898
107.93024911032029
107.8136073706591
107.68435951875443
107.48273431994363
107.40649258997882
106.92248062015504
106.85312719606466
107.23175053153793
108.86723768736617
108.78891257995735
108.50770308123249
108.4231843575419
108.351011863224
108.22369337979094
107.89447938504543
107.87526278906797
107.51743375174337
107.42278127183788
107.10306406685237
106.97909407665506
106.71566597653555
106.49828178694159
106.19064005505851
106.06511309115834
106.3841463414634
107.41931034482758
107.30864197530863
107.27117486338798
107.12087912087912
106.98356164383561
106.73209366391185
106.4735758407687
106.3837689133425
103.92620689655172
100.9481228668942
100.25878378378378
99.99661246612466
99.89932432432433
99.53602693602693
99.27542087542088
100.0882154882155
102.96521739130435
104.89806795469687
105.60697518443997
105.44689378757515
105.34437086092714
105.25911199469849
105.09827357237717
105.42979564930783
107.37705998681608
109.89632107023411
112.04861580013505
112.98222829801777
112.90921501706484
112.77619047619048
112.67140921409214
112.40821917808219
112.33310486634682
113.87767795438839
116.21229449606862
117.62258756254468
117.7008547008547
117.64971751412429
117.52140350877193
117.2528409090909
117.01779359430606
116.9576570218772
116.62341325811002
116.5073477956613
116.2111581920904
115.94810659186535
115.57770034843205
112.79260780287474
109.35231078365706
107.71668909825033
107.58815701929474
107.14621059691481
106.81695827725437
106.5841121495327
106.36133333333333
103.77479892761394
101.26337169939066
100.13223140495867
99.2798325191905
99.08589835361488
99.01988217967599
99.26719768283851
100.032
101.48716067498165
103.74137931034483
104.22968980797637
104.32072727272728
105.68139029688632
109.28404952658411
111.78726483357454
111.7748201438849
111.68871315600288
111.66880341880342
111.31012203876526
111.76714285714286
115.88819007686932
119.70600414078675
119.70600414078675
119.70600414078675
119.70600414078675
119.70600414078675
119.70600414078675
119.70600414078675
119.70600414078675
119.70600414078675
119.70600414078675
119.70600414078675
119.70600414078675
119.70600414078675
119.70600414078675
119.70600414078675
119.70600414078675
119.70600414078675
119.70600414078675
119.70600414078675
119.70600414078675
119.70600414078675
119.70600414078675
119.70600414078675
119.70600414078675
119.70600414078675
119.70600414078675
119.70600414078675
119.70600414078675
119.70600414078675
125.73337902673063
125.73337902673063
116.51287128712872
108.64567983924982
106.70080321285141
106.69767441860465
106.51045178691841
106.33154362416107
106.07161981258366
105.94492948287441
105.77105978260869
105.03590785907859
103.06735395189003
102.15189873417722
102.05407303370787
102.00139860139859
101.87456687456688
101.81445448227936
101.59790209790211
101.41254355400696
101.35277777777777
100.97788527988942
100.94064872325742
100.85596140592695
100.6408106219427
100.31705639614856
100.28777472527472
100.07063711911357
99.94146005509643
99.83701657458563
99.16701173222913
99.10180055401662
98.87708333333333
98.56854558107167
98.2712100139082
98.1210235131397
102.38545953360767
105.34489937543373
105.29488950276243
104.90839694656489
104.77477477477478
104.70470262793914
104.50172294968988
104.27548209366391
104.03859407305308
103.80397532556546
103.54432989690721
103.30089102124742
102.93557230980123
102.73636991028295
103.29098360655738
105.00905292479109
105.16411682892907
105.0999310820124
105.00828729281767
104.80027643400138
104.79243986254295
104.39172413793104
104.32164948453608
104.11310344827587
103.8803061934586
103.66319444444444
103.52449965493443
103.26712802768165
103.20816044260027
102.72594142259413
102.51315789473685
102.34372834372834
102.20429362880887
102.14889196675901
101.71737613398466
101.64944134078212
101.3367839889579
101.21008984105045
100.86518415566366
100.69252077562327
100.43093922651934
100.15691672401927
99.99447513812154
99.79520547945205
99.63567493112947
99.32443531827516
99.83862068965517
101.28472222222223
101.239446366782
101.02689655172414
100.91666666666666
100.69177608845888
100.4649548924358
100.29117442668519
100.17095205003474
100.01803051317614
99.78491620111731
99.7391910739191
99.35413744740532
99.18367346938776
99.51912181303116
101.2029598308668
101.2029598308668
101.23446327683615
101.07072135785006
100.7122807017544
100.5378627034678
100.37102473498234
100.28008444757214
100.22714486638537
99.89351198871651
99.71841919548342
99.59505300353356
99.38461538461539
99.20483641536273
99.02227011494253
99.00718907260963
98.64553314121036
98.44740634005764
100.02453102453103
100.89009399855387
100.87247838616715
100.68727534148096
100.44699140401147
100.27175463623395
100.08838203848896
100.01855817273376
100.15778251599147
102.5828530259366
103.58640636297903
103.59957020057307
103.32292405961675
103.21428571428572
103.04378531073446
102.7953091684435
102.64839857651245
102.51521585279548
102.29556650246306
102.26234132581101
103.76868327402136
105.84549356223175
105.83875530410184
105.76408450704226
105.53074204946996
105.28250175685173
105.23190442726633
104.98796886058032
104.94918842625265
105.0812324929972
107.15487977369165
108.07483962936564
108.11522048364154
107.99574769666903
107.90934844192634
107.83169014084507
107.6811797752809
107.6764500349406
107.21864050455501
106.96083916083916
106.85564853556485
106.88485694347523
108.8357894736842
110.38571428571429
110.49927849927849
110.38357142857143
110.20014194464159
110.01577060931899
109.678905687545
109.49513836948393
110.13094310210445
111.22380952380952
113.04455051710421
114.82820097244732
116.52768729641693
117.67073170731707
118.02676399026764
118.08576051779934
118.08622078968574
117.78725099601593
117.63721657544957
117.32813717848792
117.16490166414523
116.57485029940119
116.37971872686899
115.6530909090909
114.87608695652173
114.2584985835694
113.10106007067138
111.83414975507347
109.53514265831593
107.33036935704514
106.93131868131869
106.51161202185793
105.75322033898306
101.99125168236878
100.2265415549598
99.20281124497993
99.01718440185063
99.32589587559161
100.41902136457615
101.51456310679612
103.19337016574585
105.60589444825223
108.48468345813478
108.4578231292517
108.43940419769804
108.10998650472334
108.07806191117092
107.82781904118838
107.79043126684635
109.72154471544715
111.54701441317776
111.53867214236824
111.35109289617486
111.05003427004797
110.91540577716643
110.73754385964912
110.45609065155807
110.09393063583815
109.70109090909091
107.82412060301507
107.22794636556105
107.19592696629213
106.8661028893587
106.81575246132209
106.44714881780251
106.36801675977654
106.02480510276399
105.9569209039548
105.49438202247191
105.7265625
105.77602297200286
105.60227272727272
105.39268121041519
105.1647966339411
105.13725490196079
104.90182328190744
104.80701754385964
104.4379407616361
104.39697406340058
104.64784546805349
105.28841786525359
105.06067769897558
104.54645270270271
104.51912568306011
104.22157996146436
104.058526740666
104.20846560846562
104.18471337579618
104.27690700104493
104.7184265010352
104.96891191709844
105.8572864321608
105.92750744786494
106.01923076923077
105.94112060778727
105.89952606635072
105.90616113744076
105.9581351094196
106.54632282712512
106.66315789473684
106.85658536585366
106.953125
107.0544015825915
107.44921875
107.60629921259843
107.99122807017544
108.85577841451767
110.03266090297791
110.6066985645933
110.69134615384615
110.65209125475286
110.57818532818533
110.53216374269006
110.13513513513513
109.57888349514563
109.57888349514563
109.57888349514563
109.57888349514563
107.48529411764706
105.5
105.5
105.5
105.5
105.5
105.5
105.5
105.5
105.5
105.5
105.5
105.5
105.5
105.5
105.5
105.5
105.5
111.03846153846155
108.74465811965811
107.7737881508079
107.29272030651342
107.14790286975717
106.69010043041607
106.24145299145299
106.09192200557104
105.76044568245126
105.59777313848295
105.34815844336345
105.14355062413316
104.69882026370576
104.64993122420907
104.41156228492773
104.2706043956044
103.99931459904045
103.82876712328766
103.57818930041152
103.44513031550068
103.17056396148556
102.76608996539792
102.5961405926947
102.45529573590096
102.11862068965517
101.94652777777777
103.55749128919861
108.13710247349823
110.27857142857144
110.28240405503259
110.08739985433357
109.61963636363637
109.54446854663775
109.37122302158274
109.14830813534917
108.69701383831027
108.62011577424023
108.19309838472833
108.27737226277372
108.73622336517266
112.18364312267659
113.75225903614458
113.69381598793363
113.6418570375829
113.36162361623616
113.23460410557185
112.67541229385307
112.48956780923994
112.27259148618373
112.03486646884272
111.88179148311306
111.52437223042836
111.3860294117647
111.17547723935388
110.855587808418
110.81073241479334
110.22441520467837
110.22431259044862
109.85796683489545
109.81182408074983
109.44725433526011
109.21223021582733
108.91991341991343
108.6764705882353
108.31651045421773
107.88144329896907
107.59710586443259
106.98592788038698
107.50655542312276
108.16712328767123
108.69350649350649
108.93216630196937
108.735918744229
108.59171597633136
108.60198624904507
108.61151603498541
108.37384506041222
108.05166312809625
107.8738548273432
107.73632538569424
107.49302649930266
107.15586206896552
107.11781011781011
106.83414295628036
106.64726264726265
106.42906336088154
106.27468706536857
105.77077562326869
105.71043538355218
105.44074844074845
105.08413793103449
104.97648686030428
104.65793103448276
104.46458333333334
104.1875
104.10855949895617
103.73328690807799
103.5372191011236
103.41357592722184
102.99294781382228
102.89652728561305
102.4960460100647
102.40271816881258
102.15687679083095
102.0165111270639
101.74893617021277
102.87437544610992
103.92109038737446
103.94054441260745
103.65539568345324
103.27658045977012
103.15103793843952
103.0333569907736
102.88365453247681
102.81811697574892
102.36637931034483
102.15114613180515
102.05424696645252
101.948350071736
101.5151953690304
101.31841155234656
101.214440433213
100.93862815884476
100.86034732272068
100.45772594752187
100.35584604212056
100.06846321922797
99.85930735930737
99.62590448625181
99.32924187725632
99.141312184571
98.92749461593684
98.71159420289855
98.89863407620416
102.04091888011486
103.79283154121865
103.57276657060518
103.42580645161291
103.28988603988604
103.07473309608541
102.9957264957265
102.82051282051282
102.56344086021505
102.24604316546763
102.1554441260745
101.82834757834758
101.69985673352436
101.34870317002881
101.18478260869566
101.03302225412779
100.88461538461539
100.81540697674419
100.45745454545454
100.13206162876008
99.93527272727272
99.800878477306
99.63597122302158
99.13338139870223
99.02603036876356
98.92836468885673
98.77305475504323
98.47804175665947
98.15620542082739
99.39052404881551
99.83838383838383
99.76906628652887
99.54911660777385
99.24683544303798
99.18085855031669
98.99226441631505
98.68824771287825
98.59831460674158
98.2380617977528
98.19101123595506
97.962911126662
97.81183932346724
97.53258584442887
97.21534130893737
97.19607843137254
96.94113524877365
99.99018232819074
105.51247327156094
105.80928571428572
105.64784756527877
105.60616678346182
105.40864714086472
105.29616724738676
105.02712100139081
105.0125086865879
104.78351955307262
104.52491228070176
104.34180790960451
104.09148486980999
103.8387784090909
103.61417322834646
103.44142857142857
103.25035868005739
102.95241528478732
102.4001452432825
102.30115273775216
102.1841726618705
102.13656069364163
101.95107913669065
101.84503982621288
101.56603773584905
101.38322487346349
101.16605972323379
100.93241279069767
100.50806451612902
100.23291697281411
100.1040293040293
100.06510607168983
99.66324284666177
99.21577380952381
99.01554404145077
98.9430894308943
98.65387453874538
98.22074074074074
98.04286770140428
97.95558845299777
97.81152993348115
98.05674281503316
100.89821693907875
100.91375464684015
100.89634601043997
100.64323111443531
100.42899850523169
100.16228399699474
100.11936936936937
99.94568452380952
99.69783096484667
99.40956651718983
99.23652694610779
98.94881305637982
98.81443298969072
98.69623059866962
98.30303030303031
98.02402402402402
98.73580620741862
101.48982785602504
101.78197908286404
101.76106194690266
101.74418604651163
101.3524783634933
101.03794466403161
100.91222570532915
100.86734693877551
100.68754894283477
100.56953125
100.29397967161844
100.08719135802468
100.04765564950038
99.7888719512195
99.52319391634981
99.24693251533742
99.0728527607362
98.92972972972973
98.76325903151422
98.55007704160246
98.3276923076923
98.07390300230946
97.8953488372093
97.66511266511267
97.3289371605896
97.20390625
96.94012441679627
96.68842268842269
96.65393608729539
96.4138198757764
96.05361305361305
95.86171875
95.97213375796179
98.39333862014274
99.49044585987261
99.28446215139442
99.27149681528662
99.01828298887122
98.82893685051958
98.78778386844166
98.55598755832037
98.29402637703646
98.02890625
97.74824081313525
97.6721183800623
97.61305361305361
97.44961240310077
97.15949960906958
96.83516483516483
96.69694596711042
96.55843137254902
96.3544600938967
95.96162881754111
95.9169929522318
95.7478397486253
95.6023346303502
95.33849728892332
94.92313664596273
94.8711943793911
94.61254901960784
94.36171875
94.01477449455676
94.71181102362205
98.8918918918919
99.3956661316212
99.22611464968153
98.93152866242039
98.8011049723757
98.7771653543307
98.5350669818755
98.283676703645
97.96172248803828
97.84956452889944
97.69424743892829
97.51819620253164
96.89553429027113
96.81104883907125
96.64171974522293
96.57370517928287
96.4241214057508
95.96722621902478
95.8261217948718
95.74059247397918
95.6424
98.51203852327447
98.17538213998391
97.96051571313457
97.90901771336553
97.77662957074722
102.67616959064327
97.47063555913113
97.11977491961414
96.90799031476998
96.7393744987971
96.5624
96.36444086886564
96.10699919549478
96.02914979757085
98.67266775777415
98.99180327868852
98.8399675060926
98.63517915309447
98.42483660130719
98.31621841890791
98.00651465798046
97.76283618581907
97.56035889070147
97.51058631921825
97.3219789132198
96.99512195121952
96.61237785016286
96.56006493506493
96.47921760391199
96.29119086460032
95.90309446254072
95.76171243941842
95.56331168831169
95.45565500406835
95.20146222583266
98.19524200164068
98.7379767827529
98.57107231920199
98.51738410596028
98.29569455727051
97.96991869918699
97.9105560032232
97.67434471803018
97.56995230524643
97.29143314651722
96.95310015898252
96.79904306220095
96.59984089101034
96.57438345266507
96.26146419951729
96.0992
95.8871096877502
95.73895582329317
96.75121163166398
100.83688524590164
104.1404399323181
105.05982905982907
105.04453781512605
105.07422852376982
104.89256198347107
104.84349258649094
104.61939690301548
104.40986257073564
104.2421052631579
103.89123376623377
103.85482562854826
103.63702506063055
103.4562248995984
103.37237479806139
103.21497584541063
102.78064516129032
102.65325824617861
102.44148506860371
102.17888799355359
101.89837398373984
101.80339805825243
101.64615384615385
101.35610932475885
101.18342719227675
101.0096463022508
100.62781350482315
100.38670936749399
100.28422738190552
100.26725521669343
102.65444172779135
103.0139687756779
102.98768472906404
102.731925264013
102.64878048780488
102.51738075990299
102.34219001610306
102.06396761133604
101.85032362459546
101.82910874897792
101.67763157894737
101.42075163398692
101.2082304526749
102.91570247933885
105.2241529105126
105.19828326180257
105.10634648370498
104.93921232876713
104.71111111111111
104.61276595744681
104.23339011925043
104.27311280746395
103.78559322033898
103.59052453468698
103.45147679324894
103.28389830508475
103.03942953020135
102.89121338912133
102.72727272727272
103.36394271272115
104.8459552495697
104.72727272727272
104.70951156812339
104.36054421768708
104.14795918367346
104.09044368600684
103.76023890784984
103.67805294619983
103.54995730145174
103.51965811965812
102.87008547008547
108.04276827371694
102.6448275862069
102.56847545219638
102.20971867007673
101.97036409822184
101.86113463166808
101.756734006734
101.64063811922753
101.58838383838383
103.07253886010363
103.04635193133046
102.86864406779661
102.7
102.62573099415204
102.5119341563786
102.10500410172273
101.91290057518488
101.63097199341021
101.57733664185278
101.25020508613618
100.90140845070422
100.88651315789474
100.64893617021276
100.39818631492167
100.22850122850123
99.88327814569536
99.54833333333333
99.4729392173189
99.2029826014913
99.45903010033445
101.63010204081633
101.6321155480034
101.50509337860781
101.22616033755274
101.05822784810127
100.77552742616034
100.71500843170321
100.3590831918506
100.10650887573965
99.83670033670035
99.75210792580101
99.62741799831792
99.43293718166385
98.85436071126165
98.69406779661017
98.55857385398981
98.31037414965986
98.06525423728814
97.7810650887574
97.65617021276596
97.42978723404255
97.30867346938776
96.5863829787234
96.47399829497016
96.20545609548168
96.00339558573853
95.68915456874467
95.77172061328791
97.6538789428815
97.6268146883006
97.43605150214592
97.13796058269065
96.81132075471697
96.58153580672993
96.45768566493956
96.2301724137931
96.16724137931035
95.83931623931623
95.56089193825044
95.4534585824082
95.14359415305245
96.23190932868351
98.68439407149084
98.37040280210158
98.31652173913044
98.16262975778547
97.92480553154711
97.795670995671
97.60809646856158
97.14334763948497
96.91780821917808
96.69012875536481
96.64827586206897
96.27589208006962
96.20988725065047
95.93701466781708
95.66781115879829
95.50561797752809
95.36805555555556
98.53819139596138
99.59681697612731
99.51325088339223
99.31089459698848
99.0273368606702
98.81026979982593
98.67100694444444
98.57802964254577
98.1895652173913
98.06822107081175
97.73109965635739
97.6342512908778
97.4170249355116
97.17672413793103
97.06426735218508
96.46313963573287
96.42547660311959
96.19948409286329
96.01899827288429
95.56994818652849
95.46293103448276
95.31628303495312
95.1395744680851
94.96130696474634
94.55148936170212
94.32194705380017
94.15332197614991
94.14590443686006
95.97688356164383
95.75369886858138
95.46447140381282
95.39047619047619
95.3877901977644
95.24893071000855
94.82553191489362
94.67291311754686
94.51360544217687
94.34834324553951
94.10295358649789
93.94767932489451
93.64182895850973
93.48763853367434
93.48937977909941
98.33420138888889
98.56299559471366
98.57665505226481
98.5724197745013
98.48615916955018
98.36703483432456
98.09487825356842
97.66078925272879
97.54606365159128
97.33978132884778
97.20450751252088
96.82809917355371
96.59748953974895
96.4675540765391
96.22979797979798
96.15741507870754
95.833748960931
95.6814011676397
95.38487394957983
95.3139240506329
95.19663865546218
97.83347566182749
100.05414847161572
100.01913043478261
99.90103270223753
99.72010398613517
99.66983578219534
99.41788478073947
99.25682593856655
99.05917159763314
98.87179487179486
98.7686440677966
98.57744107744108
98.14297658862876
97.9452401010952
98.58010118043845
101.93199651264167
101.88331892826275
101.78133102852203
101.54363001745202
101.39119170984456
101.19810508182601
101.11835334476844
100.81206896551724
100.65608919382504
100.28
100.06099656357388
99.81030042918455
99.57327586206897
99.34559452523524
99.17125645438898
98.93949870354365
98.6695427092321
98.48759623609922
98.2037037037037
99.70102214650767
103.0207075064711
103.51781059947871
103.50434027777777
103.44087837837839
103.33500000000001
103.24234904880066
102.95269168026101
102.8352365415987
102.7952691680261
102.59836065573771
102.40538336052202
102.19482619240097
102.02748585286984
101.94702526487367
101.69028006589787
101.36527436527436
101.08026208026209
103.7817427385892
106.89030612244898
107.3891248937978
107.42091836734693
107.32630691399663
107.23341729638959
107.03263598326359
106.7109440267335
106.58250000000001
106.26766417290108
106.22019867549669
105.99342105263159
105.78413736713
105.6032786885246
105.50325203252032
105.26876513317191
104.97054140127389
104.629392971246
104.42536115569823
104.4238782051282
103.98107255520505
103.8452380952381
103.61934972244251
103.3452380952381
103.29477020602218
108.4035587188612
102.74050632911393
102.61155063291139
102.35326514555467
107.33571428571429
101.8676122931442
101.76386687797148
101.71054718477399
