106.53622047244095
106.89580093312597
106.91064491064492
106.807722007722
106.82071097372489
107.24883720930232
108.14947683109118
108.01352366641623
108.20601503759399
108.35493594574228
108.63493253373314
108.19612403100774
108.64405487804878
108.7731411229135
109.29191616766468
109.36221060492906
109.45522949586154
109.44623655913978
110.14795539033457
110.3905325443787
110.537147102526
110.61321455085374
110.82634730538922
110.8796711509716
111.2448224852071
111.52954375467465
111.24602573807721
111.78462709284628
111.93882175226585
112.24397590361446
112.27168949771689
112.31759329779132
112.51555209953344
111.81274281274281
109.28440366972477
107.84307692307692
107.92767295597484
108.0133963750985
108.05275590551182
108.28253968253969
108.77122641509433
108.80705882352942
108.95934323690383
108.996875
109.04620203602192
109.66692913385828
109.71928460342147
109.84103367267032
109.71395348837208
106.65183450429352
105.24847094801223
105.56134969325154
105.43836671802774
105.46491904394757
105.6820276497696
105.73736600306279
106.07918552036199
106.33333333333334
106.38329604772558
106.37179487179486
106.56646525679758
106.70918754745634
106.9524886877828
106.91572610985703
106.78919729932483
102.61669128508123
98.59955752212389
96.52954048140043
96.57708933717579
96.64971346704871
96.67649173256649
96.76152737752162
96.76238334529792
96.81156316916488
96.62928571428571
96.12606232294618
96.10593220338984
96.07887323943662
96.07946554149086
96.12341325811002
96.13003533568904
96.13314447592069
96.14720452937013
96.28652081863092
96.48285714285714
96.72791519434628
97.0085166784954
95.0515172900494
89.77464788732394
86.5084388185654
86.62150837988827
86.79915433403805
87.11863224005583
87.351011863224
87.5423611111111
87.8056338028169
88.14415675297411
88.26190476190476
88.84685956245589
89.04028268551237
89.33666191155493
89.56025824964132
89.64372759856631
89.86023054755043
90.07055435565155
90.3001443001443
90.60662824207493
90.98061737257717
91.0958512160229
91.2997159090909
91.77494692144374
92.07313642756681
92.52723463687151
92.67380442541042
92.9849510910459
92.62208258527828
90.98504983388705
90.98504983388705
90.98504983388705
90.98504983388705
90.98504983388705
90.98504983388705
88.73469387755102
88.73469387755102
88.411051212938
88.27783669141039
88.75285171102662
88.66547085201793
89.39393939393939
89.87560975609756
90.96600790513834
91.52900232018561
92.16616766467065
94.2815734989648
95.22237106496986
96.07965194109772
97.09880636604774
98.03317850033179
98.74456879526004
99.627308707124
98.01554404145077
95.25911708253359
96.17300380228137
96.5
97.16005040957782
97.50063371356147
97.95186827105763
98.32698412698413
98.6323155216285
99.05544933078394
99.36970474967907
100.04458598726114
100.4561626429479
100.94733502538071
101.36828806064435
101.31061093247588
101.2490221642764
101.42913385826772
102.08934480476506
102.86679920477138
104.29807052561543
105.17541528239202
106.173971679029
106.84214138641043
107.53051317614424
108.32202216066483
109.15062761506276
110.11328671328671
110.88101983002832
111.69845722300141
112.1638418079096
112.52207977207976
112.80257510729614
112.9269340974212
113.04163726182074
112.64403145103645
112.05395935529083
110.94600136705401
106.59070072036673
102.57170542635659
98.60880829015544
95.53606237816764
93.04265091863518
91.07622149837134
89.71587926509186
88.35841584158416
87.4770642201835
87.03036303630363
87.03026315789474
86.43322475570032
85.45342019543973
84.23355263157895
83.11865524060646
82.68646864686468
82.42782495101241
82.46164021164022
83.83133333333333
85.34451019066404
87.45110821382008
90.4668400520156
92.78110749185667
94.17684887459806
95.17919075144509
97.33333333333334
100.25430210325048
102.34309895833334
104.40798952193845
105.68902038132808
105.92247557003257
106.43679682329582
107.18469656992085
108.11925383077948
107.99328408327736
108.17883456128601
108.47785234899328
107.44936284372903
103.90688259109311
101.23301630434783
99.99382292381605
99.25136239782017
98.78517501715854
98.92413793103448
98.76027397260273
97.73770491803279
96.70861833105334
95.61042524005487
94.22798634812287
93.1744738628649
93.05163043478261
93.28399433427762
92.83333333333333
92.76450511945393
92.66734486266532
92.35890151515152
92.48372513562387
92.90672268907564
93.35237329042639
93.97274143302181
94.7677616501146
95.78720238095238
97.64138438880707
99.12636165577342
99.51892285298399
99.78345323741007
100.14981818181818
100.76818950930627
100.76818950930627
100.76818950930627
100.76818950930627
99.62068965517241
99.62068965517241
97.4019975031211
97.1027397260274
97.02190395956191
97.00919540229884
97.14505494505494
97.30780042164442
98.88579197824609
100.68523489932886
100.72446236559139
100.83049693669162
100.35040983606558
99.86621160409555
98.99519560741248
98.47361111111111
97.12281926029308
96.81022408963585
96.65108164689462
95.92442267319804
95.14275717284815
93.82250174703005
93.61533101045296
93.76858345021037
93.91328671328671
94.00139762403913
94.41707487753673
94.6308864265928
94.83414295628036
94.95066018068103
94.02417127071823
92.72104180945853
92.44383184011026
92.95779441797141
93.69476546566962
94.34737620103473
94.83607979184735
95.0788013318535
95.99333333333334
96.59890109890111
97.6951724137931
98.4986559139785
98.98473282442748
98.98473282442748
98.98473282442748
98.98473282442748
98.98473282442748
98.98473282442748
98.98473282442748
98.98473282442748
98.98473282442748
98.98473282442748
98.98473282442748
98.98473282442748
98.98473282442748
98.98473282442748
98.98473282442748
98.98473282442748
98.98473282442748
98.98473282442748
97.98598130841121
97.31662870159454
97.16773017319963
96.92881646655232
97.13636363636363
97.19565217391305
96.21004566210046
94.59646539027982
93.47487615003539
93.10972222222222
93.18206707734429
93.43516632722336
93.57687074829931
93.69438810006761
94.39824797843666
96.3891156462585
96.65138233310856
96.87096774193549
97.07094594594594
97.3069105691057
97.63967611336032
97.78009414929389
97.94173441734418
97.4174031271244
95.54039375424304
93.457969065232
93.11541072640868
93.37914364640883
93.77453027139875
94.59009332376166
94.73941134242642
95.19885139985642
95.54335260115607
95.80273578113751
96.07431457431457
96.37608695652173
96.59143686502176
97.00435729847494
98.44865258557903
99.0454878943507
99.04478707782673
99.35311355311356
99.54857560262965
99.66225165562915
99.48531571218797
98.55276752767529
96.5444361463779
96.88239644970415
97.31831610044313
97.44666666666666
97.57490774907748
97.63416477702192
98.11449159327462
98.39863713798978
98.51373626373626
98.40247678018576
98.56560088202866
98.90205562273277
98.65015015015015
98.65015015015015
98.65015015015015
98.65015015015015
98.65015015015015
98.65015015015015
98.65015015015015
98.65015015015015
98.65015015015015
98.65015015015015
101.95575221238937
102.61637931034483
102.43911007025761
102.06896551724138
100.75555555555556
100.67223198594024
100.73164556962026
100.9109477124183
101.07407407407408
101.39285714285714
101.35681114551085
101.48967100229532
101.70906321401371
100.88725128960942
98.586817859674
98.92776998597475
99.155617585485
99.26960784313727
99.42065142065141
99.43342579750347
99.71083505866115
99.97020097020098
100.02011095700416
100.47550034506557
100.55186721991701
100.66735537190083
100.953264604811
101.1659779614325
101.27812284334024
99.30204081632652
95.81296421336934
94.48395721925134
95.01744966442953
95.11372812920592
95.35618279569893
95.45509383378015
95.81022880215343
96.07506702412869
96.33288500336248
96.385240352065
96.81739130434784
95.76646706586827
94.76054421768707
95.0924541128484
95.36270491803279
95.52380952380952
95.7102931152011
96.04152484683459
96.24948735475051
96.62380952380953
96.81559322033898
97.02571041948579
97.2800815771584
97.42943956785956
97.63593539703903
98.02217741935485
98.13958192852326
98.39203778677464
98.79559118236473
98.87090301003344
99.16018766756032
99.35570469798657
99.51075268817203
99.81672240802675
100.07978723404256
100.24214046822743
100.40333333333334
100.88630319148936
100.9500998003992
101.22148541114058
101.39017916390179
101.74517631403859
101.88970588235294
102.21897810218978
102.53431045969353
102.72063702720638
103.0461229946524
103.23214285714286
103.43046357615894
103.49700996677741
101.22376237623763
101.04765056254136
101.17748344370861
101.33510285335103
101.67654808959156
101.94642857142857
101.94257425742575
102.31617161716171
102.7267939433838
102.82617316589557
103.11826544021025
103.2093482554312
103.59580052493439
103.67610269914417
104.03187250996015
104.16766467065868
104.30280748663102
104.84497671324019
104.93696084936961
105.06254158349967
105.3558077436582
105.7491661107405
105.8995279838166
106.35171486213854
106.3456873315364
104.07472826086956
103.64883401920439
103.8443072702332
103.95192307692308
104.05604921394395
104.32038173142467
104.71185286103542
104.98903358464702
105.08202323991799
105.25953678474114
105.62808219178082
105.86721423682408
106.07201646090536
106.26680526680526
106.47317073170731
106.9055944055944
107.05020920502092
107.27562326869807
107.35783633841886
107.72576177285319
107.82140375260597
108.28066528066529
108.49653259361997
108.69637883008357
109.37276478679505
109.43456962911127
109.60153524075366
106.98329853862214
104.92022792022792
105.0653735632184
105.13714285714286
105.32056737588653
105.58956276445699
105.91608391608392
105.95
106.21776504297995
106.29066022544283
105.26123595505618
105.26123595505618
105.26123595505618
105.26123595505618
105.26123595505618
105.26123595505618
105.26123595505618
105.26123595505618
105.26123595505618
105.26123595505618
105.26123595505618
105.26123595505618
105.26123595505618
105.26123595505618
102.59422492401217
103.26539753639418
103.6098294884654
103.715
103.5259165613148
103.5259165613148
103.5259165613148
103.5259165613148
103.5259165613148
101.83094928478543
101.5016611295681
100.69769769769769
100.70815450643777
99.67504488330341
99.67504488330341
99.67504488330341
99.67504488330341
99.67504488330341
98.04031007751938
97.95295404814004
98.4275802254987
98.22274143302181
97.4594982078853
97.15660112359551
97.09719370294319
97.20613742494996
97.50887573964496
97.75275794938352
97.83984375
98.137102014295
98.26792698826597
98.44227005870842
98.62402597402598
98.84806810740014
99.12140992167102
99.4525974025974
99.59114249037228
98.73589743589744
97.13993610223642
96.5262123197903
96.56633663366337
96.95203197868088
97.2268244575937
97.52468729427255
97.93766578249337
98.036
98.94266666666667
99.47731888964117
99.15242652084757
98.82506887052341
98.84483937115516
99.24982841455045
99.57694962042788
99.99104683195591
100.23061084420041
100.54338842975207
100.7505183137526
100.99379310344827
100.69621993127149
98.70033898305084
98.07147673634525
98.41952861952862
98.84178498985801
98.99864864864864
99.15572105619499
99.4972602739726
99.4253112033195
97.59803921568627
96.11830985915492
96.25441696113074
96.63751763046545
96.87331917905166
96.99857954545455
97.25393419170243
97.61494252873564
97.79841612670987
97.95307917888563
97.60510510510511
96.5851226993865
94.84166026133744
93.90677966101696
93.9753466872111
94.14806201550388
94.36728395061728
94.251166407465
94.08458961474037
93.85035389282103
94.03410641200546
94.03410641200546
94.03410641200546
94.03410641200546
94.03410641200546
94.03410641200546
94.03410641200546
94.03410641200546
94.03410641200546
97.08265802269044
97.83390216154721
98.18680203045685
98.41463414634146
98.74173369079534
98.92047377326566
98.95458440445587
99.2108382726503
99.56228956228956
100.8446519524618
102.46511627906978
102.66833166833166
102.2877358490566
102.2877358490566
102.2877358490566
102.2877358490566
102.2877358490566
102.2877358490566
102.2877358490566
102.2877358490566
104.97146932952924
104.91858037578288
104.8721136767318
102.98193760262726
102.00611620795107
102.17241379310344
102.3860805860806
102.47501810282404
102.81000725163162
102.93956834532375
103.02989323843417
103.22111269614837
103.44960686204432
103.656050955414
103.74313863476425
103.8992957746479
104.090973702914
104.34870317002881
104.6692745376956
104.79459843638948
105.08909479686386
105.37923576063446
105.55087209302326
104.60634462869503
102.6773276474769
102.65116279069767
103.17526501766784
103.38900634249472
103.56413890857547
103.88115330520394
104.11118980169971
104.50981818181819
104.3286467486819
104.3286467486819
104.3286467486819
104.3286467486819
104.3286467486819
104.3286467486819
104.3286467486819
103.23880597014926
102.97142857142856
103.36865942028984
103.52838063439066
103.47542304593071
103.67586206896551
103.80955993930198
104.36998514115899
104.35111111111111
104.493353028065
104.61111111111111
104.79528718703976
105.23823529411764
105.61555075593952
105.70225127087872
105.96613832853026
106.2729905865315
106.37101449275363
106.73806078147612
107.11022480058013
107.29133284777859
107.61215629522431
107.99633162142334
108.46484085862323
108.76190476190476
108.97910216718266
108.15065334358187
107.75
107.8419881305638
108.13782991202346
108.61290322580645
109.05051244509517
109.33186490455213
109.72913616398243
109.99563000728332
110.26800296956199
110.59852398523985
110.82100591715977
111.13568215892053
111.22990232907588
111.7682563338301
112.0457957957958
112.27945619335347
112.48798798798799
112.78070836473248
113.17925247902365
113.33916349809886
113.71299093655588
114.03822629969419
114.59042553191489
114.72534142640365
115.07461538461538
115.23665893271462
115.55810397553518
115.82732732732732
116.25187406296851
116.43157894736842
116.62081784386618
117.22041420118343
117.47088791848617
115.2618873445501
108.55514974433893
103.1972443799855
103.28713574982231
103.36008522727272
103.46680942184153
103.48812095032397
103.94007220216606
104.11032028469751
104.26379928315413
104.60213523131672
104.71774768353528
104.977304964539
105.13829787234042
105.43977191732003
105.60057471264368
106.01423487544484
106.18928571428572
106.44086021505376
106.58494623655915
106.9017793594306
107.07194244604317
107.49023861171366
107.73881673881674
108.01952277657267
108.19898697539797
108.58970693352394
108.75835110163467
109.05146533238027
109.42030021443888
109.62970859985785
109.81590257879657
109.86192170818505
110.68383404864092
110.7754491017964
110.5150684931507
109.92241379310344
106.73005319148936
103.0010298661174
100.75338983050847
100.91847419596111
100.91893830703013
101.29274965800273
101.76296296296297
101.98440677966101
102.27613941018767
102.63435828877004
102.86755852842809
103.07395069953364
103.24000000000001
103.68871075484302
104.06773977196512
104.25233644859813
104.65333333333334
104.98328877005348
105.12159468438537
105.24133333333333
105.541918175721
105.83666666666667
106.0807743658211
106.41773002014776
106.69410977242302
106.94666666666666
107.1292471685543
107.25067024128685
107.8162450066578
107.72393048128342
108.3212161269002
108.38553417385535
108.6621803499327
108.83613163196776
109.19521912350598
109.4735432016075
109.7446380697051
110.03420523138833
110.46256684491979
110.68951612903226
111.11163101604278
111.3733153638814
112.17379855167874
112.09833887043189
112.270126413839
112.51829673985362
112.99399198931908
113.0274064171123
113.3504330446369
113.44615384615385
114.04697986577182
114.15555555555557
114.39034205231388
114.76043068640647
114.71798365122615
115.02154882154882
115.35030549898167
115.6009485094851
115.94444444444444
116.30272108843538
116.5457650273224
116.77190542420027
116.33035714285714
112.32995267072346
112.28494260634707
112.32029669588673
112.47126436781609
113.05878378378378
113.11043771043771
113.54484153742413
113.53206002728513
114.11065573770492
114.11506849315069
114.27440273037543
114.40588637919234
114.75121612230716
115.20758620689655
115.28324099722991
115.63389121338912
115.8072625698324
116.18276580959
116.43814789219074
116.81223922114047
116.80069444444445
114.02931152010908
109.87116991643454
110.10048176187199
110.49138525155065
110.66231983527797
110.81064270905321
111.00068587105625
111.59383561643835
111.5411195577056
111.78640109890111
112.13680555555555
112.52606310013718
113.17414601473544
112.7640218878249
113.22565157750343
113.58282208588957
114.06518817204301
113.88198757763975
114.43510928961749
114.578911095796
114.99727520435968
115.23590096286108
115.43958333333333
115.6562282533055
115.84192200557104
115.9080701754386
113.43381843381843
111.14048442906574
111.5205288796103
111.61970853573908
111.77176966292134
112.35010482180294
112.54343293954135
112.64529616724738
112.90112201963535
113.41463414634146
113.5163763066202
113.99722222222222
113.98161244695899
114.37358757062147
114.4950213371266
114.90281690140844
115.38315789473684
115.51436580238263
115.6938341601701
116.11714890613973
116.54968287526427
116.60199004975124
116.71570717839374
117.35459004905397
117.5450070323488
117.67723749119098
117.82319660537482
118.16702203269367
118.85021097046413
119.04016913319239
119.17588652482269
119.54642097802977
119.72249822569198
120.24263674614306
120.22222222222223
120.36200716845877
121.06891701828411
121.32244318181819
121.48364153627311
121.69850320741268
122.12866333095067
123.0280504908836
122.5829756795422
122.7812274368231
124.01678321678321
124.32390381895333
120.49787535410765
120.33192686357243
120.52937013446567
120.68271954674222
121.02258292166549
120.86766809728184
121.07444523979957
121.38268955650929
121.77421652421653
122.25923295454545
122.39357142857142
122.28519593613933
122.62616822429906
123.29062276306371
123.33200319233839
122.66526019690576
117.0
117.0
117.0
116.11656441717791
116.78801843317973
119.18139534883721
119.80606717226436
120.38166510757718
120.9748743718593
120.9748743718593
123.5351506456241
123.5351506456241
123.5351506456241
123.5351506456241
124.59033613445378
124.79874213836479
124.79874213836479
124.79874213836479
124.79874213836479
124.79874213836479
124.79874213836479
124.79874213836479
124.79874213836479
124.79874213836479
124.79874213836479
124.79874213836479
124.79874213836479
124.79874213836479
124.79874213836479
124.79874213836479
124.79874213836479
124.79874213836479
124.79874213836479
124.79874213836479
124.79874213836479
124.79874213836479
124.79874213836479
124.79874213836479
124.79874213836479
124.79874213836479
124.79874213836479
124.79874213836479
124.79874213836479
124.79874213836479
124.79874213836479
124.79874213836479
124.79874213836479
124.79874213836479
124.79874213836479
124.79874213836479
124.79874213836479
129.92329817833172
129.92329817833172
129.92329817833172
129.92329817833172
129.92329817833172
129.92329817833172
122.47761194029852
124.3206106870229
127.68639999999999
128.91343669250645
128.86397449521786
128.80831643002028
129.01147028154327
129.01147028154327
129.01147028154327
129.01147028154327
129.01147028154327
129.01147028154327
129.01147028154327
129.01147028154327
121.98214285714286
122.16666666666666
121.57798165137615
121.57798165137615
121.57798165137615
121.57798165137615
121.57798165137615
121.57798165137615
121.57798165137615
120.64705882352942
120.8515406162465
123.73552425665102
124.71695594125501
124.65477560414269
125.26374745417516
125.75616979269496
126.20609981515712
126.56992084432719
127.2191060473269
127.2191060473269
127.2191060473269
127.2191060473269
128.84941763727122
128.84941763727122
128.84941763727122
129.33333333333334
129.33333333333334
129.33333333333334
129.33333333333334
129.33333333333334
129.33333333333334
129.33333333333334
129.33333333333334
129.33333333333334
129.33333333333334
129.33333333333334
129.33333333333334
129.33333333333334
129.33333333333334
129.33333333333334
129.33333333333334
129.33333333333334
129.33333333333334
129.33333333333334
129.33333333333334
129.33333333333334
129.33333333333334
129.33333333333334
129.33333333333334
129.33333333333334
129.33333333333334
129.33333333333334
129.33333333333334
129.33333333333334
129.33333333333334
129.33333333333334
129.33333333333334
129.33333333333334
129.33333333333334
129.33333333333334
129.33333333333334
129.33333333333334
129.33333333333334
129.33333333333334
129.33333333333334
129.33333333333334
129.33333333333334
129.33333333333334
129.33333333333334
129.33333333333334
129.33333333333334
129.33333333333334
129.33333333333334
129.33333333333334
129.33333333333334
129.33333333333334
129.33333333333334
129.33333333333334
110.26923076923077
103.91394864677306
103.843163538874
103.81953867028494
104.23975409836066
104.50068119891009
104.65190735694823
105.1203007518797
105.55230978260869
105.6155950752394
106.04962610469069
106.5135685210312
106.70745044429255
107.3486301369863
107.50239890335845
107.78251892635926
108.25639253628196
108.50102389078498
108.74380165289256
109.23347107438016
109.31643835616438
101.99866220735785
96.30372881355933
91.98179366149697
92.3641267700607
92.47554347826087
92.69215017064846
93.34494535519126
93.53726287262873
93.96385542168674
94.45121951219512
94.87658438959306
95.28639133378469
95.53794037940379
95.95911528150134
96.40700808625337
96.6971736204576
97.13918918918918
97.50573162508428
97.97289972899729
98.44272237196765
98.7744767049291
100.2187711006077
105.1266846361186
107.67556468172484
108.41797140912186
108.8406292749658
109.32213845099383
110.06995884773661
110.50376454483231
110.90417522245038
111.32008224811514
111.79201101928375
112.2145305003427
112.58344733242134
113.05837912087912
113.84133333333332
114.95992243051066
114.52283571915473
115.78110749185669
115.91022280471822
116.40888308295231
116.97668393782384
116.94246031746032
117.57529722589167
118.122555410691
110.97889182058047
105.22972051806408
105.17420661715057
105.3679180887372
105.47882513661202
105.70524166099386
106.33833560709414
106.4966078697422
106.73895309313392
107.45172180958812
107.67523680649526
108.09721278042147
108.42442645074223
108.7418699186992
109.14614343707713
109.44040404040405
109.73971679028995
107.17931497649428
99.44973190348526
99.81582446808511
99.90193462308206
100.3221476510067
100.5775688381464
100.79693741677764
101.3391773432232
101.50369375419746
102.11362126245848
102.49027498323272
102.86188579017264
103.14019933554817
103.54539340954943
103.9476127320955
104.30542531815138
104.53846153846155
105.09993381866315
105.5699865410498
106.05578231292517
106.43773873185637
104.81900452488688
104.81900452488688
104.81900452488688
104.81900452488688
104.81900452488688
104.81900452488688
104.93813273340832
105.47787610619469
106.12140575079871
106.45053272450534
106.8376811594203
107.22269203664553
107.8786610878661
108.09422283356258
108.42213114754098
109.15358361774744
109.48221614227086
109.7912984364378
110.11216216216216
110.62160326086956
110.80338983050848
111.02783435166327
111.67811447811448
111.79565512559402
105.34844384303112
100.7092866756393
101.13903743315508
101.37162162162161
101.68745762711865
102.12056262558608
102.36296296296297
102.7936085219707
103.0949494949495
103.68716216216217
104.12070128118678
104.4542372881356
104.72432432432433
105.11457627118645
105.48155737704917
105.82033898305085
106.27948193592366
106.54061433447099
107.21836734693878
107.51808873720137
107.7863481228669
108.35277968428278
108.53830369357044
108.93621399176955
109.26012354152368
109.8945945945946
110.06340454858719
110.63372494816863
111.14089347079039
111.44885177453027
111.85436893203884
112.17819706498952
112.6548611111111
112.77808988764045
113.25302061122957
114.45435684647302
114.25743292240753
114.04454148471615
112.47676767676768
112.47676767676768
112.47676767676768
112.47676767676768
112.47676767676768
112.47676767676768
112.47676767676768
112.47676767676768
111.14132379248659
112.0140056022409
112.58428390367554
112.71748400852879
113.2280876494024
113.60170293282876
114.10405156537753
114.78127812781278
114.92549371633751
115.53853296193128
115.71502057613168
115.528125
114.88461538461539
114.88461538461539
114.88461538461539
114.88461538461539
114.88461538461539
114.88461538461539
114.2295918367347
114.62689075630252
116.10109289617486
116.5911111111111
116.81684622918706
118.16347826086957
118.5091059602649
119.27160493827161
120.88602150537633
120.88602150537633
122.12957937584804
122.12957937584804
122.12957937584804
122.12957937584804
122.12957937584804
122.12957937584804
122.12957937584804
122.12957937584804
122.12957937584804
122.12957937584804
122.12957937584804
122.12957937584804
122.12957937584804
122.12957937584804
122.12957937584804
122.12957937584804
122.12957937584804
122.12957937584804
122.12957937584804
122.12957937584804
122.12957937584804
122.12957937584804
122.12957937584804
122.12957937584804
122.12957937584804
122.12957937584804
122.12957937584804
122.12957937584804
122.12957937584804
122.12957937584804
122.12957937584804
122.12957937584804
122.12957937584804
122.12957937584804
122.12957937584804
122.12957937584804
122.12957937584804
122.12957937584804
122.12957937584804
122.12957937584804
122.12957937584804
122.12957937584804
122.12957937584804
122.28660652324774
122.54078762306611
122.45957446808511
122.45957446808511
122.45957446808511
122.45957446808511
122.45957446808511
122.45957446808511
122.45957446808511
122.45957446808511
122.45957446808511
122.45957446808511
122.45957446808511
122.45957446808511
122.45957446808511
122.83632596685084
122.83632596685084
122.83632596685084
122.83632596685084
122.83632596685084
122.83632596685084
122.83632596685084
122.83632596685084
122.83632596685084
122.83632596685084
122.83632596685084
122.83632596685084
122.83632596685084
122.83632596685084
122.83632596685084
117.22557471264368
111.34950071326676
108.3945530726257
108.76928471248246
109.32107496463932
109.66223776223777
110.08543417366947
110.3560872624912
110.7568517217147
111.06680731364276
111.48273431994363
111.73112208892024
112.33656509695291
112.64609929078014
112.94707127734651
113.47009148486981
113.90097629009763
114.57053941908714
114.6991584852735
115.42028985507247
115.76885474860336
115.89817415730337
116.71298245614035
116.92670894996476
117.24697508896797
117.66902905740609
117.92938659058487
118.25559566787004
118.02922309337134
113.66125617501764
113.00141342756183
113.23622047244095
113.81894736842105
114.13165266106444
114.74231843575419
114.73182780522231
115.27547434996487
115.68656716417911
115.72986457590876
116.54850213980029
116.72510822510822
117.02178649237473
117.18315018315019
117.94408602150537
118.2618526622903
118.5933908045977
118.86972343522561
119.19044117647059
120.3138528138528
120.4967367657723
120.4967367657723
120.4967367657723
122.56617126680821
122.11078928312817
122.11078928312817
122.11078928312817
122.11078928312817
124.41601143674052
124.88248017303533
124.88248017303533
124.88248017303533
124.88248017303533
124.88248017303533
124.88248017303533
124.88248017303533
124.88248017303533
124.88248017303533
122.52306600425834
122.73947180585296
123.32605633802817
123.32605633802817
122.87664233576643
123.53033547466096
123.53033547466096
123.53033547466096
123.53033547466096
123.53033547466096
123.53033547466096
123.53033547466096
123.53033547466096
123.53033547466096
119.81916426512969
117.96456977584961
118.40086830680173
118.99426111908178
119.17263610315186
119.49709302325581
120.04666188083274
120.27833572453372
120.27833572453372
120.27833572453372
120.27833572453372
120.27833572453372
120.27833572453372
120.27833572453372
120.27833572453372
123.82448690728945
123.82448690728945
123.82448690728945
123.82448690728945
123.82448690728945
123.82448690728945
123.82448690728945
119.11700581395348
119.15950473415877
119.54498902706658
120.02922309337134
120.35925125989921
120.99142857142857
121.14657039711192
121.45872899926954
121.66273932253313
121.78402366863905
122.73309090909092
122.56971514242878
122.69902182091798
123.77014042867702
124.18573551263002
124.18438661710037
