70.36675191815857
70.73970513472293
71.07233825776872
71.27853881278538
71.73475609756098
72.08472856418062
72.39643765903308
72.77242777496198
73.11979695431472
73.45366598778004
73.90350431691213
74.15680323722812
74.37258883248731
74.87551020408164
75.08567057623661
75.3746796514608
75.8079268292683
75.97662601626017
76.40757808499744
76.80367159612443
77.03102746693794
77.23190621814474
77.73665480427046
77.9637570188872
78.17668024439918
78.47419028340082
78.8527918781726
79.24453482460599
79.6263959390863
79.880081300813
80.2234096692112
80.56198770491804
80.85569105691057
81.15894039735099
81.4077868852459
81.847414234511
82.14761660686827
82.6198050282196
82.88229273285567
83.21956189505859
83.467385721623
83.90337423312883
82.92233009708738
79.5601233299075
78.10184237461617
78.56557377049181
78.98715313463515
79.20133196721312
79.65554414784394
79.91930541368744
80.26305015353122
80.81406011207336
81.06259620318112
81.73408048904737
82.0296371997956
82.31288343558282
82.78473282442748
83.06354855109304
83.41006097560975
83.86802030456853
84.0132382892057
84.53319817536746
84.95387734414597
85.25544855549924
85.78372915613946
85.96595528455285
86.29325215626585
86.66362715298885
86.95843892549418
85.23365433350229
82.05236139630391
79.58542842483325
79.8654940506984
80.17833074131674
80.57900154400411
81.07644628099173
81.45645491803279
81.99742268041237
82.44763860369609
80.718558803535
80.718558803535
80.718558803535
80.718558803535
77.31724137931035
78.25916666666667
79.18249258160238
79.75271002710028
80.43678887484197
80.80808690404345
81.51911935110081
82.03216542217116
82.39609644087255
82.76223776223776
83.1196032672112
83.35355285961872
83.85804235832856
84.2518603319977
84.3323732718894
84.92330383480827
85.15839808726838
85.31743119266055
85.96151419558359
85.72988047808765
85.72988047808765
85.72988047808765
85.72988047808765
85.72988047808765
85.72988047808765
85.72988047808765
85.72988047808765
85.72988047808765
85.72988047808765
85.72988047808765
85.72988047808765
85.72988047808765
85.72988047808765
85.72988047808765
85.72988047808765
85.72988047808765
85.72988047808765
85.72988047808765
85.72988047808765
85.72988047808765
85.72988047808765
85.72988047808765
85.72988047808765
85.72988047808765
85.72988047808765
85.72988047808765
85.72988047808765
85.72988047808765
85.72988047808765
85.72988047808765
85.72988047808765
85.72988047808765
85.72988047808765
85.72988047808765
85.72988047808765
85.72988047808765
85.72988047808765
85.72988047808765
85.72988047808765
85.72988047808765
81.66907123534716
82.44008559201141
82.76808785529715
83.30072904009721
83.62026790914386
83.95149464184998
84.1503884572697
84.165371809101
84.30461367426348
84.47581989994441
84.63
84.74986072423398
84.96341463414635
84.90257558790593
85.03166666666667
85.2073707370737
85.27713498622589
85.50949720670391
85.55178173719376
85.73804226918799
85.79108635097494
86.01783723522854
86.3406162464986
86.49693251533742
86.61030235162374
86.46532438478748
80.10690045248869
77.76155580608794
77.91331444759207
78.0777967064168
78.45238095238095
78.6769406392694
79.0824270177447
79.50601030337722
79.77518497438817
80.37450199203187
80.62988115449915
81.04478458049887
81.50763143018655
81.80845070422535
82.13592780597857
82.62078651685393
83.00564971751412
83.4592467678471
83.87211267605633
84.38124649073553
84.63544587773416
84.90848214285714
85.31631520532741
85.58098396904367
85.79413392363033
86.08825151682295
86.43259668508287
86.61212121212121
86.74931129476585
86.87788778877888
87.22907488986785
87.42183214481624
87.73695771554091
87.91891891891892
88.36048431480462
88.70964187327824
89.08810572687224
89.44015444015444
89.7517808219178
89.99781301257518
90.32932823593664
88.1697198275862
85.36584051724138
85.56216216216217
85.81121898597627
86.11941904249596
86.46042003231018
86.75499190501888
87.13423180592991
87.37433155080214
87.66845493562232
88.03844100373732
88.20289079229121
88.77486631016043
89.12312633832977
89.33117932148627
89.71183717193358
90.05728051391863
90.38620689655173
90.65471092077088
90.95299145299145
91.18900160170848
89.72707774798927
86.7531847133758
86.39904610492846
86.55940330314331
86.78495762711864
87.11281779661017
87.31153641679957
87.7649550026469
87.97344662772171
88.4053911205074
88.75993640699524
89.07798408488064
89.34214701216288
89.65175718849841
89.97300158814187
90.24275934702474
90.55225464190981
90.71938232161874
91.1991502920871
91.5146354443853
91.76040554962647
92.06570512820512
92.18823529411765
92.46112600536193
92.697311827957
92.88415948275862
93.27795698924731
93.56313809779688
91.33030949839915
89.14293361884368
89.21895074946467
89.32215122470714
89.57942918686052
89.77245831091984
90.17851416354891
90.73089343379978
91.05059203444564
91.40938511326861
91.59201295196978
91.81837721655025
92.18318965517241
92.51945945945945
92.68475311991318
92.92282608695652
89.62748255501879
86.26327944572748
83.65762711864407
81.68402533427164
80.14771241830066
79.31038721573448
79.15725806451613
79.60394366197183
79.9228650137741
80.84125269978402
81.10165864098448
81.50903294367694
81.94201370585134
82.14353813559322
82.56039915966386
82.9622641509434
83.1460970464135
83.54454401686874
84.07525172231054
84.31640211640212
84.72137203166227
84.9277807063785
85.10810810810811
85.63448275862069
85.84137931034483
86.0865639936272
86.52486772486772
87.0021164021164
87.33794571580628
87.73873873873873
88.00800854244528
88.25868519508285
88.73968934118908
88.90450643776823
86.84008528784648
84.36228813559322
84.66436903499469
84.83864118895966
85.17587672688629
85.34272051009565
85.83094098883572
86.1451355661882
86.44597457627118
86.79446219382322
87.07272727272728
87.56293519014461
87.89684660609299
88.10182207931405
88.46774193548387
88.74193548387096
89.02111532214401
89.44245385450597
89.65582655826559
89.96170442286947
90.42818428184282
90.66521975040695
91.0232181425486
91.31570338058887
90.9940411700975
87.505359056806
84.4005291005291
81.27340031729244
80.39968569931902
80.66666666666667
81.04557359874279
81.30455259026688
81.83673469387755
82.15687303252885
82.4541188738269
82.81980094290205
83.11407639979069
83.67447916666667
83.98737506575486
84.32394366197182
84.59542381695267
84.87310704960835
85.16029334730226
85.47483134405812
85.79748822605966
86.09663865546219
86.73571054011536
86.93740136770121
87.17272248551869
87.56530825496343
87.88238396624473
88.11216429699842
88.41824894514768
88.83430695698354
89.09554140127389
89.73538788522848
89.95456974879744
90.0998398291511
90.4592112371691
90.73253925284244
89.27869727709557
87.39626666666666
87.46072186836518
87.67929562433298
88.17558886509636
88.42803437164339
88.79774678111588
88.97462203023758
89.24312668463612
89.68312533912099
89.93441734417344
90.24267100977198
90.54212253829321
90.9279132791328
91.11165577342048
91.47400109469075
91.61985737794843
91.93358737071311
92.38194826637314
92.59967141292442
93.00383351588171
93.3292817679558
93.63303769401331
91.8136612021858
91.01144414168937
91.13710554951034
91.40971085651937
91.74890829694323
92.03549972692518
92.43530701754386
92.6535303776683
93.13910186199342
93.50110253583242
93.695796460177
94.116703539823
94.42184035476718
94.62979433018343
94.96538246789503
95.32122905027933
95.74693422519509
96.00391717963066
96.20112676056338
96.4714765100671
94.15859766277129
91.35136642498605
88.23619464188081
87.38776624795194
87.43464052287581
87.89977973568281
88.09404045926736
88.45981410606889
88.73055859802848
89.04431072210066
89.25205479452055
89.5213060320974
89.80824175824176
90.02044198895028
90.52684006640841
90.6940133037694
90.95911602209945
91.24429604897051
91.58458961474037
91.70697412823397
92.0979843225084
92.39169472502806
92.61758118701007
93.19596864501679
93.38076490438695
93.67266591676041
93.925
94.32466063348416
94.53754940711462
94.77277904328018
95.10457142857143
95.06975414522584
90.94058856191005
88.35945205479452
87.46115973741794
87.58946212952799
87.8856048166393
88.10517711171663
88.47515019115238
88.90142387732749
89.10532089961602
89.68389224848818
90.00273224043715
90.32385120350109
90.60472787245739
90.9475982532751
91.2171772428884
91.52556349642661
91.69247546346783
91.93873085339169
92.46420704845815
92.62671797691038
92.83002207505518
93.04532891100055
93.38867295946696
93.65742793791574
93.82981090100111
93.96442468037799
94.35627081021087
91.9157952669235
87.3415300546448
82.70629750271443
81.1716738197425
80.96023965141612
81.14193200215867
81.54024851431659
81.8731101511879
82.31749460043197
82.70442286947141
83.03399892066919
83.22420313344138
83.54305705059204
83.79967862881628
84.17103153393907
84.48823529411764
84.84008528784648
85.28257372654156
85.64623655913978
86.05178857447945
86.29418045915644
86.68961807423346
86.90821256038647
87.26341201716738
87.5991332611051
88.00429414922168
88.4656199242014
88.72417522985397
89.10978907517577
89.39665407447383
89.7529665587918
88.34337997847148
86.24919957310566
85.9951923076923
86.08053333333334
86.46505376344086
86.85507246376811
87.14400428265525
87.43102522812667
87.93179377013963
88.18460710441335
88.4240301724138
88.89405405405405
89.17776584317937
89.76786673831273
90.1455525606469
90.41255364806867
90.67009750812568
91.0990894483128
91.47924528301887
91.66702644360497
92.07997852925389
92.53290183387271
92.88165038002171
93.27540983606558
93.57065217391305
93.79453551912569
94.31768558951966
94.63068493150685
94.8851017042331
95.46028291621327
95.77136635819271
93.91830065359477
90.95046271094175
87.01412275936991
83.47525279403938
82.8441145281018
82.94411921234699
83.07169410515135
83.48625792811839
84.1103448275862
84.54078389830508
84.91798941798942
85.31343283582089
85.78503184713375
86.07032498668087
86.63116057233704
86.84350132625995
87.18563829787234
87.83730789613142
88.1474019088017
88.50744680851064
88.84599044078598
89.14691689008043
89.5773140716961
89.96342119419043
90.28882833787466
90.64448051948052
88.91269841269842
86.17871759890859
86.17871759890859
86.17871759890859
86.17871759890859
86.17871759890859
86.17871759890859
86.17871759890859
86.17871759890859
86.17871759890859
79.73908174692049
80.27833182230282
80.87727632620744
81.55021520803443
82.23404255319149
82.73273657289002
83.23081645181092
83.7534328358209
84.57940161104717
84.95891952729319
85.34455667789001
85.80675526024363
86.27427317608338
86.70049369171694
87.00925421883505
87.40108991825613
87.91091797935904
88.35013550135501
88.691231845078
89.13254310344827
89.36010781671159
89.87762803234502
90.07169811320755
90.59632034632034
90.97793326157158
91.21401617250673
91.89050701186623
92.16874660879002
92.6525054466231
92.79639737991266
93.35469853340575
93.6442989634479
94.02132312739202
92.1352525801195
89.62063318777292
86.75175013462574
86.84930032292787
87.05964535196131
87.51247288503254
87.97594869053982
88.25783783783784
88.7554229934924
89.16890080428955
89.66936790923825
90.05013477088949
90.44967532467533
90.6842678279804
91.15115653577192
91.50841020075963
91.78835690968444
92.35632808256382
92.69705240174673
93.13982589771491
93.54723127035831
93.76935659760088
94.23220153340635
94.55234460196293
94.77332601536773
92.70251091703057
89.79760609357997
88.97524219590959
89.13275769023205
89.49728555917481
89.70740941049216
90.10463861920172
90.45616883116882
90.8023758099352
91.17224622030237
91.51815718157181
91.78950216450217
92.45168295331162
92.62684124386251
93.0152339499456
93.48991825613079
93.67304537998906
94.11735807860262
94.45764576457645
94.45359692476661
90.98428184281843
85.18878101402373
84.91330102315563
84.91877353415815
85.30826666666667
85.91697711548696
86.19701014415377
86.40214477211796
86.91760299625469
87.25680726107848
87.86011745862253
88.11336898395722
88.56538049303323
88.932302771855
89.20730397422126
89.76372443487621
90.02783725910064
90.27771855010661
90.66970998925886
91.36305392418579
91.58611410118407
91.93429487179488
92.15967741935484
92.64772727272727
92.8850512682137
93.26199460916442
93.58724100327154
93.90904168922577
94.54584915897992
94.78887070376432
95.27650273224043
95.62314049586777
95.92617079889807
94.93033461327482
91.69239189928845
89.87735341581495
90.08728448275862
90.37265415549598
90.93907001603421
91.22584089695675
91.6681011296396
92.02356722013926
92.54824797843666
92.85906401291017
93.15729729729729
93.69605191995673
94.10677506775068
94.60043196544277
94.89859002169197
95.3526230394808
95.66684753119914
96.01411509229098
96.45192829983705
96.74619565217391
97.1693899782135
97.62657189721159
97.90442381212452
95.93129770992367
91.70306616460462
87.94624800425758
85.91873350923483
85.86712546320804
86.08073878627968
86.59255374934452
87.0026399155227
87.4350580781415
87.8468848996832
88.0973544973545
88.52947368421053
88.8792194092827
89.06369426751593
89.43528790279979
90.05844845908608
90.33439659755449
90.85365853658537
91.05114544485882
91.429102496017
91.85661375661375
92.02808691043985
92.43923240938166
92.69656283566059
93.30048205677558
93.65715823466093
93.86508364813815
94.22734671730873
94.62405609492988
94.80746349378042
95.1968546637744
95.55320304017373
95.88756110809342
96.50136091453456
96.72607982504101
97.03971708378673
97.4058209774849
97.68239166209545
97.69374313940725
94.95194384449245
91.34256792754395
87.7776008492569
86.9267515923567
87.11742826780021
87.49655902593965
87.8314726209463
88.1946949602122
88.63085834649816
88.97493333333334
89.40781827786581
90.00371352785146
90.35459861775651
90.87420042643923
91.0784837159637
91.44781682641107
91.97085320614732
92.24121405750799
92.56982343499197
93.11579509071505
93.65021459227468
94.03901656867986
94.38688876947877
94.73340528872099
95.13483146067416
94.78141783029001
92.11318739989322
89.27621075039914
87.56385797562268
87.8575225943647
88.27948990435706
88.5859499733901
88.99732620320856
89.29111229377328
89.6684434968017
90.01391862955032
90.28793565683647
90.85944206008584
91.26774193548387
91.66306111411573
91.91187533584095
92.09875876956288
92.54648648648649
92.70374389582203
93.04730831973899
93.49285714285715
93.7648678414097
94.16887417218543
94.57850779510022
94.7158774373259
94.92722222222223
95.34002229654403
95.65565509518477
95.86531986531986
96.23433088650481
96.61856253537069
97.11979463776383
97.19576416714366
97.78575498575498
98.12779369627506
98.31006864988558
98.73735632183909
99.14161849710982
99.33566026759743
99.7899649941657
100.1624184943687
98.97836257309942
95.65940366972477
93.32077625570776
93.27635327635328
93.32555492316449
93.64914285714286
94.01733102253033
94.5521436848204
94.93957001743172
95.39801285797779
95.65154159394997
95.90679953106682
96.43952802359883
96.72215639810426
97.17948717948718
97.53584229390681
98.05776173285199
98.26869300911855
98.59915611814347
98.81059683313032
97.80266343825666
94.6198347107438
91.12927536231884
90.7901376146789
90.72977624784853
91.1931623931624
91.48561565017262
91.85616045845272
92.0721649484536
92.48190695002872
92.75489067894131
93.29621125143514
93.5909617612978
94.03082191780823
94.52071346375143
94.82475419317525
95.21658986175115
95.49679673849738
95.77583187390543
95.77947214076246
92.8915313225058
91.18369690011481
91.33656588705077
91.78530751708428
92.10722347629797
90.8608938547486
88.30992868897422
87.46107784431138
87.76923076923077
88.23840345199568
88.56146001073537
88.9680735930736
89.42803234501348
90.0081124932396
90.20497566252028
90.68515497553018
91.15939687668282
91.58999456226209
92.04013015184381
92.52566180443004
92.92012951969778
93.6179347826087
94.07437567861021
94.56955093099671
94.75436681222708
93.24824229313143
93.03939557474366
93.24141689373297
93.72468527640942
94.32718393922951
94.80957562568008
95.03695652173913
95.45799011532125
95.70803717878623
95.97478070175438
96.544061302682
96.5915338097856
95.61086474501109
94.51978021978022
93.5858641634456
92.91735537190083
91.72188365650969
89.7720465890183
88.74680732926151
87.29101123595505
86.31874298540966
85.56797752808988
81.70390753990094
80.5233695652174
80.33841131664853
80.32207084468665
80.3380511703865
80.54560349535772
79.75162689804772
77.75135135135135
77.30010775862068
77.49811523963382
77.6688241639698
77.9967637540453
78.64397622906537
78.96368563685637
79.51623376623377
77.50730914997293
76.56561822125813
74.80131004366812
72.85665334094803
71.63150867823765
69.75630252100841
66.875
64.21631530705774
64.21631530705774
64.21631530705774
64.21631530705774
64.21631530705774
64.21631530705774
64.21631530705774
64.21631530705774
64.21631530705774
64.21631530705774
64.21631530705774
64.21631530705774
64.21631530705774
64.21631530705774
64.21631530705774
64.21631530705774
64.21631530705774
64.21631530705774
64.21631530705774
64.21631530705774
64.21631530705774
64.21631530705774
64.21631530705774
64.21631530705774
64.21631530705774
64.21631530705774
64.21631530705774
64.21631530705774
64.21631530705774
64.21631530705774
64.21631530705774
64.21631530705774
64.21631530705774
64.21631530705774
64.21631530705774
64.21631530705774
64.21631530705774
64.21631530705774
64.21631530705774
64.21631530705774
64.21631530705774
64.21631530705774
64.21631530705774
64.21631530705774
64.21631530705774
64.21631530705774
64.21631530705774
64.21631530705774
64.21631530705774
64.21631530705774
64.21631530705774
64.21631530705774
64.21631530705774
64.21631530705774
64.21631530705774
64.21631530705774
64.21631530705774
64.21631530705774
64.21631530705774
64.21631530705774
64.21631530705774
64.21631530705774
64.21631530705774
64.21631530705774
64.21631530705774
64.21631530705774
64.21631530705774
64.21631530705774
64.21631530705774
64.21631530705774
64.21631530705774
64.21631530705774
64.21631530705774
64.21631530705774
64.21631530705774
64.21631530705774
64.21631530705774
64.21631530705774
64.21631530705774
64.21631530705774
64.21631530705774
64.21631530705774
64.21631530705774
64.21631530705774
64.21631530705774
64.21631530705774
64.21631530705774
64.21631530705774
64.21631530705774
64.21631530705774
64.21631530705774
60.659208261617906
61.147126436781605
61.82348754448398
62.375426621160415
62.72562205783457
63.190066225165566
63.44524119947849
63.75619295958279
64.26640419947506
64.43475409836066
64.71176470588236
65.07119741100324
65.47005795235029
65.81753707285623
66.05701473414477
66.16129032258064
65.7591054313099
61.61414392059554
59.549043800123385
59.53770086526576
59.881740196078425
60.15899324739104
60.433985330073355
60.83831604636974
61.241252302025785
61.565900846432896
62.12339645693342
62.3262325015216
62.575535168195714
63.22242314647377
63.59371221281741
63.95835847917924
64.2421875
64.62515114873035
64.92414208308249
65.31908488862132
65.68050541516246
65.92625899280576
66.31065623118603
66.604833836858
67.01818181818182
67.32928311057108
67.72384428223845
68.08606060606061
68.29159104658197
68.83373493975904
69.06811332127788
69.52418379685611
68.1983173076923
64.45705882352941
61.29294117647059
61.39801864801865
61.4869109947644
61.76596980255516
62.11665699361579
62.51960784313725
63.10879629629629
63.55606670500288
63.86394948335247
64.36613272311213
64.56414662084765
64.99943181818182
65.32314657611771
65.7088963963964
66.08352272727272
65.54282473057289
62.28490672696438
60.41694915254237
60.624290578887624
60.78416856492028
61.26719727117681
61.649082568807344
61.98731257208766
62.35446685878962
62.85895221646517
63.23768115942029
63.70336037079953
64.04267589388697
64.31131533601379
64.72318339100346
65.12664756446992
65.51240623196769
66.00510493477027
66.72857142857143
67.15284090909091
67.64310344827587
68.11009697661153
68.5906466512702
68.93135011441647
69.56629994209612
69.90489913544668
70.51240623196769
71.03923831506059
71.51903114186851
71.92352259559675
72.21635730858469
72.73228803716609
72.98252766453116
73.44991212653778
73.74646226415095
70.72023121387284
69.7791095890411
69.90481651376147
70.04480183802413
70.5371757925072
70.91123919308357
71.46167146974064
71.85475504322767
72.33488102147417
72.8896591565569
73.31683168316832
73.77758420441347
74.14077102803738
74.55744431418523
74.94051160023795
73.72939068100358
70.73980815347721
67.68311533888229
66.84049079754601
66.78004956629492
66.636815920398
63.899752475247524
61.982822085889566
62.063453325198296
62.13564476885645
62.633532934131736
63.062982768865126
63.79588235294118
64.0556552962298
64.61645493042953
64.66135204081633
64.43708609271523
62.74779319041615
62.74779319041615
62.74779319041615
62.74779319041615
62.74779319041615
62.74779319041615
62.74779319041615
62.74779319041615
62.74779319041615
55.23133543638275
56.18733960650128
57.32281205164993
58.04592496765848
58.95159386068477
59.50568828213879
59.9628397115918
60.25191256830601
60.78964401294499
61.067027027027024
61.28094725511302
60.52466124661247
57.1316631130064
56.06965442764579
56.08731019522777
56.119913185024416
56.2480957562568
56.33189422558014
56.582969432314414
56.711559432933484
56.93105320304018
57.23986856516977
57.50603732162459
57.748066298342536
57.873759647188535
58.246136865342166
58.44640883977901
58.649336283185846
58.91884380211228
59.15968732551647
59.4927130044843
59.776970374510896
60.03950338600451
60.285393258426964
60.57640449438202
60.8191011235955
61.048780487804876
61.48356009070295
61.68074324324324
62.113261240751285
62.30655270655271
62.81479390175042
63.13879408418657
63.330865603644654
63.86163522012579
63.762769580022706
60.15113636363637
57.18771331058021
57.39016018306636
57.74814391776128
58.07709880068532
58.56704545454545
57.04555808656036
55.71558589306029
56.072206303724926
56.287100456621005
56.75213675213675
57.26773455377574
57.555618938961786
58.04620650313748
58.254576659038904
58.799426934097426
59.1998861047836
59.65678449258837
60.05028571428572
60.38812785388127
61.105202973127504
61.378440366972484
61.90366972477064
62.26643796455117
62.83314220183486
63.18941979522184
63.4971297359357
64.05428571428571
64.33066818960594
64.62984054669704
62.06594656054577
60.51397604107245
60.81615120274914
61.05909090909091
61.287258248009095
61.534433693796245
61.64719228587634
59.65681818181818
59.60317460317461
59.71095968199886
60.089663049685896
60.38632478632479
60.87442660550458
61.225214899713464
61.51805157593124
61.95530085959885
62.119033927544564
62.77041690462593
63.057780320366135
63.241399082568805
63.724059293044476
64.04362801377727
64.2788296041308
64.73043974871501
65.07807981492192
65.55319148936171
65.95317919075144
66.14763552479816
66.6
67.04618937644342
67.23344947735191
67.73575129533678
68.04555940023069
68.3258232235702
68.98733448474381
69.29728166570271
69.79014492753623
70.1172373766686
70.37949015063731
68.12292738707833
65.31712832108536
65.29673423423424
65.58212290502793
65.9558073654391
64.00279642058166
61.724694104560626
61.86629526462396
62.29621380846325
62.520066889632105
62.81508379888268
63.19565217391305
63.5941143808995
64.18359375
64.590407938258
65.16192071468453
65.66592674805771
66.14732142857143
66.69594219010561
67.10824453168817
67.65869927737631
68.12901408450705
68.94827586206897
69.57150776053216
69.97147651006712
70.53135498320269
70.60111731843575
67.35096418732782
63.43846153846154
59.65019220208677
59.180540540540534
59.87012987012987
60.36408030385242
60.99892183288409
61.596739130434784
62.17640750670242
62.808102345415776
63.261381896089986
63.92085561497326
64.2966915688367
65.18619582664526
65.77509393451423
66.12667740203972
66.64446831364124
66.9645732689211
67.36021505376344
67.92594565796483
68.2524219590958
68.61385606874329
69.31655061596143
69.8172972972973
70.27487896718667
70.70763400108284
71.1129639591178
71.52743074416078
71.75777414075286
72.32698585418933
72.83114035087719
73.30722559293987
73.74246575342465
74.04925290536801
74.50362116991643
74.9346003353829
75.23661971830985
74.94656917885264
71.72912087912088
66.52285092491839
65.89657020364416
65.88537761114087
66.15795148247979
66.63700107874865
67.02803234501347
67.36927223719677
67.87446120689656
68.33117932148627
68.99566395663956
69.52114967462039
69.83823529411765
70.3418201516793
70.68047982551799
71.18593238822247
71.60239651416121
71.903951701427
72.46952224052718
73.03695532266961
73.53448275862068
73.82251802551303
74.20212171970967
74.48964745383324
74.7913870246085
75.23314606741573
75.63101903695409
76.03465909090909
76.45299145299145
76.41410693970421
73.20338028169014
69.94600550964188
68.9688864628821
69.03649237472767
69.35169029443838
69.75095995611629
70.27178649237473
70.82584884994523
71.1943231441048
71.67782656421515
71.84861878453039
72.40430226144512
72.70313358988456
73.03942254303165
73.56253443526171
73.83602001111728
74.42339832869081
74.72367688022284
75.07371975239167
75.32842582106456
75.67853107344632
76.06492027334852
76.42581011938601
76.82134703196347
77.1211251435132
77.60462427745665
78.00173510699827
78.37267441860465
78.7043325526932
79.05774896876841
79.47020648967552
79.68810096153847
80.00364520048603
80.3006329113924
78.37382001258653
75.15779816513762
71.88475177304964
68.67508610792193
67.65619742007851
67.73985547526404
67.89762036524627
68.16565433462175
66.95762245459548
64.05631492618917
63.30357142857143
63.424472116946404
63.60260586319218
63.85390835579514
64.21821120689656
64.47767616998387
64.8191089640365
65.26315789473684
65.54900910551687
65.97801608579088
66.35518538420204
66.69551282051282
67.1236559139785
67.48867313915858
67.75525606469003
68.04338394793926
68.72183288409704
69.03435319377348
69.4730312837109
69.74918743228602
70.44155844155844
70.76115342763873
71.1880758807588
71.67733188720173
72.07491856677524
72.84694429421309
71.08441558441558
67.88184747583244
65.80350504514074
66.05623342175066
66.4352
66.87268885367142
67.34281200631912
67.848694725626
68.63514957264957
69.16313559322033
69.6352
70.2531847133758
70.8001066098081
71.55704338510981
71.88147357180993
72.49303322615219
72.98762109795479
73.736163353036
73.96702702702703
74.4071661237785
74.64581066376496
75.51960784313725
77.65991237677984
79.62472406181016
80.73649025069638
81.64673001676914
82.8507718696398
81.92703619909503
78.5504132231405
75.48288973384031
73.14125200642054
73.55795148247978
73.98217179902755
74.18490566037735
74.91292590589508
75.47516198704103
76.144474393531
76.67762803234501
76.91462751495378
77.44535519125684
77.7618787547788
78.31556039173014
78.73148148148148
82.31191135734072
87.68545454545455
88.3787610619469
88.3787610619469
88.3787610619469
88.3787610619469
86.4268727705113
85.92912621359223
86.75645438898451
87.84062268346923
88.83017591339649
89.36805555555556
89.58019441069258
90.0531660692951
90.69226294357185
91.8283752860412
94.78932424758659
98.59490084985836
102.98882057015092
105.22228381374723
106.58034235229155
107.79701327433628
108.42114001106808
108.93366228070175
109.3703907539901
109.87588846364133
110.25816993464052
