98.99517684887459
99.32632146709817
99.40569586243956
99.68137782561894
99.72908796546142
96.4580474934037
92.03522607781282
91.30047443331576
91.35917721518987
91.63306666666666
91.90132625994696
92.14043455219925
92.2931492299522
92.61927582534611
92.84725918041511
92.98513800424628
93.23240938166312
93.47413333333333
93.62921348314607
94.0704
94.31183368869937
94.50509383378017
94.6357296137339
94.87506702412868
95.1485254691689
95.38176943699732
95.66773847802787
95.7988228999465
96.26086956521739
96.4870828848224
96.70348525469169
96.91079059829059
97.06584582441113
97.33959227467811
97.54823151125402
97.6254036598493
97.86368534482759
98.31317494600432
98.46702702702703
96.45633652822151
95.61846318036287
95.69490616621984
95.77670424047236
96.04705882352941
96.09684323167468
96.6456102783726
96.67935656836461
97.02352941176471
97.34782608695653
97.56852248394004
97.66810112963958
97.95325094035465
98.02425876010781
98.27454153182308
94.3058201058201
93.97397769516729
93.97234042553191
94.1407249466951
94.45425188374597
94.72542735042735
94.90646712987707
95.36581382689167
95.08710801393728
91.6606291706387
89.37719298245614
89.37719298245614
85.55441478439425
84.93355481727575
84.89795918367346
85.9125138427464
86.14469453376206
86.28655544651619
86.96627318718382
87.61822289156626
87.88316400580551
88.1981981981982
88.59892328398385
88.9119788219722
89.07138179436804
89.4674256799494
89.80876002467613
90.41681790683606
90.5143198090692
90.8775872264932
91.31001778304683
91.37
91.4566371681416
91.78735971647963
91.82783018867924
92.34716540035068
92.58796025715955
92.67626321974149
92.98613622664256
92.93696450428396
93.14320536258379
93.19801365611421
91.49119373776908
88.41963636363636
86.68402777777777
86.50902527075812
86.76065573770492
87.09207365892715
87.24825446082234
87.77867056245435
87.77296105804555
87.88069073783359
88.20652173913044
88.73074154067675
89.09520451339915
89.53958333333334
89.90365448504983
90.0891677675033
90.70415335463258
91.14027431421447
91.60830860534125
91.9008120649652
94.17577197149643
95.80252859723059
96.3692396313364
96.78726968174205
97.13967723984419
97.37541345093715
97.54966887417218
97.75869685256765
98.12801796743403
98.33855623950755
98.68729096989966
98.91732283464566
99.12197863968521
99.30725623582767
99.74250141482739
99.8981324278438
100.14383172256964
100.3169897377423
100.86575654152446
101.20457142857143
101.0324047754406
101.11788154897494
101.3568985176739
101.59553775743707
101.87863247863248
102.07187678265831
102.19601139601139
102.54269340974213
102.80285714285714
102.93603655054255
103.32951945080092
103.55198161975875
103.78193325661681
103.83026467203683
101.78238923163208
100.66480758505298
100.7627593942793
100.8821887213847
101.12297372833986
101.27901785714286
101.74229691876751
102.00999444752915
102.31820697288323
102.61854525263743
102.76897506925208
103.20557103064067
103.00786516853933
98.89734912577552
94.69424460431655
91.81988873435327
90.64238410596026
90.62720664589824
91.50575916230366
92.09099709583737
92.24285714285715
92.4283276450512
92.72878048780488
92.68489065606362
93.05078485687903
93.07374890254609
93.57731958762886
93.51151315789474
93.64143426294821
94.1867881548975
94.50631031922791
94.67009551800147
94.97078159240321
95.27427356484763
95.38952654232425
95.79270907791279
96.12966878083157
96.77449664429531
97.28033744321868
97.56015276893697
97.75062972292191
98.16190476190476
98.34376956793989
98.24322621298046
95.01161369193154
94.1441717791411
94.40061728395062
94.81169230769231
94.97730061349694
95.29473039215686
95.6827924066136
95.88343558282209
95.93792255685311
96.23797780517879
96.51240694789081
96.75917859365276
96.89626818469324
97.18048469387756
97.54865034526051
97.60200250312892
97.79936507936509
97.8416500332668
97.68201754385964
95.59602076124567
93.31168831168831
92.72595078299776
92.75027027027026
93.58248472505092
94.11297852474323
94.09963099630997
94.11708253358925
94.30753564154786
94.56838905775076
94.89928698752229
95.10026155187445
95.47551202137133
95.47166361974406
95.5839222614841
95.72826086956522
95.85749588138385
96.15053763440861
96.6463298379409
93.86452353616532
91.29542790152404
89.86030267753202
89.47362869198312
90.38453914767096
90.52041785375118
90.94123134328358
91.058039961941
91.30975143403441
91.79322638146168
92.05170902716915
92.09074889867841
91.88574317492417
90.91812865497076
89.54301075268818
88.45801526717557
87.89816360601002
87.44707740916272
88.20865139949109
88.25672371638142
88.42039800995025
88.21982210927573
87.90745856353591
87.128
86.52142857142857
86.24074074074075
87.0140306122449
87.30410654827969
87.76426264800861
88.0082304526749
88.47315096251266
88.66911764705883
88.84123711340206
89.32264529058116
89.56451612903226
89.00912200684151
88.5316265060241
87.1440329218107
87.1440329218107
87.1440329218107
87.1440329218107
85.97624190064795
86.98746081504702
87.43432835820896
87.02941176470588
87.63531114327063
88.11366538952745
88.72389791183295
89.25522552255225
89.06196840826246
88.00978792822185
88.00978792822185
88.00978792822185
79.01550387596899
82.8
82.8
82.8
83.95597484276729
82.89767441860465
82.89767441860465
82.89767441860465
77.50753768844221
74.51546391752578
72.9
72.9
72.9
69.91509433962264
64.94845360824742
63.5
62.0
62.0
65.80833333333334
67.9971671388102
67.9971671388102
67.9971671388102
67.9971671388102
68.6015037593985
68.86818181818182
69.18359375
70.52549575070822
71.64086687306502
72.34421364985164
72.79852805887765
73.0997506234414
73.35593220338983
74.15975103734439
74.67300131061599
75.23227848101266
75.71083591331269
76.21230769230769
76.23791588198368
76.69666456891126
76.81516290726817
77.15108359133127
77.46454767726162
77.8465736810188
76.52041438147471
73.53217821782178
73.69987699877
74.01290322580645
74.41852487135506
74.60258572231591
74.85226636821488
75.23157894736842
75.8733407079646
76.07896189950304
76.54808226792663
76.73396542108199
77.28627671541058
79.32241671372107
79.96962879640046
80.53811659192826
80.96271186440678
81.29133858267717
81.708545557442
82.45085714285715
82.88686753837408
82.91913439635535
83.11634506242906
83.16101694915254
81.73059866962306
79.60838779956427
79.90650628758884
79.96168375607124
80.26684636118598
80.32291105121294
80.27898158179849
80.27375809935205
80.4543973941368
80.49239130434782
80.47698971304818
80.38976592270005
80.38113413304254
80.37891891891891
80.54243743199129
80.53369565217392
80.71304347826087
80.79214402618658
80.9389102916896
79.09492988133765
78.14231805929919
77.94609164420486
78.01716738197425
77.96320346320347
77.96166484118291
77.90076754385964
77.98514851485149
78.20099118942731
78.45794392523365
78.73285398230088
79.16601671309192
79.67873051224944
79.96586457750419
80.45754189944134
80.85858585858585
81.18879551820729
81.59017308766053
80.82039911308205
78.69171695008228
79.0274574409665
79.47333699835075
79.6990612921038
80.14608599779493
80.37908135030438
80.67734806629834
80.85133630289532
81.12193763919822
81.30931263858093
81.84684181106763
82.1023359288098
82.21695482431679
82.6593837535014
82.89328063241106
83.21560920830994
83.45915492957747
81.40121412803532
80.79812465526751
81.02453987730061
81.33370349805664
81.64129826524902
81.95464725643897
82.09921524663677
82.40519187358916
82.8675645342312
83.0072463768116
83.32433951658236
83.76329043088975
83.75771172181716
81.16833333333334
81.21994459833795
81.28349082823792
81.6067853170189
81.81096196868009
82.082497212932
82.24283305227657
82.81187010078388
83.10161920714684
83.2680067001675
83.72823660714286
83.9546209186497
82.65130483064964
79.09836065573771
76.76699561403508
76.52805089647195
76.55160349854228
77.06209724663152
77.4743888242142
77.51612903225806
77.73101449275363
78.02028985507246
78.3048780487805
78.56793002915452
78.72802850356294
78.81598984771574
77.3385240352065
75.77643504531721
74.29818181818182
73.41565040650407
72.09753593429159
72.20061412487206
72.0375
71.87912087912088
70.86149936467598
70.06713286713287
69.99710564399422
70.16223776223777
70.59210526315789
70.58707124010554
70.4039270687237
69.7109634551495
68.6717850287908
67.48459958932239
68.54101221640488
69.01204819277109
69.23641703377386
69.6304347826087
70.01127819548873
70.57209302325582
71.08934337997847
72.33703329969728
72.55458089668616
73.11943127962085
73.1988950276243
73.55031166518255
73.74408413672218
74.07956448911223
74.47901049475263
74.99854333576111
75.46196789951152
75.82596872875595
76.30913978494624
76.42129629629629
76.91578947368421
77.32059585492227
77.54064516129033
78.01665598975016
78.37848347375242
78.43559096945552
78.77137176938369
78.67654808959156
75.41851616994293
73.97823383084577
74.24464831804282
74.45390070921985
74.92689891490576
75.35076748152359
75.88636363636364
76.31205283434232
76.48396017699115
78.09745293466224
78.65540166204985
79.07821229050279
79.3701226309922
79.7237507018529
80.08004509582864
80.6681664791901
80.94097616345063
81.18629671574179
81.52601809954751
82.01018099547511
81.84558823529412
82.05230244457078
82.26787741203178
82.70675830469645
83.12086659064994
83.36483390607101
83.87729357798165
84.12656784492589
84.45869439630272
84.77605066206102
85.04786324786325
85.36599423631124
85.5957324106113
86.28257093225245
86.53395240858967
86.76401869158879
87.19291109819872
87.46361502347418
87.8813160987074
88.10678466076696
88.40855803048066
88.74866627148785
89.385663507109
89.37581505631299
86.66705202312139
86.5415949512335
86.65242494226328
86.72700983227298
87.13066202090593
87.47331786542924
87.87551139684395
88.24097788125728
88.56698002350176
88.78294117647059
89.0873388042204
89.49116607773851
89.75456150676868
89.85462036492054
87.0342270393611
85.35677530017152
85.2940170940171
85.66514546491729
85.87242562929062
86.31328751431845
86.44756446991404
86.73272415762422
87.17906178489703
87.21305841924399
81.54312743461324
80.79390581717452
80.88895089285714
81.11853932584269
81.32721202003339
81.66201117318435
81.85030951041081
82.32116788321167
82.56359525155455
83.04350282485876
83.30560271646858
83.63029960429621
82.11745152354571
79.15452054794521
79.13696369636963
79.25919824272378
79.50715859030836
79.81994459833795
80.31253451131971
80.509977827051
80.92162312395776
81.22684414864115
81.4387811634349
81.85141903171953
81.95416433761878
82.03288740245262
79.38006571741512
78.28852459016393
78.27610716238382
78.57920792079207
78.70753161077515
79.1917808219178
79.30367929708952
79.5033039647577
79.85166940339354
80.11606160616061
80.53731343283582
80.84823399558499
80.99174008810573
81.47330764997248
81.75989010989011
82.03683342495877
82.27
82.70307354555433
82.95814977973568
83.47862298722931
83.77153974430239
84.06138392857143
84.3670956911024
84.73660714285714
85.0438202247191
85.33352080989876
85.75968556990455
85.75968556990455
82.07356194690266
81.32178217821782
81.39845047039292
81.8170663692136
82.00892359174568
82.41657397107898
82.68237934904602
82.97548746518106
83.51984348798211
83.75558035714286
84.07829977628636
82.27323316638842
77.00382513661202
74.75081610446136
74.95858641634456
75.35450027609056
75.51991150442478
76.15678670360111
76.44462993878686
76.72346368715084
77.06525376464026
77.47728547392036
77.75322490185081
78.33781512605042
78.11941212492346
76.74374079528718
75.24009324009324
73.81536189069423
72.44597249508841
72.44597249508841
75.0
75.0
75.0
75.0
75.0
75.0
75.0
75.0
75.0
75.0
75.0
75.0
75.0
75.0
75.0
75.0
75.0
75.0
75.0
75.0
75.0
75.0
75.0
75.0
75.0
75.0
75.0
65.0
65.10077519379846
65.10077519379846
65.10077519379846
66.18461538461538
71.18627450980392
71.57582417582418
71.57582417582418
73.3680981595092
74.60532994923858
75.09541062801932
76.04696449026346
76.46300211416491
76.97269303201507
77.36944219886823
77.88280647648419
78.49622926093514
78.54132539091586
75.1927119831815
74.69404517453799
74.91666666666667
75.55978975032852
76.1814696485623
76.79772439949431
77.24546023794615
77.40523690773067
77.83967560823456
78.31349693251533
78.5671100362757
79.06009615384616
79.40118694362017
80.04144775248103
80.48704663212435
80.67109826589595
81.0747392815759
81.2582513028373
81.62050984936269
79.72951289398281
78.31990924560408
78.54138321995465
79.11381653454134
79.37066515065378
79.68298235628913
80.00057306590259
80.4317532838378
80.60125499144324
80.99370349170006
81.28587699316628
81.71967963386727
82.12235563178959
82.55071633237823
82.87161773172136
82.93202764976958
81.03463940942646
81.17401129943502
81.3141567963903
81.77014755959138
81.98187995469989
82.43938531587933
82.82618639222413
83.11697247706422
83.37242562929062
83.87977207977208
84.15042735042735
84.42469705712637
84.09204545454546
79.88382434685937
79.39554317548746
79.46763392857143
79.71195957327345
80.19461581604038
80.34062850729518
80.8114478114478
81.08038223721192
81.36644219977553
81.70713884204609
82.17069062324536
82.40799099606078
82.84988713318285
83.11230248306998
83.31825890333522
83.52015900056786
83.8878132118451
84.12100456621005
82.91869000564652
79.89348785871965
79.77194919933739
79.94545454545455
80.29272326350606
80.46747519294377
80.61939058171745
81.04101995565411
81.37685950413223
81.96767001114827
82.21017328116267
82.643614054657
82.95581655480984
83.26254180602007
83.45982142857143
83.9142061281337
84.20770519262982
84.3548206278027
84.94519015659955
85.21599111604664
85.51006711409396
85.83473389355743
86.1340782122905
84.96873255164712
81.98613422074321
82.02337228714524
82.12444196428571
82.69487750556793
82.90452261306532
83.27774679308422
83.59141583054627
83.9811215991116
84.19068736141907
84.48828125
84.86492495831017
85.1041782729805
85.50364145658263
85.74651810584959
82.79281767955801
81.26758241758242
81.44873208379272
81.73993288590604
81.90847838293094
82.21305075292805
82.37193763919822
82.76536312849161
83.0375350140056
83.10508664058133
83.11906092789268
83.35602678571429
83.43432084963666
83.77061132922042
83.93665919282512
84.08671171171171
83.52918781725889
80.22430607651913
76.94464285714285
75.33369098712447
74.42553191489361
74.45610687022901
75.4963023829088
76.1638846737481
76.58950395398993
77.041011619959
77.42172739541161
77.79801324503312
77.85902503293808
78.36644736842105
78.58865248226951
78.84447300771208
79.20245003223727
79.35704787234043
79.42151162790698
78.9646672144618
78.04444444444445
76.66707616707616
75.35733333333333
74.30395136778115
73.42013888888889
72.4259927797834
73.16216216216216
73.4524886877828
73.64094488188977
72.4090909090909
72.4090909090909
72.4090909090909
72.4090909090909
70.2231638418079
70.77350427350427
72.16329704510109
73.08129032258064
73.56511891279729
74.32130777903043
74.48642533936652
75.0931744312026
75.49202975557917
75.76550387596899
75.94675090252707
76.84182509505703
77.20233747260774
77.69257703081233
78.13857938718662
78.1884159106769
76.27553118574366
73.1457783641161
73.06618133686301
73.31847545219638
73.91476903057905
73.97216828478965
74.5899419729207
74.8222794591114
75.126269035533
75.29709228824274
75.69866497139225
75.93982995421844
76.19107025607354
76.78112712975098
77.03997378768021
77.48275862068965
77.48350168350169
77.62929222144359
77.67503924646782
77.77821782178218
76.22185061315496
74.63578680203045
72.16402116402116
71.04068522483941
70.04139433551198
69.7051282051282
69.71428571428571
69.33096926713948
69.33096926713948
69.33096926713948
69.33096926713948
69.33096926713948
63.48175182481752
63.599999999999994
66.93203883495146
64.35897435897436
63.52142857142857
63.49122807017544
63.082644628099175
62.60526315789474
63.07070707070707
63.07070707070707
62.94791666666667
62.94791666666667
63.07070707070707
63.1015625
64.54597701149426
63.79881656804734
63.5
63.5
63.5
63.5
63.5
63.5
62.5
62.419753086419746
62.419753086419746
62.419753086419746
62.419753086419746
62.419753086419746
62.419753086419746
62.419753086419746
62.419753086419746
62.419753086419746
62.419753086419746
62.419753086419746
76.60600545950865
78.00467289719626
79.0097869890616
79.64947310038824
79.96747055524398
80.21094190637338
80.61728395061728
80.95205865764241
81.4578177727784
81.86968838526913
82.07932011331445
82.63492063492063
82.96145124716553
83.24453394706559
83.71990872789503
83.99539170506912
84.25562608193883
84.48229831688914
84.97562391178178
85.34149184149184
85.62405137186224
86.0238510762071
86.39388594944151
86.60821114369502
86.87868080094229
86.98357771260997
83.14326484018265
81.01021566401816
81.14513375071144
81.48777714610574
81.78216123499142
82.10091220068415
82.44634703196347
82.73726388093876
82.91561423650975
83.2919540229885
80.39066891512086
78.32158836689038
78.46734234234235
78.69831460674158
78.95819209039549
79.30270574971816
79.4971783295711
79.93148357870895
80.16789146410402
80.61208356860531
80.9585933068633
81.16467915956842
81.52914285714286
81.84303652968036
82.05466052934408
82.52917620137299
82.75143843498275
83.21526980482204
83.48576409064498
83.78065630397236
84.15232558139535
84.40173913043478
84.59859976662777
85.00757575757575
83.2677752293578
80.91213151927438
81.00624290578888
81.21554169030063
81.59212778094695
81.91193181818181
82.08929593589009
82.60079954311821
82.79840091376356
83.11970217640321
83.35825186889016
83.95547945205479
84.30213749277874
84.5083381253594
84.76527149321267
82.20811594202898
77.69133677567413
76.14277620396601
76.47371364653245
76.81008403361345
77.3854748603352
77.64849833147942
78.02584269662921
78.43784994400896
78.67817371937639
78.93119007332206
79.42193620593173
79.61659192825113
79.99774266365688
80.39988751406074
80.76818950930625
81.09966024915062
81.37231638418079
81.79128959276018
82.07102272727273
82.20568181818182
82.7614730878187
83.01534963047186
83.53877082136702
83.82305475504323
83.98901098901099
80.31288688801351
77.75815523059617
78.03716409376787
78.24086757990868
78.49658314350798
78.79942528735633
78.96415552855407
78.61695137976346
76.98871650211565
75.58497447118891
75.30873925501433
75.26478679504814
75.75950196592399
75.97635782747604
76.24984306340238
76.85
76.97222222222223
77.31304893350062
77.60174781523096
77.88923654568211
78.13287585776669
78.539375
78.92264504054897
79.56950398040416
79.68226600985221
79.87822878228782
80.29218362282879
80.52010050251256
79.01570351758794
75.39823566477631
75.05212968849332
75.17189460476789
75.60355781448538
75.7970737913486
75.97051282051282
76.57372826786865
76.76707083599234
77.03804692454027
77.15438821268418
77.45889967637541
77.83579217447081
78.0572569906791
78.28834355828221
78.33452722063038
78.08807045636509
75.86886993603412
73.85766871165644
72.37218045112782
72.41646489104116
72.74410774410775
73.0759219088937
73.2091212458287
73.61867266591676
73.96008403361344
74.3561507936508
74.86079545454545
74.94947735191637
75.43515625
75.81327160493827
76.26737160120845
76.84249084249085
77.26581378820185
77.58722527472527
78.23513694054776
78.72987012987014
79.15911949685534
79.70581039755352
80.10262529832936
80.8
80.94234129295282
81.26129779837775
81.80069124423963
82.01437607820587
82.39724454649827
82.69261822376009
83.09725400457666
83.35857716580608
80.52685132843415
78.34699606962381
78.56698699830413
78.62457531143828
79.0158371040724
79.38662131519274
79.66083521444695
79.96763202725724
80.36270608300171
80.85544217687075
81.0011396011396
81.422247446084
81.66971428571429
81.98059360730593
82.29766647694935
82.69977037887486
82.95102505694761
83.39359267734554
83.69557725445146
84.02284408909195
82.25598631698973
79.10647887323944
78.42517006802721
78.4957507082153
78.66685681688534
79.15332197614991
79.5361581920904
79.89079473985134
80.05051664753157
80.37400228050171
80.85852823730747
80.98052691867125
81.36187214611873
81.70984455958549
81.95276497695852
80.94593023255814
77.54027617951668
77.48363009764503
77.55549199084668
77.95040369088812
78.28094415659183
78.45496535796767
78.87731481481481
79.11111111111111
79.47202797202797
79.76837154614933
80.06599882144961
80.34915055653192
80.63593380614657
80.54958183990442
77.2565349544073
74.86701097482246
73.77357192016518
73.83094339622642
74.16741071428571
74.24199553239018
74.36634400595682
74.40208488458674
74.97696184305255
75.53125
75.899800928998
76.19555264879006
76.85477707006369
77.19107479572595
77.53656998738965
77.74430379746835
77.99489795918367
78.23042362002568
76.92351816443595
73.51339563862928
73.42865966646077
74.03429271279853
74.16819571865443
74.48326232501522
74.96365838885524
75.30750750750751
75.47701492537314
75.87906137184116
76.18719806763285
76.39782345828296
76.90288875230486
77.02370555208984
76.91238471673255
76.53863636363636
75.4504761904762
74.04945054945055
72.76231527093596
71.49867724867725
70.46604938271605
69.57391304347826
69.34311926605504
69.62833333333333
70.14909638554217
70.0251968503937
69.46830985915493
68.6767895878525
68.6767895878525
68.6767895878525
68.6767895878525
68.34708737864078
68.94386694386695
68.93560606060606
69.23649906890131
69.62025316455696
70.36305732484077
71.0564738292011
71.96555965559655
71.63906856403622
71.8070652173913
72.3573264781491
72.9270588235294
73.3157894736842
73.83732057416267
73.67590361445784
74.11981020166074
75.00687285223368
75.09407665505226
72.09343434343434
69.4669887278583
68.51953125
68.51953125
68.99647266313933
70.40949554896143
71.07051282051282
71.52083333333333
72.20591581342434
72.70654627539503
73.35754189944134
73.70619658119658
73.83191489361703
74.37513283740701
74.9520766773163
74.87654320987654
75.7032967032967
75.8955078125
76.3207171314741
76.47536231884058
75.96048918156161
72.97303727200634
72.69404069767442
73.08130081300813
73.93027759845062
74.50755287009063
75.13716295427902
75.49020737327189
75.70868824531516
76.25340136054422
76.52097505668934
76.7797281993205
77.17760180995475
77.38386727688787
77.77517162471396
78.1912100456621
78.50686498855835
78.76294591484465
79.00809248554913
79.40757749712974
79.66474985623921
79.92661619103087
78.32341156267888
74.7495741056218
75.07134703196347
75.43582430119794
75.63735008566533
76.20446735395188
76.429718875502
76.62485681557847
77.06563039723662
77.5117748420448
77.85272206303725
78.09032634032634
78.43666859456333
78.56705202312139
79.01586368977674
78.8427033492823
75.43668639053254
72.05868544600939
71.65784832451499
71.72711267605634
71.99241982507289
72.31260894828588
72.70960322024152
72.92064404830363
73.2560553633218
73.47072463768116
73.71247843588269
74.31472957422325
74.53241537578887
74.90610599078342
75.25947187141217
75.50113765642776
75.7859569648924
76.26647727272727
76.53907134767837
76.7815506508206
77.32840909090909
77.53549119818285
77.82866933181039
78.15257142857143
78.47155858930603
78.4749715585893
76.090395480226
75.28514739229026
75.4520316027088
75.7876557191393
76.14625850340136
76.42583192329386
76.55310734463276
77.01024473534434
77.27898966704937
77.55997725980671
77.83534830166954
78.14844649021865
78.5352435530086
78.93294797687861
79.2560975609756
79.32936979785968
78.94854721549636
76.12783751493428
74.19925971622455
73.96503026227303
73.61394302848576
74.09940357852882
73.5224043715847
73.12635379061372
72.41955445544555
71.29609690444146
70.68045649072754
70.68162692847125
70.8267716535433
71.32566585956417
71.7354988399072
72.5129650507328
73.05207226354942
73.16578669482577
73.60860440713536
73.96551724137932
74.22666666666667
74.59414990859233
75.12489991993594
75.41825095057034
75.9035153328347
76.29317851959361
76.67123287671232
76.95808823529411
77.11717612809316
77.5647816750179
78.09335219236209
78.37173144876326
78.731654676259
78.96628407460545
78.97988505747126
75.75486111111111
73.10614525139665
72.70007479431563
72.22851365015167
71.27102803738318
70.1767955801105
70.09909909909909
69.93194444444444
70.80172413793103
71.19744483159117
71.18045977011494
71.36716077537058
71.49710312862109
71.28048780487805
70.26330150068213
69.85714285714286
69.18535825545172
68.32445923460898
68.41706161137441
68.85425685425686
69.23698630136987
69.0168776371308
68.55275590551182
67.59962406015038
67.62007874015748
67.30601092896175
67.93008130081301
68.22865412445731
68.40997229916897
68.76326530612245
68.9279038718291
69.01670951156812
69.60911270983213
69.91335740072202
70.28802992518703
70.26251526251527
70.72824791418356
71.05633802816901
71.31445086705202
71.5338078291815
71.77832512315271
72.23349056603773
72.12573443008226
68.84893882646692
66.55300859598854
65.36013986013987
64.42970297029703
64.61710794297352
65.93594306049822
66.63084112149532
67.09116809116809
67.45917001338688
68.01845018450184
68.23995271867612
68.79445727482678
69.26121076233184
69.8099787685775
70.48023143683703
71.24683544303798
72.07790368271955
73.03279742765274
73.45835866261397
73.76394597768643
71.20878494010267
69.25358324145535
69.70415512465374
69.90969162995594
70.33333333333333
70.74421168687982
71.05937846836848
71.25041643531371
71.5361512791991
71.92179700499167
72.15645879732739
72.57414661443761
72.91004997223764
73.4310538116592
73.70403587443946
75.57046223224351
76.66892655367232
77.24545454545455
77.44690516751845
77.74674220963173
78.2158766419189
78.45025582717453
79.0290267501423
79.37876206700739
79.66193181818181
80.04059462550029
80.32020547945206
80.58537978298115
80.93574297188755
81.2873432155074
81.61731207289294
82.06335616438356
82.3662456946039
82.7405498281787
82.9106334841629
80.06756756756756
78.61440922190202
78.47731397459165
78.41261829652997
78.57252888318357
78.34943181818181
76.91686844229217
75.70040485829959
74.91044776119404
74.61976369495166
75.57669322709164
76.20176848874598
76.65798733286418
77.18613861386139
77.87227414330218
78.32416267942584
78.65810968494749
79.08910891089108
79.43981745579008
79.84606677985286
80.07308781869689
80.43929983060418
80.94662123793299
81.10487528344672
81.49801924165251
81.87977207977208
82.09283667621777
82.25717566016074
81.7238041002278
78.13895089285714
76.65319865319866
76.97523916713563
77.35337078651685
77.5277149321267
77.79253815715093
78.21977401129944
78.52456239412761
78.78373800112931
79.16922203293583
79.41246458923513
79.80933409220262
80.07917383820998
79.51864406779661
76.52549019607844
76.20090293453724
76.26953567383919
76.50084697910785
76.68379446640316
