91.66952380952381
91.66952380952381
91.66952380952381
91.66952380952381
92.36289592760181
92.23338485316847
92.21122807017544
91.84641180415828
91.81853532080363
91.70658307210032
91.70485678704856
91.70754738182345
91.71023797659834
91.71292857137321
91.7156191661481
91.72642956448449
91.73723996282088
91.74805036115728
91.75886075949367
91.78032266782841
91.80178457616316
91.84274532322534
91.88370607028754
91.9002484913028
91.91679091231806
91.93333333333334
91.93333333333334
91.93987138263665
91.94640943193997
91.9529474812433
91.95948553054663
91.96526492110584
91.97104431166505
91.97682370222428
91.9826030927835
91.9826030927835
92.01484828921885
92.05103359173127
92.05174644243208
92.09597924773023
92.13571428571429
92.13571428571429
92.20949902407287
92.21028645833333
92.21028645833333
92.39776462853386
92.39776462853386
92.41963109354414
92.41963109354414
92.50197628458498
92.5062623599209
92.52208305866843
92.5230870712401
92.5230870712401
92.44635761589404
92.44635761589404
92.42432253800396
92.26173165895571
92.11381578947369
91.96308503625576
91.79378717779247
91.54864328259431
91.54323432343234
91.48087071240106
91.32268578878748
91.11760112479216
90.91251646079684
90.7074317968015
90.7074317968015
90.7074317968015
90.7074317968015
90.7074317968015
90.7074317968015
90.70743179680153
86.34185022026432
86.16075471698113
85.93990216631727
85.81854304635762
85.927734375
86.11647361647361
86.21744627054362
86.25418913023402
86.29093198992443
86.35181520131142
86.41269841269842
86.4171974522293
86.42737249838605
86.52728468113084
86.58139301807219
86.63550135501355
86.68513513513514
86.79407806191116
86.89360269360269
87.00537273337811
87.07671601615074
87.22489959839358
87.40255376344086
88.60982083609821
90.85224983210207
90.87323943661971
90.98529411764706
91.07748830995324
91.07748830995324
91.07748830995324
91.10333292984178
91.12917754973033
91.15502216961887
91.18086678950743
91.20671140939598
91.27236045729657
91.30795148247978
91.38975050573163
91.48208248816768
91.48474576271187
91.60314207650273
91.60314207650273
91.68792866941016
91.71752577319587
91.71752577319587
91.71752577319587
91.59466384945901
91.47180192572215
91.49273356401385
91.5086385625432
91.51588397790056
91.6092350103377
91.6869384934347
91.76286509040334
91.77222222222223
91.78892733564014
91.83483068417415
91.93676975945017
91.94917582417582
92.02257181942545
92.03212576896787
92.03686006825939
92.11020408163266
92.14538043478261
92.17367706919946
92.21181262729124
92.24408384043272
92.34714673913044
92.38915254237288
92.38915254237288
92.41072640868975
92.47661016949152
92.5
92.52549286199864
92.54008152173913
92.56929347826087
92.63562202583277
92.78165639972622
92.78165639972622
92.80287474332648
92.81268537531372
92.82249600730094
92.83230663928816
92.86008230452676
92.86008230452676
92.86351165980795
92.91620879120879
93.14128187456926
93.16221498371335
93.23737704918032
93.26455026455027
93.26476514559072
93.26498002663116
93.30108254397835
93.3671928620453
93.57991803278688
93.66551485832757
93.71497584541063
93.97154753643304
94.0567867036011
94.08921161825727
94.19225449515906
94.19225449515906
94.21492743607463
94.22283737024222
94.29172413793103
94.31440118267312
94.33707822741522
94.3597552721573
94.3824323168994
94.4051093616415
94.42778640638358
94.45046345112567
94.47314049586777
94.60492139439508
94.66781056966369
94.31412894375853
91.46552901023891
91.33764465622872
91.31807096199414
91.29849726775956
91.44444444444444
91.65629228687415
91.69152542372882
91.72493224932249
91.85149863760218
91.8891887229988
91.9268788083954
91.9268788083954
91.93966101694916
91.88783783783784
91.75033738191632
91.68809201623816
91.63111413043478
91.57413676371021
91.56892947423542
91.56372218476062
91.55245364323247
91.54118510170431
91.52991656017616
91.51864801864802
91.51864801864804
90.13947990543737
89.56725146198829
89.0949263502455
88.90613451589061
88.60287081339713
88.45863666446063
88.33976833976834
88.2851711026616
88.3444409576008
88.40371081253998
88.47202572347267
88.49839228295819
88.55013020833333
88.60208062418725
88.61764705882354
88.63226649248857
88.64547837483617
88.66666666666667
88.71409749670619
88.71409749670619
88.75527704485488
88.75527704485488
88.77953795379538
88.80079946702199
88.83056478405315
88.8601864181092
88.87409320905459
88.888
88.90479360852197
88.89211423779324
88.8794348670645
88.86675549633577
88.94039735099338
89.01092265739715
89.08144796380091
89.74964028776978
89.83560399636694
89.83560399636694
89.83560399636694
89.83560399636694
89.83560399636694
89.8356039963669
87.68353067814854
87.57732864674868
87.48944487881157
87.32458059810358
87.2258972554539
87.2127659574468
87.21055456088973
87.20834316433267
87.2061317677756
87.11473272490221
87.07190124617203
87.02906976744185
87.26593689632969
87.29761136216914
87.34196891191709
87.34489402697496
87.35228002569043
87.35966602440591
87.36053984575835
87.52685421994885
87.54967741935484
87.8051349572087
88.25988286969253
88.5452865064695
88.5452865064695
88.5452865064695
88.4922011021311
88.43911569779272
88.38603029345431
88.33294488911592
88.27985948477753
88.10795974382435
87.96581875993641
87.83063328424153
87.75099267960402
87.67135207496653
87.54407894736842
87.59067357512953
87.59726740403383
87.64977257959714
87.68043899289864
87.80992815153495
87.83333333333333
87.87018917155903
87.87096774193549
87.8948069241012
87.90912117177098
87.92343541944075
87.99130434782609
88.01474530831099
88.03434343434344
88.03434343434344
88.08827493261455
88.13458950201884
88.22020202020202
88.23905723905725
88.25704697986578
88.25823806321452
88.31922043010752
88.3676369709066
88.41605351170568
88.43024897807507
88.44444444444444
88.48326639892905
88.53530598520511
88.53629032258064
88.56594885598923
88.6062036412677
88.63654753877276
88.705525606469
88.7476383265857
88.78576225654803
88.99187542315505
89.08428860418071
89.10221923335575
89.13189771197847
89.13900134952766
89.18071476736345
89.19610476830087
89.2
89.21756756756758
89.24404623331273
89.27052489905788
89.35274204468517
89.3412162162162
88.36382113821138
88.34633105428088
88.3288409703504
88.28797792764159
88.24711488493277
88.20625184222395
88.16538879951514
88.12452575680632
88.0836627140975
87.87516600265604
87.87516600265604
87.87357859531772
88.10702341137124
88.10702341137124
88.18875502008032
88.19732441471572
88.25200534759358
88.31179213857429
88.34970139349701
88.53702468312208
88.53702468312208
88.55986622073578
88.79960053262317
88.79542650885631
88.79125248508946
88.80039787798407
88.6836120401338
88.3065057008719
88.28753351206434
88.31085637221848
88.44520081688223
88.4505794137696
88.5606779661017
88.65486725663717
88.69571136827774
88.78586135895677
88.79052197802197
88.81712328767124
88.91304347826087
88.92344497607655
88.96057104010879
88.84522207267833
87.8288409703504
87.84543010752688
87.88806473364801
87.90427698574338
87.93007467752885
88.00950441276306
88.13757700205339
88.14657534246575
88.45130315500685
88.45947802197803
88.4681288553804
88.47730398899587
88.56401384083046
88.27991194834819
87.99581005586592
88.01186176205718
88.02791346824843
88.08473389355743
88.08898108097844
88.09322826839946
88.09747545582047
88.19832402234637
88.19972067039106
88.2794425087108
88.32309839497557
88.4634655532359
88.52708333333334
88.5326388888889
88.53819444444444
88.57024221453287
88.6086956521739
88.69431117203564
88.76923076923077
88.8133608815427
88.83493810178817
88.87439945092656
88.87808219178082
88.98082191780821
88.99794379712132
89.01368925393567
89.04152484683458
89.15997277059223
89.18973416989053
89.21949556918882
89.23016840874638
89.24084124830394
89.3155765340526
89.50407608695652
89.80189366351055
90.10308441558436
88.45923149015931
87.60231316725975
86.82750397456283
86.19776119402987
85.97150997150997
86.15893108298171
86.36692147324531
86.50204359673023
86.53242030481454
86.56279701289884
86.59244264507423
86.6684599865501
86.72177419354838
86.79035498995312
86.81429525718103
86.84906914893617
86.97211155378486
86.97876575978766
87.05046480743692
87.11952191235059
87.22038385175381
87.25859788359789
87.32380319148936
87.38610554442218
87.404
87.47660427807487
87.56760374832665
87.7192513368984
87.75250166777852
87.77815013404826
87.80802675585284
87.8443113772455
87.87707641196013
87.96750663129974
88.00331345261763
88.07824933687003
88.2296052631579
88.25527704485488
88.28269484808455
88.3318002628121
88.34851485148515
88.3973597359736
88.48480845442536
88.62075848303394
88.65341285619616
88.69082446808511
88.73740053050398
88.796699669967
88.796699669967
88.796699669967
88.82306163021869
88.86697551290536
88.86697551290536
88.94506949040371
89.06266490765171
89.0875
89.12746386333771
89.13666228646518
89.13881578947368
89.1508185737085
89.16282135794332
89.16600790513834
89.2391874180865
89.3318002628121
89.3318002628121
89.35321100917432
89.48031496062993
89.48242212810956
89.4845292955892
89.51844532279316
89.60714285714286
89.65942028985508
89.72002635046114
89.72002635046114
89.72002635046114
89.7277521423863
89.7277521423863
89.75675675675676
89.78576137112722
89.78576137112722
89.79802631578947
89.89456450556646
89.94240837696336
90.08267716535433
90.08267716535433
90.13063357282822
90.16459016393442
90.19789612097304
90.23540094006768
90.2729057591623
90.28683693516699
90.34489528795811
90.3570961412688
90.39580602883355
90.47416612164814
90.59830176355325
90.61010264188093
90.6219035202086
90.78175895765472
90.95268956578094
91.01701618379428
91.08134280180762
91.10709677419355
91.10709677419355
91.1400903808909
91.17461340206185
91.17461340206185
91.37203335471456
91.43425272610648
91.45448717948717
91.45374951406342
91.45301184863966
91.45227418321589
91.55313700384123
91.66030534351145
91.66412213740458
91.85832801531589
91.85832801531589
91.85832801531589
91.97557840616966
92.0064391500322
92.0064391500322
91.80020196288837
91.59396477574455
91.38772758860074
91.18149040145693
90.97525321431311
90.7690160271693
90.56277884002549
90.58838544990428
90.61744112030554
90.72969543147208
90.72969543147208
90.81795195954489
90.90127388535032
90.90127388535032
90.97969543147208
91.06178343949045
91.05949947562571
91.05721551176097
91.0831746031746
91.09739019732655
91.17945466074826
91.27134724857684
91.27134724857684
91.27134724857684
91.30643127364439
91.34644670050761
91.42215189873417
91.46805819101834
91.55969677826911
91.56186868686869
91.60416666666667
91.63413098236776
91.64443045940844
91.74132492113564
91.76777847702958
91.84220532319392
91.98217695735201
92.00190718372536
92.0057361376673
92.09556962025316
92.14548919949173
92.17800381436746
92.2321882951654
92.29081632653062
92.34099616858238
92.35035098915124
92.35185185185185
92.35882727852135
92.37456670048516
92.39030612244898
92.51122514432329
92.51219512195122
92.51889814221653
92.53419200169952
92.54948586118252
92.55041746949261
92.55041746949261
92.72179487179487
92.76285347043702
92.86867392696989
92.90734824281151
92.89342693044034
91.57858048162231
91.56598984771574
91.56598984771574
91.55760661998727
91.56253968253968
91.58931977113795
91.68527918781726
91.68527918781726
91.75428571428571
91.91725015913431
91.97447351627314
91.99423076923077
92.04289372599231
92.08472400513479
92.11232349165597
92.12771392081737
92.19389701207884
92.21082802547771
92.23821656050956
92.35750962772785
92.3957800511509
92.42071611253196
92.50031908104658
92.52171136653895
92.63292761050609
92.70716112531969
92.78075207138303
92.52843450479236
91.52655150351887
91.56474358974359
91.75176395125081
91.79896907216495
91.93436293436294
91.93496458467482
91.94858611825192
91.95627009646303
92.05293737895417
92.10353697749196
92.13741935483871
92.15151515151516
92.27909967845659
92.30314707771356
92.33661544730295
92.37008381689233
92.40629011553274
92.385155385618
92.36402065570326
92.34288592578852
92.32175119587379
92.30061646595905
92.27948173604432
92.25834700612957
92.23721227621483
92.28690095846645
92.28690095846645
92.3035143769968
92.40774193548387
92.40774193548387
92.47279792746114
92.56420233463035
92.61053315994799
92.72472276581865
92.72472276581865
92.74248366013072
92.84660574412533
92.9379490529066
93.01171875
93.02540716612378
93.02865410389524
93.03190104166667
93.07772697583279
93.15203145478375
93.08159268929512
91.25718015665797
91.31752305665349
91.39113170086036
91.45841650033267
91.53164556962025
91.58521970705726
91.5877659574468
91.65353805073431
91.7001329787234
91.83054253181514
91.842
91.87633333333333
91.91066666666667
91.92240802675585
91.93971868720696
91.99535192563081
92.00602813127931
92.00670241286863
92.0261569416499
92.16333333333333
92.25166444740346
92.25666666666666
92.29906542056075
92.36016096579476
92.37625754527163
92.37625754527163
92.37625754527163
92.6091030789826
92.61283477262424
92.61656646626587
92.74076561450639
92.76609038605936
92.79141515761233
92.8482202820685
92.4663978494624
91.45708582834331
91.44673768308921
91.4257161892072
91.42946939028465
91.43322259136212
91.46945551128817
91.55540809555409
91.59109042553192
91.68175765645806
91.69413177917168
91.7065059018853
91.71888002459892
91.73125414731254
91.80185553346587
91.8158940397351
91.85298013245033
91.92592592592592
92.07595772787319
92.09881422924902
92.12869336835193
92.19869281045752
92.21526418786692
92.21526418786692
92.21526418786692
92.35498687664042
92.35080933106056
92.34663178548071
92.37647058823529
92.42875731945348
92.52281616688397
92.52281616688397
92.57301173402868
92.63064833005893
92.78825857519789
92.83519369665134
92.84248366013072
92.90831696136215
92.92529488859765
93.06348167539267
93.0884485499452
93.1134154244977
92.32092426187418
92.04755784061696
92.0573056772395
92.06705351386202
92.15087040618955
92.16903225806452
92.19354838709677
92.24517374517374
92.2646114322415
92.31138107416879
92.3224358974359
92.35173299101412
92.41624040920716
92.49584664536741
92.55298651252409
92.58793324775353
92.66302250803858
92.67717041800643
92.82188295165395
92.97960484384953
92.08834827144688
91.21830985915493
91.26572528883183
91.31589023611997
91.34551282051282
91.48295819935691
91.58064516129032
91.68709677419355
91.828165374677
91.93032258064517
92.00192802056556
92.10172744721689
92.10371318822023
92.20539152759949
92.28470437017995
92.3338415467921
92.38297872340425
92.51356589147287
92.54269081500647
92.6321913380737
92.73803363518758
92.782720825274
92.3567741935484
91.30213040671401
91.32688588007737
91.34757281553398
91.34862511744441
91.34967741935483
91.43475452196382
91.61244329228775
91.72420506164828
91.72420506164828
91.76360103626943
91.88170652876535
91.96647324306899
92.02574002574002
92.04691516709512
92.08595253367544
92.15647134578235
92.2096463022508
92.25241468126207
92.32105943152455
92.39456662354463
92.41939681470774
92.44422700587084
92.4873786407767
92.52727272727273
92.54239482200646
92.32094097583877
92.09948712967108
91.87803328350338
91.65657943733572
91.43512559116803
91.21367174500034
90.99221789883268
91.11075129533678
91.12186847687309
91.13298565840938
91.19075520833333
91.29831387808042
91.34263465282288
90.49055374592831
89.59855453350855
89.65902938678036
89.71950424005219
89.80392156862744
89.9361147327249
89.97713912475506
89.99084967320262
90.10078534031413
90.16013071895425
90.14041994750653
89.91578947368419
89.17169069462648
89.17169069462648
89.13734466971877
89.1380890052356
89.1380890052356
89.22843976300197
89.25823451910408
89.25823451910408
89.31505944517833
89.43845642049234
89.43845642049234
89.45741331459614
89.47637020869993
89.49532710280374
89.49568106312293
89.5076411960133
89.5076411960133
89.56382978723404
89.61809713905522
89.69179452968646
89.69179452968646
89.808
89.81635388739946
89.88266666666667
89.90687895634126
89.93109124601585
89.95530353569046
90.02939211756848
90.03137516688919
90.190093708166
90.24396782841823
90.39171122994652
90.42142455740967
90.45113788487282
90.2704020951962
90.08966630551959
89.90893051584297
89.72819472616632
89.74780256930359
89.8468286099865
89.93459204315576
89.94474393530997
89.95342744803388
89.96211096075778
89.98039215686275
90.04736129905277
90.1
90.2786440677966
90.44549763033176
90.4478672985782
90.45023696682465
90.54533152909337
90.54533152909337
90.62466124661246
90.76116373477673
90.76116373477673
90.7956698240866
90.94014794889038
91.00134228187919
91.00504529975521
91.00874831763123
91.14419852448022
91.31459170013387
91.35
91.50100468854654
91.58898589657488
91.59261744966443
91.61394101876675
91.6753507014028
91.70875083500334
91.86254980079681
91.88829787234043
91.95403064623584
92.00398936170212
92.11479761114798
92.21419098143237
92.30026455026454
92.35719019218025
92.42781104457751
92.58476821192053
92.87775551102203
93.49239920687376
93.51118421052631
93.64389920424404
93.71883289124668
93.79100529100529
93.79100529100529
93.83234323432343
93.92955892034233
94.12425644415069
94.25180802103878
94.26223799616844
94.2726679712981
94.36154855643045
94.41342988808427
94.50790513833992
94.61655629139072
94.68281353682814
94.84864507600793
94.85488126649076
94.93610013175231
94.98150594451783
95.04166666666667
95.13121441086291
95.22076215505913
95.31644736842105
95.49502982107356
95.51458885941645
95.63654485049834
95.67443408788283
95.69573901464713
95.83023872679045
95.83023872679047
95.64275449454763
95.45527026230477
95.2677860300619
95.08030179781906
94.8928175655762
94.70533333333333
94.77851901267512
94.77851901267512
94.77139037433153
93.61666666666666
93.61666666666666
93.62466666666667
93.66066666666667
93.69530659536542
93.72994652406418
93.72994652406418
93.75650433622415
93.82411725516323
93.82411725516322
93.73286828585125
93.6416193165393
93.55037034722734
93.45912137791538
93.36787240860343
93.27662343929147
93.18537446997951
93.09412550066756
93.29276538201488
93.32073545574897
93.34870552948306
93.37667560321715
93.41192230408573
93.55211835911231
93.56828438062854
93.58445040214477
93.67722371967655
93.66599326599317
91.83355886332882
91.80013550135502
91.7885791978246
91.76326530612245
91.73116089613035
91.47169717482996
91.21223345352962
90.95276973222929
90.69330601092895
89.78043775649795
89.74149659863946
89.7327001356852
89.77937158469945
89.87012987012987
89.88464163822526
89.92049348869088
89.98834818368746
90.00342465753425
90.07939767282683
90.08561643835617
90.16678105696637
90.27103448275862
90.27103448275862
90.40247252747253
90.54066985645933
90.54066985645933
90.57377049180327
90.57610921501707
90.66346812885538
90.67739726027398
90.71036376115305
90.78561643835616
90.80422919508868
90.83937115516063
90.89032697547684
90.91893732970027
90.9475476839237
91.07776261937244
91.07959183673469
91.16826265389876
91.25720164609054
91.3371777476255
91.3371777476255
91.48402447314751
91.5478615071283
91.60774983004758
91.65337837837838
91.70060687795011
91.8069105691057
91.92391304347825
91.92599994100642
91.9280868385346
92.09449354180829
92.1374149659864
92.14713896457766
92.43276450511945
92.49693251533742
92.52925170068028
92.52925170068028
92.6086956521739
92.69870483980914
92.71370143149284
92.7904109589041
92.89613034623218
92.89613034623218
93.04742547425474
93.1790333560245
93.20722563053852
93.32194121667806
93.3235472954556
93.32515337423312
93.52084757347916
93.53772943575798
93.64038069340585
93.64038069340585
93.69591836734693
93.74101694915254
93.77377717391305
93.86748633879782
93.8494182067077
92.83807588075877
92.3324156916724
92.36376115305423
92.4318959616701
92.49585228705514
92.5598086124402
92.5832762165867
92.5832762165867
92.6290212183436
92.68737458729893
92.74572795625427
92.82320819112628
92.83674863387978
92.84179160761381
92.84683458134785
92.93002717391305
92.93002717391305
92.99388586956522
93.14207650273224
93.19686648501363
93.24795640326965
92.24914442162901
91.8127978216474
91.69583048530417
91.78178110129164
91.8036809815951
91.86693822131704
91.89152053149749
91.91610284167794
91.91610284167794
91.95176630434783
92.0273224043716
91.20355191256829
90.66186556927298
90.70716723549488
90.72677595628416
90.8302532511978
90.85557837097878
90.96785225718196
90.99954400364797
91.031235750114
91.06292749658003
91.07786885245903
91.28914835164835
91.3993103448276
91.33929232082721
91.27927429682684
91.21925627282647
91.15923824882609
91.0992202248257
91.03920220082532
91.15215901302258
90.45071380013599
89.88538091969801
89.88424657534246
89.83871138317593
89.79317619100941
89.74764099884288
89.70210580667637
89.65657061450983
89.61103542234332
89.49216087252897
89.5364193328795
89.6103896103896
89.622009569378
89.62542720437457
89.6441049661352
89.66278272789582
89.72115384615384
89.7656788421778
89.87156593406593
89.88024776324845
89.94769442532692
89.96765313145217
90.01589495507947
90.01589495507947
90.03534303534303
90.04368932038835
90.16113416320886
90.17793103448275
90.24740124740124
90.27727588603197
90.27727588603197
90.38985406532314
90.47434119278779
90.47434119278779
90.51939058171745
90.6909216909217
90.70146137787056
90.7825484764543
90.84947735191638
90.91597222222222
90.94436717663422
91.00907187718074
91.09337979094077
91.14675938817365
91.20013898540654
91.24495476687544
91.24495476687542
90.99095337508703
90.57634112792297
90.57971014492753
90.60343642611684
90.65724137931035
90.73014107666278
90.8030407740152
90.8488612836439
90.90324809951625
91.03489183531053
91.01356528532267
90.99223873533482
90.97091218534698
90.94958563535911
91.01244813278008
91.09500693481276
91.21751216122307
91.25603864734299
91.25655172413792
90.85489209315563
90.45323246217332
90.45342387092295
90.45361527967258
90.52280462899932
90.52280462899932
90.81139755766621
90.81909885675857
90.81909885675857
90.88045668233714
90.91158740790355
90.91158740790354
91.17871485943775
91.18133333333333
91.32644903397735
91.33821571238349
91.46595460614152
91.58088235294117
91.64
91.67088607594937
91.73750832778148
91.792
91.8671096345515
91.88114209827357
91.96959682749504
92.0712401055409
92.18613861386137
92.07244795717918
91.95875730049701
91.84506664381485
91.73137598713265
91.61768533045046
91.5039946737683
91.552
91.72266666666667
91.79157365376057
91.86048064085448
91.87672861474161
91.89297658862876
91.92723631508679
92.02412868632706
92.2066889632107
92.41616161616162
92.4480431848853
92.4480431848853
92.50844024307901
92.51399101102737
92.51954177897574
92.55263157894737
92.71836734693878
92.7391008174387
92.86255924170617
92.98240866035182
93.1445945945946
93.16239892183289
93.30384875084403
93.35878378378378
93.40202702702703
93.43301759133965
93.55886332882274
93.65830508474576
93.66135593220339
93.66440677966102
93.72518568534774
93.73076923076923
93.868154158215
94.02084734364492
94.0613339887476
94.10182063385031
94.11740890688259
94.28351206434316
94.41065407956845
94.4588948787062
94.48197269187835
94.5050505050505
94.52528658125422
94.59309410968179
94.67840216655382
94.74121621621622
94.78867958484446
94.83614295347269
94.91604603926879
94.99189736664415
94.99189736664415
94.99189736664415
95.1044474393531
95.19610476830087
95.26985195154778
95.36590296495957
95.40336700336701
95.4177897574124
95.49089683074848
95.64189189189189
95.64996614759647
95.64996614759647
95.72102425876011
95.77785280216071
95.84224779959376
95.90835030549898
95.9368635437882
96.13526244952894
96.14986559139786
96.23959731543624
96.33041132838841
96.35551075268818
96.48685097774779
96.66621621621621
96.69811320754717
96.7685060565276
96.77486559139786
96.97846567967699
96.95144976399183
95.97856664434025
95.97248322147651
96.00176117888941
96.0310391363023
96.00812267647741
95.98520621665253
95.96228975682763
95.9393732970027
95.5700871898055
95.68470273881096
95.71841397849462
95.82907133243607
95.88709677419355
95.93943472409153
95.96652823430371
95.99362174451589
96.02071525472806
96.04780876494024
96.1939113170086
96.25680159256802
96.23236119232361
96.20792079207921
96.2100396301189
96.28552631578947
96.34917491749175
96.42753143613501
96.42753143613501
96.55129053606882
96.56320317670418
96.6026402640264
96.75
96.81740276862229
96.88815354070152
96.9015852047556
96.9736147757256
97.07958251793869
97.15309446254076
96.9464964577611
96.73989845298138
96.53330044820171
96.32670244342205
96.1201044386423
96.1592977893368
96.16439246263808
96.26606099935107
96.29447864057573
96.32289628180038
96.38175895765472
96.44487932159166
96.47100977198697
96.47470141150923
96.47839305103149
96.48208469055373
96.68668407310705
96.70384866275276
96.70384866275276
96.72472276581865
96.57871241225678
96.4327020586949
96.28669170513305
96.14068135157117
95.9946709980093
95.84866064444745
95.70265029088559
95.74595992243052
95.79392764857882
95.85677252106287
95.89504185447521
95.96074646074646
95.9556143879295
95.95048231511254
96.04384268214056
96.16233766233766
96.21668822768434
96.22774193548386
96.28442146089205
96.3098482708991
96.33527508090614
96.32872001467987
96.3221649484536
96.47984395318596
96.51423027166882
96.51423027166882
96.52937378954164
96.54005167958655
96.11677419354828
94.92141951837769
94.86890436985435
94.79705505761844
94.79757211479648
94.79808917197452
94.81134480560867
94.8565965583174
94.94196428571429
94.96395787721218
94.98595146871008
95.00383631713555
95.00383631713555
95.09808917197452
95.1875
95.1875
95.21711366538953
95.22122762148338
95.2610082961072
95.30823229100191
95.35545628589662
95.41565881604073
95.44664536741215
95.45774647887323
95.49808673469387
95.51180599872367
95.5172193877551
95.56760204081633
95.60229445506693
95.68199233716476
95.69432035737077
95.64863144493961
94.79327837666456
94.77141017385705
94.74800310187013
94.7245960298832
94.70118895789626
94.67778188590934
94.6543748139224
94.63096774193548
94.62327442013759
94.61558109833982
93.67263427109972
93.55463786531129
93.45716587143113
93.35969387755102
93.34630102040816
93.44585987261146
93.484404837683
93.49013367281987
93.49586776859505
93.55788804071247
93.56206238064927
93.56206238064927
93.60714285714286
93.62979539641944
93.62931096351585
93.62882653061224
93.69225847728727
93.75112251443232
93.75384821493816
93.75657391544401
93.75929961594986
93.76202531645569
93.80795039647435
93.85387547649302
93.99871959026889
94.01018459579885
94.03335471456062
94.03335471456062
94.12515964240102
94.18591370558376
94.20995532865348
94.22335673261009
94.23675813656669
94.27724665391969
94.38604353393086
94.3718887306828
94.35773392743475
94.47051282051282
94.47051282051282
94.67515923566879
94.74744245524296
94.74744245524296
94.81951530612245
94.95176848874598
94.95176848874598
94.99654273372096
95.04131697869593
95.04131697869593
95.09677419354838
95.19063109954456
95.20442708333333
95.26165803108809