119.07692307692308
117.2331983805668
115.38947368421054
115.23095950777419
115.07244533133783
114.91393115490148
114.75541697846512
114.59690280202877
114.43838862559241
114.46864965048684
114.49891067538127
114.59623430962344
114.62238065025036
114.64852699087729
114.67467333150422
114.70081967213115
114.70081967213115
114.77319587628867
114.77319587628867
114.84349593495935
114.90447154471545
114.89949743564372
114.894523326572
114.92073170731707
115.00200803212851
115.02012072434607
115.09072580645162
115.17764471057885
115.3066132264529
115.34888438133873
115.3923541247485
115.43058350100603
115.43058350100603
115.54491017964071
115.54491017964071
115.56
115.56
115.63617886178861
115.75154004106776
115.75154004106776
116.02505219206681
116.0778947368421
116.0778947368421
116.15899581589957
116.15899581589957
116.15899581589957
116.15899581589957
116.15899581589957
115.35157182992104
114.54414784394251
114.53435931439654
114.52457078485055
114.51478225530458
114.50499372575861
114.49520519621264
114.48541666666667
114.48541666666667
114.48541666666667
114.48508027258026
114.48474387849387
114.48440748440748
114.4756062318303
114.46680497925311
114.50622406639005
114.64462809917356
114.6355748373102
114.42417582417582
113.04868154158214
111.73644859813085
109.88566552901024
109.84576271186441
109.71621621621622
109.64864864864865
109.61317567567568
109.61317567567568
109.38409475465312
109.38409475465312
109.27777777777777
109.27318718381113
108.94077834179359
104.65360501567397
104.58869701726844
104.5265625
104.49766718506999
104.4751552795031
104.4751552795031
104.47131782945736
104.47131782945736
104.49378881987577
104.49378881987577
104.49378881987577
104.57276995305165
104.5953125
104.65109034267913
104.70579029733959
104.75314465408806
103.82601626016259
101.5113268608414
99.27051671732522
99.1379821958457
99.1139053254438
99.07737226277372
99.13043478260869
99.17005813953489
99.28468208092485
99.32611832611832
99.37391304347827
99.4376811594203
99.4376811594203
99.45283018867924
99.47238372093022
99.53343023255815
99.50824678049115
99.48306332842418
97.39684813753581
95.03683492496589
94.41071428571429
94.33653846153847
94.2954856361149
94.2954856361149
94.2954856361149
94.35510204081632
94.36190476190477
94.64227642276423
94.6711956521739
94.84741144414168
95.01362397820164
95.22010869565217
95.021650879567
92.85943775100401
92.508
92.49929569892473
92.49059139784946
92.59012016021362
92.61311914323963
92.6502002670227
92.67333333333333
92.70266666666667
92.77925531914893
92.8441215323646
93.04599211563732
93.16116248348744
93.19072847682119
93.42857142857143
93.46639784946237
93.46639784946237
93.46639784946237
95.10095497953614
96.9400544959128
96.9400544959128
96.95929443690638
97.11171662125341
97.12380952380953
97.42876712328767
97.46857923497268
97.46857923497268
97.49591280653951
97.55798090040928
97.625170998632
97.77489768076398
97.96296296296296
97.97802197802196
96.67950481430535
94.8224043715847
94.84699453551913
94.93451568894952
94.9958904109589
95.26703755215577
95.30543933054393
95.30543933054393
95.45391061452514
95.4602510460251
95.53185595567867
95.57440890125174
95.62448418156809
95.69904240766074
95.70781893004116
95.83787465940054
95.8958904109589
96.08481532147744
96.2348901098901
96.25447042640991
96.3191196698762
96.45290858725761
96.76044568245126
96.82674236584363
96.893039049236
97.53470437017995
97.60673765995031
97.67877094972067
97.5710455764075
97.54320987654322
96.92291666666667
96.78260869565216
96.37353433835847
96.34186318099607
96.31019202363368
96.0141139038136
95.71803578399351
95.42195766417343
95.12587954435335
94.82980142453327
94.53372330471319
94.23764518489313
93.94156706507306
92.81333333333333
92.79681274900399
92.72994652406418
92.74431057563588
92.768
92.768
92.8273092369478
92.86381842456609
92.9195710455764
92.95588235294117
93.02016129032258
93.06334231805931
91.3440860215054
88.77445652173913
88.59731543624162
88.52316076294278
88.54024556616643
88.5461956521739
88.66712141882674
88.74628879892038
88.79649595687331
88.82949932341002
88.82949932341002
88.9348710990502
88.95374149659864
89.0893098782138
89.10975609756098
89.27160493827161
89.3224043715847
89.3623978201635
89.4514363885089
89.47879616963064
89.50412087912088
89.50412087912088
89.69577080491126
87.55124653739611
86.59478021978022
86.59478021978022
86.63586206896552
86.7201646090535
86.78236914600551
86.84404924760602
86.88472222222222
87.03846153846153
87.07938718662953
87.07938718662953
87.26685393258427
87.26685393258427
87.38687150837988
87.43654114365411
87.47566063977747
87.51385041551247
87.62952646239555
87.82686980609418
87.82686980609418
88.02222222222223
88.04299583911235
88.10620689655173
88.325
88.34214186369957
88.43202983595937
88.5219178082192
86.12568306010928
85.46270718232044
85.58252427184466
85.59972299168975
85.60191518467852
85.73561643835616
85.74587912087912
85.86126373626374
85.95479452054795
86.0846994535519
86.16483516483517
86.22283356258598
86.3573407202216
86.42302357836338
86.50891632373114
86.58799454297407
86.76158038147139
86.94243402635213
87.12328767123287
87.52661870503597
88.08928571428572
89.44522144522145
89.87692307692308
90.84455958549223
90.84455958549223
90.84455958549223
90.84455958549223
90.84455958549223
90.84455958549223
90.84455958549223
91.5
91.84042553191489
92.26229508196721
92.28923232469127
92.31616956741533
92.34310681013937
92.37004405286343
92.46900826446281
92.56866537717602
92.57397670153298
92.57928802588998
92.16216216216219
90.6
90.56376811594203
90.66753746706192
90.77130681818181
90.8135593220339
90.84518828451883
90.8875
91.11283497884344
91.10536853837276
91.0979020979021
91.16626948470524
91.23463687150839
91.27057182705718
91.28107344632767
91.10224089635852
89.75698324022345
89.4564606741573
89.49507735583686
89.57446808510639
89.63700564971751
89.6558533145275
89.68794326241135
89.68794326241135
89.78732394366197
89.80480896428294
89.8222939849039
89.83977900552486
89.90723055934515
90.0109439124487
90.07152682255847
90.04052531604114
90.00952380952381
90.00952380952381
90.15637860082305
90.22451790633609
90.26438356164384
90.39779005524862
90.39835164835165
90.56473829201101
90.60123966942149
90.63774104683196
90.75521557719054
90.99859747545582
91.24403927068724
91.24859550561797
91.42134831460675
91.44179523141655
91.58988764044943
91.66149506346967
91.69972067039106
91.74297752808988
91.82278481012658
91.9900284900285
92.04428571428572
92.04428571428572
92.2022792022792
92.29310344827586
92.36494252873563
92.37571428571425
91.4048295454545
90.16068866571018
90.18323863636364
90.21954674220963
90.27635327635328
90.42978723404255
90.45042492917847
90.51566951566952
90.53627311522048
90.5982905982906
90.66147308781869
90.69176136363636
90.72792022792022
91.00710227272727
91.171875
91.171875
91.26308345120225
90.89664804469271
88.68398876404495
87.64245810055866
87.60575140057674
87.5690447005948
87.53233800061287
87.49563130063095
87.45892460064903
87.42221790066709
87.38551120068516
87.34880450070324
87.2148040638607
86.21124620060789
86.06027820710972
86.71794871794872
87.21182266009852
87.6144
87.65306122448979
87.88479262672811
88.04236006051437
88.20802606912116
88.37369207772795
88.3955223880597
88.47251114413076
88.70028818443804
88.83309352517986
88.9970802919708
89.17611026033694
90.3121387283237
91.04521276595744
90.70261437908493
89.90582959641256
89.47290640394088
89.47290640394088
89.46875
89.31593406593407
89.38556993853604
89.455205811138
89.49346111452422
89.53171641791045
89.68651488616463
90.04849498327759
90.21540880503144
90.31587057010786
90.54354354354355
90.81060606060606
90.80415430267063
90.79154518950436
90.60227272727273
90.43398307896484
90.26569343065694
90.02295552367288
89.95744680851064
89.7784090909091
89.70128022759602
89.41690544412606
89.32340425531915
89.2885431400283
89.26300984528832
89.23816355810617
89.25862068965517
89.33618233618233
89.33895921237693
89.36134453781513
89.4231311706629
89.4811804212801
89.53922967189729
89.55049786628734
89.55602836879433
89.73087818696884
89.82651622002821
89.97428571428571
90.08726752503577
90.18804664723032
90.48920863309353
90.81962481962482
91.05805515239477
91.27641099855282
91.56584659913169
91.88579795021963
92.36470588235294
92.43859649122807
92.54948301329394
92.91506646971935
93.28064992614475
95.54722638680659
96.22188905547226
96.25112107623318
96.2957957957958
96.36992481203008
96.45508982035929
96.52773613193403
96.6525679758308
97.2560606060606
97.36431784107947
96.04398826979468
93.96788321167884
93.98245614035088
94.1603498542274
94.58814814814815
94.67394468704512
94.68596237337192
94.7311046511628
94.86127167630057
94.86127167630057
94.87955670145965
94.89784172661871
94.83364708809322
94.76945244956772
94.50946142649195
92.69886363636363
92.4055944055944
92.44507042253521
92.48595505617978
92.48595505617978
92.51392757660167
92.92350486787204
92.93888888888888
92.95604395604396
93.13892709766162
93.2603305785124
93.38919667590028
93.38919667590028
93.40965517241379
93.58356164383562
93.94093406593407
94.05205479452054
94.09836065573771
94.4931129476584
94.5130674002751
94.52203856749311
94.7331499312242
94.80327868852459
95.36740331491717
97.42696629213484
97.43057503506311
97.46002805049088
97.46704067321178
97.54353932584269
97.9
98.03621169916434
98.1694214876033
98.23684210526315
98.41562064156207
98.45931034482759
98.57004160887655
98.68932038834951
98.89669421487605
97.95385674931129
97.01101928374658
96.06818181818181
96.34139784946237
96.63611491108071
96.98110661268555
97.07412398921832
97.39591836734692
97.44352535011275
97.49113233287858
97.58728010825439
97.64063458964633
97.69398907103826
97.95374149659864
98.03956343792633
98.23770491803279
98.36065573770492
98.58467741935485
98.8118131868132
98.86831275720164
98.9050894085282
98.9050894085282
99.00685871056241
99.02880658436214
99.10150891632372
99.19315068493151
99.39118457300276
98.37517053206011
96.51962110960758
96.52567567567567
96.588948787062
96.87299465240642
97.09479305740987
97.10978835978835
97.26427622841965
97.42302543507363
97.65410497981156
97.0197889182059
94.86155913978496
93.09114927344783
93.07702523240371
92.96533333333333
93.06596306068602
93.19190600522194
93.44664031620553
93.46569920844327
93.49338624338624
93.5205632427491
93.54774024211197
93.57491724147484
93.6020942408377
93.6544502617801
93.68824306472925
92.8807585343809
92.07327400403256
91.26578947368421
91.65827814569536
91.82058047493403
91.96414342629483
92.1358189081225
92.61651131824235
92.70783532536521
92.89271523178807
93.07496653279786
93.1358189081225
93.1358189081225
93.27829560585886
93.40641711229947
93.63866666666667
93.6674765694076
93.69628647214854
93.76790450928382
93.91333333333341
96.11037234042556
97.7680763983629
97.78804347826087
97.87263136479889
97.95721925133691
98.10386151797603
98.17741935483872
98.50267379679144
98.55020080321285
98.59012016021362
98.60933333333332
98.6765100671141
98.94659546061416
98.95187165775401
99.04301075268818
99.16285329744281
99.57006802721088
99.66530612244898
99.78145625271385
99.89760638297872
100.01081081081081
100.11875843454791
100.34056987788331
100.48108108108107
100.65306122448979
100.73612990527741
100.77204884667572
100.97138964577657
100.97138964577657
101.13287671232877
101.35457063711911
101.42699724517907
101.61760660247593
101.65199449793673
101.90707350901525
102.02888583218707
102.3125
102.38772663877266
102.57142857142857
102.62983425414365
102.64689655172414
102.70555555555552
102.3098113254573
101.91406709535909
101.51832286526093
101.12257863516271
100.7268344050645
100.33109017496636
100.45
100.52638700947226
100.7394270122783
101.04704301075269
101.19918699186991
101.33109017496636
101.48707482993197
101.57475994513032
101.63100137174212
101.63100137174212
101.63100137174212
101.71291208791209
101.86986301369862
101.87551299589603
102.08594815825376
102.18294360385144
102.29444444444448
100.66529492455425
99.30107526881721
99.43049932523617
99.49796472184532
99.78142076502732
99.80108991825614
100.05
100.06901217861976
100.15081521739131
100.39506172839506
100.48016415868673
100.60875512995895
100.69429347826087
100.73533424283765
101.02021563342318
101.09864864864865
101.23274695534506
101.45541838134432
101.51092896174863
101.74079126875853
101.8819538670285
102.18942894589816
102.49690402476779
103.59142212189616
103.59142212189616
103.59142212189616
103.59142212189616
103.59142212189616
103.59142212189619
103.22860222087581
102.86578231985547
102.50296241883512
102.14014251781472
102.01867753068436
101.897212543554
101.88080966160751
101.86440677966101
101.89643696647283
101.92846715328467
101.96306818181819
102.06433566433566
102.31504922644163
102.39495798319328
102.42677824267783
102.52573018080668
102.69401947148818
102.71805555555557
102.76462395543174
103.03611111111111
103.11789181692095
103.31276297335204
103.35944055944056
103.40972222222223
103.58087201125176
103.68391608391607
103.73955431754874
103.77715877437326
103.89310829817154
103.64333098921702
103.3935536802625
103.14377637130798
102.89399906235346
102.64422175339891
102.39444444444445
102.42361111111111
102.43371956387733
102.44382801664355
102.50904033379695
102.72549019607843
102.86153846153846
102.99859943977592
103.28551336146273
103.33661971830986
103.53954802259886
103.55750320735021
103.57545839210155
103.61299435028249
103.61951909476662
103.61951909476662
103.61951909476662
103.73691654879774
103.88984263233192
102.61408450704221
100.65931034482759
100.6850068775791
100.9874651810585
101.43715083798882
101.64565826330532
101.73640167364016
101.83100558659217
101.9607843137255
102.22957746478873
102.47050561797752
102.5
102.59493670886076
102.64656381486677
102.68111888111889
102.68111888111889
102.79606188466948
102.87341772151899
102.97025495750708
103.28973277074543
103.47191011235955
103.59186535764377
103.68398876404494
103.71971830985922
102.32222222222231
101.02066115702479
101.19863013698631
101.39473684210526
101.47783933518005
101.66155988857939
101.6615811373093
101.69017980636238
101.75243393602224
101.75243393602224
101.8573407202216
101.92946058091286
102.06740027510315
102.37134909596662
102.37134909596662
102.43514644351464
102.53259361997226
102.65421853388659
102.77222222222224
103.51123595505624
105.42696629213484
105.43197755960729
105.61752433936022
105.70990237099024
105.89406779661016
105.95609065155807
106.16335227272728
106.33192686357243
106.40953716690042
106.53986013986014
106.57482517482518
106.71549295774648
106.77369165487977
106.82503556187771
104.68370165745853
104.05694444444444
104.07330567081604
104.15013774104683
104.3646408839779
104.47527472527472
104.6098901098901
104.6648275862069
104.68363136176066
104.82264665757162
105.13617606602476
105.2627235213205
105.39364640883977
105.52413793103449
105.57909215955983
105.58532682079013
105.59156148202041
105.59779614325069
105.61958772679776
105.64137931034483
105.70620689655172
105.8055172413793
106.02335164835165
106.171939477304
106.3439226519337
106.34392265193378
104.75819672131149
103.72714870395635
103.76092896174863
103.82312925170068
103.88075880758808
103.9918918918919
104.13722826086956
104.45964432284542
104.5782967032967
104.65294924554183
104.6872427983539
104.77945205479452
104.8744827586207
105.15862068965518
105.36338418862691
105.42068965517242
105.45454545454544
105.75790921595598
105.88186813186813
106.0124826629681
106.03621169916434
106.22562674094708
106.26536312849163
106.26536312849163
106.3509015256588
106.48531468531468
106.51117318435755
106.58856345885636
106.58856345885624
104.38493150684928
103.6808803301238
103.7184065934066
103.87757909215955
104.16438356164383
104.2184065934066
104.36929460580913
104.36929460580913
104.46005509641873
104.5702479338843
104.59402807653119
104.61780821917807
104.71879286694102
104.87345254470426
105.19008264462809
105.30567081604426
105.41289437585735
105.44672131147541
105.45280437756497
105.48834019204389
105.64502762430939
105.69786007254251
105.75069252077563
105.90138888888889
105.9624478442281
106.19363762102351
106.27562326869807
106.30386740331491
106.44951590594744
106.44951590594744
106.64435146443515
106.92436974789916
106.95926966292134
107.15546218487395
107.26713286713286
107.55977496483825
107.55977496483825
107.57584269662922
107.79548660084626
107.64081821760095
107.48614983435564
107.3314814511103
107.176813067865
107.02214468461969
106.86747630137435
106.71280791812904
106.55813953488372
106.55813953488541
152.0
152.0
152.0
152.0
127.96885245901649
103.93770491803275
102.61662198391423
101.84848484848484
101.7471264367816
101.62676056338029
101.95016611295682
102.28571428571428
102.3596214511041
102.39907550077041
102.4855403348554
102.71299093655588
102.88120300751879
103.02222222222223
103.14977973568281
103.2669616519174
103.40564635958395
103.42559523809524
103.46439169139467
103.48439821693907
103.6406015037594
103.64404223227753
103.87462235649548
103.70437405731525
103.353550295858
103.29411764705883
103.29411764705881
103.15841221546088
103.02270678386296
102.88700135226503
102.7512959206671
102.61559048906918
102.47988505747128
101.5955369595537
101.76315789473685
101.84188626907073
101.9986111111111
102.31444759206798
102.43016759776536
102.43076923076923
102.59388038942976
102.6887323943662
102.73417721518987
102.91176470588235
103.19686162624822
103.27298850574712
103.32618025751073
103.34664764621968
103.38231098430813
103.38231098430833
105.93713450292398
108.0
108.24963924963924
108.35971223021582
108.54426705370102
108.67591240875913
108.79117647058823
109.04558823529412
109.20117474302496
109.25991189427305
108.24743777452409
107.04755043227667
107.05179856115109
107.15606936416185
107.17945007235889
107.21582733812949
107.24098124098124
107.4
107.42112879884226
107.47982708933718
107.67201166180757
107.71386861313863
106.6230215827336
104.43465909090912
103.94310099573258
103.94217207334273
104.05665722379604
104.32909604519773
104.36595744680851
104.4992927864215
104.57790368271955
104.5983026874116
104.65142857142857
104.74330042313117
104.74787535410769
102.88251748251741
101.0951048951049
100.80848153214774
100.78099173553719
100.79410197040383
100.80721220527046
100.88121546961327
100.97922437673131
100.998613037448
101.06380027739249
101.50985915492959
101.51476793248945
101.57214719744249
101.62952646239555
101.6888888888889
101.6888888888889
101.75208913649024
101.79137691237827
102.56802244039272
104.3022922636103
104.54413892908826
104.77568740955138
104.85174418604652
105.0264705882353
105.07613469985358
105.16739446870452
105.17080291970802
105.2976878612717
105.04698972099868
102.8025751072961
102.16091954022988
102.31285714285714
102.40283687943263
102.51420454545455
102.5909090909091
102.73076923076923
103.0014409221902
103.0752532561505
103.11175616835993
103.13458755426917
103.24963924963924
102.38944365192583
100.48295454545453
100.3567415730337
100.2965034965035
100.3986023793878
100.50070126227209
100.64456981664316
100.79886685552407
101.08477011494253
101.35897435897436
101.47503566333809
101.55944055944056
101.82700421940928
102.37446197991392
103.42815249266863
103.85218702865762
103.94038748137109
103.97037037037038
104.03976435935199
104.07929515418502
104.09366972914204
104.10804430409905
104.12241887905606
104.109955423477
102.43313953488376
101.98219584569733
102.0353982300885
102.1865889212828
102.34402332361516
102.39358600583091
102.49926362297496
102.49926362297496
102.68879056047197
102.9478390461997
103.06547619047619
103.1061285500748
102.08810572687207
99.93400286944046
99.62142857142857
99.63210227272728
99.70454545454545
99.88732394366195
100.13314447592069
100.4151212553495
100.4151212553495
100.52285714285713
100.62108262108262
100.74326241134753
101.26676176890157
101.35369318181819
101.4197707736389
100.1994342291373
98.49367088607595
98.51540616246498
98.53370786516854
98.59071729957806
98.74547983310151
99.16620498614958
99.18585298196949
99.28631284916202
99.45251396648044
99.47905027932961
99.53566433566434
99.68156424581005
99.77699859747543
100.14722222222235
103.1765557163531
103.1765557163531
103.40398293029872
103.44774011299435
103.52266288951841
103.58664772727272
103.72792022792024
103.88218390804593
103.51202263083451
100.65416666666667
100.65690376569037
100.76323119777159
100.76323119777159
100.82246879334258
100.8271586827412
100.83184857213982
100.83653846153845
100.85537190082644
101.16884578068195
101.48231966053754
102.90071942446042
103.19540229885058
103.21888412017168
103.34992887624466
103.4180790960452
103.47383309759547
103.56595744680851
103.71305595408893
104.04178674351579
101.88483146067415
100.7891816920943
100.82729805013928
100.97645429362882
101.09153952843273
101.1875
101.40055248618785
101.40055248618785
101.41456841633362
101.4285843464794
101.44260027662517
101.46952908587258
101.51872399445216
101.6145251396648
101.61452513966469
102.59607293127647
104.99416909620993
105.32272069464544
105.38218390804599
105.68641618497111
105.99416909620993
106.23699421965318
106.23699421965318
106.28364688856729
106.32412790697663
105.05563689604696
102.55322128851537
102.08448753462605
102.12171507607192
102.31615598885793
102.4
102.46823204419888
102.52843273231622
102.63850415512465
102.86414565826331
103.10263522884881
103.31659693165969
103.37290502793296
103.47206703910615
103.49232914923277
101.0584239130435
99.79019073569482
99.83287671232878
100.0408163265306
100.09699453551912
100.23346828609986
100.3527027027027
100.44925575101489
100.50879566982408
100.63698630136986
100.67530695770805
100.9095890410959
101.09302325581396
101.21438263229308
101.22388059701507
98.19402985074612
95.34242837653478
95.45179063360881
95.54336043360433
95.78869448183042
95.87297297297297
95.91666666666667
96.04993252361673
96.12483039348712
96.23561643835617
96.3346994535519
96.3986301369863
96.44016506189821
96.60952380952381
96.60952380952403
94.00935828877016
93.20974289580514
93.28707482993197
93.3346994535519
93.34562841530055
93.48365122615805
93.57027027027027
93.74163319946453
93.78045515394913
93.81610738255034
93.97840755735493
94.15353260869566
94.28630136986301
94.33242134062928
94.46153846153857
96.57045143638857
97.72702331961591
97.83036935704514
98.0108991825613
98.0108991825613
98.23698630136985
98.27671232876713
98.37860082304528
98.45804676753784
98.64450474898237
98.89402173913044
98.99184782608695
99.13233287858122
99.70936639118463
101.35342465753425
101.54005524861878
101.7219917012448
101.81043956043956
101.95303867403317
102.30458970792768
102.46508379888269
102.52961392892132
102.59414405895996
102.65867418899859
102.1713483146068
100.4346629986245
99.83471074380165
99.76308539944904
99.79807692307692
99.86046511627907
100.00820793433653
100.13991769547326
100.22821576763485
100.26547455295736
100.42249657064471
100.47819157716191
100.5338865836791
100.757281553398
100.12448132780082
98.35382513661204
97.76976421636616
97.86165806446724
97.95355191256832
98.08379120879121
98.19099590723056
98.35382513661202
98.55464480874318
98.56929347826087
98.87929973287089
99.18930598748085
99.49931224209078
99.63301500682128
99.67523680649526
99.71409214092141
99.82408660351825
100.05
100.14749661705008
100.35054347826087
100.39213025780191
100.47397260273974
100.53150684931506
100.61157024793388
100.77134986225894
100.99862637362637
101.21153846153845
101.2780082987552
101.44307270233196
101.45753424657534
101.4718792866941
101.62983425414365
101.7284122562674
101.9090909090909
102.11436541143655
102.33565459610028
102.3585986479124
102.38154269972452
102.60778859527122
102.75346260387812
102.80779944289694
103.03536067892503
103.19577464788733
103.46478873239437
103.5139069712392
103.56302521008404
103.71549295774648
103.73558368495077
103.87447108603666
104.10014306151646
104.23328591749645
104.25462304409672
104.54815864022663
104.57774607703281
104.62304409672834
104.37323943661977
102.59500693481276
102.61549100968188
102.63661581137309
102.73706293706294
102.78151260504202
102.91899441340783
103.0168776371308
103.13154172560112
103.22301136363637
103.46175637393767
103.56699576868829
103.58298465829847
103.72050561797752
103.8008415147265
103.83825597749649
104.01133144475921
104.08250355618776
104.07797494193568
104.0734463276836
104.38210227272728
104.45338983050848
104.55849582172702
104.6204481792717
104.8495077355837
105.04119318181819
105.06285714285714
105.14841498559078
105.14841498559078
105.20373027259684
105.35135135135135
105.42346208869813
105.58581560283687
105.86552217453504
106.04178674351584
105.88017118402286
104.2049062049062
104.2049062049062
104.2273381294964
104.24643874643874
104.2610556348074
104.45544554455446
104.51054852320675
104.62517680339462
104.65112994350282
104.68785310734464
104.68785310734464
104.74184397163117
105.04166666666666
105.04166666666666
105.18544935805991
105.18544935805991
105.2022792022792
105.35684062059238
105.40311173974541
105.47679324894514
105.59007092198581
105.62464589235128
105.89208633093526
106.0043227665706
106.0043227665706
106.067335243553
106.08571428571429
106.15198863636363
106.23186344238977
106.3112676056338
106.34831460674158
106.50780141843973
106.8304347826087
106.9077809798271
106.94827586206897
106.99856115107914
106.99856115107914
107.0043227665706
107.09352517985612
107.20199146514936
107.30225988700568
107.74781341107871
107.80087209302326
107.87988422575977
107.94211287988423
108.01294964028777
108.05499276410998
108.05499276410998
108.16594516594517
108.2083936324168
108.67555555555555
108.73676470588235
108.76539589442837
106.88583815028903
106.31383737517831
106.32857142857142
106.34472934472934
106.36557610241817
106.67919075144508
106.7514450867052
106.78757225433526
106.90401146131805
107.01734104046243
107.07225433526011
107.1287988422576
107.16738816738817
107.16738816738817
107.18208092485548
107.18208092485548
107.37965616045847
107.72714078374456
107.80841799709725
107.84492753623189
107.95791001451379
107.99274310595065
108.02183406113537
108.1465892597968
108.17971014492753
108.28201438848919
108.58002936857562
108.60117302052785
108.7017543859649
108.8216374269006
108.85650887573965
109.00145772594752
109.00145772594752
109.04233576642335
109.10395314787701
109.22011661807579
109.45548961424333
109.7134328358209
109.72388059701493
109.80415430267063
109.8860946745562
109.91592920353983
109.97947214076245
110.0632352941177
108.81065088757396
107.17919075144508
107.19392185238785
107.19392185238786
107.43125904486251
107.45348837209303
107.76323529411765
107.80473372781066
107.89955686853767
107.95851851851852
108.01911764705882
108.01911764705882
108.13848396501459
108.21052631578948
108.21052631578948
108.37735849056605
108.61275964391692
108.68759342301942
108.78986587183309
108.89732142857143
108.91207153502236
108.93462109955424
108.95851851851852
109.02363367799114
109.13742690058479
109.47604790419162
109.60538116591928
109.72470238095238
109.74591381872213
109.85650224215246
109.91207153502236
109.91207153502236
109.9478390461997
109.94783904619976
109.06814814814834
106.93401759530798
106.41354466858789
106.45086705202311
106.52080344332856
106.59221902017293
106.85022026431719
106.90748898678413
107.0204081632653
107.0204081632653
107.04810495626822
107.13953488372093
107.1542940320233
107.40144927536232
107.45586107091174
107.74852941176471