84.94558303886926
85.05773342836778
85.17234042553191
85.17234042553191
85.37191249117855
85.40098661028894
85.47141848976712
85.55901060070671
85.7443342776204
85.79305457122608
85.93484419263456
86.00354107648725
86.05268991589568
86.1018387553041
86.2184637068358
86.38054968287527
86.53211009174312
86.680624556423
86.70354609929078
86.81489361702128
86.925952045134
86.95931477516059
87.0049822064057
87.04083094555874
87.19669777458722
87.38996415770609
87.54291845493562
87.7273381294964
87.82183908045977
87.88002873563218
87.92092020129404
87.94687724335965
88.09964157706094
88.12230215827338
88.23922413793103
88.25824964131995
88.30846484935438
88.46666666666667
88.57408732999284
88.74964131994261
88.80086268871315
88.84051724137932
88.87338129496403
88.94308357348703
89.09273903666427
89.41282420749279
89.54767025089606
89.61234745154343
89.78498542274052
89.90657698056802
89.93652173913044
89.11416781292985
89.11416781292985
89.11416781292985
89.11416781292985
84.66068965517242
84.76417567335736
84.8676616915423
84.94280442804428
85.0704347826087
85.21137521222411
85.33278553820871
85.384
85.6807843137255
85.82302936630603
86.04268292682927
86.17553191489361
86.22012102874433
86.38191330343797
86.49104477611941
86.49104477611941
86.61115241635687
86.73224852071006
86.86908284023669
87.01836884643646
87.04860962587114
87.07885040530581
87.3546255506608
87.4490095377843
87.46520146520146
87.48573518653987
87.61719324026451
87.8089970501475
87.89217134416543
88.0103550295858
88.31336742147553
88.35358711566617
88.44868035190616
88.45741556534509
88.53874538745387
88.76889214966985
88.86972612879349
88.88413284132841
89.00515084621046
89.0728476821192
88.02503681885128
81.94801444043321
78.61610352264557
78.8903133903134
78.95190947666195
79.07394366197182
79.35106382978724
79.37170755228738
79.39235127478753
79.67630465444287
79.68070175438596
79.79647887323944
79.9675774157138
80.13867595818816
80.37887323943661
80.49894588896697
80.58770090845563
80.81635481635482
80.91041666666666
81.04954640614096
81.16155988857939
81.41894736842106
81.56659619450318
81.64525139664805
81.83575883575884
81.98756906077348
82.0948753462604
82.36401673640168
82.45327754532775
82.57291666666667
82.84064022268615
83.02781641168289
83.10570236439499
83.32751396648045
83.40557491289199
83.59457579972184
83.62543432939542
83.82536382536382
84.12033195020747
84.34647302904564
84.49244505494505
84.59013022618231
84.64427690198767
84.87432432432432
85.1242444593687
85.16790289952799
85.30971659919028
85.44586415601883
85.687374749499
85.76356329537843
86.09412550066756
86.23040857334226
86.2478231748158
86.44630872483222
86.63758389261746
86.68037761294673
86.96053511705685
87.19089082384461
87.20939597315436
87.35747820254862
87.49832102081935
87.49832102081935
87.74264705882354
87.88688085676037
88.04233870967742
88.15519568151147
88.38963660834455
88.47269049224545
88.54032258064518
85.52013422818791
84.406
84.48728246318608
84.54222520107238
84.5571906354515
84.64075067024129
84.95476029709656
85.06488294314381
85.30836707152497
85.42672998643148
85.46666666666667
85.87635869565217
85.94983050847458
86.13174061433448
86.3530210454854
86.51127819548873
86.58064516129032
86.68272539573297
86.7472602739726
86.78821110349554
86.85791978246091
86.96117166212534
87.09140518417462
87.10368349249659
87.34856753069577
87.42866894197952
87.5187969924812
87.54750512645249
87.66186556927298
87.79616963064295
87.89307745030843
88.10041265474553
88.28815879534565
88.42260273972603
88.51849315068493
88.58734525447042
88.62646450723639
88.84429065743944
88.88418862690708
88.88418862690708
89.06276150627615
89.1961191961192
89.22337482710927
89.4899514899515
89.57872928176796
89.84695290858726
90.01730103806229
90.16552197802197
90.2645429362881
90.45942228335626
90.95277777777778
91.07611731843575
91.23743016759776
91.48398328690806
90.69607167470713
86.33517622667588
86.31710468792357
86.29903314917127
86.33901587917535
86.37899860917942
86.4574982722875
86.65450791465932
86.6788421778084
86.91375770020534
87.04924760601915
87.0900409276944
87.29163834126444
87.44731475186947
87.63064295485636
87.72987721691678
87.80669398907104
87.93570451436389
88.05798090040928
88.16984993178717
88.3202170963365
88.49898028552005
88.60340136054421
88.80627557980901
88.95296523517382
89.02121834360027
89.16553133514986
89.36456211812627
89.58016304347827
89.74846625766871
89.93647540983606
90.13800135961931
90.72102425876011
90.95613433858807
91.06310013717422
91.24142661179698
91.46001367054
91.58916323731138
91.6788421778084
91.87320082248115
91.9153005464481
92.11088154269973
92.18758620689655
92.35217091660924
92.49068322981367
92.71598046057223
92.8953568953569
93.07777777777778
93.07777777777778
93.26286509040335
93.08629088378575
88.86602209944755
88.1104209799862
88.1978021978022
88.27762619372442
88.37832310838446
88.4737559645535
88.58293515358362
88.95115332428766
88.97493224932249
89.30204081632652
89.39468302658487
89.49795918367347
89.6289993192648
89.84321745057942
89.99116247450714
90.0764505119454
90.31639566395664
90.38346883468834
90.52909336941813
90.66463000678887
90.79389830508475
90.94783197831978
91.0792349726776
91.2430224642614
91.33673469387755
91.44089673913044
91.53252032520325
91.64654002713701
89.28072531900602
84.69547602970965
82.66037735849056
82.74074074074075
82.81787634408602
82.93248663101605
83.12267904509284
83.27722110888443
83.51967978652435
83.6317907444668
83.65255376344086
83.90660440293529
84.04208416833667
84.16042780748663
84.3302201467645
84.59786239144957
84.66175485599464
84.93324432576769
85.0127345844504
85.12072434607646
85.26305220883535
85.47082494969818
85.64788732394366
85.8399462004035
86.0665770006725
86.20135135135135
86.3403106009453
86.46414073071719
86.625
86.8222972972973
86.99661933739013
87.13800135961931
87.28082191780823
87.50412087912088
87.66872852233676
87.88973121984839
88.00413223140495
88.24845147969718
88.31884057971014
88.47648686030429
88.61565096952909
88.85218598195698
88.90125173852584
85.63270963270963
83.12075198843092
82.1874439461883
80.19246861924687
80.19246861924687
80.19246861924687
80.19246861924694
76.52091254752851
76.51120597652081
76.99065420560747
77.32705479452055
77.43550955414013
77.47238783859711
77.50926612305412
77.8771551724138
78.06214285714286
78.24486907289455
78.4530698659139
78.56736111111111
78.77486187845304
78.88835286009649
79.14521679284239
79.25511596180083
79.3076923076923
79.63803680981596
79.890625
79.98985115020298
80.21216216216216
80.45643431635389
80.59585838343354
80.64109406270848
81.00200133422281
81.13084112149532
81.4133064516129
81.60200668896321
81.68817204301075
82.00267558528428
82.26832548755884
82.34143049932524
82.52783366867874
82.61621621621622
82.96241610738255
82.9899193548387
83.35555555555555
83.47396889790399
83.63385030343898
83.76990553306342
84.2472972972973
84.56056527590847
84.62348178137651
84.76626016260163
84.81941615750169
85.21889870836166
85.48946295037389
85.70612244897958
85.76823449216087
86.01097393689986
86.3328813559322
86.43158611300204
86.62576687116564
86.77069199457259
87.08689748811949
87.24881676808654
87.33943089430895
87.52865812542144
87.68203389830508
87.82309250506414
87.93528610354224
88.28551912568307
88.2769607843137
86.8284625158831
86.8284625158831
86.82846251588307
81.35051546391753
80.37291462217861
80.38772077375947
80.41429669485011
80.42070484581498
80.69562146892656
80.8108108108108
80.9815699658703
81.19301848049281
81.40582655826559
81.54686446392448
81.75016744809109
81.86260053619303
82.08902275769745
82.38785046728972
82.54180602006689
82.71049136786189
82.93041749502981
82.98481848184815
79.90099667774086
78.96409574468083
78.6349734042553
78.30585106382978
77.97672872340425
77.64760638297872
77.31848404255317
76.98936170212764
76.66023936170211
75.26733333333334
75.31857813547954
75.40108401084011
75.61589846359385
75.7283044058745
75.8376753507014
75.91828533154722
75.81912917049695
75.71997300944669
75.71486213853396
75.66733870967744
74.81073825503356
74.8080808080808
74.39502018842529
73.2
73.09607577807849
73.09054054054056
72.6567092447417
72.22287794894288
71.789046653144
70.72021783526208
70.0306539509537
69.16089613034623
69.15400410677618
69.16901356484918
69.18402302292216
69.19903248099516
69.30131306150656
69.3598615916955
69.4295628036086
69.58811188811188
69.78208744710861
70.05828651685393
70.25902335456476
70.29800853485064
70.4611581920904
70.55539671193709
70.6312769010043
70.71767241379311
70.9052783803326
71.08218181818182
71.2514409221902
71.34440433212997
71.56468023255815
71.75597393193338
72.04485294117647
72.341642228739
72.60688140556368
73.01840942562592
73.42857142857143
73.83763837638377
74.15585384041759
74.51884700665187
74.9554565701559
75.12934220251293
75.69678864824496
75.95048041389504
76.56128550074739
76.73293768545994
77.02808573540278
78.93245227606462
82.76614699331844
84.98204936424827
87.05026256564145
88.37907505686125
88.50306372076838
88.62705238467552
88.8034321372855
89.13540856031129
89.36632891660172
89.51162790697674
89.7306501547987
87.39423805913566
85.0552193645991
85.32857142857142
85.46616541353383
85.73617339312406
85.83059701492537
86.11624441132638
86.32250922509225
86.59776951672862
86.86252771618625
87.00148038490005
86.19072164948443
83.1701972242513
83.65261627906976
83.74819624819625
83.9234693877551
84.01525054466231
84.11764705882354
84.38723712835389
84.78935860058309
84.91127272727273
85.16763848396502
85.40217391304348
85.76193921852388
85.83756345177665
86.02894356005788
86.30261248185776
86.45224312590449
86.80144927536232
86.9121915820029
87.25072886297376
87.61549707602339
87.68554829339143
87.91775836972343
88.07350800582242
88.2082413539367
88.65426695842451
88.8475073313783
89.13458755426917
89.18867924528301
89.50619082301529
89.50619082301546
85.34667619728384
82.93843951324266
83.1268817204301
83.21776504297995
83.43651925820257
83.81752873563218
83.95617816091954
84.05096913137115
84.11913357400722
84.41023792357606
84.7478386167147
84.92994996426019
85.08333333333333
85.37688442211055
85.62337662337663
85.85816618911174
86.00934579439253
86.21015010721945
86.40557939914163
86.73548387096774
86.86944045911048
87.00359453630482
87.247660187185
87.66428060128848
87.91117478510029
87.9842744817727
88.15158045977012
88.3972503617945
88.5841155234657
88.84305255579554
88.943763518385
89.03882099209201
89.4583931133429
89.63402430307363
89.80114449213161
89.845
90.07304964539007
90.1729537366548
90.33143669985775
90.60875807609476
90.7183908045977
90.93204577968527
91.07296137339056
91.16225875625447
91.40271816881258
91.56774193548387
91.71016582552271
91.79079798705968
91.88037249283667
92.058908045977
92.29834651329979
92.34221902017293
89.79002808988753
84.5840893230984
81.17336152219873
81.40519662921348
81.40563380281691
81.50524109014675
81.63191042687194
82.0354609929078
82.07006369426752
82.34577464788732
82.53244005641749
82.69816643159379
82.73610133708655
82.98870853916725
83.28701754385965
83.50706214689265
83.51093860268173
83.87110481586403
83.9731068648266
84.17842031029619
84.32792665726375
84.56718528995756
84.74559548978152
85.09290780141843
85.31188118811882
85.48514851485149
85.60028149190711
85.84240282685512
86.06444759206799
86.10227272727273
86.2512315270936
86.47685834502104
86.6345213137666
86.94606103619589
87.01136363636364
87.09992912827782
87.30277185501066
87.53862508858965
87.64606741573034
87.86857142857143
87.91791577444683
88.13697657913414
88.2412562455389
88.35181236673775
88.53663793103448
88.59139784946237
88.64739471805854
88.76912080057184
88.8453517671924
88.92158273381295
89.12687099073415
89.42683797287651
89.72959545777147
90.07785714285714
90.29563350035791
90.36298932384342
90.42030021443888
90.47439544807966
90.67067988668555
90.83638928067701
91.03566333808844
91.08185053380782
91.08428571428571
91.14727011494253
91.27122302158273
91.41591591591589
91.01161751563905
89.58713450292407
87.92628205128199
86.11520737327191
85.10424710424712
85.89265536723167
86.5205205205205
87.25706472196902
87.60526315789474
87.94745484400657
88.10056315366052
88.46467817896388
88.94577846630519
89.1458173445894
89.2824074074074
89.52927756653992
89.60060514372164
89.77608530083778
90.0325510976533
90.2208682406702
90.61515378844712
90.75641025641025
91.10082768999247
91.20466516177576
91.44527736131934
91.61377245508982
91.86671686746988
92.13932584269664
92.28550295857985
88.73890909090915
86.15950473415877
86.41112716763006
86.45642857142857
86.53836332758796
86.62029808374734
86.80014174344437
86.91285714285715
87.2676659528908
87.45060412224592
87.24379872430904
85.18905472636816
85.18349928876245
85.33948863636364
85.37144886363636
85.52990851513019
85.71720733427362
85.93509272467901
86.42806267806267
86.52523098791755
86.74257425742574
86.87730496453901
87.26083866382373
87.35994297933
87.61938702779757
87.82084225553176
87.9539236861051
88.38139870223505
88.53367125271542
88.82921511627907
89.07748008689356
89.26483357452966
89.4683908045977
89.7069090909091
89.99051787016776
90.16532553035859
87.23335771763004
83.7373068432671
83.95927272727273
84.1524926686217
84.31748354059985
84.33796634967081
84.59461426491994
84.80889861415025
85.06823184152603
85.48682284040996
85.6081573197378
85.8895391367959
86.01842299189389
86.3321060382916
86.51461988304094
86.64601769911505
86.97030438010394
87.05118694362017
87.39911634756996
87.51434878587196
87.77744807121661
87.92793462109955
88.05141579731743
88.27678571428571
88.53497023809524
88.8455223880597
89.03437967115097
89.2143928035982
89.45180722891567
89.81013615733737
89.97307692307692
90.00846660395109
86.27258320126784
86.27258320126748
80.87919463087246
77.02453987730064
75.7111436950147
74.98826291079814
75.27734375
75.5048715677591
75.84453781512605
76.06114239742558
76.12657232704403
76.35903426791276
76.75174553917766
76.89830508474574
77.27549467275495
77.42261001517451
77.65987933634993
77.90060240963857
78.19133034379671
78.44996293550778
78.5591958302308
78.96865671641791
79.24237918215613
79.48852701702442
79.64644970414201
80.08929889298895
80.46153846153845
80.89870689655173
80.89870689655173
80.89870689655173
80.89870689655173
80.89870689655173
80.89870689655169
80.26685055140445
79.63499420625725
79.7351132293337
79.83523225241017
79.98999165971642
80.31458003169573
80.55336866010597
80.7584143605086
80.81175595238096
81.10332103321034
81.35354273192111
81.49346879535558
81.63150289017341
82.0365329512894
82.24642857142857
82.53556187766713
82.71063829787234
82.94448398576512
83.11205673758866
83.20697012802276
83.54811119030649
83.71225071225071
83.86827195467424
82.99290780141837
78.23087818696884
78.28490028490029
78.42532005689901
78.61511047754811
78.78151862464183
78.98920863309351
79.28068916008614
79.49605168700646
79.64469914040114
80.04535637149029
80.28183118741059
80.4415770609319
80.62076423936554
80.9166062364032
81.03682310469313
81.29488103821197
81.40115025161754
81.84710144927536
81.97552195824333
82.03679653679654
82.55097613882862
82.82505399568035
83.15827338129496
83.12824427480916
82.90495049504949
82.64790575916231
81.48765432098764
80.95361781076066
80.83248730964468
80.71663125172157
80.60077519379846
80.83142639206713
81.00889547813195
81.09541420118343
81.20601173020528
81.44847605224963
81.59479015918959
81.7953723788865
82.08630527817404
82.13266761768901
82.45428773919207
82.62100780695528
82.87891737891738
83.00070671378091
83.47364722417429
83.55329593267882
83.83274523641497
84.0155477031802
84.26135569531795
83.73119777158763
80.9006993006993
81.11624649859944
81.13807531380752
81.4447533009034
81.64607911172797
81.89128919860627
82.11492641906096
82.25156358582348
82.49413388543823
82.70193637621026
82.96047156726769
83.16884906960715
83.44589041095891
83.66005471956224
83.82417582417582
83.30718798110104
82.79020013802622
82.8151724137931
83.01452282157675
83.28679504814305
83.44200411805079
83.65661411925976
83.93792633015005
84.27534246575343
84.5404109589041
84.66053169734151
84.8302405498282
85.22436338609774
85.46349862258944
84.17320703653581
82.20646937370957
82.3698347107438
82.40728021978022
82.62448418156809
82.8127572016461
82.96643835616436
83.3641933287951
83.52280462899932
82.86684969114617
81.84578478409873
81.65576749347949
81.46575020286025
81.27573291224104
81.0857156216218
80.89569833100256
80.7056810403833
79.68998628257887
79.88411724608044
80.0469068660775
80.3743169398907
80.51165980795611
80.58042436687202
81.09059711736445
81.26066024759285
81.52541208791209
81.57905544147843
82.13852515506547
82.33608815426999
82.57814661134165
82.28148097027764
81.98481532921369
81.6881496881497
81.80595980595979
82.19406077348066
82.4269896193772
82.8133704735376
82.98409405255879
83.2768910478834
83.59513888888888
83.78361344537815
83.92108938547489
84.31608391608391
84.52219873150105
84.74753173483776
85.24244553759661
85.47253521126761
85.57597173144876
85.91607396870552
86.30535966149506
86.51062322946176
86.57316202712349
86.89813486370157
87.00432276657062
87.49391553328564
87.27220630372449
82.48762736535673
78.59738372093022
78.18582791033984
78.23448773448773
78.33357296908699
78.50143472022955
78.71519886363637
79.25962910128388
79.44254104211278
79.61827195467423
79.74024130589072
80.19645390070922
80.39217081850533
80.55650319829425
80.79885877318117
81.11865618298785
81.41404011461319
81.69907076483202
81.9272986457591
82.21919770773638
82.27487473156765
82.59235209235209
82.7379061371841
83.12868439971243
83.47364620938606
81.47421203438398
77.83127272727279
76.98168498168498
77.18523878437048
77.32101449275362
77.46888567293777
77.614598540146
77.9570596797671
78.34898843930635
78.45740873299928
78.69690424766019
78.88808664259926
79.29537366548044
79.50393700787401
79.72903225806452
79.92984967788118
80.1846044191019
80.62269503546099
80.7644128113879
81.22736992159658
81.32310984308131
81.47903340440655
81.75194897236003
81.83651804670913
82.05460992907803
82.4265536723164
82.78954802259886
82.82756183745585
83.29122807017544
83.44132115249471
83.6577840112202
83.815255423373
84.12544045102184
84.3321554770318
84.48876404494382
84.83157894736843
85.07102272727273
85.15954415954417
85.39186295503212
85.56453900709221
85.82775800711744
85.98422939068101
86.17073170731706
86.40042826552462
86.72825305535586
86.93543758967002
87.06379928315414
87.27601156069365
87.43637670740486
85.9722024233788
81.1751982696469
78.4193548387097
78.63357142857143
78.94189383070301
79.19812680115274
79.32568149210904
79.46576319543509
79.59319631467045
79.81967213114754
80.13496051687008
80.42409123307199
80.45771144278609
80.79217081850534
80.90578158458243
81.31710808876163
81.40934844192634
81.42381289865341
81.77015558698727
81.88385269121812
82.20226308345121
82.40242165242165
82.56415770609318
82.74875798438609
82.97998570407434
83.17114568599717
83.35248226950354
83.53037884203002
83.75533428165006
83.873399715505
84.30290162774239
84.3777462792346
84.64033850493654
84.79745942131262
85.15845070422536
85.3158640226629
85.42948263642806
85.5593220338983
85.84750527055516
86.15867418899859
86.34065155807366
86.51553672316385
86.67819336626675
86.8558303886926
87.13746438746439
87.27246992215144
87.41933191186922
87.58410220014196
87.97243816254417
88.17173144876325
88.34283677833214
88.45911047345767
88.65785714285713
88.56826304503193
84.09343794579218
79.40286738351278
74.48644793152653
70.09985315712188
70.29105571847508
70.30336257309943
70.72043010752688
70.93371757925073
71.113750899928
71.36692689850958
71.52008456659621
71.90182328190744
72.19846261355696
72.35104895104894
72.63877266387726
72.9001386962552
73.10941828254846
73.37316561844864
73.65208333333334
73.86597222222224
74.1572720946416
74.59497206703911
74.7566063977747
75.12144344205413
75.37762237762237
75.61656228253304
75.94382801664355
76.07361111111112
76.43736878936318
76.73221757322176
77.15196078431373
77.2287308228731
77.6824512534819
77.93745656706045
78.22695530726257
78.37535014005601
78.75487465181058
78.91869353717857
79.23475823405747
79.38702928870293
79.82192737430168
80.00487125956855
80.26610644257704
80.6255259467041
80.96030640668522
81.16081460674155
81.3642756680731
81.72303409881698
82.0090782122905
82.17226890756302
82.46035087719298
82.60756832515767
82.94929577464791
83.19124911785462
83.44671841919549
83.63977353149329
83.99294781382228
84.15893108298172
84.42464788732394
84.6
84.8099579242637
85.20254057868736
85.32887323943662
85.49044585987261
85.69094766619519
85.86553432413308
86.24715099715098
86.45285714285714
86.64835948644804
83.65776173285212
79.68940493468801
79.26903553299492
79.28156748911466
79.37047756874097
79.5904486251809
79.7697893972404
80.10909090909092
80.34595775673708
80.59811046511628
80.71647230320701
80.98471615720524
81.13056163384391
81.46293604651163
81.75897435897434
81.98604992657857
82.20717423133237
82.41538461538461
82.56524926686217
82.74005891016202
82.99851742031132
83.36190476190477
83.53519061583577
83.7947406866326
84.00664206642068
84.25036603221082
84.47468818782099
84.60628195763331
84.77590007347538
85.03690036900366
85.37333333333333
85.51367331855135
85.87211895910781
86.00297619047619
86.09321401938851
86.37212750185313
84.72897897897928
79.99170437405701
75.47405660377353
70.743209876543
65.60409556313971
63.45887445887445
63.31742043551088
63.30459307010477
63.608012568735276
63.71296296296296
63.810687022900765
64.05593348450492
64.3303303303303
64.62619573215599
64.7216494845361
64.96218181818182
65.23227206946454
65.37291817523533
65.59770114942529
65.9077809798271
66.16678596993557
66.35138987883107
66.78458213256482
66.99502487562188
67.25444207533758
67.54246966452536
67.81388690050107
68.07512402551382
68.30348258706468
68.54765291607396
68.81655960028553
69.18194640338504
69.41649048625794
69.63302752293578
70.07446808510639
70.16420014094433
70.53229240596167
70.78490832157968
71.09463276836158
71.36919831223628
71.76808510638301
72.04852320675104
73.26099092812274
76.19037508846426
76.26219081272086
76.66666666666669
76.94918842625265
77.3812544045102
77.56586402266294
78.11533052039383
78.31693605059735
78.58039492242594
78.76093088857544
78.94113475177306
79.31474947071277
79.54436619718308
79.77542372881356
80.11478873239457
82.35598018400566
82.45930644019813
82.89295774647888
83.06227883934889
83.34558303886928
83.5698245614035
83.8617543859649
84.03750884642605
84.25653710247349
84.68361581920902
84.95627644569817
85.12280701754389
84.43662952646218
81.6570625439213
81.76106816584681
81.89477401129943
81.97953422724066
82.31875881523273
82.4105633802817
82.6575246132208
82.93596059113301
83.0671852899577
80.57584269662925
79.15677966101696
79.24400564174894
79.35749472202673
79.53493295695131
79.74382498235707
80.0417551309271
80.27464788732394
80.33779971791256
80.6287932251235
80.93003533568904
81.08321479374109
81.45839210155148
81.71267605633801
82.01203113941968
82.16275764036959
82.502828854314
82.66358463726885
82.92028469750889
83.03922967189737
81.3644662921347
79.49929478138223
79.65398167723748
79.88567395906847
80.08707865168537
80.25543859649122
80.5886075949367
80.69366197183098
80.97725657427151
81.22457627118644
81.3865073787772
81.64556962025318
81.92051100070972
82.19493314567205
82.44171348314607
82.57573632538569
82.70098730606486
83.12860154602951
83.25527426160338
83.41379310344826
82.70806047571864
82.00232784798914
81.29659522025952
80.5908625925299
79.88512996480029
79.17939733707078
79.26703755215577
79.31223922114049
79.64563106796118
79.96060815480303
80.2158774373259
80.46777546777548
80.68771686328938
80.98824343015212
81.20596393897365
81.34049930651872
81.55509355509355
81.85020804438284
82.32316227461858
82.45958526669678
82.59600825877493
82.82782369146003
83.14492753623188
83.30870165745857
83.43044982698962
83.66435986159172
84.17313019390582
84.34599447513813
84.59295093296475
84.76335877862596
85.02236198462614
85.20752089136491
85.33240418118464
84.58327574291616
81.01460361613351
80.57382785164451
80.65791292328956
80.69246717346232
80.94226804123711
81.0964607911173
81.2936673625609
81.40303657694962
81.44421344421346
81.68573397656786
82.05204718945177
82.18346073662264
82.4342105263158
82.46527777777777
82.60957004160889
82.92164948453609
83.11319444444445
83.23280055594162
83.37369519832964
81.93179533435637
80.48989547038327
80.58234327836712
80.67479108635098
80.88865692414754
81.16793365583966
81.30571030640668
81.42350486787205
81.63927576601668
82.0746887966805
82.20333102012489
82.43432939541349
82.56437021572721
82.67735191637632
82.87952646239555
83.09761235955057
82.51115760111588
80.93514644351464
81.14384989576095
81.2635605006954
81.39902845246357
81.49165507649514
81.67737430167597
81.9151009046625
82.16923076923075
82.36657303370787
82.43078004216443
82.70981507823613
82.75053304904054
83.13892806770099
83.23201692524685
83.49362606232295
83.62942008486561
83.91211906449325
84.08664772727273
84.16654854712965
83.52854122621557
81.79137199434228
81.82373845060413
81.90870185449359
82.20157255182274
82.33971631205674
82.3926031294452
82.64726756564937
82.96497498213009
83.09999999999997
83.37839771101574
83.59572953736654
83.81726618705036
83.96836808051762
84.28326180257511
84.39285714285714
84.59110473457679
84.96462093862817
85.1411087113031
85.38721264367815
85.51506456241032
85.73318872017353
85.90579710144928
86.03893294881038
86.3014492753623
84.53285714285721
82.25178826895564
82.45343839541547
82.50681003584229
82.6471009305655
82.78807471264366
82.99928057553957
83.13233190271816
83.27928571428572
83.51968503937007
83.77224199288256
83.89313517338996
84.22262247838617
84.27005730659027
84.59182209469154
84.79106628242074
84.85374639769452
84.95014450867052
85.27435530085961
85.4902807775378
85.70707070707073
85.9233550253073
86.12311015118792
86.3016558675306
86.42559309849031
86.74729241877256
86.93021582733813
87.0431344356578
87.29284164859001
87.63985507246377
87.83705839942321
87.8370583994232
88.07881417208966
88.37888647866956
88.48268398268397
88.74964234620887
88.8670977011493
88.16024897328452
87.45340024541997
86.74655151755519
86.03970278969064
85.33285406182603
85.54882394868139
85.75696926375983
85.77880512091039
85.92550143266476
86.1686746987952
86.4118065433855
86.6411722659042
86.79127948534668
86.98285714285714
87.15324305060585
87.4039971448965
87.55611510791368
87.75215517241378
87.96206156048677
88.13040345821325
88.22462203023758
88.55884476534294
88.73453237410072
88.82865370770338
89.05839942321558
89.19913419913416
89.62936046511628
89.67199999999997
89.91884057971015
90.11022480058011
90.35918068763716
90.46327272727272
90.57944606414003
87.30497476568132