91.08083375699034
92.06700507614214
92.92221657346212
93.94931576279777
94.83239938869077
95.76974019358126
96.4745417515275
97.47408536585365
98.36938775510204
99.85918367346939
100.90549563430919
101.91197543500512
102.9798969072165
103.97095435684648
104.82595101615425
105.83542319749216
106.87244094488189
107.75781664016958
109.29823623730626
110.29193548387096
111.3834141087776
112.3639846743295
113.49289617486339
114.55136035535813
115.47704367301232
116.49353569421024
117.51733939738489
119.45600920069006
120.43778801843318
121.32885514018692
122.55734767025089
123.67128236002408
124.71489621489621
125.8746139592341
126.85229415461973
127.90706556333546
129.60665362035226
130.43072882468812
131.08730691739422
132.03032345013477
132.93609789259008
132.93609789259008
132.93609789259008
132.93609789259008
132.93609789259008
132.93609789259008
132.93609789259008
132.93609789259008
132.93609789259008
132.93609789259008
132.93609789259008
132.93609789259008
132.93609789259008
132.93609789259008
132.93609789259008
132.93609789259008
132.93609789259008
132.93609789259008
132.93609789259008
132.93609789259008
132.93609789259008
132.93609789259006
126.53703703703707
120.70619785458882
115.23138602520044
109.15189189189192
103.37210526315789
98.5375514403292
94.46313131313131
94.63781890945472
96.29369918699187
98.53117080587937
99.82749873160833
101.10005104645228
102.47328244274809
103.51778455284553
104.80388151174668
105.99435028248587
107.20020800832033
108.10622710622715
98.35571501793947
90.28636594019258
87.0039980009995
88.12973245835437
89.59819186338524
90.56381909547738
91.87512437810945
92.88661338661339
94.02214393558128
95.83609022556391
96.91624874623872
98.05695564516128
99.07099697885195
97.36670020120727
92.4347609561753
90.31992149165849
90.3059093003112
90.29189710896392
90.27788491761663
90.26387272626934
90.24986053492205
90.23584834357476
90.22183615222748
90.20782396088019
90.16439688715953
90.89784946236558
91.87860988742047
93.56614017769003
94.52805118110236
95.54424778761062
96.64084854464727
97.66338097585015
94.53378706854642
90.75024485798238
88.82275390625
88.80670228266149
90.29142300194931
91.37627118644068
92.44789142026175
93.45912873225649
94.60048899755502
95.6609505144537
95.08638360175689
91.0509214354995
88.13756097560976
89.11927945472249
89.95279805352799
91.067055393586
92.09609756097561
93.09863945578232
94.29737609329446
95.44965786901271
96.58271968581246
98.11970443349753
99.26870078740157
100.36031589338597
101.4434008897677
99.85454545454547
95.41069676153091
92.96980198019801
93.52757078986588
94.46884272997033
95.93253373313344
96.93505205751116
98.006454816286
99.08151093439363
100.02485089463221
101.09022556390977
102.23306370070779
103.36414423565262
104.28196058615463
103.64619078382084
103.01042098148706
102.37465117915326
101.73888137681948
101.1031115744857
100.4673417721519
101.3741116751269
102.3741116751269
103.44773074961753
103.24503295022163
103.04233515082572
102.83963735142981
102.6369395520339
102.43424175263799
102.23154395324207
102.02884615384616
103.10817673946165
104.1305456399796
105.77589743589743
106.8930785123967
107.97976128697456
109.13920750782064
110.10637177461822
110.19527559055109
103.5078960774324
95.98031297324587
89.34686716791975
86.44207920792081
87.64021956087825
88.66501240694788
89.997525977239
91.0832920178483
92.43768693918247
93.71783407848983
95.02326732673268
96.2144278606965
98.0617469879518
99.3523185483871
100.64310954063603
101.78915662650601
103.11708058793715
104.26876267748479
105.39836567926454
106.61848825331971
107.78697001034124
109.8169014084507
110.92762810353935
112.06783253842076
113.35129310344828
114.5763440860215
115.64231601731602
116.79319802523312
118.14554510237963
114.53758788534333
109.39182818229438
107.7920691408236
108.8094992256066
109.88096486628211
110.99684044233808
112.17780115728564
113.33547008547009
114.48416532474505
116.19389978213508
117.36561479869422
118.47512301804264
119.58149779735683
120.92479108635098
122.05236768802229
123.22090395480225
124.28390804597701
125.34476641040806
119.59600443951172
112.0977321814255
105.19596690796266
99.28477822580646
97.89758739537174
99.42319277108433
100.73536768384193
102.19939424533064
103.41708796764408
105.51030668677728
106.92346938775512
108.24361593462717
109.59661711942593
110.9195223260644
112.2203125
113.56322444678608
114.86327503974564
116.11818181818182
118.08351293103448
119.34019501625136
120.52637302882005
119.39182561307894
113.59999999999991
107.33161953727517
101.99109351806044
98.15373352855045
94.83984375
92.11137782045125
93.3712895377129
94.72270955165692
95.9158969372873
97.360391198044
98.68759195684157
99.9674234945706
101.33861386138614
102.70384995064165
104.54220456802383
105.85728542914171
107.09624060150375
108.34360788276908
109.54979674796749
110.77289002557546
111.82919254658384
112.98288381742739
114.14585519412384
115.8678251711427
116.90904283447911
117.71045576407505
113.32630469161836
107.12578288100212
100.89827060020343
95.67036850075715
91.67236180904523
91.7889447236181
93.15546639919762
94.46981891348088
95.74061091637458
97.14307304785893
98.64765270065624
99.91519434628975
101.4234096692112
102.71334012219961
104.66171194259357
106.17915811088295
107.53982300884957
108.75760755508918
110.19301956636701
111.52808988764048
112.91844553913518
114.19978046103182
115.54802887284842
117.464345873105
118.12571103526739
114.36747326955549
111.41800110436225
108.79732620320851
106.64427083333328
104.62932369643778
104.12366953877344
105.2664974619289
106.96302003081666
108.45280082987551
109.58550573514077
111.2105825761625
112.85320088300222
113.84021871202916
113.73205803283895
113.62389735364874
113.19015280135824
113.19015280135824
113.19015280135824
113.19015280135824
113.19015280135824
113.19015280135824
113.19015280135824
113.19015280135824
113.19015280135824
113.19015280135818
102.90858725761774
102.0725352112676
102.50848522941547
103.34085648148147
104.47206703910615
105.39560439560438
106.69753424657534
107.85215493726133
109.1525885558583
111.04735982580291
112.21408915795269
113.32875960482986
114.43660418963617
115.63636363636363
116.7701793721973
117.4148816234499
113.81291390728484
107.62878787878799
98.58393782383428
92.7540301612064
87.57157730348786
83.09076682316118
80.01888772298003
77.8029350104822
77.13471502590676
78.4431876606684
80.86608517188301
82.23198773633112
83.57647058823528
85.04132653061225
86.49691040164777
88.08116385911183
89.48085758039815
90.75012827090814
92.23782675551001
94.30556974961678
95.70964414646727
97.11801242236027
98.37142857142857
97.3314374353672
91.80182926829275
87.77659574468089
86.32964824120603
87.31989924433248
88.84167931208901
90.1786625829505
91.42030456852791
92.85223191380192
94.27985648385442
95.37791601866252
96.94081317550183
98.29579657498704
99.4141675284385
101.33838912133888
102.92800423504502
104.14635444385311
105.41993637327687
102.60677083333326
97.60806618407446
93.94174757281553
90.24012158054711
88.75465994962212
90.66967418546369
91.80080685829552
93.32166412988329
94.746306673459
96.18820512820514
97.53846153846155
99.13648024628014
100.52171664943126
101.83091286307058
103.97901364113329
105.27072402938091
106.59278897136801
106.15747613997883
101.51115723923203
98.38794435857812
95.85092213114751
93.84293727689953
91.54731457800511
92.02536783358698
93.07004089979552
94.3272915587778
95.54438173422267
96.84904688304994
98.34381443298969
99.52268041237113
100.93385826771657
102.28578919769268
104.20199894792216
105.54021164021162
106.82655246252676
108.21570736955351
109.49311294765835
108.35420098846794
103.67600422832993
100.75487612018978
101.51227154046995
102.61749209694415
103.80840872804686
104.99030694668818
106.24193548387098
107.50869565217386
109.04162102957287
110.27768503060656
111.70022371364655
113.67550790067719
112.74774774774778
108.41657519209662
105.69994632313478
103.68657505285412
103.69483350951374
103.70309196617336
103.71135042283298
103.7196088794926
103.72786733615222
103.73612579281183
103.74438424947145
103.75264270613107
104.06501057082454
105.13838812301168
105.90445517981749
106.97542735042737
108.02906350914964
109.60781078107811
110.77593818984548
111.83777777777777
113.16900617630546
114.0775764439411
115.21079545454546
116.34096109839817
117.54764638346728
118.8668621700881
115.65276984580237
111.4997179921038
110.41694537346712
111.21580717488791
112.03320202588634
113.3173515981735
114.32167431192659
115.59017341040465
116.66511357018055
118.54091456077015
119.890931372549
121.2209230769231
122.4206896551724
123.66816431322206
124.75606557377046
124.289592760181
120.54439681567669
118.65641952983725
118.70947873732683
118.76253794481643
118.81559715230601
118.86865635979561
118.92171556728519
118.97477477477469
116.58673771462395
114.38946759259261
113.96315192743765
113.97239394934459
113.98163597125155
113.99087799315839
110.76970720720715
109.63146192329071
110.56347438752783
111.35891647855533
112.46625070901871
114.22595332953898
115.28431935669153
116.44959443800695
117.60375146541617
118.83542039355996
119.92353289863664
119.87738095238092
117.07267441860472
115.21412169919631
111.83530073074758
109.8961687951138
108.66372170071784
108.78782894736838
109.74296745725314
110.67128603104214
111.701065619742
112.83136593591905
114.10427350427346
115.67068273092366
116.91430225825127
118.10859465737508
119.48853615520284
120.8395721925134
121.94289185905222
123.15071031500929
124.24274905422448
125.14765525982261
121.5377128953769
117.13726635514013
115.30022962112514
115.31675512547154
115.33328062981795
115.34980613416435
115.36633163851076
115.38285714285712
111.8086177951875
110.47155361050329
111.45398773006133
112.3265879707701
113.48529411764707
114.54700854700855
115.84540787221908
116.98678160919542
118.22719349215572
119.36934820904287
121.27534493101382
122.44142512077292
123.82773631840796
123.91640673736765
118.95937318630286
114.79164313946922
110.86353591160241
107.1896829661473
104.54120734908133
105.97318611987384
107.35076597992611
108.63244680851062
109.8111888111888
111.28462791960897
112.57274701411507
113.91868131868137
115.20419426048568
116.61443760492443
118.5903749300503
119.7682232346242
121.15257142857149
122.42782305005824
123.74492234169654
124.32432432432427
123.61436363082356
122.90440293732286
122.1944422438221
121.48448155032139
120.7745208568208
121.95814220183485
123.03585887796407
124.35604265402844
125.24804804804808
126.6650485436893
127.64153275648948
129.11216730038024
129.7952350289762
130.66559070367978
130.94760969220698
130.49195927102397
130.03630884984096
129.580658428658
129.125008007475
128.66935758629205
128.21370716510904
129.13212273011897
130.10788643533124
131.03725112395634
131.1865284974092
126.61162646876937
121.66487455197148
116.48476135710189
110.84593837534976
103.38900862068976
99.13771186440681
94.6568575932738
91.6831168831169
93.45841995842
95.2459698387936
96.84866001050966
98.50682056663163
100.08456659619446
102.47000000000003
104.07362288135596
105.64930182599358
107.15718884120167
108.58720612356478
110.05712701053801
111.61666666666667
113.12794612794607
114.35997732426313
116.46061643835617
117.92076344707925
119.21012360211887
120.688651218063
122.0526315789474
123.45181092694907
124.70725552050476
126.11707632600258
127.13894324853209
122.48837209302337
119.58289085545721
116.76344707923636
113.50085082246176
112.00778642936596
112.37061769616025
113.45164896590279
114.48996655518397
115.82955832389575
117.77617951668583
118.99313108185459
120.12009373169303
121.71948356807513
123.02997601918469
124.39045287637703
125.52512562814081
123.33835946924023
120.16705607476632
119.76030376551734
119.35355145626835
118.94679914701942
118.54004683777043
118.13329452852167
114.71420356526733
110.84943820224726
106.95155902004444
101.77262931034488
98.99730458221023
99.05639097744358
100.51968085106387
101.74826666666661
103.00372935535427
104.67555797495913
106.0554649265905
107.38757559098394
109.45682451253481
108.56004427227435
103.45223961144075
99.31738437001604
96.1438428874734
94.96274921301153
96.37741766858335
97.70063025210084
99.10637177461831
101.15135422198614
102.62479957242113
104.06283566058005
104.8138528138528
104.0785931080049
103.34333340215699
102.60807369630902
101.87281399046105
103.15516318887103
105.34892473118282
106.79411764705878
108.25643835616438
109.74236535258194
111.15384615384619
112.57061503416855
113.75576036866357
113.43340845827592
113.11105654788827
112.78870463750059
112.46635272711293
112.14400081672528
111.8216489063376
113.02757456387167
114.21160409556319
115.53379152348225
116.81554524361945
118.15588235294126
120.2053412462908
121.49353846153849
122.17530864197533
118.61899179366947
115.29618937644341
112.87125917560701
112.29854910714289
113.16159909909913
114.11274787535422
115.86819484240687
116.96242774566474
118.13975337639454
119.52851263962373
120.90524433849828
122.05250452625228
123.62079701120797
124.87957124842364
126.89398836457656
128.01934623082047
129.13967611336034
130.12816997943798
131.1959694232106
132.52364149611856
132.52364149611856
132.52364149611856
132.52364149611856
132.52364149611856
132.52364149611856
132.52364149611856
132.52364149611856
132.52364149611856
132.52364149611856
132.52364149611856
132.52364149611856
132.52364149611856
132.52364149611856
132.52364149611856
132.52364149611856
132.52364149611867
130.58774373259075
126.36835106382978
121.27311696264542
117.02196531791913
117.90787172011665
120.31866197183103
121.62130177514791
123.11596842744382
124.61817065684477
126.21798875702689
127.11802030456852
125.27504667081485
118.67121661721103
112.53964632059342
103.48563685636827
98.01171458998942
94.32269874476992
95.84279021343059
97.71976866456362
99.5270910047343
101.18234672304447
102.89777542372872
104.53383058071381
106.96499730748519
108.58342420937834
110.14999999999998
111.64112458654904
113.26263187118263
114.65976496922215
114.56853932584272
108.12575507962629
101.61463939720124
93.8496559025939
90.62842105263155
89.58854166666674
91.31220285261497
92.93022035676813
94.66666666666674
96.29195160441873
98.0692963752665
99.76629570747218
102.02509343299516
103.80608974358984
105.30058729311259
106.88762830902215
108.53489640130852
110.12064194798018
111.80145008365866
113.25409373235459
114.22662889518415
109.26499454743725
104.93773483628547
101.01574803149606
99.53778467908899
100.87422037422039
102.15549738219897
103.71676300578042
105.21356650768416
107.61206896551721
109.12554347826085
110.68432671081678
112.16527545909844
113.71915131211608
115.0983698707139
116.69438073394497
118.01262191623638
117.8508064516127
110.02201430930108
105.1395225464189
100.35769828926914
96.13643410852728
92.84893184130215
93.65576245596367
95.38402457757297
96.78413189077787
98.45081967213105
100.92483151892179
102.50051334702266
104.04153686396671
105.72475143903716
107.33788037775457
108.83862291554601
110.42926304464766
111.80725500812127
113.3147432357814
115.53519553072624
113.50275330396516
108.4894423389278
104.11499735029156
102.97715472481832
104.22724881641238
105.5992588671254
107.06461864406788
108.49597855227876
110.6779107725788
112.1017136539524
113.48252911813643
114.98668885191341
116.31081081081084
117.7683551508253
119.09096176129788
117.20859242509869
111.93822393822393
105.3672166045767
102.34319833852544
102.11213991769546
103.27769191138577
104.76654507556009
106.15041928721166
107.6512118018968
109.1364118895965
110.57219538378968
112.84010840108408
114.26315789473688
115.72095608671486
116.96649916247907
118.61694915254236
119.78206583427914
121.3993135011442
122.61457725947523
122.61142868912272
122.60828011877021
122.60513154841769
122.60198297806518
122.59883440771267
122.59568583736016
122.59253726700766
122.58938869665519
123.66822703335288
125.59539672925496
126.8269230769231
127.9415829145729
127.07772979642186
123.30000000000018
120.32482993197277
119.66046249294982
120.5447383230163
121.46448703494934
123.22068168688622
124.50204558737573
125.87807807807803
127.1275167785235
128.23871366728508
129.75637041640778
130.73438485804422
130.2277289836893
124.63413208649945
117.1019736842104
113.3623804463337
113.00543101162759
112.64848157692148
112.29153214221537
111.93458270750926
111.57763327280315
111.22068383809705
110.86373440339094
110.50678496868477
111.85308056872032
113.21237993596583
114.41198501872668
115.78548387096771
117.10804970286335
118.70455793520046
119.83991228070181
121.10940076965369
120.59667935192113
120.0839579341885
119.57123651645588
119.05851509872332
118.54579368099076
118.03307226325813
117.52035084552551
117.00762942779284
118.40667761357417
120.4052396878484
121.57486033519558
123.07509881422925
123.58134243458517
118.71215469613253
113.69764898851827
109.53727369542048
104.59391395592866
103.16812790097993
105.1489912053803
106.6034663865546
107.98262243285944
109.43886812600113
111.00319829424302
112.58050619278401
114.20228384991833
115.66187050359713
117.81267370761543
119.34600113443003
120.6291240045507
122.05336426914164
118.9849162011169
113.40834248079045
108.02351683591678
102.72903563941304
100.86454592098517
103.09432989690731
104.9020217729394
106.32911392405072
107.94176285414483
109.35828877005338
111.03584804708407
112.52127086698965
114.09066084107053
115.69077857537263
117.91379310344837
119.41685649202736
120.84697910784871
122.28711162255468
123.87625220978202
125.19642857142844
122.80314502038436
117.5081782289908
112.7612761276132
106.64202745512148
103.05590062111801
103.19836817950022
104.74337662337666
106.1388455538222
107.56796628029497
109.25369198312228
110.54188759278895
112.26910656620021
114.47243243243247
115.77125617114643
117.53782440640529
117.57681641708223
111.58530042918483
105.44727080021221
99.06601340897396
93.72424397744726
90.53658536585363
92.66170431211503
94.48559670781901
96.36247443762772
98.1047765793528
99.8954992240042
101.59709994821333
103.21532846715331
104.96099843993761
106.57897517168522
109.20074746396153
110.77182645956077
112.39880629408572
114.13751375137508
115.15414364640856
110.93105291288066
106.23356128353498
102.5375064666323
99.51967296883004
97.12878787878799
98.39654295882065
99.85096642929807
101.33384301732917
102.8788343558283
104.6123076923077
105.97988653945333
105.94521661748988
105.91054669552643
105.87587677356298
105.84120685159954
105.80653692963608
105.77186700767265
106.95438236801647
108.52653485952123
109.73032528856243
110.309272918862
108.99018937777237
107.67110583668273
106.35202229559309
105.03293875450339
104.74210827030333
104.45127778610333
104.16044730190333
103.86961681770333
103.57878633350333
105.48464687819865
106.84281282316442
108.15553235908146
109.47826086956525
110.71963616907442
112.27539380771327
113.64231601731603
115.0894708128751
116.14892443463862
115.43219258442116
114.71546073420359
113.99872888398602
113.28199703376845
112.56526518355088
111.84853333333331
113.13279569892484
114.37899296155933
115.56004366812226
117.56323119777153
118.86805165637293
120.06221719457017
121.54233409610993
122.7796317606444
124.26787807737401
125.46028880866425
126.9514145141452
128.42928660826033
129.89807692307693
131.0118187787262
131.07312252964425
130.24424895702623
129.4153753844081
128.58650181179007
127.75762823917194
126.92875466655391
126.09988109393589
127.78250303766708
128.87492298213192
129.93382807668524
130.4289292423291
125.13200934579436
119.46790540540496
114.65013623978211
109.54177614293212
107.4552083333333
109.83544973544963
111.3419388830348
112.86691410392359
114.34840425531911
115.9030335861321
117.4699124726476
118.88004362050174
120.30701754385973
122.34037819799778
123.61885940146817
125.14088556641764
123.13377926421435
117.29086932750124
111.3427205100952
105.75403016120617
100.81023017902771
95.96930946291559
92.49442190669379
94.42630501535314
96.23292558613662
98.16436251920118
99.91645177926762
101.77061855670104
103.622993267737
105.29246753246753
107.03100367840261
109.3701772679874
110.95023572551077
112.67796610169489
114.2715654952076
115.85699039487736
117.5275080906149
119.22971491228054
117.29961727720092
113.16373626373661
107.52982646420787
103.66310731446902
98.87388801674479
94.55794871794842
90.33711925658235
86.66701191092716
83.97169325784868
84.00308166409854
85.91705069124419
88.78320610687024
90.7103518612953
92.56915983606541
94.53560371517005
96.63564668769732
98.66371681415933
99.18774860779635
99.18774860779635
99.18774860779635
99.18774860779635
99.18774860779635
99.18774860779635
99.18774860779635
99.18774860779635
99.1877486077965
103.12376779846659
102.59691791283876
102.07006802721094
103.7026699029127
105.02527924750143
106.69660333909042
108.23125000000005
109.59299039005077
111.22696245733778
112.81082621082624
114.3125
115.94303797468365
118.25534373194682
119.74941724941732
120.81955762514553
116.81302638966827
111.42388888888854
106.55817694369944
102.28593750000005
101.59264931087273
103.82300884955748
105.34904194717751
106.99002100840335
108.54816391697705
110.07791509940898
111.60302049622442
113.24726477024069
114.73558758314857
116.36727879799673
118.54421768707482
118.97157475838543
118.53292596007344
118.0942771617614
117.65562836344935
117.21697956513731
116.77833076682526
116.33968196851322
115.90103317020112
117.9800111049417
119.37717818999431
120.69152542372876
122.21264367816093
123.44489559164731
124.69308700834335
121.25028312570794
117.20233463035038
114.28015350877195
111.73081023454165
110.36903499469781
107.01365546218494
104.27059436913451
104.288888888889
105.48121085594994
106.58205804749332
108.1104067617539
109.43328017012209
111.56654195617307
112.98265582655836
114.45117294053466
115.8644729503626
117.55561797752807
118.93434343434342
120.32799084144244
119.76467268623037
114.40076544559906
107.56376195536632
102.68234064785793
97.9140061791968
93.43533604887944
89.15372907153733
87.36603965429595
89.21486761710798
90.98171660741491
92.80441478439434
95.53210066769407
97.40030832476873
99.1676986584107
100.91813471502587
102.6486766995331
104.47505197505188
106.1632545931759
107.7578166401695
109.53628601921037
112.04715447154467
113.52847754654977
112.07169811320728
107.47055702917805
104.01841136244093
100.34848484848499
97.30980799169674
94.93714285714304
93.05564142194748
94.22342621259031
95.86677115987459
97.61013443640127
99.05144356955361
100.89087093389298
102.63182773109247
104.1939746300211
105.93823216187457
108.63834422657942
110.38029719317547
112.0766666666666
113.62789384528514
115.44759206798858
116.92799070847855
116.38360091743107
112.75762617859118
109.91135135135119
106.9655720338983
108.04710920770867
109.26821370750145
110.5505434782608
112.14909885308566
113.51404958677676
115.19489172681847
116.7562785388127
118.19102416570786
120.56631455399065
122.03907637655425
123.58105646630247
125.30610972568581
126.19974309569716
122.22189349112432
117.89037122969876
114.63381858902574
115.12779017857156
117.06587837837833
118.47265400115134
119.76228571428578
121.26581543818929
122.62960795787012
124.14337349397601
123.16259678379993
117.88402501421297
113.59045504994458
112.81135135135128
114.15925315760569
115.44623059866967
116.86902754356379
118.30777903043963
119.79183210436759
121.2109464082098
122.56739631336404
124.0081871345028
126.10668301655414
127.4182389937107
126.94257100173104
126.46690300975149
125.99123501777183
125.51556702579217
125.03989903381262
124.56423104183295
124.08856304985329
126.08975136446338
127.24289245982686
128.57868020304568
128.61230964466995
123.53176470588278
118.39295854628017
112.56478950246037
108.35413333333327
107.02545454545452
108.42864665613479
110.115834218916
111.59766454352439
113.0693921463153
114.61150684931499
116.22161572052391
117.90909090909099
119.25994397759086
121.41856492027341
122.78803418803409
124.25855072463764
125.49228944246715
123.28877314814781
117.6223103057755
112.13344316309758
106.85058697972272
102.11608537220218
97.78084997439828
98.92951318458427
100.65750636132316
102.11921891058591
103.75621118012418
105.20000000000005
106.73988439306368
108.23711882229236
109.61526147278528
111.87392241379303
113.24823081110503
114.79207920792078
116.28571428571422
117.72656683305604
119.17454954954951
120.47332576617487
121.70103092783506
123.00925390399061
125.11614055985706
126.15525672371632
127.55240443896423
128.6685860524633
129.82923673997402
130.878369493754
129.84028223220048
125.5669099756692
122.91559953434216
119.97934115019541
120.59507829977633
121.5622895622896
122.49406444318834
123.60872027180062
124.70470183486236
125.82356423919487
127.03811792733768
128.2880633373934
129.9693749999999
130.87680703959768
131.9488163787588
132.31023102310246
129.03710575139166
126.3561561561562
125.42530755711773
125.37854830067386
125.33178904422996
125.28502978778607
125.2382705313422
125.19151127489832
125.14475201845426
123.30569655950367
123.43018018018017
124.06228765571905
124.94438006952487
126.29546792230713
127.44031668696721
128.58034610630398
129.7126725219573
130.5474683544304
131.3935064935065
132.43152454780363
132.91312867406924
132.63711342764645
132.3610981812236
132.08508293480082
131.80906768837804
132.53172007848264
133.15734720416128
133.8694499668655
133.8694499668655
133.86944996686543
133.30510665804786
131.17091836734699
129.79589296826384
129.68827160493828
129.8367420871272
129.985212569316
126.40634174985325
124.25932300631098
124.84888380080133
125.57408483439872
126.86826347305396
128.0602265951104
129.0115012106537
130.21339950372203
131.0745147150908
132.20828025477704
133.01100323624598
133.75422626788037
133.75422626788037
133.64648519066165
133.53874411344293
133.43100303622418
133.32326195900546
133.21552088178674
133.107779804568
133.00003872734928
132.89229765013067
132.57872052955975
132.26514340898882
131.95156628841784
131.6379891678469
131.32441204727598
131.0108349267049
131.83398184176394
132.68137573004537
133.40210249671486
133.95369127516778
131.04777070063665
128.05088902513762
125.16343327454433
121.76848137535808
119.24184476940377
117.96505823627285
118.68292682926835
119.7370165745856
120.65425831923312
122.26738270209148
123.54137931034484
124.4481760277938
125.65803413772801
126.98848484848486
128.1059765865682
129.2820999367489
129.28209993674864
123.78633975481625
121.84549109707064
121.66958099157327
121.49367088607596
117.38345444382321
112.43307943416767
107.42346666666708
102.9333333333334
98.92924037460989
98.1187214611873
99.60010188487013
101.00620155038769
102.64850976361777
104.0567010309278
105.48574390876092
106.97235263432458
108.47321428571422
109.75463698993099
112.07502679528397
113.3472147106545
114.88632619439863
116.17022441160373
115.7027309995832
115.23523758756278
114.76774417554236
114.30025076352194
113.83275735150141
113.365263939481
112.89777052746058
114.25764192139741
115.64341085271326
116.95749440715895
118.11079865016882
119.47887323943655
120.85014245014236
122.19524913093846
124.18450620934357
124.64354066985652
122.00116076610584
120.46919976971776
118.46266142616514
115.76672194582625
113.12078346028284
111.55597214783074
111.89925373134338
113.5774877650897
114.6006618863762
115.88968957871407
117.25696767001114
118.47934352009065
119.78478137421916
121.05284090909095
122.38805970149247
123.59050966608083
125.3492447129911
126.96189305470193
128.13166144200636
129.38113695090442
130.57366362451103
131.51849361129803
132.76728268309375
133.4622770919068
134.3811881188119
134.3684510481021
134.3557139773923
134.3429769066825
134.3302398359727
134.3175027652629
134.3047656945531
134.29202862384332
134.2792915531335
134.2792915531335
134.2792915531335
134.2792915531335
134.2792915531335
134.2792915531335
134.2792915531335
134.2792915531335
134.2792915531335
134.30384496902974
134.32839838492598
134.32839838492598
134.32839838492598
134.32839838492598
134.32839838492598
134.32839838492598
134.32839838492598
134.328398384926
133.6171201061712