118.6632462686567
118.59328358208954
118.5233208955224
118.48535690958616
118.44739292364991
118.33705772811918
118.24721706864564
118.1894639556377
118.1110599078341
118.02125693160814
118.02125693160814
117.95702402957485
117.9242144177449
117.91655140617796
117.91085450346421
117.89580451821115
117.8084025854109
117.79474169741698
117.76058931860037
117.74552135966927
117.64012885411873
117.64012885411873
117.62097516099357
117.52908587257618
117.52908587257618
117.42916093535075
117.41896869244935
117.39292279411765
117.30201649862511
117.18810068649886
117.18810068649886
117.15205479452055
117.08321902149063
116.96915285451198
116.9529520295203
116.9529520295203
116.81281696634395
116.72764976958526
116.66497695852536
116.65087928386038
116.6367816091954
116.53913443830571
116.4616091954023
116.31910009182737
116.30394857667585
117.92682926829269
117.93900184842883
117.97463099630997
117.98526024873331
117.97376898297284
117.97375690607734
117.9705069124424
117.94983893235158
117.93149425287356
117.88022028453419
117.88022028453419
117.76129032258063
117.61167747914736
117.56206737425012
117.54037840332256
117.51590594744121
117.38651994497937
117.36018306636156
117.26402943882245
117.21198156682027
116.65758498630869
116.1031884057971
116.1031884057971
116.1031884057971
116.1031884057971
116.1031884057971
116.1031884057971
116.1031884057971
116.1031884057971
116.1031884057971
116.1031884057971
116.1031884057971
116.1031884057971
116.1031884057971
116.10318840579714
106.07171314741035
106.11425055910559
106.15678797080082
106.19932538249606
106.24186279419129
105.97200772200773
105.8060263653484
105.67191844300278
105.52251023192359
105.21907804655409
105.1653005464481
105.15250344510795
104.9812699862951
104.8758995916877
104.7705291970803
104.54404381560931
104.45113122171946
104.48412462976621
104.51711803781298
104.51711803781298
104.51711803781298
104.51711803781298
104.51711803781298
104.51711803781298
104.51711803781298
104.51711803781298
104.51711803781298
104.51711803781298
104.51711803781298
104.51711803781298
104.51711803781298
104.51711803781298
104.51711803781302
100.82750582750583
101.6242774566474
102.11713286713287
102.80539083557952
103.29459025174076
103.64683815648445
103.7456090651558
102.6325
102.6325
102.6325
102.6325
102.6325
102.6325
102.6325
102.6325
102.6325
102.6325
102.6325
102.6325
102.6325
100.35352622061484
100.47035554728221
100.58718487394958
100.58718487394958
100.58718487394958
100.58718487394958
100.58718487394958
100.58718487394958
100.58718487394958
100.58718487394958
100.58718487394958
100.58718487394958
100.58718487394958
100.58718487394958
100.58718487394958
100.58718487394958
100.58718487394958
100.58718487394958
100.58718487394958
100.58718487394958
102.44789069116018
104.30859650837078
106.16930232558138
105.86735170481083
105.74276377217555
105.59588400374182
105.23809523809524
105.03213786679086
104.99072356215214
104.93857507747497
104.88642659279779
104.82012053778396
104.73391948172141
104.61904761904762
104.43920480813685
104.39806718821904
103.99353348729792
103.89819527996296
103.75301764159701
103.57989810097267
103.38176770013882
103.151416627961
102.95522388059702
102.86027014438753
102.75104895104894
102.6192917054986
102.52913752913753
102.29472209248016
102.14707259953161
102.04817586529467
101.98128217126813
101.8112412177986
101.74924471299093
101.74924471299093
101.74924471299093
101.74924471299093
101.74924471299093
101.74924471299093
101.74924471299093
101.74924471299096
107.0
107.0
108.97167902899528
109.109174782163
109.06294005929496
109.01670533642692
108.77206551410373
108.63648897058822
108.2876269621422
108.24311926605505
108.08532110091744
107.87476894639558
107.59769053117785
107.38394093216428
107.09750462107209
107.01712170291532
106.84576427255985
106.65321100917431
106.37873907040958
106.12747353888632
105.89267618608936
105.80045977011495
105.50091407678245
105.4695177434031
105.21685649202733
105.12094933820174
105.04252400548697
104.88330258302582
104.78745965882896
104.64022140221402
104.54314720812184
104.29130234698573
104.2140560404226
104.10160919540229
103.98386353158136
103.89257722452743
103.73160573808423
103.58226102941177
103.52181901699586
103.33532658693653
103.26369075011505
103.01571164510166
102.92553191489361
102.9222894369474
102.80214152700187
102.74046511627905
102.6147045137273
102.23137802607076
101.99675174013922
101.9601667438629
101.85807050092765
101.84565318456532
105.63291139240505
106.62177381511027
106.62177381511026
106.53339560952826
106.50840336134453
106.40664482919982
106.1608818011257
106.12646370023418
106.06554307116104
105.95095749649695
105.92056074766356
105.83535447761194
105.72845831392641
105.63598326359832
105.5306691449814
105.48867313915858
105.2445475638051
105.1077705827937
104.98059149722735
104.84840055632824
104.80697674418604
104.7354988399072
104.59017153453871
104.25233644859813
104.08527493010251
104.02790697674419
103.86824953445065
103.72792022792021
102.26745164003364
102.26745164003364
102.26745164003364
102.26745164003364
102.26745164003364
102.26745164003387
110.7962962962963
110.89646918013166
111.0658713692946
111.09779417521334
111.12971698113208
111.06752411575562
110.93875685557586
110.86452854326137
110.79030023094688
110.78258845437617
110.7246511627907
110.61906976744184
110.5460037174721
110.36507936507935
110.2934326967862
110.22538497433504
110.19246861924685
110.08163265306123
109.89958158995816
109.7914537854157
109.74664196387215
109.67863720073665
109.43567115652579
109.23877834335957
109.08464384828864
109.00736309249885
108.99546073536087
108.68967205090553
106.54526315789474
106.54526315789474
106.54526315789474
106.54526315789474
106.54526315789474
106.54526315789474
106.54526315789474
106.54526315789474
106.54526315789474
106.54526315789474
106.54526315789474
106.54526315789474
106.54526315789474
106.54526315789474
106.54526315789462
102.81830790568654
102.95871512992122
103.09912235415591
102.96142578125
102.9208505053039
102.8802752293578
102.60626702997274
102.17575484452456
102.06345634563456
101.93874773139746
101.74542961608776
101.5006821282401
101.33105957253298
101.16903344021989
100.98678213309024
100.93996333638864
100.59908675799086
100.51487414187643
100.46849315068494
100.40676416819014
100.30786721236926
100.05812356979405
100.00045808520385
99.78793418647166
99.62437013284473
99.5109489051095
99.35173357664235
99.30359581247154
99.09286367795059
98.94106813996316
98.94106813996316
98.78053259871442
98.65275229357798
98.51355075792375
98.40750915750917
98.12574850299401
98.12574850299401
97.89916743755782
97.88580674988441
97.65311778290993
97.49030470914127
97.44408502772643
97.02651162790698
97.0074487895717
96.86703858670386
96.77069767441861
96.70631970260223
96.59360518999074
96.49676225716928
96.3100092678406
96.23219241443108
95.90820584144646
95.82180974477957
95.63413506012951
95.58352614530311
95.40812557710065
95.36720554272517
95.24379024839007
94.90980573543015
94.83648960739032
94.6169820027688
94.4415285451197
94.31996311664362
94.17411331183786
94.06789838337183
93.92108906322105
93.79308755760368
93.67143516382095
93.43057176196032
93.43057176196032
93.43057176196044
97.0
97.0
102.15108514190317
102.76855345911949
102.81809655844752
102.86763965777554
102.7790585975024
102.74537037037038
102.29122645842904
102.24917018554049
102.20711391265195
102.05157847932415
101.85803293279929
101.69911504424779
101.46498226950354
101.40142095914743
101.20222717149221
101.06750111756817
100.81187669990933
100.69751693002257
100.57811796488068
100.52028854824167
100.31818181818181
100.88968932913099
103.24931880108991
103.1588742623695
103.10980569362857
102.91961852861036
102.90579710144928
102.76207674943566
102.61823104693141
102.54324324324324
102.36421147763218
102.26206585475867
101.99095431931252
101.91963882618508
101.65688487584649
101.57697516930023
101.54147880973849
101.33243121335138
101.95616809760509
104.32438580527752
104.24385805277524
104.06144742831134
103.91132332878581
103.79445202364712
103.6937386569873
103.43342391304347
103.40942028985506
103.22166817769718
103.18602540834843
102.79480164158687
102.68647912885663
102.59311282283643
102.5095281306715
102.27967257844475
102.19244767970883
102.11983658647299
101.88157293095566
101.63265306122449
101.55570652173913
101.36978221415609
101.33605442176872
101.16333938294011
101.02910413824466
100.91367560199909
100.72562358276645
100.54429804634256
100.37913832199547
100.1609977324263
100.03814713896458
99.81830601092896
99.66318656377666
99.54813805631244
99.4936247723133
99.26805997273965
99.0923566878981
98.90164684354986
98.73677007299273
100.59598723210206
102.9804278561675
103.07823960880197
103.04294803817604
102.97424008243173
102.95443288756812
102.75933014354065
102.58329444703685
102.29837251356237
102.165915238954
101.96585804132974
101.85759209344116
101.69606087735005
101.49731182795699
101.3139689578714
101.10726950354609
100.97374276813528
100.7218483624944
100.63388466696469
100.45475113122171
100.29303370786516
100.15955056179774
99.9941309255079
99.82257336343116
99.66999546073535
99.36408864767074
99.26889995473064
99.0209090909091
98.9156406748746
98.60873521383076
98.57330912392192
98.38461538461539
98.1905195989061
98.036969420356
97.83074817518249
97.68281535648995
97.55093650068527
97.37185929648243
97.30136986301369
97.01462522851921
96.86773455377575
96.7846999541915
96.57012334399269
96.36396890717879
96.28109339407746
95.94780219780222
95.86217948717949
95.6576535288726
95.58984910836764
95.48859489051094
95.31554947560421
95.08719456420687
94.85883965280951
94.7437867148667
94.54742096505824
94.54742096505824
94.54742096505824
94.54742096505824
94.54742096505824
94.54742096505822
96.45465289469746
98.3618848243367
100.26911675397582
102.17634868361506
104.08358061325423
104.02953995157387
103.90650213573801
103.79155060352832
103.64396709323582
103.45508166969148
103.16614137775777
103.08318425760285
102.91386271870795
102.74887892376682
102.58805171645122
102.26454789615042
102.15295686971987
102.08166888592987
101.83230361871139
101.54469026548674
101.52964601769912
101.35119574844995
101.18048780487806
101.00044365572316
100.82144439521488
100.7835325365206
100.62737306843265
100.57067371202112
100.3011135857461
100.09643705463185
99.22229684351913
99.22229684351913
99.22229684351913
99.22229684351913
99.22229684351913
99.22229684351913
99.22229684351913
100.01563296552024
100.80896908752135
101.60230520952246
102.39564133152356
103.18897745352467
103.98231357552582
103.87132867132868
103.60200821542676
103.32399457749662
103.108228980322
102.99194630872483
102.7768411712511
102.5179282868526
102.35416666666664
102.14571301643713
101.96118217909131
102.3198750068423
102.67856783459328
103.03726066234427
103.39595349009525
103.75464631784621
104.11333914559722
103.97949389179757
103.67680278019114
103.56869565217391
103.24206866579749
102.99737072743207
102.8250883392226
102.67107001321006
102.51890941072999
102.31433581762386
102.10044052863432
101.8339269813001
101.7917406749556
101.5373001776199
101.24889673433364
101.00355397601066
100.85300668151444
102.14589800443457
103.17799642218247
103.08822212270488
103.03718637992831
102.86298932384341
102.65973451327432
102.33765073693613
102.29443207126948
102.05349977708426
102.03120820329914
101.75401785714286
101.6297285269248
101.4399641577061
101.36306588973554
101.15982142857143
100.97265800089647
100.76751450245428
100.60757238307349
100.4381121994657
100.2185548617306
100.08448815377739
99.93264481365065
99.83744948361024
99.60053981106614
99.42435094001792
100.15553056770068
100.88671019538344
101.6178898230662
102.34906945074897
102.11362607514712
101.92547425474254
101.81863186318631
101.48649864986498
101.31695220919747
101.14215024741341
100.92660963529941
100.82749326145552
100.6431777378815
100.61973094170403
100.499329459097
100.29588182632051
100.19436997319036
99.89523381294964
99.81948810058375
99.6066457117198
99.47208575256812
99.3307933662035
99.183490354419
98.88993710691824
98.76750448833033
98.54854586129754
98.50602947744528
98.29973118279571
98.23982102908278
98.00179533213645
97.76504941599282
97.66368114643976
97.54357592093442
97.34798206278026
97.14801604993312
96.97841726618708
96.67039355992844
96.51946308724831
96.37992831541219
96.21332737030411
96.19730941704037
95.93943472409151
95.76878354203939
95.49294532627866
95.44483275087373
94.34812030075187
94.34812030075187
94.34812030075227
102.92801387684301
104.35675348273773
104.47425334706489
104.37700282752121
104.26433121019107
104.13297394429469
104.044993383326
103.89216549295776
103.66155866900174
103.50915431560591
103.39357080799306
103.1325196163906
103.00218531468528
102.5791795324217
102.44951284322408
102.26970770593445
102.10699955416851
101.94964349376116
101.75834445927904
101.5460614152203
101.36709995517705
101.1765498652291
101.09806567701304
101.06137184115522
100.79215509467988
100.5891089108911
100.47900677200903
100.36061151079136
100.18169582772545
100.08898876404496
99.84986474301172
99.69261926192618
99.56995051731892
99.33678057553956
99.29829290206646
100.1460573476702
102.71818996415773
102.57807606263984
102.52746761947299
102.27179257934733
102.1900089206066
102.02862254025044
101.98303571428573
101.7586975914362
101.53794642857143
101.36693548387098
101.35420393559929
101.08142150247414
101.02830188679246
100.8046804680468
100.82688848920861
103.89103139013453
103.93046209062359
103.93354288280199
103.88859060402683
103.69361322018759
103.50602947744527
103.33855098389981
103.15038271049076
103.05315315315318
102.80829950383401
102.64647824136384
102.50606196677143
102.30776132794975
102.14979757085021
102.06263982102905
101.8086917562724
101.53375337533754
101.46430175123484
101.24517287831162
101.20098698968147
100.88708220415538
100.80963096309631
100.59720342805593
100.46101847679134
100.28732014388493
100.07675044883302
99.98477384684281
99.86696629213483
99.67491007194246
99.46328437917221
99.35906642728904
99.14362416107383
98.961763382816
98.7464221824687
98.54012623985574
98.39487870619945
98.324190647482
97.96184919210054
97.9106421194432
97.73546642631817
97.630776132795
97.39633601429848
97.30102267674522
97.05762411347517
96.9246453900709
96.69920141969831
96.52347209920285
96.39488761568974
96.29898275099515
96.14971123944912
95.66578014184397
95.63962765957447
95.4549089293647
95.28190306803026
95.07506584723441
95.01780009128254
94.77144535840188
94.77144535840188
94.77144535840188
94.77144535840216
102.16365366317791
103.34854771784232
103.52845528455285
103.5794148380355
103.42616451932605
103.36806883365202
103.24520355638745
103.1378836463582
102.80554313813144
102.57859973579923
102.31806167400882
102.12808098591549
101.96713409290096
101.94658493870404
101.70867858700393
101.52843394575677
101.26521739130436
101.04973821989529
100.88704028021016
100.76282332310387
100.52527472527473
100.34036012296883
100.16241197183098
99.93215077605322
99.8655462184874
99.70132158590309
99.35771276595744
99.24811696942848
98.93697292498891
98.78432240921168
98.58742806551572
98.37128932210899
98.25676274944567
97.96473214285714
97.77876499333632
97.48624667258207
97.48384240814516
97.20966312056737
97.13701067615659
96.88248436103663
96.76114081996434
96.45015645954403
96.36975914362176
96.68952551980516
97.00929189598855
97.32905827217189
97.64882464835529
97.96859102453868
98.28835740072202
98.19131614654003
97.95238095238093
97.84615384615381
97.5549001814882
97.37923250564336
97.11317338162064
96.97588717015469
96.78112175102598
96.676510676965
96.3502262443439
96.26415949252376
95.97005444646098
95.81002277904327
95.69174977334544
95.40681818181818
95.40108646446356
95.10031774852476
94.9368468877783
94.72012721490233
94.49886826618379
94.37221970040855
94.03137789904503
93.89708561020036
93.87477231329689
93.49500454132607
93.3232368896926
93.15803814713897
92.99683544303798
92.74716810149522
92.52434122376062
92.29678123295145
92.29678123295145
92.29678123295139
93.51754385964912
93.51754385964887
99.73696872493986
100.38510762070972
100.47005535983894
100.31593794076161
99.90950226244343
99.75650224215244
99.50488454706928
99.38692342140618
99.26346499102334
99.04645917907081
98.93396653098148
98.65
98.41290613718411
98.2112107623318
97.93539703903093
97.70495495495493
97.46690679873927
97.22800718132856
96.99774673276252
96.88048890900859
96.52983725135624
96.27615626403235
95.86748077792853
95.71454381210481
95.42529252925294
95.21267985611507
94.90793650793651
94.68482665466007
94.50585585585588
94.31531531531533
94.11300448430495
93.69282814614343
93.6170117011701
93.27280898876404
93.09545249887441
92.86388384754991
92.59827898550725
92.41955835962148
92.16853932584269
92.00991884580708
91.50990099009903
91.42157303370789
91.08025247971145
91.01346499102328
94.29669347631807
96.55302013422818
96.38245770258237
96.24655708573971
95.8842530282638
95.5893892108783
95.44414775255896
95.23288888888891
95.0259275815825
94.68470483005365
94.44812164579608
94.28789237668161
94.05000000000001
93.77217469608286
93.55784753363227
93.42735426008969
93.26393884892087
93.08652546191979
92.83083900226757
92.59199280251912
92.56379155435758
92.32104316546764
92.14247191011236
91.78490736556711
91.64093357271094
91.46942446043164
91.32
91.16644235082998
91.02099151406878
90.77717879604673
90.7571951857667
91.9416666666666
95.67766497461935
98.09116607773854
98.90832328106151
98.8876628999766
98.8670025188917
98.72745098039218
98.56067146282973
98.35630567276135
98.18842592592591
97.95666205624713
97.83081155433288
97.68809416025351
97.36629213483147
97.2376902417189
97.12894619831036
96.90169039145906
96.61344537815125
96.35742617893345
96.22675438596491
96.0259797446059
95.97888253409593
95.72107347118344
95.38226299694188
95.31952920662599
95.19528178243775
95.05382932166299
94.6842336407554
94.49934296977659
94.40586690017511
94.20071206052515
94.00046210720882
93.44187358916479
93.44187358916479
93.44187358916479
93.44187358916479
93.44187358916479
93.44187358916497
99.64186046511634
100.35302013422819
100.39533560864619
100.5344827586207
100.3156862745098
100.19203413940258
99.95844875346262
99.76330027051398
99.62064343163541
99.36846767050486
99.2147562582345
98.87886825817861
98.66826086956522
98.45407279029462
98.35760728218469
97.88008752735232
97.6694214876033
97.4945770065076
97.37038645245335
97.15071459506282
96.94350282485874
96.62440501947208
96.51892127011746
96.27518534670736
95.98940397350992
95.73820536540245
95.21592356687898
95.21592356687898
95.21592356687898
95.21592356687898
95.21592356687898
95.21592356687898
95.21592356687898
95.6727300249297
96.12953648298048
96.5863429410312
97.04314939908193
97.4999558571327
97.95676231518343
98.4135687732342
98.3340981563688
98.25462753950336
97.78482697426793
97.55028546332892
97.33992094861662
97.10652173913044
96.89407695633378
96.67588591184096
96.49740932642487
96.2865800865801
95.98837209302326
95.61956521739131
95.57590256633316
95.34003496503496
95.21649934526408
94.95727986050565
94.70339721254355
94.5977459904638
94.26666666666665
94.15457685664933
98.2701174423662
99.32606800348736
99.2891880156318
99.02321506789312
98.8902546093064
98.76228070175438
98.5596653456627
98.45398502862176
98.3236203090508
97.87466666666668
97.66902342023863
97.56621205455346
97.42977031802121
97.16703393565447
97.03682595352916
96.83916083916085
96.59019264448338
96.35190873189993
96.05091558731579
95.79255068363977
95.31609566903684
95.31609566903684
95.31609566903684
95.31609566903684
95.31609566903684
95.31609566903684
95.31609566903684
95.31609566903684
95.31609566903694
96.61368055533012
97.9112654416233
99.20885032791648
100.50643521420966
101.80402010050253
101.76624068157616
101.28211586901762
101.05847953216374
101.02915869980876
100.7822201317027
100.55436802973975
100.36468418626094
100.1540208995911
99.90880072959416
99.79234234234235
99.43398751115075
99.09675987572126
98.95140436914846
98.65064530485091
98.53811859117252
98.3521565140062
98.20589548905758
97.84498886414252
97.6739420935412
97.24177777777777
97.09644444444444
96.82961641391614
96.82792352156514
96.59267431597527
96.35906484340535
96.0518847006652
95.90203900709218
95.69853917662681
95.33968113374668
95.25232403718462
94.90848511772546
94.76538804638716
94.45055928411634
94.33959731543624
94.24277191372187
93.80679978413384
93.80679978413384
93.80679978413384
93.80679978413384
93.80679978413384
93.80679978413384
93.80679978413384
93.80679978413384
93.80679978413384
93.80679978413384
93.806799784134
96.50840298141429
99.21000617869458
101.91160937597488
104.61321257325517
104.31294597349643
104.07247796278159
103.70038350910835
103.5406676069581
103.14020427112348
102.90013742556118
102.6272810218978
102.46540027137041
102.21406038756197
101.93935309973045
101.70330652368187
101.42341941228852
101.21805183199285
100.88953229398663
100.5873507297656
100.3028824833703
100.06029929577466
99.83687002652519
99.61514751210922
99.27144742630884
99.20674551029344
98.91684997800263
98.56974202011372
98.36738272687421
98.06520787746172
97.77178239716937
97.52412571934482
97.35663716814156
97.21236559139788
98.52157772621831
101.38406198118429
101.38406198118429
101.38406198118429
101.38406198118429
101.38406198118429
101.38406198118429
101.38406198118429
101.38406198118423
103.03666997026758
103.19313944817301
103.366028708134
103.20546448087433
103.05940594059405
102.87607052896726
102.78282088823818
102.46032504780118
102.24365004703668
102.06389925373134
101.74528735632185
101.43448589626934
101.21116614137776
100.98120805369126
100.82196634189552
100.49065004452359
100.25986696230598
100.02521008403363
99.9048672566372
99.46804759806082
99.03530450132394
98.81649757388618
98.55919615552642
98.44818539571492
98.26514486391571
98.14460999123577
97.835010940919
97.60570175438596
97.5247264770241
97.14744718309862
96.94400000000002
96.6870229007634
96.40729166666667
96.40729166666667
96.40729166666667
96.40729166666667
96.40729166666667
96.40729166666667
96.40729166666667
96.40729166666667
96.40729166666667
96.40729166666667
96.40729166666667
96.40729166666667
96.40729166666667
96.40729166666667
96.40729166666642
100.00952380952381
100.00952380952381
100.00952380952367
102.62410215482842
102.66839378238342
102.70860152135754
102.56702702702705
102.18781725888323
101.9726618705036
101.8106203007519
101.63432494279175
101.38350608382154
100.99775885253251
100.82550335570471
100.55192222713214
100.40850686752327
100.1439929328622
99.79237844940866
99.50306479859896
99.3965894184521
98.99204946996466
98.91369440774986
98.68449197860963
98.41958372753083
97.0553420445811
97.0553420445811
97.0553420445811
97.0553420445811
97.0553420445811
97.0553420445811
97.0553420445811
97.0553420445811
97.0553420445811
97.0553420445811
97.0553420445811
97.0553420445811
97.0553420445811
97.0553420445811
97.0553420445811
97.05534204458127
102.0068493150685
102.0068493150685
102.0068493150684
103.58786231884056
104.00672494956288
104.06898584905662
103.65179542981502
103.55430327868851
103.3391089108911
103.2309927360775
103.11410166789929
102.99721059972103
102.74075785582255
102.44945355191257
102.33076923076919
102.0130630630631
101.79427549194992
101.55886272767663
101.39068736141905
101.2116917626218
100.95227574016792
100.79419525065964
100.35265700483092
100.04856512141282
99.7950174825175
99.62925764192141
99.42465156794424
99.21353711790397
98.8175087108014
98.63427331887203
98.35106846925424
98.14734088927639
97.92916484477482
97.74256993006992
97.58197802197805
97.38139329805998
97.19761799735332
97.00973451327434
96.79866666666669
96.4289508632138
96.3099337748344
96.07248986942818
95.69414204250916
94.42461832061069
94.42461832061069
94.42461832061069
94.42461832061069
94.42461832061069
94.42461832061069
94.42461832061069
94.42461832061069
94.42461832061069
94.42461832061069
94.42461832061069
94.42461832061069
94.42461832061053
97.55608332402608
100.68754832744162
103.81901333085625
106.95047833427125
106.84656652360516
106.77994858611828
106.39358024691359
106.17376573088092
105.97099381835471
105.77658582089555
105.35838680109993
105.28246013667427
104.98411257376301
104.84584269662923
104.65517241379314
104.24687499999999
103.97498883430103
103.9332740213523
103.66755319148933
103.21438023820025
102.99424778761062
102.92566371681414
102.58080140907089
102.38950154389062
102.08938053097341
101.86828193832599
101.65709235528061
101.44743816254413
100.93841382365972
100.9003984063745
100.56910211267609
100.40008822232028
100.14931324767389
99.95252883762203
99.74677920924034
99.6024844720497
99.3157655611086
98.71527777777783
97.75549450549451
97.75549450549451
97.75549450549451
97.75549450549451
97.75549450549451
97.75549450549443
98.88794354978927
100.02039259408434
101.15284163837919
102.28529068267403
103.4177397269691
104.55018877126395
105.68263781555902
105.48958862366685
105.46781326781326
105.27936201063312
105.06353722143194
104.98976744186047
104.88532961931287
104.54015603487835
104.37835379718052
104.26370638876301
104.11576576576573
103.92265943012211
103.69237708615242
103.34735413839888
103.20686540198736
103.11020776874435
102.96966953372566
102.65490728177298
102.5329719963866
102.27712477396021
102.24536827835516
101.95205789235638
101.69525547445255
101.4649326521133
101.27766599597567
99.84766584766584
99.84766584766584
99.84766584766584
99.84766584766584
99.84766584766584
99.84766584766584
99.84766584766658
108.50097465886938
108.9237354085603
108.95307336417713
109.14037192561489
108.87796610169491
108.81331168831167
108.57306889352819
108.56234096692111
108.3417475728155
108.19305753685211
108.00567107750476
107.8685314685315
107.65502793296088
107.4457382394038
107.18101851851853
107.06755514705883
106.98357664233583
106.6267029972752
106.47446904654316
106.2611060743427
106.12336785231878
106.01662921348316
105.82458501570213
105.67457475380485
105.49217702279839
105.11191011235957
104.84381972333779
104.60771276595744
104.54772524531666
104.14624329159213
104.09986565158977
103.80977777777775
103.68280764104838
103.4156305506217
103.15281501340479
102.95960940967598
102.67064544650748
102.45816733067727
102.24466192170817
102.07238010657193
101.92749110320284
101.66325622775801
101.55782011519716
101.17730496453899
101.08115299334816
100.70593485051316
100.63157894736838
100.46030330062445
100.25858951175405
99.89508822126857
99.23423423423424
99.23423423423424
99.23423423423424
99.23423423423424
99.23423423423424
99.23423423423446
104.97931747673215
105.47530864197529
105.92654639175257
105.8266590389016
105.79449152542372
105.76157292185167
105.5341735336888
105.45095238095237
105.28638497652582
105.10365225837785
104.92091954022987
104.74773550724638
104.67388362652233
104.6505592841163
104.2025997310623
104.33645276292327
106.81071428571428
106.76685764654032
106.71660096364434
106.48643919510062
106.28596491228069
106.10270979020976
105.89091699261189
105.4619399739017
105.4032886196452
105.27426343154247
105.04323144104802
104.79947803392781
104.67302688638335
104.48469167744719
104.36696852091416
104.18442801217918
103.81133708351362
103.7088006902502
103.55203816131831
103.52533564313552
103.20822510822512
103.12440604751623
102.84658843980878
102.64341761115955
102.53545019573727
102.44024337244673
102.24104803493447
101.99516483516484
101.83442838370564
101.60787746170678
101.49605263157895
101.37796312554872
101.2773851590106