65.90552486187845
66.32902863559798
66.81985083189902
67.76225045372051
65.8319374651033
65.50163043478261
64.98903649849242
64.47644256220222
64.49834163121052
64.52024070021882
63.20948410630536
62.8415152328279
62.47354635935045
62.23783814240153
62.00212992545261
61.5246946362188
61.508885298869146
60.81779435269047
59.73835125448029
58.56576305220884
58.49059360836663
58.415424164524424
58.37220447284345
57.73625792811839
57.33752730430816
56.93879668049793
56.929386989511165
56.9199772985244
55.20680763280042
55.05061267980821
54.44642933455651
53.842245989304814
53.027748691099475
52.62368866915716
52.21962864721485
51.770133333333334
51.9071318624936
57.69856733524355
60.74057142857143
63.81854379977247
64.97962648556876
64.17855137563167
63.91394825646795
63.39808018068888
63.038525963149084
62.505630630630634
62.14092446448703
60.711087420042645
60.79154147413535
60.871995528228055
60.48680516563728
59.776235424764025
59.49719730941705
58.85516093229745
58.35894559730791
57.67522321428571
57.24103139013452
56.956842703009656
56.211592571750145
54.969632392115074
54.35055350553506
54.24864785758339
54.146742209631725
53.70752565564425
55.9447513812155
61.31790633608816
65.57990379476216
65.17089947089947
64.2720588235294
63.80837696335078
63.012618296529965
62.36502100840336
61.63410770855333
61.10625986322988
60.61451612903225
62.541524459613186
66.47664670658682
69.29460093896714
71.54038680318544
72.59541984732823
71.7806925498426
70.60884866767219
69.83524141363863
69.3541357107479
68.55138821237213
67.87158203125
67.20598166907862
66.63918525703201
65.81979320531758
65.43295803480041
65.70042311273036
65.96788819066035
66.2353532685903
66.50281834652027
66.77028342445024
67.03774850238021
67.30521358031018
67.57267865824016
66.64856860809475
65.89163038219642
65.47866149369544
64.7083932853717
64.29008746355684
63.557149689143955
63.22812953117449
68.18961293483585
74.45548121461661
82.46169880145908
84.67118997912316
84.26345463864683
83.7732115677321
83.03593117408906
82.06922688226376
81.43576826196474
80.46596066565809
79.83738225086762
78.7498761763249
77.83217821782179
76.9837117472853
76.28274839347503
75.45816929133856
74.80312652662431
74.2314906219151
73.5019550342131
72.88602045786652
71.88732394366195
71.28077858880779
70.65757428153921
70.10251450676984
69.49152542372883
73.74635568513122
77.9606656580938
80.07153806847215
79.87550200803213
78.9454635597422
78.324391455539
77.69707486365891
76.93125618199804
76.34503213049925
75.86343394359227
75.16823354774863
74.6785185185185
74.0840336134454
73.15449160908193
72.72178217821781
72.02512315270934
71.41350418925579
70.75978473581213
70.22479094933595
72.39306640625
75.28132863613487
76.05947026486757
75.3135593220339
74.7843235147279
74.17029702970298
73.51608114794658
73.07107601184602
72.47654320987652
72.01916461916461
71.52216748768473
71.07202762703503
70.29113300492611
69.72216748768474
71.05278592375367
74.12681704260652
74.38749999999999
73.71117705242334
73.24863793957405
72.64049382716051
72.1628825271471
71.18379446640317
70.73086419753088
70.2441917943648
69.66946225949678
69.05061425061425
68.59607843137255
68.06475531389027
67.54150197628456
66.57673267326733
65.9583746283449
65.48680935788951
64.86
65.69827160493833
69.1105527638191
70.07869674185463
69.24789291026275
68.84774066797644
68.04975369458128
67.43793445878849
66.86115214180208
66.36602278355623
65.96108374384238
65.37171215880893
64.94146825396825
64.46312092323132
63.972636815920396
63.1579990094106
63.06400384985565
63.76019954807251
64.45639524628939
65.15259094450627
65.84878664272313
66.54498234094001
67.24117803915686
67.93737373737372
66.9412057797708
66.34151226840261
66.09456740442658
64.58477842003853
64.35268505079824
63.643201542912266
63.24947838194666
62.85575522098107
62.404738878143235
67.70871327254304
69.3791348600509
71.30916623511132
73.16441908713693
73.24047991653626
72.86292834890966
72.24599483204135
71.76330749354005
71.00512557662734
70.02432843385708
69.68163265306123
69.08877551020407
68.53350383631714
68.1895491803279
67.30397148676172
66.89700659563673
66.13741223671015
65.70368500757195
64.74135338345866
64.25756048387098
63.047197640118
62.97586726998492
62.565349544072944
61.98592964824121
61.07669760625305
59.644381223328594
59.644305019304966
63.45247524752472
66.0283944243676
67.6661522633745
69.57120253164555
70.62644889357217
70.53224960671213
69.82322175732219
69.3392207792208
68.46229338842974
68.1988547631442
67.68068535825545
67.49712793733681
66.70333680917622
66.62624150548876
65.9087093389297
65.4918549658434
64.90237467018471
64.0412748171369
63.65593667546176
62.961236249345205
62.458662453923125
62.11661341853035
61.76159654800432
61.509011469142564
60.998903508771946
60.17121455323701
62.01688162275099
63.86254869226485
62.977607864554884
62.827855153203345
62.563575791227095
62.283874580067206
61.91922005571031
61.689848569826154
61.213847012841995
60.747497219132356
60.28130263896688
59.95053400786958
59.44307347167694
59.0554298642534
58.36338341680579
58.35746102449889
59.28078725781745
60.20411349113607
61.12743972445466
60.83822682786413
60.578375286041194
60.32322654462243
59.98442906574394
59.69386574074075
59.47209302325581
59.458211572180005
60.49459555837939
61.53097954457877
62.56736353077815
62.25450319581638
61.947062245491566
61.655092592592595
61.31762652705061
60.90412550842535
60.49074074074075
60.340830449826996
59.532913566113336
59.205698005698025
58.850548182342756
59.014504983756574
59.17846178517039
59.342418586584216
59.506375387998034
59.67033218941185
59.834288990825684
59.36167800453515
58.95183486238531
58.64386659129451
58.09348914858097
57.56799104644655
57.28563535911604
56.6657412548584
55.745590593265604
56.24766362654009
56.74973665981457
57.25180969308906
57.75388272636354
58.255955759638
58.75802879291251
58.6048071548351
58.33908685968822
57.089285714285694
56.37214137214137
56.23842105263158
56.49696635410919
59.05786026200872
62.04632152588556
64.28996692392502
65.73821408763172
65.53681318681319
65.08748615725358
64.40055096418732
64.1149171270718
63.58771929824562
63.22051563357104
62.931529541689656
62.29331884845192
62.0803324099723
61.54495311638169
61.180355160932294
60.64167585446529
60.10975609756099
59.45037756202805
58.975943138326954
57.99057591623037
57.51962323390895
57.39914239040483
57.27866154690071
56.77645143787299
60.01634877384197
62.129266927811955
62.9364719228588
64.70028328611897
64.66779469825156
63.9718151071026
63.7199775533109
63.38963210702343
63.102075154234456
62.4918949133594
62.123526108927564
61.69972144846798
61.314109742441204
60.993281075027994
60.42553191489361
60.10901001112347
59.60484780157836
59.167501391207566
58.449803701626465
58.1780515117581
57.726912181303135
57.28651685393258
57.678218459605844
58.069920065279135
58.4616216709524
58.85332327662569
59.24502488229895
59.63672648797221
60.02842809364549
59.80078125
60.577581446714476
63.54652466367713
65.32734418865806
65.36839176405118
64.66
64.06793935991016
63.670206819452204
63.26670378619153
62.85516093229745
62.46345514950167
62.047248471372995
61.674903898956615
61.27034559643255
60.901982378854655
60.20863309352518
60.52002194185411
64.57252326217838
66.20682068206821
65.67198679141444
64.917124039517
64.42191780821918
63.818630136986314
63.56721311475411
62.9297475301866
62.47356948228881
62.061985737794835
61.929652547979984
61.79731935816514
61.66498616835029
61.532652978535445
61.400319788720594
61.26798659890575
61.135653409090935
62.345400233957264
63.555147058823536
63.555147058823536
63.555147058823536
63.555147058823536
63.555147058823536
63.555147058823536
63.555147058823536
62.04437869822482
57.90735694822888
56.88385093167702
57.12782624912832
57.371801566579634
57.75020119481245
58.12860082304525
57.78875379939211
57.42382133995039
57.18109054527264
56.80391173520562
56.577288783143715
56.35066583108181
56.12404287901991
56.001561686621585
55.43191268191268
55.11563702216975
54.79936136242668
61.735933147632295
65.63704128440372
69.15984072810011
71.63443935926773
70.94972067039106
70.29183098591551
69.44246803779879
68.81828316610927
68.18537130094921
67.46418656302058
66.73992269464384
66.41248606465996
65.8300110741971
65.43038674033147
64.82770083102491
64.31347438752783
63.72616407982258
62.97211377579475
62.43300110741973
61.97938718662951
61.56937534549476
61.1314317673378
60.314363143631454
60.03917301414572
63.84400656814455
67.26233183856493
69.75098591549295
70.476404494382
69.67091412742383
69.025069637883
68.49692221600446
68.06622148024485
67.50167785234902
67.04661487236405
66.44163860830525
65.62354247640198
65.27170868347338
64.70121951219511
64.26662971175165
63.74475138121545
63.05960264900659
62.57458563535914
62.136186770428026
61.684414864115354
60.88042269187986
60.3170189098999
60.03995560488346
59.331848552338556
58.92888888888888
58.343959731543634
58.00505050505052
57.46464646464648
57.09070548712208
56.245762711864415
55.825325042396855
55.295184135977365
54.7034521788342
54.29378208784942
53.763761467889935
53.17431725740846
52.67435158501439
52.15939499709134
51.45745920745918
50.99186519465428
50.12853773584905
49.95695754716982
49.479031305374974
54.576901408450794
58.52394691286787
58.00843644544432
57.298396334478866
56.3950829045169
55.94394110985277
55.61318051575931
55.41436781609195
54.768523836875374
54.441900400686876
54.104287369640815
53.429890363531456
53.140057636887605
52.44002306805075
52.02734147760327
51.4962143273151
51.06449738524114
50.601166180758014
50.02992957746477
49.65573770491801
51.06304222093695
58.643757159221195
60.67183017785425
59.738408700629634
59.041714285714306
58.48548662492885
58.13325740318908
57.746302616609796
57.35294117647061
56.97679683078661
56.130633200228175
55.85471055618615
55.41264367816092
54.876065946560516
54.4005763688761
53.83438395415473
53.488225157955185
52.96020761245671
52.4979733642154
51.81051415366841
51.236416184971105
51.04964953271019
55.807821229050205
60.444193912063156
62.54474272930645
61.71492204899778
61.06881243063265
60.34438916528467
59.55788313120178
59.13787375415282
58.94757389849417
58.30138504155124
58.01167964404897
57.64797334813994
57.190105614230134
57.083656509695174
61.647090517241395
66.65472859541129
66.52625760088443
65.66611661166115
64.85138121546959
64.29168959823886
63.82047071702243
63.38021978021976
62.846659364731636
62.4451718494272
61.58791208791209
61.340971085651915
60.741003271537636
60.26037117903928
59.70326086956521
59.31147540983608
58.791028446389475
58.183415705656216
57.79027853631895
57.7583561643836
58.47745748688237
59.19655880938109
59.91566013187986
60.63476145437863
61.35386277687735
60.853658536585385
60.408602150537604
59.95673336938887
59.320967741935476
58.86099137931035
58.555075593952495
57.961454940282295
57.61775852734161
57.002720348204605
56.54708764289603
56.00490196078431
55.12820512820508
56.3823845327604
59.71051212938005
60.54565336249317
59.843563280825634
59.50809935205186
59.161395856052366
58.82745523602824
58.39175257731961
57.68790496760258
57.381828015143356
56.86836403033584
56.350734094616655
56.04326396495071
55.353102690829246
55.00110011001095
56.10043431053214
58.79792463134902
59.54471544715449
59.00545851528386
58.53499728703201
58.078227571115974
57.820163487738455
57.19474835886214
56.942982456140385
56.371739130434776
56.13710554951035
55.32876712328766
57.557826788596
60.087241003271544
59.855441256090955
59.3574144486692
58.836047774158544
58.45484045429964
58.045776566757496
57.76428960261296
56.982608695652175
56.589548176374535
56.18990775908844
55.913043478260875
55.41028446389487
57.092332613391136
60.992440604751664
63.193811074918585
62.77537796976242
61.587131367292216
61.105433028509935
60.62149028077755
60.26009693053311
59.69522776572671
59.26386645126547
58.79643628509717
58.404013015184375
57.86680988184747
57.227297152068786
56.75837837837838
56.32974717590099
55.8336909871245
55.33152173913044
54.961434003259
57.773255813953256
61.31516459794932
62.60640608034748
61.9795589026358
61.432563138097805
60.866200967221914
60.46331012319229
59.96282327586209
59.581008583691016
59.23338735818476
58.80366774541528
57.91016042780748
57.75752688172042
57.14663072776278
56.724396782841836
56.26821370750133
55.96158008658006
55.20956475013435
54.87980508933401
55.865415549597856
62.87257019438448
66.2478260869566
70.4772353263852
73.51737242128115
72.70884718498661
72.24638457418314
71.51394849785413
70.60246781115882
69.85313174946009
68.7808145766345
68.26171243941843
67.78111587982835
67.10181236673776
66.74906567004803
66.12633262260128
66.32838870091295
66.53044477922462
66.7325008575363
66.93455693584797
67.13661301415964
67.3386690924713
67.54072517078299
67.0899947061938
66.39259259259262
65.91263157894736
65.40791556728232
64.78439641539273
63.91389329107237
63.853722019781344
64.96775549795689
66.08178897613254
67.19582245430809
66.79535864978908
66.13473684210527
65.74105263157895
66.40062272963178
69.9423676012461
70.2139896373057
69.84737923946557
69.2142488384099
68.74486652977413
68.26332126228658
67.80546955624357
67.27884117951373
66.7441497659907
66.10005265929436
65.67624020887729
65.14181438998958
64.73615464994771
64.0280082987552
63.48134715025907
63.25976054138471
62.73078933612129
62.3497382198953
61.94496855345909
62.567091740571016
63.18921492768288
63.81133811479475
64.43346130190662
65.05558448901849
65.67770767613041
65.14457831325296
64.41947368421052
63.99058084772372
63.5865180467091
63.06607236497115
62.676004228329816
62.19831223628694
61.727465535524914
61.33105622700998
60.83254094030633
60.036939313984135
59.435525634386295
60.31711065573768
63.09244585314315
62.71769067796612
62.41036488630357
61.73908469226723
61.266631744368794
60.737447698744745
60.46797247220752
59.93723628691981
59.37233489339576
58.93382352941177
58.66211962224554
57.98534798534797
57.59968354430379
57.14308176100633
58.50881742738579
60.880171950564204
60.493866666666634
60.069779924852355
59.746116764863416
59.246415294742434
59.063140852671324
58.586466165413526
58.10105263157898
58.290719804280215
58.48038697698145
58.670054149682656
58.85972132238389
59.049388495085125
59.23905566778636
59.428722840487524
59.11403980634748
58.76259378349408
58.36756756756756
57.24063324538258
57.02430005282622
56.61114115738235
56.23043712898004
55.580319148936155
55.073857598299696
54.074688796680505
53.52272727272725
54.8293075684378
60.9324689357104
64.13824636901563
65.77164502164499
64.92600536193032
64.35161290322583
63.587953091684426
63.03433476394849
62.6137820512821
61.943940202883084
61.42011834319521
60.747485442032826
60.37711864406782
59.87645811240719
59.38062466913709
59.00475938656791
58.38709677419354
57.53421859039838
57.12382934443292
56.26458752515089
55.734748672395085
55.20490981963928
55.16807980049873
55.88784650424668
56.607613207994746
57.32737991174281
58.04714661549076
58.76691331923894
57.97032795419052
57.897637795275614
57.136386768447835
56.66277298120872
56.23296593186376
55.769969666329644
55.075471698113176
54.65236907730673
54.53446553446565
58.49345417925497
61.599248927038616
63.17744521646182
64.81567567567572
66.18736501079911
65.83627608346706
65.29524826481577
64.62163616792247
63.872168284789666
63.44062332079528
62.86051502145921
62.513933547695615
62.060687432867894
61.533155080213874
61.11032990805836
60.514563106796174
59.98149156232989
59.28185745140388
58.83909287257018
58.36773492667032
57.93484114162629
57.41788617886181
57.00861604738826
57.09287257019423
61.06319702602241
62.531652360515025
62.67641649775342
62.82118063499182
62.965944772230216
63.11070890946861
63.255473046706996
63.40023718394539
63.54500132118379
63.68976545842219
64.00053561863956
63.21936864633494
62.72210300429185
62.3151125401929
61.962843295638095
61.52380952380952
61.03765465303928
60.60246781115882
60.217694369973174
59.77789699570815
58.77496038034866
58.699086512627616
58.64481461579794
59.146312397245424
59.64781017869291
60.149307960140334
60.65080574158776
61.15230352303524
60.740238611713664
60.17669376693766
59.96093326098753
59.47288503253793
59.143640350877206
58.74267100977198
58.33931484502449
57.88597926895801
57.444384156267006
56.69517543859649
56.38423645320199
55.84248079034029
55.40120746432491
55.28125
58.61571815718162
60.35414364640883
60.65565651492318
60.95716938343759
61.25868225195194
61.56019512046635
61.8617079889807
62.89365256124722
62.690528634361215
62.21585903083701
61.900385250412796
61.44689047881121
61.21058434399117
60.419141914191414
60.086622807017534
59.6583333333333
59.2678767876788
58.78023191606849
58.44994499449945
58.06685082872929
57.610775151182
57.364790286975676
58.51478485136863
59.664779415761586
60.81477398015437
60.366150442477874
60.01701427003292
59.64718853362734
59.38809261300992
58.91570247933885
58.606294864715665
58.1112956810631
57.70695364238412
57.253435953820826
56.67622724765582
56.53484513274327
56.93647588568746
57.33810663863164
57.73973739157577
58.14136814451996
58.5429988974642
58.17372421281215
57.74533479692644
57.34615384615387
56.917815774958626
56.369506239826364
56.12348401323044
55.71460299833427
55.329071706503555
54.04046242774564
53.49629629629629
53.174210526315846
52.63306666666665
52.45071412429377
52.268361581920885
51.96713881019832
51.34521788341817
50.75314285714285
50.20845231296403
49.617461229178616
49.20979827089343
48.69476744186045
48.13871154962277
47.68062827225128
47.1230135373749
46.62900407687823
45.73282442748092
45.262500000000045
44.65973871733968
44.18392857142851
43.461629982153454
42.58612440191388
42.297859690844234
41.54523666866385
41.14817036592672
40.07099514563106
39.34197828709284
38.766021765417236
39.856115107913865
43.86619718309862
45.911019446081326
46.149202251579396
46.387385057077466
46.62556786257554
46.86375066807361
47.10193347357168
47.34011627906966
52.27511415525123
53.82505643340858
53.131830985915485
52.496329757199305
52.18186968838529
51.78649112764742
51.19578827546957
51.0664772727273
50.55210132412205
50.41978148361113
54.49174008810587
58.47748749305174
60.34770591487006
59.739989029072945
58.86105032822752
58.15431081823175
57.70957095709571
57.38558164937194
57.07738748627878
56.52654625068419
56.40704070407037
55.822784810126564
55.53901098901099
54.974599668691326
55.788463412720716
56.60232715675011
57.416190900779384
58.230054644808774
57.84313725490199
57.49808638600325
57.10583742498636
56.70500825536601
56.227965179542934
55.67812329514459
55.35761589403978
54.81507980187121
54.43030973451323
53.9591836734694
54.710684931506876
57.2440217391304
57.6106243154436
56.79683233205901
56.47697368421052
56.140273972602756
55.69407894736844
55.43188086045234
54.97304730473047
54.58111111111111
54.050969529085876
53.761061946902714
53.108756274400434
52.60533629794327
52.04011142061279
51.46214245653391
51.0662177328844
51.23738570189103
51.40855367089763
51.579721639904236
51.75088960891087
51.92205757791747
52.093225546924074
52.26439351593069
51.92760942760947
51.439572793704315
51.113700966458225
50.628718535469105
50.6840320537531
50.739345572037095
50.7946590903211
50.8499726086051
50.905286126889095
50.96059964517309
51.01591316345709
51.07122668174111
50.64793577981652
50.10285714285709
49.655690352397414
48.83918128654972
48.566841798015176
48.707897793263555
50.445867287543706
51.87892632781268
51.90986879634909
51.62945914844647
51.49250288350635
51.14825581395348
50.67075306479859
50.2918379330593
49.90456431535267
49.552678045909374
49.13492537313432
49.18440463314895
49.23388389316358
49.28336315317821
49.33284241319283
49.38232167320746
49.431800933222085
49.48128019323673
49.058787878787825
48.586877278250256
48.15182926829266
47.707823960880205
47.219975490196134
46.77322738386309
46.88322065150578
49.007326007326014
49.95615103532276
50.215384386162896
50.47461773700297
51.63946406820946
52.756527018822
53.79418886198545
54.21321321321321
54.12809667673716
54.03811252268599
53.67898243488793
53.52682338758291
53.280946601941764
52.68844525105868
52.417122040072854
51.98713235294122
51.30971288943192
50.85486834047765
50.39668914776212
49.90143480973177
49.39578163771711
48.98879202988792
48.63495024875621
48.82812920251186
49.02130815626751
49.21448711002313
49.40766606377878
49.600845017534425
49.79402397129007
49.98720292504572
49.60845588235293
49.25415384615383
48.871287128712765
50.523693803159404
52.61680572109654
52.79459594258148
52.97238616406645
53.15017638555142
53.32796660703639
54.502089552238886
55.494321578003564
56.67423789599525
57.50119617224891
59.00778443113768
60.03021148036254
60.31121833534377
60.23109497882638
59.96184130829798
59.74051776038533
59.4012121212121
59.13688673531192
58.76106731352331
58.133858267716505
57.642727821363906
57.17657766990294
56.63177115033477
56.264920828258255
55.70324954015939
55.27328431372547
55.61415384615384
58.807926829268354
60.042761148442196
61.03667481662592
61.66380368098157
62.30434782608694
62.68796068796064
63.35232843137254
63.70149253731341
64.017316017316
63.829944547134915
63.23333333333335
62.9532307692308
62.623368551895624
61.88228004956636
60.60250000000002
60.31152647975074
59.88657844990553
59.39252336448595
59.09505941213257
59.38986866791748
59.68467792370234
59.979487179487194
60.27429643527205
60.56910569105693
60.38408949658174
60.18609022556393
59.84798994974873
59.840408866097036
59.83282778244534
59.82524669879365
59.81766561514195
59.63544940289131
59.24575738529222
58.78837650031585
58.510113780025335
57.87365079365077
57.19833653230967
56.607979734008836
56.189016602809716
55.57042702358194
55.10468850353243
54.49164524421599
54.021331609566914
53.32430689877498
52.905745642349984
52.002585649644516
51.50065104166663
50.879299156391994
50.42245295262819
49.77367055771725
49.370684039087905
48.900393184796826
48.45341207349077
47.85114754098356
47.13017751479288
46.65992167101831
46.239259748843324
45.805118110236435
47.75734355044733
51.71428571428578
54.37451984635095
55.96741214057511
55.46424010217106
54.56634920634917
54.344126984127
54.126662444585236
53.61392405063293
53.2933417085427
52.74540848638378
52.496538703587134
52.048101265822766
51.64895635673622
50.90851334180434
50.432192648922694
50.06024096385545
49.5438373570521
49.084283903675555
48.52611464968152
48.162761241292
47.77148313176349
51.24292742927446
56.33999999999992
57.26253869969037
56.63355953115365
55.874006116207966
55.51696483652063
55.110904584882235
54.71586037966932
54.34990791896871
54.0635802469136
53.36083743842363
53.0357362908195
52.65740740740739
52.13149847094803
51.72503082614054
51.329020332717164
50.67184586699818
50.25
49.553283767038465
49.11878109452732
48.556307692307655
48.91341564711945
49.270523601931245
49.62763155674304
49.984739511554835
50.34184746636657
50.69895542117837
51.05606337599022
50.666666666666686
50.303233679072605
49.96441717791413
49.52099817407185
49.118115055079556
48.61035758323055
48.276032039433176
48.003699136868136
47.225647348951895
46.913043478260875
47.523284313725526
49.170030581039754
49.294769230769234
49.21821515892424
48.98890942698711
48.61980440097801
48.39194139194137
48.038626609442076
47.67647058823525
47.28545119705342
47.05596555965576
49.0743851229754
51.113801452784514
51.74447761194028
51.2925211097708
51.0047961630695
50.526570048309196
50.34136062612879
49.85124468731027
49.54396604002426
49.25975609756097
48.75030450669914
48.479902557856235
47.955351681957154
47.549330085261886
46.895126465144926
46.384710234278714
45.95943454210203
45.43734643734638
44.97559487492373
44.68417799752797
47.38363636363647
48.97276029055689
48.67922235722966
48.402803168799494
48.270948012232395
48.0292682926829
47.73410757946209
47.47323600973232
47.10622710622715
46.66116207951069
46.3171779141104
46.00854179377666
45.31863354037273
44.90628853267572
44.55264797507789
43.954658385093126
43.5176908752328
42.823603264281246
42.4743833017078
41.90440251572329
42.35714285714266
44.48423005565863
44.53316800991941
44.52047146401986
44.247066090179146
44.073019801980195
43.61910669975191
43.14766355140182
42.72540473225399
41.973282442748086
41.66307106598981
41.23248407643314
40.641629535327866
40.033505154639215
39.63384813384812
40.32610082961082
42.6527170518426
42.70363408521304
42.746061751732825
42.788917614935066
42.831773478137315
42.874629341339556
42.9174852045418
42.96034106774405
43.00319693094639
44.53140703517579
45.560050568900124
46.11243718592965
46.24481382295107
46.377190459972496
46.50956709699392
46.641943734015285
47.90781945327399
48.80798479087453
48.84050632911391
48.62029355456286
48.399616368286445
48.115186615186644
47.72096041531472
47.426326129665995
47.03052422030527
46.68954248366015
46.20780939774983
45.96039603960401
45.37483266398931
47.11307189542504
49.71485148514853
51.18811234487248
52.731274638633295
55.008496732026146
55.189610389610436
54.835751978891835
54.38231382978722
54.19451871657748
53.71011541072642
53.32814614343704
52.913428766189554
52.55845942228336
52.066942719116696
51.62914364640881
51.1713483146068
50.6388499298738
50.265625000000114
49.53878702397742
49.180269694819
48.704415954415936
48.27940128296507
47.800286327845356
47.33808844507848
46.829863603732974
46.460057061340876
45.68220946915358
45.21291696238467
44.89390681003579
47.05636743215018
50.90159390159397
53.72075208913611
57.37872628726291
59.61716171617161
58.943383805135
57.79278074866306
57.177777777777806
56.61846571622539
56.23812754409772
55.887248322147684
55.41492938802958
55.10714285714289
54.54163845633042
54.25034013605432
53.324269204622624
54.72666666666646
59.47968545216236
61.48370273794001
60.83877284595292
60.097449313276684
59.57908496732023
59.067144719687064
58.71166448230679
57.92182410423459
57.5869706840391
57.118798955613556
56.819190600522234
56.344466273739386
55.92857142857156
58.57894736842081
61.79503500954797
62.5948002536461
61.3863065326633
60.81600504095775
60.388888888888914
60.049087476400246
59.46451204055768
59.01137800252843
58.50475586556752
58.24826279216677
57.80901015228437
60.54146039603938
63.2896551724138
63.68150896722318
62.87818520820383
62.26973275326293
61.747512437811
61.34208880550341
60.75232198142419
60.39465506525789
59.57826086956527
59.24469413233453
58.65830721003135
58.19975186104216
57.72403003754698
57.339704069050526
56.88147223955082
56.31601731601734
55.90597758405977
56.59306913998569
57.280160695911604
57.96725225183752
58.65434380776338
58.36909871244637
58.122100122100164
60.12881562881557
61.415394013439254
62.00919117647061
61.87185775597794
61.77031154551008
61.55894929749542
61.271341463414615
61.020085209981744
60.65188335358448
60.249084249084206
59.934218467109304
59.137386018237066
58.65510948905114
58.170924574209266
57.757317073170725
57.269020085209945
56.798181818181774
56.28788800973825
55.83343502135449
56.45901639344265
58.8743932038835
58.74954407294831
58.599393939393934
58.4969696969697
58.21380981223501
57.82037371910792
57.3917274939173
57.105103280680396
56.55406230910205
55.969034608378934
55.50091631032376
55.10640870616692
54.56162720097143
54.033618581907035
53.60771113831089
53.59238796807858
56.73693693693694