94.29595015576324
97.57235772357723
97.7816091954023
97.56937799043062
97.19108280254777
96.73028391167193
96.57661927330173
96.33228840125392
95.57680250783699
95.29032258064517
94.85347432024169
94.46341463414635
94.22390317700454
93.90638930163448
93.45291479820628
93.27164179104477
92.95
92.481426448737
92.19208211143695
91.94956772334294
91.38360175695462
92.81940298507463
96.0016077170418
96.5424
96.27287319422152
95.73040752351098
95.62243285939968
95.3250773993808
94.81832543443917
94.4645061728395
94.28834355828221
93.7040971168437
93.4773413897281
93.2299703264095
92.79970326409496
92.42370370370371
92.01804511278195
91.41604754829123
91.38325991189427
91.08235294117647
90.65462427745665
90.17481481481481
89.84789156626506
89.4423076923077
89.21565731166913
88.73502994011976
89.25616542145067
89.77730090278159
90.2984363841125
90.81957186544342
90.49172932330828
90.11077844311377
90.05052005943537
89.45089285714286
89.08095952023989
88.97014925373135
88.39497041420118
88.18507462686567
87.94875549048317
87.4043795620438
87.25149700598803
86.99375975039001
86.2573673870334
86.2573673870334
86.2573673870334
86.2573673870334
86.2573673870334
86.25736738703341
91.39603960396039
91.45077720207254
92.45423728813559
93.26229508196721
93.11127306399615
92.9602510460251
92.58527827648115
92.39429530201342
91.96579804560261
91.78637770897832
91.55319148936171
91.21353383458647
90.7565982404692
90.34153400868307
90.23680456490727
89.79050279329608
89.4979079497908
91.28913963328631
95.44179104477612
95.50741839762611
95.55959302325583
95.18091168091168
94.81971830985916
94.49929478138223
94.1750700280112
93.80645161290323
93.46935933147633
93.27361111111111
92.9904109589041
92.56087551299589
92.18367346938776
91.97849462365593
91.39809782608695
91.02724795640327
90.65182186234817
90.51836734693876
90.05825242718447
89.5800933125972
88.29315960912052
88.29315960912052
88.29315960912052
88.29315960912052
88.29315960912052
88.29315960912052
88.29315960912052
88.29315960912052
88.29315960912052
88.29315960912052
88.2931596091205
86.41436464088397
86.39007932328308
86.36579400568218
86.34150868808126
86.31722337048036
86.29293805287945
86.26865273527855
86.24436741767764
85.95859872611464
85.60391566265059
88.32771822358347
91.33281733746131
91.43491577335374
91.09186746987952
90.87752161383285
90.79043600562588
90.51666666666665
89.92797783933518
89.66073871409029
89.27916666666667
88.7327001356852
86.45856353591162
85.44039270687237
85.22800000000001
84.92146596858638
84.6086956521739
84.42424242424244
84.03030303030303
83.84168865435356
83.57519788918206
83.33246073298429
82.94195250659631
82.69433465085639
82.42049934296978
81.91525423728814
81.7060367454068
81.33989501312335
81.03698811096433
83.41501976284582
86.40425531914894
88.14227642276424
87.82051282051282
87.76241610738253
87.38315217391305
87.18194254445964
86.93931034482759
86.65484311050477
86.32328767123288
86.08207934336525
85.65573770491802
85.28571428571429
85.1013698630137
84.51962110960758
84.16323731138544
83.78697421981003
83.59303882195448
83.3686327077748
83.1307901907357
85.90444145356662
88.36216216216216
88.763907734057
88.43265306122449
88.30254350736277
87.90106951871658
87.76541554959786
87.33643617021278
87.08735332464147
86.7337748344371
86.46587926509187
86.00922266139659
85.62385321100919
85.38410596026492
84.91743119266053
84.64397905759162
84.52686762778507
85.47174770039419
87.60522875816994
88.80713342140028
88.57368421052632
88.24010554089712
87.95294117647057
87.55176933158585
87.2532299741602
86.81307189542484
86.53585397653194
86.27249357326478
85.88642297650131
85.57328145265889
85.06597671410091
84.70731707317073
84.53580562659846
84.06088082901556
83.7201540436457
83.56370656370655
85.85529715762272
87.91258278145696
87.5229357798165
87.33808290155439
86.91895424836599
86.66492146596859
86.39634941329857
86.01171875000001
85.68270481144343
85.49086161879897
84.96368352788586
84.80181347150256
87.4276315789474
89.37926509186352
88.77003942181341
88.65006553079948
88.39814814814815
88.02766798418972
87.81806108897743
87.55333333333334
86.92885906040269
86.66088117489987
86.42323097463284
85.86037234042553
85.63925729442971
85.30748663101605
84.96688741721854
84.61690885072656
84.31578947368422
83.76657824933687
83.87105263157889
87.5
89.84811827956989
89.35397039030956
89.08053691275168
88.86559139784946
88.61133069828722
88.29014844804317
87.66798418972331
87.4451871657754
86.8825857519789
86.86058981233245
86.48936170212767
88.4227212681638
90.09876543209876
90.32967032967035
90.12414733969987
89.66437414030261
89.49048913043478
88.94421768707483
88.71293800539084
88.32388663967612
87.86595174262735
87.64926372155288
87.37135278514589
86.88069705093832
86.38359788359787
85.95295698924731
85.58179419525067
85.26294820717132
84.83510638297872
84.56400000000001
84.12483221476509
83.73092369477914
83.5033467202142
83.91967693705323
84.33600715389225
84.75233737073127
85.1686675875703
85.58499780440933
86.00132802124836
85.72582781456956
85.3934210526316
84.84707446808513
84.67506631299734
84.98266038738798
85.29025446177863
85.59784853616928
85.90544261055992
86.21303668495057
86.5206307593412
86.82822483373185
87.1358189081225
86.89285714285714
86.44121532364596
85.9325396825397
85.63612217795483
85.4527296937417
84.80291005291005
84.56767411300916
86.63492063492072
90.79463087248322
90.81501340482572
90.5509383378016
90.17438692098091
89.86442953020135
89.65587044534414
89.16238159675235
88.74899328859061
88.60810810810813
87.83311081441923
87.59205298013246
87.23373173970785
86.79494007989348
86.48741721854304
86.07539682539682
85.72450331125827
85.35809018567639
84.90787716955941
84.36387782204514
85.72715231788084
88.7803234501348
91.35939643347052
90.98110661268555
90.70405405405407
90.45331529093369
90.05858310626704
89.77540106951875
89.09864864864866
88.81073825503354
88.51347708894878
88.00405953991883
87.69594594594597
87.25403225806453
86.88015978695074
86.46666666666667
86.13297150610583
85.55585464333782
85.13821138211381
84.84075573549256
84.36535859269281
84.16049382716051
83.68876860622464
83.29877216916779
83.02194787379975
82.68113975576662
83.26751909643701
83.85389843710738
84.44027777777778
84.32777777777778
83.85345997286296
83.79025710419486
83.32971506105835
82.85175202156336
82.38315217391306
81.97560975609755
81.75033377837121
80.03566529492457
77.67994505494505
77.2268326417704
76.97375690607734
76.56712328767122
76.19204389574759
75.4959349593496
75.0925414364641
74.5732044198895
74.34979423868313
73.96403872752418
73.3763736263736
72.90668523676882
72.53846153846155
72.1881868131868
71.56435643564362
73.86401098901104
75.90250696378826
78.54781420765028
79.90771349862257
80.02414665965381
80.14057982068503
80.25701298171626
80.3734461427475
80.48987930377872
80.60631246480995
80.72274562584118
82.16847826086956
81.78301886792453
81.54324324324324
81.26949384404924
81.10259917920655
80.7694406548431
80.20793433652531
79.90983606557376
79.47418478260872
79.05722070844686
78.70122783083218
78.40939597315436
78.12483039348712
77.57994579945796
78.47837837837835
80.98058252427182
82.16944444444445
82.18888888888888
82.20833333333333
82.22777777777777
82.24722222222222
82.26666666666665
84.01532033426184
84.85634588563457
84.41850828729284
84.21081081081081
83.80378890392421
83.52739726027397
83.03601108033243
82.72077028885832
82.39207650273224
82.15076071922545
81.60416666666666
81.00139275766017
80.62605042016807
80.22829131652662
79.95886524822694
79.56981664315941
79.13604488078542
79.34405594405598
81.70967741935482
82.59577464788732
82.64737271704406
82.6989707862008
82.75056885535754
82.80216692451427
82.853764993671
82.90536306282775
82.95696113198449
83.00855920114122
83.14857142857142
83.03879310344826
82.68421052631581
82.4180790960452
82.11714285714285
81.77247191011236
81.37042253521125
81.01410437235543
80.63025210084032
80.07428571428571
79.72355430183359
79.31258840169733
78.97163120567376
78.61830985915495
78.17453505007154
79.13798008534854
81.72972972972974
82.2703488372093
81.8005698005698
81.70128022759599
81.2651296829971
81.01870503597124
80.76304654442876
80.308908045977
80.00717360114777
79.72571428571428
79.23076923076923
78.86899563318781
78.25255474452555
78.09224011713032
77.84692417739626
77.2259475218659
76.98240469208213
76.4919941775837
76.00733137829909
75.60837070254115
76.8971014492754
79.01764705882351
80.00869565217394
79.54545454545455
79.27913669064748
78.97976878612715
78.64204545454547
78.25578034682081
78.06752873563221
77.32137733142038
77.13100436681222
77.42380261248195
80.59510086455327
82.24492753623188
82.04678362573097
81.61911554921542
81.36441893830704
81.0342368045649
80.48988439306359
80.27104136947216
79.90359712230216
79.76394849785407
79.12981455064194
79.08538350217077
79.84546826246623
80.60555302276168
81.36563778305714
82.1257225433526
81.92908827785817
81.5423242467719
81.13285714285715
81.01276595744679
80.62517680339465
80.14367816091954
79.98288159771755
79.27221438645981
79.09155937052932
79.10596378451596
79.1203681985026
79.13477261248924
79.14917702647588
79.16358144046252
79.17798585444916
79.1923902684358
79.20679468242247
78.92941176470586
78.5612998522895
77.26435045317226
74.0980091883614
72.64817749603803
72.57656250000002
71.9736842105263
71.70499243570345
70.82704402515725
70.3794712286159
70.0215716486903
69.54517611026034
69.24148606811144
68.7131782945736
69.99525316455674
75.02080237741461
77.09288824383162
76.48484848484847
76.28550932568149
75.99135446685881
75.60145985401459
75.26542324246773
74.9520348837209
74.30680173661358
73.89306358381504
73.7219858156028
72.83936324167871
72.46695402298849
71.84480234260616
73.30303030303025
76.03741007194245
76.12285714285713
75.96028368794327
75.44921316165954
75.02702702702703
74.70239774330042
74.0653409090909
73.77298050139274
73.28429985855732
72.91926345609065
72.71205673758863
72.17988668555242
72.58426966292132
74.7625
74.95880681818181
75.1077504769242
75.25669413566659
75.40563779440897
75.55458145315137
75.70352511189375
75.85246877063615
76.00141242937855
76.98579545454544
76.70323488045005
76.56371191135736
76.1908077994429
75.98891966759004
75.56903765690376
75.28936170212768
74.75211267605636
74.50702247191009
73.8778409090909
73.54596100278553
72.99136690647481
72.6581560283687
75.39917127071817
77.9472182596291
78.03932584269663
78.0532483836545
78.06717092461238
78.08109346557026
78.09501600652816
78.1089385474861
80.15266106442576
80.53867791842475
80.30315500685873
79.95604395604394
79.80437756497946
79.58620689655174
78.9159663865546
78.72954230235786
78.49436619718313
78.00558659217876
77.699716713881
77.50564971751407
78.53081232493003
79.95584045584047
80.8060344827586
80.89567621764657
80.98531795253453
81.07495968742248
81.16460142231043
81.25424315719837
81.3438848920863
83.04671532846714
85.34580838323359
86.67518796992482
86.30895522388062
85.87593423019432
85.67616191904051
85.30572289156623
84.85498489425981
84.51928783382789
84.18873668188735
83.71555555555557
83.50593471810089
82.91691394658756
82.44642857142856
82.10928143712573
81.79253731343283
81.50223546944858
81.27245508982035
81.57960939288425
81.88676369594815
82.19391799901204
82.50107230207594
82.80822660513984
83.11538090820373
83.42253521126759
85.42180094786727
86.83089430894313
88.17218543046357
87.98160535117057
87.54013377926421
87.29672131147544
86.983498349835
86.650974025974
86.27823240589197
85.87828947368419
85.49180327868854
85.15789473684214
84.65849673202615
84.98869578950013
85.31889484697413
85.64909390444811
85.4512987012987
85.31928687196114
84.65849673202612
84.30179445350723
81.62764227642288
79.8006482982172
78.98701298701297
78.5451612903226
78.12175324675326
77.7079365079365
77.18314424635332
77.14469453376205
77.7497778845613
78.35486123536054
78.95994458615979
79.56502793695904
80.17011128775835
80.05079365079368
79.78526645768028
79.26886792452842
81.79483037156706
84.0890756302521
84.23316912972086
83.9472817133443
83.515923566879
83.00966183574877
82.62539682539682
82.28164556962025
82.05288461538464
81.62875197472351
81.16825396825396
80.71317829457365
80.26018808777428
79.67596899224804
79.3796875
79.65785381026444
82.58879999999999
83.06891025641028
82.48264984227131
82.1132075471698
81.76489028213166
81.32819722650231
80.78181818181821
80.33990895295904
79.93655589123867
80.1422338199003
80.34791174856193
80.55358967722358
80.75926760588521
80.96494553454684
81.1706234632085
81.37630139187013
81.58197932053179
81.28340675477239
80.69767441860463
80.35982658959534
79.94042553191491
79.378223495702
78.93069306930693
78.3794579172611
80.90743338008406
83.20324005891017
83.30000000000001
82.80456490727533
82.57325746799432
82.18454935622316
81.73533619456367
81.31258840169733
80.67760342368047
80.40673211781206
79.81398601398598
79.47426981919335
78.79218967921895
78.51549295774646
78.12394366197191
80.35605006954097
82.86741889985899
82.47776183644191
82.07560627674752
81.75280898876406
81.27142857142854
80.8553370786517
80.57524613220818
80.01274787535408
79.74858757062145
79.23654390934844
79.21267605633801
79.7640550003934
80.31543394444878
80.86681288850423
81.41819183255961
81.969570776615
82.52094972067039
81.96605374823196
81.44522471910113
80.8293370944993
80.46544428772921
79.93248945147678
79.58553546592486
78.99016853932585
78.65223463687153
78.30672268907563
77.89400278940047
81.39915373765871
85.92857142857144
85.44202898550719
84.82972582972585
84.67924528301887
84.11337209302326
83.72883787661405
83.4893314366999
82.683908045977
82.4858757062147
82.7679324894516
86.50714285714275
88.59822747415069
88.06203840472676
87.61572052401749
87.39187227866478
86.81571428571428
86.61373390557935
85.95021337126599
85.58815232722145
84.86901408450706
84.56118143459912
83.96100278551535
83.50762829403607
83.10729023383772
82.58611111111111
82.17414965986404
83.69642857142844
86.77428571428572
88.74814814814818
88.40962099125363
87.79797979797979
87.59628334628334
87.3945868945869
86.84180790960451
86.54765291607396
85.69338959212376
85.1877551020408
84.81717451523542
84.26603001364259
83.85422343324251
83.42391304347825
83.05298913043478
83.03773584905662
83.62137325224802
84.20501065543948
84.78864805863088
85.37228546182234
85.9559228650138
85.60580912863071
85.10109289617486
84.57844474761254
84.10547396528705
83.53369272237194
82.7098515519568
82.45295698924735
81.83914209115278
81.41857335127861
82.26251691474954
85.59326788218777
88.46906474820145
88.121776504298
87.8093220338983
87.33380480905237
86.76117318435755
86.48543689320388
85.76462395543177
85.40472878998605
84.86768802228414
84.33743169398906
83.90041493775936
83.51846785225723
82.64498644986452
82.27897574123989
81.73605442176871
81.97936726272337
84.87656033287112
87.76487663280113
88.82794117647059
88.94591949225105
89.06389780803151
89.18187612381197
89.29985443959254
90.86384266263235
92.37066246056781
92.74021909233176
92.62848297213623
92.40662650602405
91.81524926686217
91.6685878962536
90.73417721518985
90.40620592383641
89.92947813822286
89.4874651810585
88.89275766016715
88.55418381344305
87.76319350473614
87.34718498659515
86.6639344262295
85.98785425101215
85.62045760430692
86.78918918918907
89.48261474269819
89.73876404494382
89.5346260387812
88.94910591471802
88.73018080667589
87.70705521472394
87.6418269230769
85.91983122362869
85.91983122362869
85.91983122362869
85.98530686612966
86.05078250863062
86.11625815113158
86.18173379363253
86.24720943613349
86.31268507863444
86.3781607211354
86.44363636363636
86.27655986509274
85.88178913738022
85.4507692307692
84.89153046062404
84.59237536656894
83.88778409090912
83.3379501385042
82.77123287671236
82.30067114093958
81.84459459459458
81.55227882037536
82.0745051597076
82.59673149903978
83.11895783837201
83.64118417770419
84.16341051703637
84.6856368563686
84.14973262032083
83.7581081081081
83.13235294117646
82.79116465863456
82.11662198391423
81.76165113182424
82.60916442048529
85.25240054869684
85.5652777777778
85.07340720221606
84.69282814614343
84.24931880108988
83.86657681940699
83.43031123139372
82.83695652173913
82.04679144385025
81.93899204244053
85.20107962213206
88.26880222841226
88.70338983050846
88.23870056497174
87.90436005625878
87.6740638002774
87.0526315789474
86.36588720770288
85.87225274725279
85.30620689655177
84.70644718792869
84.30027548209364
83.70923913043475
83.26912568306011
82.7360544217687
81.92982456140362
83.91711956521749
87.09570041608879
87.51680672268908
87.60676503887474
87.69672335506039
87.78668167124603
87.87663998743167
87.96659830361733
88.05655661980298
88.14651493598876
90.61605839416059
90.83748169838947
90.64418938307028
90.31884057971013
89.96866096866097
89.57082152974505
89.06073446327684
88.37964236588721
87.80658436213992
87.36740331491717
86.78961748633878
86.40027700831024
85.74898236092258
87.95435684647305
90.09077598828696
90.51698670605612
89.99854862119014
89.60832137733144
89.21602288984263
88.92178770949727
88.28471248246842
87.71727019498604
87.22777777777776
86.7386519944979
86.27208976157078
85.34794520547939
84.79781420765028
85.03556771545846
88.69632768361589
90.36312056737586
89.67559943582512
89.27982954545456
88.85872576177286
88.39747191011236
87.62378976486866
86.90247252747255
86.70498614958444
85.92127071823205
85.58126721763085
84.77671232876708
84.27951153324284
83.76985195154771
85.52917232021719
90.29197080291976
89.81857764876634
89.52142857142854
89.04829545454544
88.64027777777778
88.22991689750688
87.67265193370167
87.04755434782612
86.7530695770804
85.79566982408659
85.3739837398374
84.77747625508819
84.73989218328836
85.06568018042793
85.3914681775675
85.71725617470707
86.04304417184665
86.36883216898616
86.69462016612573
87.0204081632653
86.61924119241189
85.99320652173913
85.62670299727517
85.13072776280319
84.55238095238099
84.04600811907983
83.34550989345507
82.6778350515464
82.6778350515464
82.6778350515464
82.6778350515464
82.6778350515464
82.67783505154637
83.72294794402399
84.7680608365019
84.77646003332337
84.78485923014483
84.7932584269663
84.43434343434342
83.85608856088561
83.68465430016863
83.21794871794873
82.87230769230769
82.52279635258355
81.64801178203243
82.67893961708387
86.04654654654655
86.77155824508321
86.40447761194031
86.08345534407022
85.54093567251459
85.15242165242171
84.67385057471267
83.8252148997135
83.29018492176385
82.77871148459383
82.25105189340815
81.75592747559267
84.36477115117896
87.26118326118325
87.01569186875895
86.67288378766136
85.99858557284301
85.65677966101691
85.14246196403872
84.64066852367694
84.05729877216913
83.52400548696846
83.15650969529088
82.6491712707184
85.719887955182
89.52089552238806
89.1611030478955
88.71449275362318
88.35057471264372
87.85897435897436
87.35050071530759
86.84247538677914
86.20476858345023
85.70827489481064
84.94273743016754
84.41036414565826
83.91147994467497
83.20926966292137
82.75246132208156
82.1313269493844
84.05263157894751
87.09686609686605
87.68934911242604
87.0277372262774
86.76258992805754
86.20910384068276
85.77999999999997
85.25105782792662
84.74568965517244
84.24393723252501
83.64255319148936
82.8390313390313
82.21499292786422
81.90014265335236
82.39794419970622
84.64629629629621
86.04282115869012
86.67204301075269
86.67204301075269
86.67204301075269
86.67204301075269
86.67204301075253
88.85365853658539
88.29910714285711
88.02693602693603
87.65730337078651
87.58109070978348
87.50487804878054
87.054054054054
86.6180698151951
86.33921568627454
85.7914338919926
85.28076256499128
84.76655629139077
85.78160919540232
88.77835951134375
89.73967684021545
89.30592105263156
88.8528951486698
88.48452012383899
88.177811550152
87.5336322869955
87.24852941176471
86.46989720998533
85.97953216374265
85.52685050798254
84.88005780346822
84.50576368876091
87.13946587537112
89.61669242658424
89.62808641975312
89.38778625954194
88.73604826546006
88.43536404160477
87.87368421052633
87.49560117302053
86.6914119359534
86.304347826087
85.64483260553129
84.96098265895955
84.514450867052
84.82158273381265
88.54843517138579
91.17001545595053
90.52743902439022
89.90606060606058
89.34441087613288
88.84649776453057
88.2995529061103
87.72500000000002
87.12112259970456
86.6902654867257
86.2225475841874
85.48911465892593
84.57452966714902
84.08892128279882
84.42691751085385
87.88905775076
91.34069400630915
91.57467532467535
91.18560000000002
90.66197183098598
89.869029275809
89.46433990895298
88.98632218844989
88.36818181818182
87.6131934032984
87.12971342383105
86.54074074074072
86.02370370370375
85.59499263623002
89.23390894819477
92.11538461538464
92.63605442176868
92.3016393442623
91.98368678629686
91.54003139717429
91.0651162790698
90.43504531722056
89.98782343987824
89.64925373134338
91.88888888888869
94.03505535055353
94.85356454720613
94.25483304042177
94.18544194107452
94.03108808290153
93.20907617504051
93.01470588235293
92.24160000000006
91.58658346333857
91.02336448598129
90.69938650306744
90.03715170278633
89.58108108108104
88.99698795180723
88.59822747415069
88.0135338345865
88.74401197604811
92.05172413793116
94.85472972972973
94.97986577181211
94.61730449251249
94.43946932006634
94.06035889070142
93.46215780998386
93.03961965134704
91.9969183359014
91.69172932330821
90.93061840120663
90.46326836581704
89.67410714285711
89.12107623318389
88.53244837758109
87.88130563798217
87.55223880597009
86.47774480712167
85.87352941176471
86.55917159763294
89.58125000000018
92.72520325203249
92.53896103896102
92.35569422776905
91.99533437013997
91.36544342507636
90.44796380090497
90.13102409638554
89.52395209580834
88.87975646879761
88.31958762886597
87.67741935483866
87.16913946587533
86.67109144542769
85.78002894356007
85.40489913544661
88.33131618759444
91.36842105263156
91.18571428571431
90.80817610062888
90.37325038880249
89.88372093023258
89.4939024390244
88.44796380090497
88.00607902735567
87.51117734724289
86.99398496240599
86.53138686131388
85.68235294117648
85.32142857142856
84.75072463768117
84.05718475073309
83.13254786450659
82.67638483965014
82.66861313868611
83.00655786037044
83.34450258205476
83.68244730373902
84.02039202542329
84.35833674710761
84.69628146879194
85.03422619047615
84.54185022026434
83.826409495549
83.37683284457489
84.7764705882355
88.29485179407175
90.54982817869416
90.5793218028457
90.60881542699724
91.41450777202073
91.41450777202073
91.41450777202073
91.41450777202073
91.41450777202073
91.41450777202073
91.41450777202073
91.41450777202073
91.41450777202073
91.41450777202073
91.41450777202073
91.41450777202044
86.7783505154639
86.25263157894737
86.31008667252857
86.36754176610975
86.06479481641469
85.68138195777351
85.2081218274111
86.31447587354432
89.25597269624575
89.88410596026489
89.65780730897012
89.34272300469479
88.77812995245642
88.37888198757764
87.87906976744193
87.0
86.53333333333333
86.53533834586506
90.07936507936506
91.69421487603313
90.85150078988943
90.64596273291932
90.06748466257659
89.26969696969695
88.90591805766314
88.19667170953107
87.58753709198811
87.13403614457832
86.57206537890045
86.07196401799104
85.49538461538464
84.57380952380953
84.57380952380953
84.57380952380953
84.57380952380953
84.57380952380953
84.57380952380953
84.57380952380953
84.57380952380953
84.57380952380953
84.57380952380953
84.57380952380959
85.37897693723721
86.18414435066506
86.98931176409292
87.79447917752077
88.59964659094862
89.40481400437636
88.899209486166
88.39335664335658
87.61397670549081
87.06862745098033
86.46021840873641
86.07919254658384
85.37904468412944
84.81109445277343
86.59606656580945
90.07814992025519
90.32857142857142
89.7021943573668
89.23846153846159
88.64048338368582
88.2136363636364
87.57503714710253
87.00746268656712
86.56656804733734
86.07934131736522
85.44411764705876
85.90075187969887
89.35869565217399
91.63175122749601
90.89776357827475
90.72527472527474
90.24031007751944
89.84129429892141
89.26957831325296
88.67275494672754
87.72180451127815
87.23308270676694
86.61194029850742
86.17138599105806
85.50446428571433
85.04719764011804
84.5184638109306
83.8859259259259
83.50438596491244
84.19802096705189
84.89165596919145
85.58529097133089
86.27892597347045
86.97256097560978
86.63030303030314
85.8952802359882
85.706231454006
84.6902654867257
84.16691285081242
83.66421207658323
83.62241887905606
84.0432178903547
84.46401690165334
84.88481591295198
85.30561492425062
85.72641393554926
86.1472129468479
86.56801195814649
86.01038575667656
85.51627218934914
84.88088235294117
84.45294117647063
83.89201183431953
83.41288433382124
86.35628742514928
89.97253634894992
89.35646687697158
89.10393700787404
88.56942277691104
88.23394495412833
87.542113323124
87.20030816640985
86.66818873668183
86.33233532934128
85.41716867469881
84.83136094674558
84.20720720720715
83.727002967359
84.2870090634442
87.92973856209119
91.23008849557482
94.52880658436214
94.5731462925852
94.15101289134441
93.79541446208111
93.5276816608997
93.16107382550337
92.89739413680786
92.20975609756101
91.90408805031439
91.13975155279503
91.17757009345814
93.43726937269372
93.7806691449814
93.95365418894835
93.57118353344765
93.31103678929765
92.94590163934436
92.27714748784445
91.87049198291595
91.46383647798746
90.84954407294833
90.18223583460951
89.98030303030305
89.13069908814589
88.56363636363642
88.04619970193744
87.43070044709384
86.92825112107619
86.42215568862275
85.60772659732538
85.22511485451764
85.78702551236518
86.34893617021277
86.34893617021277
86.34893617021277
86.34893617021277
86.34893617021277
86.34893617021277
86.34893617021277
86.34893617021271
84.50322580645161
84.5954236932335
84.68762158001539
84.7798194667973
84.87201735357917
84.71153846153845
84.10865874363327
84.46241830065355
88.25445705024322
91.25889967637545
90.5595054095827
90.00151285930406
89.64644970414201
89.11306901615262
88.3665689149559
87.55524475524476
87.02683615819205
86.42620689655166
86.00693481276005
85.47534246575344
84.8326474622771
84.76290097628998
85.38470769813694
86.00651441998377
86.62832114183061
87.25012786367756
87.8719345855244
88.49374130737147
87.85277777777776
87.37811634349032
86.76177285318556
86.25316455696202
85.66759002770073
84.9023383768913
84.46498599439792
86.25571428571402
89.16446402349482
89.65976331360946
89.16053019145807
88.67867435158496
88.37209302325584
87.83866279069775
87.19191919191917
86.69784172661878
86.06056338028168
85.67094017094018
86.00708215297436
88.45370370370392
90.79109589041082
92.98095238095243
94.11174242424204
96.95991561181438
97.61587982832617
97.47514910536779
97.29999999999995
97.00722021660647
96.69444444444446
96.23129251700675
95.61627906976742
94.90879478827355
94.00626959247643
93.62249614791995
92.85758039816233
92.61818181818171
91.91815476190482
91.4102189781022
90.71068249258155
90.28718703976436