88.23821989528795
88.55284552845528
88.72933333333333
88.91644562334217
89.34312416555407
89.44015957446808
89.725935828877
89.92430278884463
90.40324763193505
90.65
90.56393001345894
87.44694960212202
87.38675496688742
87.6750998668442
87.69547872340425
87.96671105193076
88.280868385346
88.65699208443272
88.75629139072848
89.14285714285714
89.56487549148099
89.65571616294349
89.82849604221636
90.17146596858639
90.4980079681275
90.75765645805592
90.92245989304813
91.08423913043478
91.01891891891891
87.62064343163539
86.86411609498681
87.13324538258576
87.20557029177719
87.4954128440367
87.75099337748344
87.90728476821192
88.10629921259843
88.60956175298804
88.72619047619048
89.19894598155467
89.44444444444444
89.73360107095047
89.91577540106952
90.25827814569537
90.50066401062416
90.71125827814569
91.11420982735724
91.26145552560646
91.65760869565217
91.81521739130434
92.05027173913044
92.51626016260163
92.6970509383378
92.97683923705722
93.33143669985775
93.5722460658083
93.59117647058824
93.08187392220732
92.5725713738264
92.06326882544549
91.55396627706457
91.04466372868366
90.53536118030274
90.02605863192183
90.11977715877437
90.67379679144385
91.42380952380952
92.00890868596882
92.62893081761007
92.78558225508318
93.17777777777778
93.82630691399663
94.19551282051282
94.20476190476191
94.8506289308176
94.91785150078988
91.70118343195264
87.98728813559322
88.23849372384937
88.50558659217877
88.55281207133059
88.86538461538461
88.94664842681259
89.41700960219478
89.62635869565217
89.85250338294993
90.40694444444445
90.57579972183588
90.72122052704577
90.89958734525447
91.60344827586206
91.68481375358166
91.9193302891933
92.24961479198768
90.87281399046105
88.46056782334387
87.31270358306189
87.75451807228916
88.12552891396332
88.66850068775791
88.89631650750341
89.31029810298104
89.6108843537415
89.81048387096774
90.37056504599211
90.53289473684211
90.83376963350786
91.13071895424837
91.68359375
91.94293125810637
90.44240837696337
89.384
89.16001591511936
88.93603183023873
88.71204774535809
88.48806366047745
86.49793672627237
83.66530612244898
81.90080428954425
80.5792276964048
80.43264248704664
80.79400260756194
81.30537352555702
81.59156785243742
82.08769633507853
82.51187335092348
83.27931488801055
83.61467889908256
84.20424403183024
84.62894736842105
86.75816993464053
90.03978779840848
91.59308510638297
92.58957219251337
93.41522029372497
94.07297297297298
94.57452574525745
95.12347354138399
95.36906377204885
96.02475928473177
96.44
96.76558265582656
97.17236662106703
97.8351498637602
95.34051144010766
91.63213811420982
90.58124174372523
90.80713342140027
90.890625
91.18601583113457
91.50923482849605
91.8580814717477
92.39893617021276
92.58222811671088
93.03078982597054
93.3311170212766
93.67292225201072
94.11470985155195
94.27479892761394
94.48995983935743
90.92931937172773
88.70899470899471
88.95657894736843
89.27260812581913
89.6233595800525
89.78083989501312
90.18997361477572
90.5202614379085
90.79002624671917
91.2562417871222
91.55266579973993
91.8610747051114
92.35978835978835
92.60237780713342
93.11819389110225
93.15147265077144
90.34279475982532
86.56306306306307
86.56306306306307
86.56306306306305
83.47133757961785
85.21232876712328
86.29333333333334
87.12240663900415
87.56217162872154
88.22919937205651
88.59057437407952
89.04073033707866
89.56775067750678
89.87466666666667
90.2433155080214
90.67105263157895
90.94715984147952
91.2936507936508
91.59001314060447
91.85842985842986
92.21492921492921
92.53464052287582
92.74774774774778
90.8696202531645
86.80384615384614
85.68447837150127
86.03192848020434
86.13613231552164
86.4980694980695
86.81876606683805
87.09067688378033
87.52699228791774
87.7590206185567
88.15295629820051
88.51617076326002
88.78221649484536
89.20843989769821
89.42432082794308
89.9517766497462
90.29586563307494
90.59612903225806
90.86287192755498
91.01162790697674
87.87580853816303
83.96794871794873
82.74329501915709
83.06786171574905
83.44201030927834
83.7909090909091
84.02310654685495
84.4415917843389
84.8111254851229
84.93050193050193
85.47012987012987
85.6086387434555
86.04645161290323
86.34901960784313
86.61780104712042
86.98571428571428
87.38692810457516
87.6788990825688
87.8948051948052
88.39947780678851
88.65629053177692
89.00773195876289
89.4948051948052
89.677545691906
90.10169491525424
90.24338624338624
90.6884154460719
89.67284768211925
85.92645161290318
83.36753246753247
83.38786803258853
83.4082035976446
83.42853916270066
83.44887472775672
83.46921029281279
83.48954585786885
83.50988142292488
81.39711664482307
81.749343832021
82.04967320261439
82.46164021164022
82.7391874180865
83.01703800786369
83.40837696335079
83.66666666666667
83.97668393782384
84.30749014454665
84.64183006535947
85.00905562742561
85.43684210526315
85.77922077922078
86.07642487046633
86.40290620871863
86.70404172099087
87.08150064683053
87.12226512226512
87.57832898172319
85.50194552529183
82.55239327296249
82.46382428940568
82.18235272178518
81.90088115416468
81.61940958654418
81.33793801892368
81.05646645130318
80.77499488368268
80.49352331606218
79.33029908972692
79.76631853785901
79.86770428015564
80.24740932642487
80.47409326424871
80.90885750962772
81.15523932729624
81.52827763496144
82.12692307692308
82.45395590142672
82.93717948717949
83.08785529715762
83.4342105263158
83.721568627451
85.75193798449618
89.35790884718497
90.08567603748327
90.57201086956522
90.82684563758389
91.43699731903486
91.63611859838275
92.05525606469003
92.43287671232883
89.38278145695358
84.72068511198945
84.46866840731072
84.29130921298025
84.11395001864977
83.9365908243193
83.75923162998882
83.58187243565834
83.40451324132786
83.22715404699738
79.61679790026247
79.832674571805
80.27440633245382
80.52549019607844
80.79446640316206
81.31503267973856
81.53735255570118
81.96870925684485
82.40629095674967
82.63552631578948
83.0
83.56349206349206
83.81052631578947
84.06135770234987
84.38976377952756
84.53088042049934
84.93184796854521
85.18668407310705
85.5197889182058
85.74338624338624
86.23218997361478
86.52910052910053
86.67549668874172
87.00524934383202
87.36111111111111
87.58862433862434
87.83134130146082
88.07133421400265
88.57029177718833
88.84893048128342
88.84605087014722
86.39159001314061
85.35286284953395
85.78045515394913
85.89110225763612
86.22177954847278
86.56434316353888
86.88726790450929
87.26498002663116
87.66578947368421
87.88282290279628
88.33333333333333
88.59060402684564
88.82186234817814
89.3010752688172
89.61277173913044
89.95095367847412
90.3891891891892
90.54234972677595
90.78763440860212
89.92069892473114
86.75333333333333
85.70588235294117
86.11140939597315
86.32930107526882
86.74831763122477
86.94007989347537
87.55437665782493
87.61620185922975
88.026525198939
88.49259757738896
88.7072192513369
88.99601063829788
89.34185733512786
89.79782903663501
89.97899159663848
110.35504201680669
130.7310924369749
151.10714285714286
151.10714285714286
151.10714285714286
151.10714285714286
151.10714285714286
151.10714285714312
118.5109357696565
85.91472868217053
86.54875283446711
87.24366471734893
87.81724137931035
88.11198738170347
88.40029542097489
88.97724039829302
89.55509641873277
87.39344262295072
83.70365358592693
83.68139223560911
83.89167767503302
84.00521512385919
84.44589308996089
84.65699208443272
84.8959687906372
85.42801047120419
85.59293193717278
86.0
86.40770252324037
86.61426684280053
86.8076923076923
87.24202127659575
87.55006675567424
87.81550802139037
88.40106241699867
88.56706507304116
88.56684491978604
85.8143790849673
83.62928759894459
83.8203125
83.9479843953186
84.36591809775429
84.76058201058201
84.97916666666666
85.49083769633508
85.7516339869281
86.14267015706807
86.5460614152203
86.81481481481481
87.17529880478088
87.5802139037433
86.41875825627471
83.88142292490119
83.60681520314547
83.86525759577279
84.03153745072274
84.47074468085107
84.73458445040214
84.99600532623168
85.49139072847682
85.82099596231494
86.29866666666666
86.60321715817695
86.80474934036943
83.64889466840054
80.10691003911347
77.51813471502591
77.69752281616688
78.06515957446808
78.54724409448819
78.77908496732027
79.25099075297226
79.57503320053121
79.79920739762218
80.31357048748353
80.51660026560425
80.87866666666665
81.38688085676037
81.82210242587601
82.18840579710145
82.51254953764861
82.84482758620689
82.9681697612732
79.92167101827681
76.64068692206077
76.65785997357992
76.8964143426295
77.39414114513981
77.59681697612731
78.01181102362204
78.46245059288538
78.71522309711284
79.18479685452166
80.90331125827834
86.02777777777783
88.53978779840848
88.93574297188755
89.44946808510639
89.72569906790946
90.18951612903226
90.54630872483222
91.0040650406504
91.4177897574124
91.74400000000003
90.11492734478225
85.19708994708981
81.11910994764398
81.57595772787319
81.82845744680851
82.18552631578947
82.43559096945552
82.70993377483444
83.18610747051116
83.6860927152318
83.88654353562004
84.46879150066401
84.81505944517833
85.13448735019983
82.26109660574411
78.45157068062832
77.46465968586388
77.6880733944954
78.24505928853755
78.50328515111696
78.7630890052356
79.30870712401055
79.60921052631579
79.96965699208442
80.46879150066401
80.78013245033112
81.1771812080537
81.69811320754717
81.97192513368984
82.55140186915888
82.75496688741723
83.29639519359145
83.61760840998686
83.92143808255659
84.37516688918558
84.8306878306878
82.32756324900129
77.4787798408488
74.19489247311827
74.56933333333333
74.96883468834689
75.2975871313673
75.64886515353805
75.98410596026491
76.40562248995985
77.01208053691275
77.34650856389987
77.73395721925132
78.16865869853919
78.62864721485411
79.02964959568732
79.46
79.76127320954907
80.30965147453082
80.77230359520638
81.20911528150134
81.55718085106383
81.82337317397077
82.25508819538669
82.65379494007989
82.87882822902796
83.30186170212767
83.71238348868175
84.22853368560105
84.54727030625833
84.66268260292168
81.375
77.89530201342282
77.62147651006711
77.96256684491979
78.31375166889185
78.81914893617021
79.18386243386243
79.54183266932272
79.8515111695138
80.40052700922266
80.75857519788919
81.10326797385619
81.60234680573663
81.7680209698558
82.61154855643045
82.84974093264248
83.38594164456234
83.79713914174252
84.18806744487676
84.66230366492147
84.92670157068073
82.6977950713358
79.04712041884818
78.22745098039215
78.05698159997942
77.88651221956671
77.716042839154
77.54557345874127
77.37510407832856
77.20463469791585
77.03416531750312
76.86369593709037
73.79920739762218
74.38866930171278
74.58831341301459
75.06631299734748
75.37317397078351
75.75935828877004
76.18641810918774
76.6024096385542
76.97786458333331
77.6258234519104
78.08769633507853
78.47409326424871
78.74412532637075
79.42668428005288
80.81291172595502
84.73254281949926
86.57738896366084
86.78580990629183
87.63129973474801
87.91689008042897
88.59973226238286
88.94993234100136
89.37364130434784
89.78494623655914
89.54166666666652
84.88726790450937
81.0774365821095
81.71770972037284
81.97739361702128
82.49596774193549
82.65338645418325
83.1409574468085
83.63881401617249
84.0401606425703
84.60458839406209
84.9866310160428
85.734395750332
86.0778364116095
86.6648865153538
86.90921228304404
87.39866666666671
85.7159999999999
81.78771695594128
80.11717709720375
80.696
81.05423280423281
81.48936170212765
81.78933333333333
82.27829560585886
82.69801324503311
83.0479360852197
83.526525198939
83.95460614152205
84.55421686746988
84.91374663072776
85.42952127659575
85.83692722371967
86.17952127659575
86.6971736204576
86.85580774365826
84.04599211563755
80.6521164021164
80.68042609853529
80.96251673360109
81.46524064171123
81.69582772543741
81.86229946524065
82.23202170963367
82.72089947089947
83.16486486486488
83.52248677248679
83.98275862068965
84.53691275167785
84.72933333333333
85.34482758620689
85.61989100817439
85.9838056680162
86.4646739130435
86.86351351351351
87.07036535859271
87.73557046979866
87.90810810810808
84.83064516129025
81.68005354752343
81.79356568364608
82.3144399460189
82.54630872483222
82.86058981233242
83.26116373477453
105.80506153746865
128.34895934016276
150.89285714285714
150.89285714285714
150.89285714285714
150.89285714285714
150.89285714285714
150.89285714285714
150.8928571428587
117.14744638313641
83.40203562340969
84.28077753779698
84.66994106090374
85.01333333333335
85.37310606060606
85.69003690036902
86.23843416370107
86.77816291161179
87.3035413153457
87.47403685092128
87.7728813559322
87.95769881556683
88.37458745874588
88.74371859296485
89.26359143327842
89.57119476268417
87.59375
82.66383701188455
82.88663282571912
83.47088186356073
83.49263502454991
83.81219110378913
84.1132376395534
84.6418152350081
85.04340836012864
85.59119496855345
86.08133971291863
86.59873617693523
87.11717495987159
87.48039215686276
88.20391517128874
88.46428571428572
88.96192052980132
89.47429519071306
88.40099833610657
85.54929577464782
83.32246376811594
83.83182640144665
84.14388489208633
84.37302977232923
84.85053380782918
85.07054673721342
85.64298401420962
86.29487179487182
86.80711610486891
86.92089249492903
86.60559796437656
84.5
84.5
84.5
84.5
84.5
84.5
84.5
84.5
84.97321428571428
85.44642857142856
85.95667870036101
86.44164037854887
86.93181818181824
87.9850374064838
88.8752783964365
89.38876889848814
89.85744234800839
90.06875
90.38413361169103
90.98597194388779
90.74549098196394
85.82539682539664
82.01340996168585
82.83931947069942
83.30545454545455
83.70417422867514
83.92665474060823
84.31523642732049
84.65194346289752
85.03806228373702
85.32871972318338
85.61082024432807
86.24693520140104
86.50086655112653
86.8553791887125
87.30224525043178
87.50086956521739
88.18275862068965
88.37113402061857
88.84467713787086
89.2763385146805
89.70659722222223
90.11472602739725
90.14310051107304
86.47322970639016
83.4800693240901
84.16287215411559
84.35800344234079
84.7721739130435
85.21827411167513
85.58773424190804
86.1095652173913
86.36348122866895
86.66143106457241
87.05614035087719
87.30457746478874
87.80918727915194
87.9138240574506
88.66310160427807
89.00357781753132
89.34991119005326
87.41929824561385
84.3840579710145
83.91985428051002
84.14207650273224
84.50729927007299
84.83454545454543
85.2859778597786
85.71785714285714
85.91651542649726
86.37719298245614
86.77183600713012
86.93153153153156
87.45390070921985
87.84436493738819
88.0758377425044
88.95264116575592
89.35915492957747
87.1700182815357
83.53550863723603
82.07428571428571
82.38336347197105
83.06405693950178
83.28717948717951
83.73639455782313
84.25040387722134
84.74399999999997
85.21337579617834
85.44907407407408
85.9289026275116
86.33738601823711
86.84307692307692
87.20884146341461
86.34815950920256
82.56810631229234
82.32370820668694
81.91623787812995
81.50876754957301
81.10129722101607
80.69382689245913
80.28635656390219
79.87888623534519
79.47141590678825
79.06394557823114
75.83513513513503
74.56107382550337
74.51534387150429
74.46961391750521
74.42388396350614
74.37815400950706
74.332424055508
74.2866941015086
69.52218934911252
68.29941002949852
68.63461538461536
69.21713441654356
69.5357664233577
70.04881656804736
70.66666666666669
71.01166180758014
71.89208633093529
72.32097004279603
72.94803370786519
73.55678670360112
73.94817927170868
74.36401098901098
74.92032967032964
75.42506811989102
75.969696969697
76.59208731241472
77.02057613168722
77.45156889495223
77.86253369272237
78.30160857908845
78.66176470588232
79.26344086021504
79.5735492577598
79.47186840492162
79.37018755208345
79.26850669924526
79.1668258464071
79.06514499356892
78.96346414073071
79.46791443850265
79.95940460081192
80.34939759036149
81.43031123139372
87.01790633608812
88.70514603616134
88.9226441631505
89.9264497878359
90.59459459459458
91.25884016973129
91.71306818181819
92.35311143270621
93.0822510822511
93.71284271284276
94.41167883211676
94.08501440922191
88.84247538677937
86.28991596638656
86.79915134370577
87.1908831908832
87.58251057827925
88.05113636363637
88.5807799442897
89.02266288951841
89.50485436893206
89.8476454293629
90.34685314685316
90.76586741889986
91.19515669515681
88.99306518724006
84.09917355371908
82.65800273597812
82.80984952120383
83.2626538987688
83.58831521739128
83.85461956521738
84.41758241758242
84.75945945945944
85.30434782608694
85.67479674796749
86.3059299191375
86.68279569892474
87.26881720430106
87.55392809587215
88.03217158176943
88.56510067114095
88.85924932975877
87.94274300932102
80.16512549537651
78.68965517241378
79.14927344782035
79.38881491344875
79.93094289508633
80.28304405874502
80.77398160315374
81.15816993464051
81.65257595772789
82.21419185282525
82.85471204188485
83.27916120576674
83.83289473684209
84.20078740157481
84.81084656084656
85.13464052287583
85.68079470198654
83.04960835509155
76.55085865257595
76.65333333333331
77.02800000000002
77.52840158520476
77.81603153745073
78.25324675324674
78.82375979112271
79.19121447028425
79.65077319587624
80.35604113110537
80.87596899224806
81.21456436931078
81.7601043024772
82.16380449141343
81.0038961038963
76.94018205461634
75.81144343302992
76.21128608923885
76.81592689295039
77.13671875
77.62225097024583
78.01935483870966
78.49738903394257
78.98051948051949
79.5394566623545
79.9300518134715
80.35324675324671
81.12093628088428
81.5275590551181
82.06910039113428
82.10663198959674
78.7606177606176
76.06095979247729
76.31435963777488
76.76744186046511
77.10909090909092
77.65521796565389
78.07208387942333
78.39456662354462
78.92438070404171
79.2309677419355
79.80591259640101
80.17519181585678
80.48645161290324
81.02053915275997
81.55443037974686
82.06306306306305
82.3684879288437
82.99610894941634
80.36594663278265
76.46272493573264
76.11211340206185
76.39771283354514
76.97828863346103
77.27651515151513
77.95146871008939
78.1808917197452
78.80251572327046
79.12232030264818
79.57875000000001
80.09685534591193
80.56946182728416
81.26683291770564
80.23000000000002
76.43803680981591
73.38345864661653
73.9760101010101
74.2673392181589
74.72370088719899
75.01137800252843
75.51805728518059
76.15241635687732
76.75031055900621
77.1079404466501
77.7227722772277
78.03731343283584
78.71499380421312
79.09741060419236
79.55210918114142
79.98518518518517
80.54243542435415
76.98777506112492
73.16169154228851
73.74494949494948
74.04642409033877
74.31885856079407
74.71285892634205
75.10486891385767
75.45622688039452
76.37037037037038
76.81188118811883
77.22389937106914
77.88999999999999
78.22846441947564
78.76770186335398
77.44389642416809
73.27057356608475
72.02398989898984
72.64430379746835
73.0330368487929
73.50191082802547
73.8966836734694
74.3290978398984
75.04214559386975
75.27250000000004
78.05646173149307
82.88287153652391
84.92630241423126
85.50501253132836
86.11111111111109
86.73834196891193
87.03964194373407
87.61153846153843
88.1190781049936
88.53299492385787
89.06557377049182
89.86118251928019
90.22773536895676
90.7914507772021
90.58492975734316
86.34347275031678
84.61331626120358
85.12387096774194
85.3682170542636
86.02199223803365
86.52720207253884
86.89243027888449
87.4545454545455
88.08627450980396
88.61527967257848
89.20901639344265
89.54657534246576
90.2310924369749
87.85388739946393
83.34241245136195
81.91532258064518
82.16150740242261
82.46490066225164
82.85674931129478
83.28571428571428
83.75704697986578
84.36144578313247
85.06382978723406
85.40158520475563
85.93279569892474
86.3664921465969
86.961791831357
85.55555555555566
82.13202614379088
79.98309492847852
80.7253164556962
81.33761232349161
81.93008739076157
82.25625000000002
82.88719898605837
83.4473684210526
83.88625000000002
84.4095477386935
85.05994897959181
85.39999999999998
86.23234916559693
86.81841432225065
86.84891165172849
83.23910336239123
80.01741293532336
78.3423980222497
78.26543118769564
78.18846435314158
78.11149751858754
78.03453068403348
77.95756384947943
77.88059701492557
74.64617314931002
73.08270676691728
73.47328244274809
73.8918575063613
74.31505102040819
74.80793854033288
75.62579821200512
76.09402795425666
76.57468354430381
77.08905852417297
77.7690355329949
78.11475409836066
78.66454891994914
79.06590621039288
79.748743718593
80.2851711026616
80.96477987421383
81.39086294416245
81.92503176620073
82.2889447236181
82.92025316455698
82.71902937420145
78.7506393861895
73.54005167958657
73.67994858611826
74.04452926208648
74.53696498054478
74.88189987163025
75.4390243902439
75.92061459667093
76.45115681233932
76.92948717948718
77.69999999999999
78.1649746192893
78.79310344827587
79.10687022900765
79.73577749683943
80.15676359039185
80.72972972972968
81.25126903553303
81.7268041237113
82.32991014120671
82.97692307692307
83.26395939086296
83.85951468710073
81.03417721519008
77.67609254498711
75.40588988476293
73.2904884318765
72.5803968273035
71.87030522273051
71.16021361815774
68.28215223097095
66.31716906946264
66.13421052631577
66.6383561643836
67.09103641456579
67.69241379310347
68.25205479452052
69.09413369713508
69.58401084010836
70.24209078404402
70.6598639455782
71.45392953929536
71.85638297872345
72.4848484848485
73.1327201051248
73.54677206851125
74.50392670157066
74.93376623376628
75.59533073929958
76.11212516297257
76.70117955439059
77.0760157273919
77.66228646517743
78.12387096774194
78.6085825747723
75.86179921773146
72.73635153129162
72.63101604278074
72.59834914381614
72.56568224485152
72.5330153458869
72.50034844692229
72.46768154795768
72.43501464899306
72.40234775002844
72.369680851064
69.90502793296088
70.19777158774372
70.6246537396122
71.03453038674036
71.48763736263732
72.16076294277923
72.75464190981438
73.36170212765956
73.96296296296293
74.47222222222217
75.08485639686683
75.59633027522932
76.16601815823606
76.68619791666669
77.12188728702495
77.91015625
78.30985915492954
78.91015625
79.36903225806452
79.97809278350519
80.3165374677003
80.87258687258691
81.38193548387108
83.31162196679452
85.24062095730919
85.35526315789474
85.83638743455498
86.29396325459322
87.01699346405223
87.53281853281851
88.16344916344917
88.66929133858264
89.246052631579
90.08586525759574
90.56873315363885
90.91211717709723
91.44070080862537
91.93674293405115
92.50268096514742
92.8161073825504
91.28042328042284
87.75366178428771
86.63192612137203
87.02752293577981
87.40184453227931
87.74736842105261
88.1950261780105
88.66579292267363
89.10718954248364
89.53457446808511
89.98150594451783
90.75502008032129
90.79706275033368
87.6876640419946
84.60153256704962
82.56566970091029
82.96272493573264
83.32822477650063
83.92597402597403
84.2582697201018
85.03116883116883
85.49677419354839
86.01290322580644
86.4401544401544
87.00390117035113
87.48694516971284
88.0658064516129
88.5359477124183
89.04129032258061
89.812743823147
88.84073107049608
84.12255541069135
79.10751295336786
77.38331160365055
77.2204346533984
77.05755770314627
76.89468075289412
76.73180380264199
76.56892685238984
76.40604990213768
76.24317295188575
72.32180851063829
72.41854304635763
72.75166889185584
73.32756324900129
73.80964797913953
74.57328145265888
75.10925449871468
75.46493506493505
75.94587628865975
76.51963350785343
76.98841698841699
77.42820181112552
77.95159235668791
78.41815856777498
79.179257362356
79.63775510204084
80.1854219948849
80.658064516129
81.13589743589745
81.38333333333333
82.0153452685422
82.36156763590395
82.8602564102564
83.53984575835477
84.05051813471482
81.6584734799485
78.53557567917204
78.90051020408163
79.34948979591837
79.6641318124208
80.125
80.52903225806449
81.29705505761842
81.6879795396419
82.17707006369426
82.74135723431499
83.18884664131815
83.65894465894462
84.1342710997443
84.59244791666652
82.63402061855686
77.53562005277047
77.79921259842519
78.15104166666669
78.58344113842168
79.08031088082902
79.50065189048235
80.01030927835052
80.47859922178986
81.01283697047506
81.84954604409859
82.30937098844674
82.80494148244475
83.24871134020623
83.75195822454316
80.87843137254913
77.1241743725231
77.07171314741036
77.19499341238475
77.96189224704335
78.27962716378164
78.69382391590011
79.2139107611548
79.85111989459813
80.2217795484728
80.8427260812582
81.1725490196078
81.87225806451602
82.69419354838703
83.14580645161288
83.51662404092076
84.06193548387091
81.89782886334615
78.2398427260814
75.23521681997374
75.58877284595303
76.14732724902217
76.63481675392666
77.1253263707572
77.67880364109237
78.16404199475062
78.74578469520105
79.1164921465969
79.74967574578466
80.25392670157066
81.05025773195877
81.45859872611459
81.95213454075031
82.42385786802032
82.59176029962555
79.78316326530603
75.84665792922675
75.65234375
76.10709677419356
76.68025477707005
76.94862155388466
77.66335403726703
78.15043156596789
78.72546583850931
79.10074626865674
79.52860696517416
79.96890547263683
80.48638613861385
81.15632754342425
81.83558282208588
82.24938271604935
82.87856257744733
83.23970037453182
83.70012391573732
84.07816377171218
84.67901234567901
84.69021065675338
83.99568690197873
83.30116314720419
82.60663939242966
81.912115637655
81.21759188288047
80.52306812810582
79.82854437333128
79.13402061855669
79.5425950196593
80.20496083550916
80.94094488188978
81.30647291941875
81.90438247011957
82.4151193633952
82.84844384303108
83.33576642335767
83.27345309381235
82.2
82.2
82.2
82.2
82.20000000000005
80.98176291793311
81.25340599455035
81.71969696969697
81.92009685230028
82.45662100456616
83.41555555555556
83.55803571428572
83.71846846846847
84.21651785714289
84.80549199084669
85.47835990888382
85.93216630196935
86.39467849223956
87.28187919463085
88.01609195402295
88.45823927765241
87.08965517241359
82.55555555555566
78.75892857142856
78.94606741573034
79.21318681318678
79.63260869565215
80.34130434782605
80.88814317673376
81.21218961625277
81.70023419203744
82.02088167053364
82.42424242424238
82.98067632850241
82.98067632850245
83.49746192893402
83.49746192893402
83.49746192893402
83.49746192893402
83.49746192893402
83.49746192893402
83.49746192893402
83.49746192893402
83.49746192893402
83.49746192893402
83.49746192893402
83.49746192893402
83.49746192893402
83.49746192893402
83.49746192893402
83.49746192893402
83.49746192893402
83.49746192893402
83.49746192893402
83.49746192893402
83.49746192893402
83.49746192893402
83.49746192893402
83.49746192893402
83.49746192893402
83.49746192893402
83.49746192893402
83.49746192893402
83.49746192893402
83.49746192893402
83.49746192893402
83.49746192893417
81.79910879822
80.10075566750629
80.10075566750629
80.10075566750629
81.18965517241378
81.48166259168704
82.11491442542786
82.36214953271019
83.15813953488373
83.71064814814815
84.20512820512818
84.78160919540232
85.21995464852608
85.40149625935163
85.08282360137395
84.76415094339632
85.66326530612241
86.22966507177034
86.77473363774732
87.50289855072464
87.76623376623377