74.54423213021938
75.04430379746836
75.21023125437982
75.49087078651685
73.3005617977528
69.83043478260869
68.83877995642702
69.15897435897436
69.5127644055434
69.70845481049562
70.47212165097756
70.78052325581395
71.35442127965493
71.57647907647907
71.99856836077309
72.53409906676238
72.8903133903134
73.56725978647687
74.16218130311614
74.8026969481902
75.32303370786516
75.7047216349542
76.40766550522648
77.01089176310415
77.04005831755322
77.06922487200228
77.09839142645134
77.1275579809004
77.41249142072752
77.52892561983471
77.90068965517241
78.08758620689655
78.29468599033817
78.36451836451836
78.58697158697159
78.7054747054747
78.95547945205479
79.18257261410788
78.4386084583902
73.7222605099931
70.20689655172414
70.1807982164926
70.15469988126107
70.12860154602951
70.77987421383648
71.33054975643702
71.8735232800556
72.35118219749653
72.95697432338653
73.58988764044943
73.05699916177701
71.08902077151335
71.08902077151335
71.08902077151335
71.08902077151335
71.08902077151335
71.08902077151335
71.08902077151335
74.49364161849711
75.58649398704902
76.27183673469388
76.75721687638786
77.20435393258427
78.2543391188251
78.40442132639792
78.97146562905317
79.61214953271028
79.99595414699932
80.46153846153847
80.98309668695065
81.52805949966194
81.93075356415478
82.52710027100271
82.87837837837837
83.28959891230456
83.79729729729729
84.24114441416894
84.58293838862559
85.12533692722371
85.50304671631686
85.99124579124577
83.91156914893622
78.26256613756618
72.98208360982085
69.56283068783068
69.82293762575453
70.19187208527649
70.8202396804261
71.1334214002642
71.77040477770404
72.32288192128085
72.80401337792642
73.32635135135135
73.8789722785666
74.3287858117326
74.78198074277854
75.3826565726084
75.96235455167694
76.68175582990398
77.21971252566735
77.54897959183674
75.30894308943095
70.97334244702671
66.3655462184874
64.52819414703784
64.6967095851216
65.06107954545455
65.96593328601845
66.50561797752809
66.83787561146052
67.46907574704656
67.87994448299791
68.40577716643742
68.83068417415342
69.40422631220177
69.83446404341927
70.65114709851552
71.18310810810812
71.57962213225372
72.2424037812289
72.54006734006734
72.37215514901578
72.2042429579642
72.03633076691264
71.86841857586107
71.7005063848095
71.53259419375793
71.36468200270636
71.79502688172043
72.42027027027027
72.87131367292226
73.4379217273954
73.97526737967914
74.54331766286099
75.42626262626263
75.82164328657315
76.27352150537632
74.28399999999999
70.28590514362054
67.91349480968859
68.35543403964456
68.79944482997918
69.37054794520547
70.20991847826087
70.68392370572207
71.25424881033311
71.73152542372881
72.36999321113375
72.82033898305085
73.35453315290934
73.83840432724814
74.3835800807537
75.19194630872484
75.67114093959731
74.94803464357096
71.7897918065816
70.50407055630936
70.99527346387576
71.53148273527421
72.02295746117488
72.7533692722372
73.27706792199058
73.875927174646
74.25888665325284
74.90505050505051
75.30423102753525
75.6906523201076
76.593163538874
77.07450980392156
74.6955602536998
72.04140786749485
69.2839919624916
67.8139072847682
68.391793514229
68.9124916499666
69.4520639147803
70.05802968960863
70.58915254237289
71.41536369816451
71.78103683492496
72.33924914675768
72.76330150068213
73.3623978201635
73.77952218430035
74.30932784636488
74.76808654496281
75.39263803680981
75.96542372881356
76.43872714962762
76.96967654986523
77.44587280108254
77.96166778749159
78.43787777031565
78.97088021178028
79.56662269129288
77.95750514050724
72.9698009608785
72.18299319727892
72.5590020229265
73.16845637583893
73.61266666666667
74.26417611741161
74.66555851063829
75.15179760319575
75.7114493712773
76.45490981963928
76.9933110367893
77.48118279569893
78.02974983096686
78.51712089447939
78.43484848484854
74.76816608996546
71.6505125815471
68.66729147141518
66.1946366782007
66.9928628072958
67.34711964549483
68.02945301542778
68.58613589567605
69.17667121418826
69.74407582938389
70.21562082777037
70.84983164983166
71.57361758827449
72.26046511627906
72.68148639681486
73.25531914893617
73.72834645669292
74.25534759358288
74.83255190890824
75.29312668463612
76.02479892761394
75.72000000000003
72.055593220339
68.89073305670816
69.14374140302614
69.42600276625173
69.86763686763686
70.3331039229181
70.64976010966416
71.22054794520548
71.49931600547195
72.02880658436214
72.41428571428571
72.67624914442163
73.34268125854993
73.6215112321307
74.20301783264746
74.54248810333107
75.26684819605174
75.62305084745763
76.18397827562796
76.643484132343
77.07085020242914
75.85991957104568
72.0616949152543
69.60497237569061
69.92456747404844
70.63473466574776
70.98553719008264
71.55699658703071
72.0302613480055
72.51227830832197
72.91170431211499
73.44914675767919
73.88508891928865
74.48133061778682
75.28767123287672
75.64785859959211
76.21667805878332
76.5883152173913
77.12525389302641
77.54768392370572
78.06072874493927
78.5625
79.1078894133513
78.64881355932198
74.62593346911069
71.70887818306952
72.25597269624573
72.55106237148732
73.01451278507257
73.4159231297186
73.74828060522697
74.37303216974675
74.87721691678036
75.48775510204082
75.77610921501706
76.43899113837765
76.76287262872629
77.41649625085208
77.86766712141883
78.44738628649016
78.87406905890319
79.72923700202566
80.18724559023065
80.00878378378388
76.53401360544217
74.41871584699453
74.86621160409557
75.38424657534246
75.79891304347825
76.61216216216216
77.07510148849796
77.54545454545455
78.10333106730116
78.50611413043478
79.12822252374491
79.52853260869566
80.01281186783547
80.54625850340136
81.21780175320296
81.47493224932259
78.08865010073873
76.32366824005385
70.23257418909589
67.40523338048091
67.6034965034965
67.92436974789916
68.56912280701755
69.21438547486034
69.8518776077886
70.41078838174273
70.89930555555556
71.4009628610729
71.94093120222377
72.42268041237114
72.9565816678153
73.4615912208505
74.33424845573096
74.73543522960932
75.37037037037037
75.70006816632582
76.40955631399318
76.49078498293517
77.31500339443313
77.76723549488055
78.3360655737705
79.0067658998646
75.78787878787875
71.6990489130435
67.72160664819938
66.37039660056658
66.62667607621736
66.96275474349964
67.47220267417312
67.93426573426575
68.63890832750175
68.92022393282014
69.65067043048694
70.1182572614108
70.75017349063151
71.13040446304045
71.66252587991718
72.08374040474528
72.53712699514227
73.20684835779176
73.45625000000001
74.29632199861207
74.78601108033241
75.25467128027681
75.76239669421487
76.23635107118176
76.7128169979438
77.2657967032967
77.87422680412374
76.14557823129257
72.4842032967033
69.29497907949789
68.85211267605634
68.88061797752809
69.54838709677419
69.96047156726769
70.90757470465601
71.08947006194082
71.5563961485557
72.1334250343879
72.53877831159917
73.04889807162535
73.50683994528043
74.0117160578911
74.53178400546821
75.17595108695652
75.42062415196744
75.1595430779817
74.89846200399595
74.63738093001021
74.37629985602446
74.11521878203871
73.85413770805297
73.59305663406722
73.33197556008146
73.83561643835617
74.28493524199045
74.70395634379263
75.08917631041527
75.63926630434783
75.99795501022504
73.38451086956525
70.02197802197804
67.6923076923077
67.96267605633801
68.46288515406162
68.89236111111111
69.34379358437937
69.91289198606272
70.39280774550485
70.98695950583391
71.53734439834025
72.15622849277358
72.78359751895246
73.38572409059712
73.79436038514443
74.26980874316939
74.67283950617283
75.28649386084584
75.73255813953489
76.52993197278911
76.55736591989148
72.93895747599458
69.7832647462277
68.44832402234637
68.7384403036577
69.06081548030409
69.66067726330338
70.0144727773949
70.54930555555555
71.08458390177353
71.67165193745751
71.9966078697422
72.58457374830853
73.02460697197539
73.2398097826087
73.67050847457625
74.38185511171294
74.789046653144
75.59450402144773
76.19783197831978
76.22748815165875
77.10586648685097
77.14670255720051
78.02816901408454
77.11764705882342
73.18066666666667
73.06056527590847
73.35057085292142
73.67376830892144
74.25739247311827
74.5638440860215
75.17411607738492
75.47466666666668
76.08400537634408
76.45844504021449
77.13435828877006
77.2994011976048
77.8924092409241
78.21258278145694
78.84189723320158
79.20225464190982
79.51986754966879
76.64970645792573
73.8557441253264
73.23928806855636
73.38663171690695
74.05277044854881
74.17193675889328
74.79294578706728
75.25719895287958
75.66445623342173
76.4288524590164
76.60866710439922
77.39947437582128
77.64980289093296
78.39318479685453
78.6058009228741
79.26451187335101
76.2112491824721
72.78902116402128
69.23684210526312
66.19070080862534
65.93297587131367
66.29755434782612
67.1081081081081
67.63765182186233
68.15245130960375
68.65482573726541
69.18443997317235
69.86997957794418
70.13909520594194
71.02448979591837
71.15498652291103
72.18114478114478
72.50538358008077
73.16340310600944
73.63900134952766
74.1847090663058
74.97350543478261
75.12424037812286
76.02009377093101
76.15528781793864
71.8769841269841
70.20487483530951
67.05345060893092
63.77902374670185
64.11253369272237
64.67615176151762
65.24450549450546
65.98356164383563
66.43945578231292
66.72530446549388
67.560409556314
67.98964803312629
68.84317718940937
69.02397260273972
69.92925824175825
70.17029972752044
71.14122394082045
71.65223274695535
72.25661914460284
72.66171505739365
72.79233870967744
73.76045883940621
73.88582941571525
74.81059063136456
75.53747467927076
76.07718120805367
76.55862533692721
76.99123398516531
72.34648829431433
70.82111634162766
66.87783115991763
67.10265125764786
67.57527624309392
68.10410958904112
68.62405498281785
69.0990371389271
69.26589200273412
70.14733969986358
70.31780821917806
71.01165980795611
71.3473466574776
72.16231086657496
72.68341362697868
73.27391603578802
73.49689011748444
72.29439890710364
66.55539971949497
64.78391959799
62.542630057803464
62.61505065123009
63.41294964028776
64.00143163922691
64.03714285714284
64.84397163120568
65.05281941470378
65.74805928016934
66.49362606232296
66.94862772695285
67.7906162464986
67.92747559274756
68.89902506963789
69.0263888888889
69.92713393476753
69.97432338653715
70.80509641873277
71.6050650239562
71.73781743308166
72.55563186813187
72.77976600137646
73.45473251028807
73.6872427983539
74.25600549073442
72.8665759019741
67.78686233403232
64.10394265232975
64.46395431834404
64.82928571428573
65.50569800569801
65.82716927453771
66.64144271570012
66.99787985865726
67.45898161244696
68.22580645161293
69.10118632240057
69.27367688022287
70.22825330549756
70.75
71.27889273356402
71.77808407994485
72.30413793103449
72.55670103092785
73.16437414030261
73.6673525377229
74.16723783413295
72.80761386811673
68.22176022176023
67.84507042253522
67.93272599859847
68.51111111111112
68.98263888888891
69.56124567474049
70.06975138121547
70.59698423577794
71.40890410958906
71.80861244019138
72.35362517099861
72.79385665529009
73.3909465020576
74.17199184228416
74.37959183673468
74.86956521739131
75.42944369063775
74.51151761517622
69.2302989130435
65.50843881856531
63.90449037776193
64.38173975557152
64.91827956989248
65.22548317823907
65.82731776362351
66.39351198871651
67.17275280898878
67.83263009845291
68.38958333333335
69.20083682008368
69.4820193637621
70.00277008310249
70.49620427881297
71.37748798901853
71.4276901987663
72.10449826989623
73.00344115622852
72.34176349965833
69.87534626038791
66.96312056737588
67.75140056022408
68.02390998593529
68.74459176552688
69.07449051300068
69.52859135285917
70.24600416956218
70.65650969529088
71.47612456747405
71.85674547983311
72.118538938663
72.72264280798345
73.40041208791209
73.89567604667127
74.44513031550069
74.75670103092784
75.30041152263374
75.74195756331278
74.62415196743564
72.88027210884366
69.57093425605535
66.122332859175
63.191520467836256
62.65695557174071
62.86994856722998
63.56603773584902
64.08832116788321
64.54682997118155
64.71974063400575
65.34462869502522
65.82618025751071
66.5814121037464
67.39528234453181
67.71489061397313
68.6273817925194
68.67703180212015
69.30504908835906
69.83426966292132
67.40644709180106
64.26346433770004
62.805166051660535
63.7733918128655
64.27789934354485
64.7995674116799
65.12699564586359
65.86009992862239
66.7950177935943
67.26936744847194
67.58280028429283
68.51027639971652
68.59957627118644
69.01761804087386
69.73047149894441
70.11126662001402
71.00278940027894
71.45454545454544
72.21648044692733
71.38934993084376
67.98804500703227
64.4378181818181
61.54512105649303
61.33407572383072
61.1692883895131
61.91178650852481
62.30367647058824
62.78534418948925
63.37007299270073
64.05445180279617
64.4241531664212
64.92627737226277
65.27266081871346
65.703216374269
66.2594752186589
66.86350574712645
67.33816075307749
68.0867383512545
68.66381766381767
69.01846590909088
69.69830028328613
70.1624649859944
70.66478873239436
71.13165266106444
71.8220221606648
72.28740431454423
71.1591382904794
66.92351679771264
66.5476878612717
67.047311827957
67.63532763532766
68.09943582510579
68.16454802259886
68.90664780763791
69.64019676739281
70.17098808689559
70.55601659751039
71.04111498257839
71.5003465003465
72.14285714285714
72.37491337491338
72.75761772853184
73.3663434903047
73.68965517241378
74.35660506502393
73.63829787234044
68.57023643949924
66.88865398167718
65.6923076923077
65.81934566145094
66.46065808297567
66.94247159090912
67.6419928825623
68.31298245614033
68.6375791695989
69.16083916083915
69.73636363636365
70.25347222222223
70.95640138408305
71.51846785225717
71.99308914996544
72.41483516483515
72.94605809128632
73.38283378746593
73.82980177717019
74.37201365187715
74.67097212780425
73.5283018867924
71.74048913043498
68.66112266112268
68.95347222222222
69.79160935350757
70.42886740331491
70.71408934707904
71.47030716723549
71.70299727520432
72.17976760082024
72.75
73.31160896130348
73.87465940054494
74.30837304288633
74.75631399317405
75.15785907859077
75.47935003385237
76.00405953991881
76.41275167785216
73.59784801613978
68.75425459496256
68.95048143053646
69.72131147540983
70.37942779291554
70.61334240980261
71.12534059945506
71.90333560245062
72.33810497614178
72.95432856169055
73.45934959349592
73.99453924914678
74.47205387205383
75.53743315508021
75.74814814814818
76.33177257525085
76.73570948217889
77.1559814937209
73.68347710683474
70.23666666666668
68.27334235453316
68.66286098052387
69.55429713524317
69.76275679257787
70.45640686922059
70.75430463576163
71.65535595475717
72.135046113307
72.66821808510639
73.33267326732673
73.6764119601329
74.26058201058203
74.67949568679495
75.16356382978711
72.4447385837193
68.68344370860905
64.94172806430015
61.68392737054472
61.86180555555555
62.23521126760562
62.81998582565558
63.360199714693294
64.18038654259124
64.73680456490727
64.78729478943615
65.52078928823113
65.98528381219342
66.50383810188416
66.83228511530399
67.58304378040316
65.75051975051974
62.54964539007091
62.39313795568263
62.56388294075657
63.25017717930547
63.581908831908834
64.23957597173148
64.97689075630251
65.45710267229254
66.11613351877611
66.68537768537766
67.21814404432132
67.801652892562
68.44543582704188
68.81461061337006
69.6072652501714
70.54719562243503
70.93008910212473
71.54564032697544
72.04579630895421
72.55956432947585
73.231241473397
73.61914460285129
74.30352303523034
74.70412999322957
75.55279085406858
74.54104979811564
71.36934503713701
68.36730506155953
67.85226480836236
67.91578947368419
68.71853388658369
68.98605299860532
69.60054907343863
70.37645448323065
70.86310746064339
71.35386721423683
71.73228882833786
72.11623108665748
72.64544832306638
73.16689466484269
73.55888359428184
74.38513513513513
74.73473541383987
75.3033783783784
75.73165760869563
76.27935222672068
75.36375929682208
71.52560646900247
67.98682385575603
64.62320916905446
64.44277539341917
64.55833929849678
64.89884393063585
65.59559346126508
66.03753541076486
66.57434813248767
66.96468926553678
67.89930069930074
68.63402777777776
69.02427184466018
69.64531680440774
70.09116022099448
70.64531680440768
71.32010943912451
71.7650684931507
72.34291581108829
72.73529411764707
73.32288828337869
71.35650988411726
68.8524704244955
68.5315752949341
68.98885793871864
69.68515950069349
70.07617728531858
70.53549276361127
71.00413793103445
71.51201098146873
72.35225718194255
72.72416153319642
73.19849418206707
73.5509227614491
74.19408121128708
72.5353260869565
69.42570836212872
66.52924594785054
65.6864710093057
66.4189189189189
66.80837473385384
67.58151023288639
67.87482319660535
68.61274509803923
68.9104268719384
69.80640668523677
70.07894736842104
70.76454293628808
71.34527911784977
71.97170462387851
72.43278463648835
72.9743944636678
73.40396445659604
73.90796703296701
72.61376021798378
70.35743801652893
69.05743944636674
69.77909407665504
70.14920194309502
70.82401656314698
71.08575380359616
71.56712328767122
71.95735900962859
72.32469304229195
72.65468113975578
73.33175355450237
73.73680649526386
74.21540558963875
72.51782111634157
70.9809523809522
68.16620879120865
65.97430555555556
66.18606271777003
66.69847856154911
67.40372670807449
68.03308063404552
68.52605976372479
69.0256766134629
69.6759700476515
70.62226775956282
70.9897189856066
71.55256064690025
72.13315030885383
72.62040816326532
73.13772048846675
73.6280487804878
74.09182984469953
74.62627637848891
70.5136239782014
65.5477707006371
61.45579710144928
61.42639593908632
61.94698620188814
62.31434751261713
62.765988372093034
63.16014492753624
63.6281407035176
64.21310295176386
64.76176890156916
65.28469241773962
65.80284697508898
66.7771509167842
67.04634831460669
67.86405045550106
68.36546463245492
68.92141863699578
69.51726519337018
70.09751037344398
70.61728395061732
71.30473575840767
72.1943874058864
72.62662116040957
73.18051771117166
73.68571428571431
74.29084745762714
74.74489795918362
75.42208672086724
75.86702849389417
76.39121621621622
76.40429818670248
75.87099259283787
75.33768699897314
74.80438140510842
74.27107581124369
73.73777021737908
73.20446462351435
72.67115902964963
73.37812288993928
74.2393796358732
74.6467828418231
75.2973154362416
75.74401595744678
76.4110592938041
77.0552596537949
77.42790697674423
78.133069828722
78.9098143236074
79.47944297082222
77.69053876478301
73.26826029216454
69.87407407407407
70.06300268096516
70.39919354838707
70.95043536503687
71.36138944555773
72.22096128170892
72.66887856668882
73.27362855254461
73.65735196274125
74.31150793650795
74.78335535006602
75.38859764089125
75.85151116951386
76.43363994743754
77.36807387862797
77.8970684039088
78.41998693664277
79.11312217194575
79.75963422599608
79.85835509138383
79.28273502852107
78.70711496565832
78.13149490279557
77.55587483993281
76.98025477707006
77.3170418006431
77.89544579858887
78.32035737077217
78.85732484076436
79.37155669442666
79.89961636828644
80.38960205391527
81.1586998087954
81.77520873474629
82.25738125802309
82.96156310057654
82.78489116517267
78.20563741191563
74.06021780909668
72.25921137685845
72.55671447196869
73.3011583011583
73.68725868725869
74.17124600638977
74.69910371318826
75.28469980632667
75.72692307692307
76.35092180546724
76.92219387755097
77.49268912905279
78.34057507987222
78.8761118170267
79.40050858232678
79.99554140127384
80.70417193426044
81.08969465648852
78.51698113207567
74.8075207138304
71.87540348612009
72.2597819114817
72.57527226137097
73.1700767263427
73.46094750320106
74.07918263090676
74.56760204081638
75.13491048593352
75.59108280254782
76.46339910884785
76.88959795788128
77.42553191489367
78.03509891512442
78.45814696485627
79.16699029126215
79.69702842377262
80.30342156229824
80.18444730077135
75.44005184705121
75.33333333333334
75.54797166773983
76.17139175257734
76.45852090032156
76.96289187460013
77.48463508322664
78.01341853035143
78.48391248391249
79.3683536194747
79.87254280279012
80.3781190019194
80.84571428571428
81.45536287732818
81.98150510204096
80.07374443738081
76.90400508582343
73.3862332695985
70.49612903225807
70.77429876060012
71.36047275114902
71.73722627737232
72.30998017184402
72.63147410358567
73.28971962616822
73.62391449565797
74.124335106383
74.94926568758342
75.3588548601864
75.81187458305538
76.30179880079936
75.26336633663323
71.46174318030626
68.43088334457181
68.28851351351351
68.43337819650071
69.27408412483038
69.50943396226421
70.13274932614553
70.51684636118597
71.02816901408448
71.51183231913456
71.95959595959596
72.5854816824966
73.07118871725993
73.77905405405409
74.38316498316499
74.71910871033083
75.33400946585527
75.81563126252502
76.39691067830756
76.82078614257159
77.21513944223102
75.8721007289596
71.27653820148748
71.46190476190475
71.75016926201761
72.4276048714479
72.71303173531396
73.35477318889639
73.69074949358543
74.19233355749827
74.94366197183098
75.43204868154157
75.90409121395032
74.77585056704447
70.62550607287449
66.93232044198885
64.91501416430594
65.37970191625266
65.75757575757575
66.71468728039355
67.17904233171407
67.72816212438852
68.36721991701245
69.00555170020823
69.57536132140399
70.18019257221454
70.69151846785223
71.36221009549786
72.33767123287674
72.68894952251026
73.42040816326528
73.75578231292513
74.50846310088014
74.97831978319778
75.58716216216214
76.07681940700809
76.58771929824559
77.48990578734856
75.90307486630991
71.97441077441067
70.52268111035886
70.9465020576132
71.47781569965872
71.90902872777019
72.44557823129253
73.01080351114115
73.87423935091272
74.41981132075472
74.79608372721134
75.4311740890688
75.9738430583501
76.43434343434342
76.9578877005348
77.45283018867929
78.02803738317755
78.84589726484325
79.18920719520321
79.64047936085262
75.8192128085393
72.0464021519839
71.53636981645138
71.77393075356417
72.3122017723245
72.68728755948337
73.5539811066127
73.93238674780252
74.45306122448983
74.85202702702702
75.33963538149897
75.83030303030307
76.37989203778676
76.86204576043065
77.43184885290145
78.05193075898802
78.45987862440995
79.07625418060195
79.7163978494624
80.17647058823525
80.76118421052615
78.62140992167087
75.35540983606552
74.53972422849637
74.99144736842106
75.44422572178473
75.94171578258022
76.422748191979
76.8285151116952
77.49275362318838
77.83552631578948
78.4755614266843
79.28060886829911
79.69033530571994
80.13779527559063
79.17374265186118
74.88036410923269
71.25992063492072
70.25576796308502
70.5245130960376
71.08870967741939
71.73729946524065
72.24250499666891
72.75800000000004
73.35449735449737
73.78048780487802
74.37915006640105
74.88918205804748
75.41952506596306
76.06860158311349
76.80343007915565
77.33707865168537
77.88428665351739
78.46274509803925
78.93372319688103
79.45306388526728
79.99227301996143
79.11283043197909
75.89401820546163
75.87612903225806
76.3564935064935
76.72650680492552
77.3069435431538
77.63229571984436
78.15319974143506
78.58062418725615
79.07101355713365
79.509765625
80.20967741935488
80.7698771816419
81.12451361867704
81.73639896373055
82.120700843608
82.73955613577021
82.66342412451377
78.62946138870848
74.92805755395693
70.55381604696674
71.09797517962119
71.36516129032259
71.7430240103829
72.41693811074919
72.85963777490304
73.36688311688306
73.8834513844173
74.37272727272739
75.31079323797138
75.69419354838715
76.375080697224
76.81197681905985
77.35502577319585
77.84916559691908
78.36363636363637
78.89368556701027
79.73586118251927
80.04059278350519
80.41989664082666
77.22115384615427
73.47634478289046
70.62139107611549
70.62755438365194
70.6410086264101
71.21956087824356
71.75549633577612
72.35254691689005
72.71801741460149
73.28293010752691
73.69030100334453
74.25517702070806
74.618254497002
75.218085106383
75.70761014686241
76.57884231536923
76.94956867949566
77.61655629139068
78.11660079051387
78.72835426305352
79.14077990746864
79.77368421052631
79.76629361421965
76.83553500660503
76.14756258234519
76.53214049039093
76.99338186631371
77.47417218543046
78.00196721311477
78.46887159533071
78.9183135704875
79.40480961923845
78.24424898511461
75.07295850066953
73.568511198946
74.37311475409837
74.5434642627173
75.18334409296318
75.56784565916399
75.89308578745192
76.45741935483875
76.9459807073955
77.54928664072634
78.01698236446771
78.46858638743458
78.90176817288801
79.33986928104571
79.82534471437953
80.23320158102769
80.66010498687683
78.05863192182369
73.37664907651714
73.24584717607974
73.41008626410087
73.77962716378158
74.36653386454185
74.7314629258517
75.35719019218027
75.78114700065919
76.24063116370803
77.09221713538261
77.51749174917495
78.0524934383202
78.78200919238344
79.13185378590083
79.7865094957433
80.16919025674781
80.93741851368986
78.53234152652021
75.50891089108904
74.61467283542629
75.27032385988105
75.6358839050132
76.36633663366331
76.84745762711862
77.42671009771982
77.94163424124508
78.71052631578948
79.1811734364926
79.74440894568693
80.23027581783197
80.76220672162333
81.4143041237113
81.89751750477399
82.45372750642673
83.0850383631714
83.99107711918418
83.32439335887648
79.72570332480791
76.44422952933593
76.72112316528398
77.08263395739186
77.41661258922773
77.87309644670052
78.46153846153845
79.06178343949045
79.54900704676493
80.05916030534354
80.68477574226154
81.00762873490135
81.82919056724029
82.10241730279893
82.74445149017123
83.05445227418318
83.93576158940402
83.560224089636
80.30921052631584
77.11195158850205
75.21203007518795
75.88649851632044
76.21433743664011
76.55777460770332
77.20322354590053
77.83118644067793
78.26098715348212
78.92277227722775
79.5673898750822
80.0350877192983
80.47909967845658
81.05139593908632
81.6212412028151
82.11513994910933
82.95015772870659
83.41265822784806
83.96902654867256
84.44317460317461
84.93346007604566
85.26586294416245
85.91454081632651
86.39340101522845
86.26056782334399
80.84078036500932
78.00062266500623
78.15191462649088
78.31823899371068
78.819391634981
79.24888321633694
79.83555555555557
80.17963314358008
80.99620012666242
81.48108448928122
82.08975979772435
82.68477574226154
83.06372239747634
83.62776025236599
84.04435994930293
84.79398592450417
85.20661715057393
85.16220880069022
83.32723112128133
81.94085281980733
81.19148936170222
79.9388335704125
80.34716459197784
80.72395833333331
81.12276519666273
81.74702702702712
82.78501338090996
83.43240973971456
83.7963693764799
84.14643399089528
84.72318840579709
85.10964607911171
85.78629032258067
86.03320053120854
86.67016393442623
87.36112892880055
87.88427109974418
88.34388853704877
88.83131763208144
89.24952137843013
89.51303242212339
90.08338597599493
90.400641025641
90.93742017879947
91.36574372182872
91.27863577863536
87.36194746957062
83.0511989630586
78.47934426229494
74.41672152732053
73.62475049900199
73.6671122994652
74.12416555407208
74.58105403602406
75.1064537591484
75.44511378848722
75.88851578240428
76.34959349593498
76.65003371544162
77.24612272420768
77.61663286004057
78.15789473684208
78.79096426163187
79.33894878706201
79.69515477792731
80.24149659863946
80.60639021074098
81.24421768707487
81.70385395537528
82.2535401213756