97.17444717444718
97.54528763769889
97.65129151291512
97.83958205285802
98.11425061425061
98.30971288943189
98.49511002444987
98.63569230769231
98.90300798035605
99.07327586206897
99.54138565297364
99.66891477621091
100.04138357010501
100.26358024691358
100.47992588017294
100.72222222222223
100.9981458590853
101.21401985111663
101.48672019765287
101.78271604938271
101.91109748620478
99.3974042027194
97.4874617737003
97.74677320221267
97.80722154222767
98.22188076213891
98.46585365853659
98.68070818070818
98.93876301285977
99.36674816625917
99.56760048721071
99.76984126984127
99.8610086100861
100.22841396203307
100.49754299754301
100.64843269821758
100.8470080197409
101.26517967781908
101.49383477188655
101.63850931677018
101.8996282527881
102.12531017369727
102.34096534653466
102.21415270018622
99.4673645320197
98.5734394124847
98.96092796092796
99.10865561694291
99.38650306748465
99.62638717632552
99.8953488372093
100.04179471419792
100.35319677219118
100.14955070603338
99.04995970991136
98.4955223880597
98.24141414141414
98.14182117672684
98.04222821203953
97.97544102909669
97.90865384615384
97.9777436684574
98.14360508601347
98.3963768115942
98.61150568181819
98.95355383532723
99.20598469032707
99.39312714776632
99.50033852403521
99.74612794612796
99.82623394185259
99.93980169971672
99.19330543933054
97.63465553235909
96.42105263157896
95.36342857142857
95.62231320368475
95.7756925826631
96.1640127388535
96.41185185185185
96.88723404255319
97.39365293720459
97.63618421052632
97.84860298895387
98.20906148867314
98.4318766066838
98.62563775510205
98.75510204081633
99.05041480536056
99.23037974683544
99.57461734693877
99.78913738019169
100.01594387755102
100.28348504551366
100.5626631853786
100.7474025974026
101.0071707953064
99.15580926796508
94.71780821917808
95.37834132967787
95.54595336076818
95.96433470507544
96.26063100137173
96.64938608458391
96.86249149081007
97.13251366120218
97.49113233287858
97.74112021857923
98.13883161512027
98.44773039889958
98.67906336088154
98.93333333333334
99.2470506592644
99.34530386740332
99.63303386316517
99.80732044198895
100.10910354412786
100.40013966480447
100.44892286309937
100.64320557491288
100.87081005586592
100.96301465457083
101.0653685674548
101.22167832167833
101.46774193548387
101.96721311475409
100.7532861476239
98.77124183006535
98.77124183006535
98.77124183006538
96.62089552238808
85.1945993715633
73.76830322073852
62.342007069913734
50.91571091908895
39.48941476826417
28.06311861743916
16.636822466614376
5.21052631578948
5.0922761449077285
4.974025974025977
4.974025974025977
4.974025974025977
4.974025974025977
5.028189457601229
5.082352941176481
5.306818181818187
5.306818181818187
5.3068181818180165
94.77887788778878
95.04661851608667
94.86728395061728
94.80389768574909
94.73394495412845
94.62583790371724
94.38213851761847
94.13199513381996
93.92739475289811
93.79890310786107
93.68121212121213
93.50394178289872
93.3050333535476
93.23188405797102
93.20276774969916
93.17317039652265
93.14357304334614
93.11397569016962
93.08437833699311
93.0547809838166
93.02518363063973
5.101010101010104
5.101010101010104
5.21052631578948
5.21052631578948
5.21052631578948
5.210526315790048
90.7855626326964
91.24957698815567
92.08081570996978
92.71666666666667
93.3328561202577
93.63276836158192
93.43105022830969
4.895833333333343
5.21052631578948
5.21052631578948
5.21052631578948
5.21052631578948
5.2272727272727195
5.2272727272727195
5.227272727272066
95.35438972162741
96.09252669039145
97.02244582043343
97.62724014336918
98.1723901098901
98.92037159920372
99.22362309223624
99.69291859695565
100.06184210526317
100.35900870730075
100.74717232202262
101.0987408880053
101.39075067024129
101.6765100671141
102.14790139906728
102.59612817089454
102.4056224899598
96.78834561285998
90.70619586942038
90.34268537074148
90.58979456593771
90.90466798159106
91.39288068556361
91.96864794252123
92.38961892247043
92.71391417425228
93.30511811023622
93.67752442996742
93.8110964332893
94.43084050297816
94.73032169746747
94.25100806451519
5.184782608695656
5.184782608695656
5.184782608695656
5.184782608695656
5.184782608695656
5.1847826086959685
93.06843718079674
93.77256637168142
94.45050662509743
95.31779053084648
95.71408647140865
96.05684931506849
96.53112313937754
96.75317725752508
97.04566512243548
97.5464807436919
97.7598944591029
97.9604743083004
98.64332892998678
98.9221635883905
99.2828008157716
98.76896251089799
98.76896251089784
5.0
5.049999999999997
5.099999999999994
5.101010101010104
5.101010101010104
5.1010101010106155
91.88095238095238
92.3986083499006
93.16530944625407
93.67106227106227
94.38355217691776
94.67954696868755
95.06262359920896
95.64244741873804
95.8337547408344
95.94730158730158
96.31645569620252
96.73850031505987
96.92888609188168
97.21022727272728
97.73978629792583
98.26759670259987
98.42383683875076
97.86169331369629
97.29954978864183
96.73740626358736
96.1752627385329
95.6131192134784
95.05097568842393
94.4888321633695
94.9058524173028
95.33183279742765
95.7141041931385
95.96936821952777
96.4231994901211
96.64053537284894
97.02695763799744
97.46945337620579
97.74007682458387
98.37048969072166
98.65853658536585
99.0077120822622
99.28755641521599
99.7744408945687
99.97576530612244
100.34028683181225
98.5970515970516
98.59705159705118
5.101010101010104
5.101010101010104
5.101010101010104
5.1010101010106155
91.91948051948052
92.55625
92.97940913160251
93.51493710691824
94.13075237399562
94.4688995215311
94.70126413838989
94.98491803278688
95.32012987012988
95.64020486555698
95.84891165172856
96.35956493921945
96.6670918367347
96.78252551020408
97.3947198969736
97.65253692999357
97.89391979301422
98.49775497113535
98.61618122977346
98.93428757319452
99.27777777777777
99.66645119586296
100.04314230521571
100.00703774792078
95.58541266794623
93.84349465744816
94.55632473253618
94.71635220125786
95.2511013215859
95.6672932330827
95.97439100562148
96.3446540880503
96.83744465528147
97.12579013906448
97.47305009511732
97.68734015345268
97.81210191082803
98.14627994955865
98.27977315689981
98.35031446540881
98.29679144385034
95.32633587786256
92.70070921985815
92.70070921985815
92.70070921985815
92.70070921985815
92.70070921985815
92.70070921985815
92.70070921985825
79.22978723404253
80.3855278766311
81.35494155154092
82.2435282837967
83.23158828748888
84.29145728643215
85.02504038772213
85.94704049844236
86.50756429652043
87.33128834355828
87.71228615863141
88.20205209155483
87.73990254280909
87.27775299406332
86.81560344531758
86.35345389657184
85.8913043478261
86.63919667590028
87.81373215499661
88.53365057783819
89.1486213853396
89.81665547347212
90.23481781376518
90.5469387755102
90.56977535738599
89.85579414332744
89.1418129292689
88.42783171521035
90.02418841502231
91.52541296060991
92.69474350854972
93.53138871274572
94.15756035578144
94.66708941027267
95.42292993630574
96.2940430925222
97.56834075015894
97.65838113448058
97.20820784500211
96.75803455552366
96.3078612660452
95.85768797656672
95.40751468708828
94.95734139760981
94.50716810813134
94.05699481865287
95.05039267015707
96.03919007184845
96.89101717305152
97.78018372703411
98.65546772068512
99.52197070572569
100.14772727272728
100.7366310160428
101.63477088948787
102.04542372881355
102.6748299319728
102.94145677331518
103.08270158511371
103.56284530386739
103.20624151967445
98.91401489505756
97.64140730717185
97.86447368421052
97.91672131147541
97.93128955332413
97.94585779517286
98.14109232769832
98.24077669902913
98.26915647134578
98.28877159201446
98.30838671268313
98.3280018333518
98.34761695402048
98.36723207468916
98.38684719535783
98.72651222651223
98.90303813833225
99.22632944228275
99.59314359637776
99.87021414665799
97.69980506822617
93.65394566623544
93.74597034171502
94.20330368487929
94.56513409961686
94.77685421994886
95.31075949367089
95.64732142857144
96.1934865900383
96.66195372750643
96.8233397807866
97.37027546444587
97.74357326478149
97.84645161290325
96.93354632587852
93.25298179535467
93.38833746898263
94.03920348475418
94.60459342023587
95.04135802469136
95.48884758364312
95.74594257178526
96.14910659272951
96.54686530105525
96.7453531598513
97.14462299134735
97.69751552795032
97.95223325062034
98.29495073891626
98.4745024875622
98.01434381195529
97.55418513634834
97.09402646074142
96.6338677851345
96.17370910952755
95.71355043392063
95.25339175831371
94.79323308270676
95.17719950433705
95.559375
95.84552845528455
96.20644761314321
96.61155997513984
96.79378881987577
97.33828996282529
97.7
98.01547029702971
98.40235585864849
98.71286513362337
98.92302917442589
96.74041483343808
93.96766169154229
94.37982565379825
94.75559701492537
95.06509609423435
95.34667487684729
95.68178993163455
96.0159803318992
96.28606658446363
96.68819875776398
97.02152521525215
97.25954198473282
97.07246871840705
96.88539545208127
96.6983221857555
96.51124891942973
96.32417565310396
96.1371023867782
95.95002912045243
95.76295585412666
96.24000000000001
96.7077872012336
97.33651026392963
97.73624823695346
98.11363636363637
98.48278190411884
98.78118745830554
99.10019775873434
99.44385733157199
99.81518151815182
100.0683311432326
100.49036544850492
98.61400000000003
95.21382007822686
95.425048669695
95.86816720257235
96.20342205323195
96.55831739961758
97.16372795969772
97.47218710493047
97.76713197969544
98.11516677155444
98.4521849271691
98.79898862199747
98.99175126903553
99.29408020369192
96.74774774774778
93.88717948717948
94.47103755569701
94.69235668789808
95.0881420418516
95.52658227848102
95.81714285714287
96.26352201257862
96.67003792667509
96.9221105527638
97.64546599496222
97.86871859296483
98.27232979387884
98.71989860583017
98.91361916771751
99.39441978440075
99.78087397086756
97.75949367088606
92.4759740259741
90.67498400511836
90.95495495495496
91.48302370275465
91.80940115904701
92.27377153797065
92.55327342747111
92.85439384220655
93.3531669865643
93.66645408163265
94.16923076923078
94.59309021113243
94.87187700192185
95.21968253968254
95.59033078880407
96.01088348271446
94.93876221498363
91.74605353466029
91.27085053674648
91.02866242038216
91.02866242038216
91.02866242037999
5.787037037037038
5.673076923076934
5.673076923076934
5.536842105263162
5.536842105263162
5.5
5.325842696629223
5.325842696629223
5.21052631578948
5.21052631578948
5.21052631578948
5.21052631578948
5.325842696629223
5.721649484536073
5.721649484536073
5.721649484536073
5.721649484536073
5.721649484536073
5.721649484536073
5.721649484536073
5.761768138494446
5.8018867924528195
5.778494416634572
5.755102040816325
5.746014515228585
5.736926989640844
5.727839464053103
5.7187519384653624
5.709664412877621
5.7005768872898805
5.691489361702139
5.681057632720524
5.670625903738909
5.660194174757294
5.660194174757294
5.660194174757294
5.660194174757294
5.667876088479641
5.6755580022019885
5.683239915924336
5.690921829646683
5.698603743369031
5.706285657091378
5.713967570813725
5.721649484536073
5.721649484536073
5.721649484536073
5.721649484536073
5.721649484536073
5.721649484536073
5.721649484536073
5.706285657091378
5.690921829646683
5.6755580022019885
5.660194174757294
5.690921829646683
5.721649484536073
5.693517957010972
5.665386429485871
5.637254901960773
5.660194174757294
5.660194174757294
5.660194174757294
5.660194174757294
5.660194174757294
5.660194174757294
5.660194174757294
5.660194174757294
5.6730769230762235
20.917878323489276
36.16267972390233
51.4074811243172
66.65228252473025
81.8970839251433
97.1418853255588
97.95370370370347
92.94969969969952
87.7514285714285
85.17014122394085
85.85901639344263
86.47290322580648
87.11538461538461
87.46562905317768
88.09032258064519
88.6737588652482
89.24550128534705
89.70998719590267
90.14836223506745
90.61050608584242
91.04801536491678
91.4848484848485
90.98345588234952
5.485714285714295
5.101010101010104
5.274509803921575
5.274509803921575
5.274509803921575
5.274509803921575
5.3106796116504995
5.660377358490564
5.660377358490564
5.660377358493861
90.2977824709609
91.10834670947031
91.62347888332141
92.23025435073629
92.73076923076923
93.15552699228792
93.63131313131314
93.84615384615384
94.22660725652452
94.72658227848103
95.3029336734694
95.67110266159693
92.81887755102025
88.1548672566372
87.71383844708828
88.40477686989314
88.7717661691542
89.3470661672909
89.7703795892968
90.63642013673089
90.91039203484752
91.52448853068816
91.96199376947038
92.51278852152214
92.8613184079602
93.4090909090909
93.49098819142324
92.88508724689802
92.2791863023728
91.67328535784753
91.06738441332232
90.4614834687971
89.85558252427182
90.49268292682927
90.93256379100848
91.4878787878788
92.238986119493
91.22880299251892
87.67838541666652
84.73969914977101
82.74983755685511
82.43977415307404
83.13717085119413
83.63227354529096
84.32404603270743
85.14320388349518
85.73823884197827
86.36506024096386
86.80398069963809
87.318814277072
87.78279181708785
88.38983050847457
88.7389728096677
89.3256658595642
89.9710843373494
90.47285886610373
90.65047961630694
88.67053081147037
87.31597528684907
87.31597528685234
5.101010101010104
5.101010101010104
5.252252252252248
5.252252252252248
5.252252252252248
5.2522522522558575
88.60116279069769
89.33333333333331
89.90226876090753
90.61168113654298
91.22305953278071
91.51193058568333
92.35347222222222
92.61549006168609
92.87212449255748
92.49519967842792
92.11827486429843
91.74135005016888
91.36442523603932
90.98750042190983
90.61057560778028
90.23365079365078
90.64757709251103
91.3156899810964
91.74433249370276
92.11180512179885
92.64580725907385
92.98259788688625
93.60623052959501
93.82418952618457
94.55009334163037
94.83457711442787
95.42830655129791
95.74830351634793
95.87104773713571
95.30468613278646
94.7383245284372
94.1719629240879
93.60560131973864
93.03923971538939
92.4728781110402
92.68867268936762
92.60834990059642
92.60834990059084
5.465346534653463
5.449999999999989
5.330263157894734
5.21052631578948
5.21052631578948
5.44999999999709
89.0
91.51685393258427
91.51685393258427
91.51685393258435
94.12448700410397
94.3278879813302
94.9270516717325
95.50763358778624
95.8377896613191
96.30209205020918
96.79489225857941
97.13705972434917
97.45502248875562
97.86518518518517
98.3240673006585
96.51499999999987
93.7682494684621
94.1607898448519
94.44954766875435
94.68711233631979
95.16655196145905
95.44850948509485
95.69355932203388
96.2304054054054
96.6029709655638
96.8901617250674
97.31027535258562
97.62204192021636
97.92900200937709
97.46711409395994
94.02130492676434
93.69143239625168
94.04293262879787
94.5907310704961
94.88396349413296
95.366077275704
95.58645627876399
95.95955642530987
96.48562091503268
96.69440832249674
97.04548408057178
97.48334421946441
97.9005847953216
98.48664495114008
98.84700520833334
99.11749347258484
99.53372243839169
99.89830508474577
100.2244224422443
97.01821730644133
93.84238064094177
94.7949052906597
95.0726800778715
95.60858257477243
95.78223684210525
96.36980883322346
96.63528637261356
96.90112063282794
97.55511551155115
97.81884057971013
98.36646785950961
98.75147540983608
99.0696909927679
99.50165234633178
99.79097544790966
98.33399734395789
93.36884693189495
90.65122615803818
91.55225893459203
92.1100543478261
92.43088334457181
92.72448979591837
93.26424159231297
93.66299104066161
94.0965909090909
94.44333570919459
94.67232472324724
95.43537414965986
95.62623951182303
96.17494089834516
96.28419182948491
96.32713347921225
96.32713347921225
96.3271334792123
95.39810409150164
94.46907470379085
93.54004531608007
92.6110159283694
91.68198654065861
90.75295715294783
89.82392776523704
90.46755921730175
90.64942528735628
91.43240740740742
92.04006968641113
92.87331749802058
93.27756360832694
93.83936651583713
94.36383763837637
94.90517870167764
95.4480519480519
96.20750708215297
96.76524822695035
97.50424328147096
98.60000000000002
99.30275229357801
100.06007067137807
100.57102672292547
101.16042402826855
101.32745236414985
97.39525139664784
94.74378453038673
95.18408304498269
95.48872180451127
95.51052274270197
95.59324324324324
95.7349152542373
95.984375
96.12837837837839
96.38092016238159
96.69387755102036
97.3989181879648
98.26993865030676
98.81186094069528
99.47948016415864
100.19476944253267
100.72553045859001
101.55061559507524
101.94154057771664
102.36932599724898
102.65505464480884
97.73050615595093
94.94197031039135
95.383423180593
95.56798392498325
95.80974632843788
96.2554890219561
96.57256990679093
96.97546419098143
97.52055702917772
97.86979510905485
98.40252827677978
98.74432576769027
99.32045303131247
99.58632138114211
99.97916666666669
99.62663675877485
99.27410685088296
98.92157694299112
98.56904703509923
98.2165171272074
97.8639872193155
97.51145731142361
97.15892740353172
97.6156373193167
97.99343401181878
98.37161716171613
99.03919007184845
99.44210526315788
99.72554169402494
99.67784352399758
95.61917268548905
92.12581913499344
92.52952755905511
92.940414507772
93.46692607003894
93.88277202072538
94.38917525773195
94.82200647249192
95.213282247765
95.63134232498396
95.93320488118178
96.5283870967742
96.82156611039795
97.32005141388174
97.89003880983182
96.88311688311705
92.8690012970169
92.56342562781714
92.84002590673578
93.3170418006431
93.69788325849902
94.1062060140755
94.54545454545456
95.04331210191083
95.50032071840923
95.82813494589433
96.01394169835237
96.48535031847135
96.64961636828644
97.04856230031949
97.05306905370838
96.59787862629474
96.14268819888116
95.68749777146758
95.23230734405399
94.77711691664041
94.32192648922688
94.81789540012608
95.4511041009464
95.88209331651956
96.31468531468533
96.72721518987342
96.86477987421381
97.2428662016487
97.595192915876
97.99555273189327
98.52915082382765
98.92337164750961
99.41613316261203
99.36699029126203
95.98034076015722
95.13793103448279
95.6705479452055
95.98024523160763
96.45996029119789
96.73124592302673
97.07947882736156
97.4065934065934
97.93685567010311
98.53949903660885
99.11032713277746
99.66220522625878
100.1370916079436
100.58740359897172
101.01030264005152
101.42626131953426
101.79961089494168
101.30929068061494
100.81897046628825
100.3286502519615
99.83833003763482
99.34800982330808
98.85768960898133
98.36736939465465
97.87704918032784
98.48218829516543
99.06182965299683
99.53939008894537
99.83291298865072
100.40164452877926
100.71401515151516
100.97777777777765
98.46670894102681
94.04559848005066
93.98053986189575
94.5750156936598
95.0174781523096
95.57661038148842
96.03409795412279
96.54409937888198
96.79477611940297
97.38432835820896
97.63721219663967
98.21981424148606
97.83158777108963
97.44336130069325
97.05513483029682
96.66690835990039
96.27868188950401
95.89045541910758
95.50222894871115
95.11400247831477
95.64374225526643
96.18707692307692
95.7375311720698
91.7743362831859
90.29865985960436
90.65414012738853
91.0214240705734
91.57724094087729
91.92098609355247
92.44696969696975
93.0246835443038
93.46688102893891
93.34816549570648
93.3481654956995
5.101010101010104
5.101010101010104
5.101010101010104
5.101010101010104
5.101010101010104
5.101010101010104
5.101010101010104
5.101010101010104
5.101010101010104
5.101010101010104
5.101010101010104
5.101010101010104
5.101010101010104
5.101010101010104
5.101010101010104
5.101010101010104
5.101010101010104
5.101010101010104
5.101010101010104
5.101010101010104
5.101010101010104
5.101010101010104
5.101010101010104
5.101010101010104
5.101010101010104
5.101010101010104
5.101010101010104
5.101010101010104
5.101010101010104
5.1010101010033395
93.63852556480379
94.26829268292681
94.59115426105717
94.83530678148549
95.32069339111592
95.50641773628938
95.50641773628938
95.50641773628938
95.50641773629468
5.325842696629223
5.306818181818187
5.275862068965523
5.15384615384616
5.184782608695656
5.184782608695656
5.325842696629223
5.325842696629223
5.325842696629223
5.325842696629223
5.325842696629223
5.325842696629223
5.325842696629223
5.325842696629223
5.428571428571416
5.428571428571416
5.428571428571416
5.4870129870129745
5.5454545454545325
5.362500000000011
5.303797468354389
5.071428571428584
4.970588235294116
4.970588235294144
4.612903225806463
4.701754385964932
5.123076923076923
5.123076923076923
5.123076923076951
5.418918918918905
5.418918918918905
5.47999999999999
5.52082191780822
5.561643835616451
5.561643835616454
5.5781329274480065
5.594622019279562
5.611111111111114
5.611111111111114
5.602029914529918
5.5929487179487225
5.583867521367527
5.574786324786331
5.565705128205135
5.556623931623939
5.547542735042743
5.538461538468255
95.0
95.0
95.0
95.0
95.0
95.0
95.0
92.63468468468454
90.26936936936931
91.1824644549763
91.91142020497796
90.24803991446879
87.34776334776325
85.29227557411275
85.0183923705722
85.36962025316461
86.2950717404866
87.0074812967581
87.72715972653816
88.32730673316712
88.89256714553403
89.53391412570011
90.09831985065341
90.68327868852464
90.00990099010232
5.6027397260274086
5.501369863013707
5.400000000000006
5.423728813559336
5.448717948717956
5.448717948717956
5.448717948718695
88.5
88.5
90.05394736842106
90.72510373443981
91.1539838854074
90.739491456152
90.32499902689665
89.91050659764124
89.49601416838584
89.08152173913044
89.40551445864162
90.49639344262289
91.03904698874919
91.47578534031413
92.05304518664047
92.19094488188978
92.88025889967639
93.375
93.7470892626132
93.96840747904582
94.87435567010311
95.36503856041134
95.84160305343511
96.22
96.46816720257232
97.09641693811074
97.31298701298704
97.80313930673674
94.35071707953102
90.469696969697
91.31390728476822
91.63203176704167
92.12101063829789
92.75363276089831
93.17411607738492
93.37574552683895
94.10113107119093
94.762187088274
95.3128712871287
95.54731965585711
96.05340453938584
95.52905811623259
93.59106070713824
91.69095816464238
92.13811780636422
92.48582995951415
93.25873655913978
93.68979319546361
94.13163196776361
94.57418496340654
94.97845117845122
95.48145650708022
95.89999999999998
96.38117806364244
95.13004791238882
92.31331058020476
92.81830695113558
93.29599456890699
93.3503054989817
94.04810298102981
94.32926829268297
94.8944055944056
94.83166189111739
93.28887251289598
90.18481595092021
89.11392405063292
89.03398058252426
89.14521452145215
89.51258389261744
89.94732441471572
90.01392515230634
90.80541012216405
90.94667832167829
91.40159574468083
91.87796312554872
92.3213660245184
92.6338514680483
91.1678023850086
88.08240343347643
88.65738396624477
89.17781402936384
89.66451612903222
90.15168100078186
90.28992248062013
91.09327217125383
91.48365019011408
91.9766917293233
92.33581533879374
92.77835433654559
93.32145454545454
93.55305232558135
94.27573529411768
94.75589970501477
95.10162002945509
95.49853801169593
96.08217168011743
96.7483492296405
96.90332103321032
96.29963369963389
93.04172767203511
92.59259259259261
93.01392961876832
93.23909883720933
93.67788117394412
94.23277737490935
94.57448325017822
94.99210337401291
95.36363636363637
95.71704871060172
96.36304816678648
96.85703971119133
96.88712011577422
97.45441493180186
97.60157932519746
96.1077931536779
93.0296886314265
92.92805755395682
93.42389758179229
93.9503546099291
94.3135593220339
94.4267605633803
94.97728885734563
95.31501057082448
95.96967559943583
96.06043569922701
96.55789473684217
97.10582386363637
97.23470839260312
98.01631205673759
98.07370659107016
98.83262711864407
99.02353780313837
99.27618364418936
99.05259417199704
93.960396039604
94.62517580872012
94.73842917251056
95.43880389429762
95.88533703961082
96.30891499654456
96.59876118375769
97.09065550906556
97.13055555555559
97.74186851211073
98.16713091922006
98.27442827442815
97.76077672141196
97.24712516839577
96.73347361537958
96.21982206236339
95.7061705093472
95.19251895633101
94.67886740331494
95.23370319001387
95.34027777777783
95.86541143654114
96.17265193370167
96.40871369294607
96.51557093425606
96.89112343966735
95.41434540389946
90.65880721220526
91.26170798898073
91.51261077027948
91.84079944865607
92.36598639455781
92.71000680735199
93.51626016260163
93.61959459459456
94.28890392422193
94.52861952861952
95.03122878479292
95.5
95.78929539295405
94.15896739130449
92.39404197698036
91.02710027100272
91.50644067796611
92.19463087248323
92.68997982515134
93.0748162992652
93.51569806279224
94.0564137004701
94.51264980026633
94.96664442961975
95.29522528581036
95.4203864090606
96.02546916890083
96.43771043771045
96.76107382550333
97.12137559001985
93.6174089068827
90.72739726027396
91.25698704839806
91.8535422343324
92.28086838534603
92.66509751176866
92.88199595414699
93.49932975871309
94.02624495289365
94.36034829202947
94.51470588235293
94.95286195286195
95.32772543741589
95.664199192463
96.19115646258501
96.69529652351738
96.68122866894191
92.02133516861664
91.76975476839232
92.21748107364078
92.85931034482758
93.44171779141104
93.65561569688771
94.36906377204885
94.41164522681106
94.96932515337426
95.42808452624404
95.56338983050841
96.32994579945799
96.55669398907105
96.99655172413816
96.32043477229058
95.644317820443
94.96820086859543
94.29208391674797
93.61596696490017
94.23767123287672
94.4517453798768
94.88215024121297
95.26149622512014
95.54644808743171
95.99097222222224
96.42268041237116
96.75154852030283
97.12595155709343
97.20732550103662
97.97220291869354
98.10229645093955
96.92340126493309
93.7461538461539
93.06236860546596
93.50591510090464
94.09513888888887
94.31327800829877
94.82506887052341
95.1766735679779
95.6201232032854
95.79752916952646
96.21694214876027
96.76747404844292
97.00346020761245
97.24030470914124
97.95264623955433
98.14584787159805
97.79563648020803
97.44542508881807
97.09521369742805
96.74500230603809
96.39479091464807
96.04457952325811
95.69436813186815
96.18439226519337
96.41111873713112
96.81793103448274
97.4063143445436
97.65538674033155
98.20625000000001
98.40358126721753
97.36086051353232
95.56344827586236
92.6394230769231
93.46279863481229
93.52084757347916
94.28142076502729
94.53478854024559
95.00476514635807
95.61627118644068
95.70440677966099
96.32203389830505
96.58843308675182
97.11315610088616
97.38797814207652
97.80314422419686
97.95631399317404
98.22664835164835
97.56048609249831
96.89432383334815
96.22816157419811
95.56199931504807
94.89583705589803
94.22967479674799
94.59211420802171
95.10558583106268
95.32293080054274
95.91945392491468
96.01362397820162
96.31475186947654
96.6869031377899
97.0836734693878
97.50446122168842
96.63150684931497
93.47114731839781
92.99114441416896
93.47687074829932
93.60709413369716
94.31643002028397
94.34506089309878
94.75883152173913
94.95358361774743
95.31621621621628
95.88130968622102
96.10013623978205
96.60327198364008
96.75343406593413
97.16483516483515
97.43160054719561
97.5646492434663
98.03529411764706
98.08085694540432
97.66804198254738
97.25522701969044
96.8424120568335
96.42959709397655
96.01678213111961
95.60396716826267
95.95732966276671
96.36618754277892
96.46511627906978