86.39340101522842
87.09507358426148
87.79674615329456
88.49841872232764
90.96520618556701
90.95375722543352
90.91257179323549
90.71162491971741
90.55405405405405
90.3618802318094
90.14679487179487
90.1062060140755
89.9929532351057
89.67136450992953
89.57060333761233
89.45886889460154
89.29622520793346
89.18216805644644
88.98593350383632
88.82375478927203
88.74712643678161
88.50351887396033
88.47220447284344
88.17680973734785
88.15641025641025
87.91140854047164
87.87762906309752
87.4393063583815
87.3420716112532
87.14404609475032
87.09590792838874
86.88633461047255
86.68766066838046
89.4435226547543
91.25031685678074
91.03415559772296
90.88825396825396
90.67410714285714
90.59923175416134
90.51507376523412
90.27656850192062
90.24186343331206
89.9894578313253
89.9894578313253
89.9894578313253
89.9894578313253
89.9894578313253
89.9894578313253
89.9894578313253
90.38248825013346
90.77551866894161
91.16854908774978
91.09756097560975
90.67821067821068
90.52737352737353
90.38670284938942
90.1732178547635
90.05252790544976
89.83617300131061
89.79909851899549
89.50515463917526
89.50191570881226
89.22060682680151
89.11075747931254
88.81783439490445
88.70037926675094
88.51641414141415
88.27784810126582
88.07233502538071
87.73871582962492
87.42893240682248
87.05953134895503
86.5585072738773
86.54740834386853
86.15859030837004
86.09286165508529
85.7728130899937
85.64068441064639
85.4359296482412
85.26860025220681
85.01879699248121
88.3103448275862
90.75792141951838
90.62380649267982
90.57628205128205
90.55158532781772
90.52688860435339
90.45659163987138
90.23827874116891
90.0180528691167
89.86311053984576
89.74059662775616
89.57809462086844
89.3719275549806
89.3719275549806
89.17605177993528
88.98834951456311
88.91953277092797
88.66471354166667
88.59061277705345
88.47526041666667
88.29895561357702
88.05559146735618
88.0161394448031
88.36329355416373
88.71044766352435
89.05760177288498
89.40475588224561
89.75190999160623
90.09906410096686
90.44621821032749
90.7933723196881
90.72225827384815
90.55324675324675
90.4274661508704
90.16126943005182
89.9838605551969
89.85927367055771
89.81217616580311
89.70876288659794
89.64410058027079
89.51748704663213
89.45507433742728
89.18275418275418
88.93717948717949
88.80437580437581
88.56330749354005
88.51610824742268
88.22001282873637
88.22001282873637
88.00640614990391
87.81322207958922
87.72575465639049
87.4932388924662
87.47266881028939
87.1888246628131
87.00191693290735
86.9878516624041
86.80641025641026
86.74438021836866
86.71666666666667
86.47266881028938
86.96155471896151
87.45044062763364
87.93932653630577
88.4282124449779
88.91709835365003
89.40598426232216
89.8948701709943
89.79669631512071
89.6611253196931
89.45761631612493
89.3784126984127
89.21758380771664
89.16962025316455
89.11645569620254
88.92390615091946
88.8984126984127
88.78249841471148
88.39949431099873
88.07590132827325
88.0639240506329
87.94306569343065
87.94306569343065
87.94306569343065
87.94306569343065
87.94306569343063
88.81755266583518
89.6920396382397
90.56652661064425
90.26810176125245
90.26106194690266
90.04616344354335
90.01001251564456
89.8249370277078
89.75519194461924
89.35361216730038
89.24225173940545
89.0763406940063
89.0687263556116
88.91466498103667
88.80694006309149
88.67652611705475
88.48456206679269
88.42164883574576
88.27858496525585
88.17180616740089
87.9679648241206
87.81926952141058
87.62593984962406
87.47424623115577
87.22194357366772
87.12077596996245
87.01318267419963
86.880625
87.01511335012594
90.7987460815047
91.10295040803516
91.09592476489028
91.03952321204517
91.01505646173149
90.8789013732834
90.831875
90.68816530995616
90.41065830721003
90.34714375392343
90.09416195856873
89.97125
89.94198378041173
89.70212765957447
89.43358395989975
89.32095657646319
89.25735754539761
89.00125234815279
88.97373358348969
88.77255639097744
88.66833855799375
88.34170854271356
88.29345088161209
88.05635566687539
88.03506574827802
87.73232323232324
87.37335009428033
87.32456140350882
91.09526813880126
92.23091603053435
92.1484771573604
92.0752688172043
91.94779874213836
91.77063642091997
91.61121613106491
91.2561669829222
91.18635502210992
91.05775266792216
90.79295154185021
90.74337957124843
90.48321722609248
90.31230283911673
90.21857233101706
90.03889585947303
89.83564231738036
89.6456096020215
89.35475740390675
89.15248897290485
89.04402515723272
88.86191677175283
88.76388888888887
88.35633626097867
88.25157232704407
91.9841872232764
93.00510529674537
92.88015218769816
92.86628643852978
92.78192161820482
92.49116161616162
92.33627760252367
92.22446406052966
92.07873015873014
91.81565656565657
91.73312302839116
91.29652996845427
91.21009463722396
91.06182965299685
90.95006321112515
90.83763373190685
90.67362428842506
90.26952141057934
90.24401008827239
90.11831340465702
89.9930817610063
89.82967741935482
89.05471478463329
89.05471478463329
89.05471478463329
89.05471478463329
89.05471478463329
90.71380645265293
92.3728981206726
92.21813725490196
91.97951719092904
91.85342465753425
91.72420634920636
91.38055376690276
91.31373801916934
91.0174781523096
90.84017412935323
90.74151758173969
90.36392206159648
90.30207677784769
90.0889589905363
89.92707672796449
89.79646017699116
89.55944055944056
89.20828025477707
89.11918419375398
88.94214876033058
88.76187460417987
88.49174078780177
88.31091370558376
88.22857142857143
87.98222222222222
87.72825396825397
87.5678776290631
87.35354179961712
87.16846789574062
87.02609802673456
86.88640714741543
86.69604086845465
86.39592616168046
86.21847133757962
86.21847133757956
88.37190404595458
90.52533675432969
90.52101240797357
90.51668806161746
90.46911196911196
90.30729833546735
90.26231605886116
90.13093709884467
89.98076923076923
89.70254777070062
89.54977520873473
89.34590792838874
89.26288987905792
89.17549457562221
88.9278876834716
88.91390306122449
88.64167725540025
88.53448275862068
88.20610687022901
88.1592356687898
87.90938098276962
87.79629629629629
87.45118059987237
87.31154822335027
87.1487341772152
87.01651842439642
86.70692943420217
86.70692943420217
87.07160812672177
87.43628681924137
87.80096551176096
88.16564420428057
88.53032289680017
88.89500158931978
89.25968028183938
89.62435897435897
89.51697629724535
89.26150895140665
89.19642857142856
88.96944621260343
88.78512396694215
88.69138149556399
88.49104859335037
88.2321882951654
88.07545973367152
87.91740787801778
87.73951715374841
87.50990415335463
87.46871008939974
87.15340547422022
87.00382653061224
86.95095541401274
86.65269841269841
86.48242811501598
86.17752234993614
86.02488832163368
85.86781609195401
85.51207115628971
85.29325699745547
85.10126582278481
84.86865482233503
84.51147959183672
83.98918575063612
83.86518987341772
83.55711550733886
83.61217948717945
87.81364497789008
89.39461883408072
89.2944942381562
89.24570337364736
89.2166454891995
88.973265436028
88.87730451366815
88.66687737041721
88.45031847133757
88.1723700887199
88.02346227013317
87.82644628099173
87.61937935402153
87.35568326947637
87.01395939086295
86.97849462365593
86.86084756483237
86.66371120962634
86.37334175615919
86.19198982835348
86.00189993666878
85.89681528662422
85.69451530612247
85.31106870229006
85.16182048040456
85.11994949494951
84.85194639438419
84.5736137667304
84.43602800763844
84.2622533418205
84.10176991150442
83.76727964489537
83.6632782719187
83.44366645448758
84.23454429572985
87.99233716475096
88.0722968650032
88.07284345047923
88.04002541296062
87.9612452350699
87.53797064454372
87.47506393861892
87.3014659018483
87.10006373486299
86.9846743295019
86.8805590851334
86.58206106870227
86.4758269720102
86.22637920101457
85.95566814439519
85.85831752055662
85.68884664131812
85.46469104665826
85.2722678458623
85.13619167717529
85.05488958990536
84.77925363693865
84.65565438373571
84.28091312618898
84.13619167717529
84.10907944514503
83.80139152435166
83.66327827191867
83.43489254108727
86.25349428208386
87.19771137952958
87.03109137055837
86.96129441624366
86.8093730208993
86.74462705436156
86.54528061224488
86.43630573248409
86.26356094447988
86.0997442455243
85.9204834605598
85.82919056724027
85.63793103448276
85.54166666666666
85.35417996171027
85.29137380191693
85.17079365079366
85.04910714285712
84.92820838627699
84.73062261753493
84.63462762571612
84.38825031928481
84.28180661577608
84.14503816793895
83.9548058561426
83.76957352005091
83.53035143769968
83.5111678366305
83.3891373801917
83.13938618925832
82.96099744245524
82.76720257234726
82.55920205920206
82.52736638763682
82.35490070467648
82.21140294682897
81.93709884467268
81.7841494845361
81.63001293661063
81.48769430051813
81.44530744336569
81.36974789915965
81.07881136950903
80.90774193548386
80.70084360804672
80.63860103626943
80.55455132343445
80.2588766946417
80.18669250645993
79.87888601036269
79.82794307891332
79.73156532988355
79.52362459546926
79.51036269430051
79.25933075933077
79.22372662798193
78.81096774193549
78.74420103092785
78.48200514138819
78.32540192926047
78.10064102564101
77.93529788597054
77.82767456758489
77.58210862619808
77.52705283259073
77.18634333120613
77.14395393474086
76.81829814459373
76.71218889597958
76.5185421994885
76.49616858237547
76.25769230769231
76.16880616174586
75.78758797184902
75.6764705882353
75.51536491677335
75.38199356913185
75.18094011590472
75.04774193548388
74.88831504196256
74.56516129032258
74.52479072762395
75.59742765273313
78.38378033205618
78.20971867007673
78.15458627325206
77.98324742268039
77.8709677419355
77.77402597402599
77.58815875081328
77.50749185667752
77.40414507772019
77.18612191958493
77.04693611473273
76.943359375
76.77302204928664
76.69689119170982
76.50874918988981
76.45346961756934
76.39819004524887
76.33397932816536
76.21576227390179
76.03450520833333
75.96549479166669
75.76279974076476
75.58694246929541
75.51521035598705
76.79150579150564
80.85391079508726
81.21038961038961
81.27067183462532
81.85431489232542
82.43795795002552
83.02160100772568
83.60524406542578
84.18888712312594
84.77253018082604
85.3561732385262
86.11677419354838
86.19109102646867
86.09219858156028
86.03488372093024
85.99354005167959
85.84370946822308
85.79778933680103
85.59322033898304
85.52707110241357
85.44234527687298
85.33333333333333
85.29935064935063
85.13459037711311
85.05119896305898
84.9520103761349
84.85491216655824
84.783203125
84.63565387117762
84.58284600389865
84.49643088903309
84.36658031088083
84.36658031088085
84.18523316062175
84.02324080051646
83.990297542044
83.79662118258608
83.62386511024643
83.56262167423752
83.39155844155846
83.22430510665805
83.02716688227684
82.95987055016181
82.83031088082902
82.66343042071199
82.55129870129872
82.39715394566625
82.1812297734628
81.96705426356584
84.02182284980745
84.97810688989054
84.90187217559716
84.75225806451614
84.61975468043899
84.6059431524548
84.49099099099101
84.19807692307693
84.14276568501919
83.94379844961239
83.71907216494846
83.6930501930502
83.52770618556701
83.41403734707018
83.12998712998713
83.11654861558276
82.92118863049097
82.75178687459388
82.67120622568092
82.50162022034996
82.38336582196231
82.33246921581335
82.14536015574302
81.89391979301422
81.66623376623376
81.65651328580687
81.73603603603604
81.73603603603604
81.73603603603604
81.73603603603624
86.03634232121922
86.0394207562349
85.60425240054869
85.44051446945336
85.26356094447988
85.12420382165605
85.05651894669236
84.97683397683397
84.9515503875969
84.93324692158134
84.7654723127036
84.66817887232665
84.52922077922078
84.4870298313878
84.43911917098447
84.3043758043758
84.23116548615582
84.10693454309786
84.10693454309788
83.96370706416073
83.91315618924173
83.66037735849045
85.6515837104073
88.14368932038836
87.9961439588689
87.99614395886891
87.93440514469454
87.91752577319588
87.84555984555985
87.7740477727566
87.56662354463131
87.54239482200647
87.46119016817593
87.26159793814433
87.20154539600773
87.08687258687257
86.97883258499036
86.88416988416988
86.76923076923077
86.5817120622568
86.46955958549222
86.2596649484536
86.20437017994857
86.07935483870969
85.86334196891193
85.7483745123537
85.70974025974027
85.60413971539457
85.45984455958549
85.3397807865893
85.17688831504196
85.06180871828236
84.96096291476903
84.76868096166342
84.6887159533074
84.66083009079118
84.50453955901426
84.36900129701687
84.22229381443299
84.16216216216215
84.08462532299741
84.0439276485788
83.77098243331164
83.7178153446034
83.62979830839299
83.43433029908974
83.31038961038959
83.05992268041237
82.98708010335918
82.79688513951979
82.75652741514361
82.77338476374156
82.77338476374156
82.77338476374156
82.77338476374143
87.05381165919283
86.84710743801651
86.62708182476467
86.26340801086221
86.0511658031088
85.92984693877551
85.74347549331635
85.6572246976448
85.57097390197328
85.4663677130045
85.29648562300319
85.23660714285711
84.98261429491308
84.94716494845358
84.6943371943372
84.56435006435007
84.42866365397032
84.10012919896641
84.02525906735751
83.88565891472868
83.76038961038961
83.63624595469255
83.52269779507134
83.68410852713168
88.06125080593165
88.75389610389611
88.74172615184946
88.64679196370706
88.62645914396887
88.48506493506494
88.37279261618885
88.26052029731275
88.14824797843666
88.14824797843666
88.14824797843666
88.14824797843666
88.14824797843664
89.26353903100107
90.37883008356545
89.97065637065637
89.87517630465445
89.80079946702199
89.53104786545924
89.48302370275462
89.03924050632911
89.02223634053365
88.7117117117117
88.53175112251444
88.42203608247422
88.08483290488432
88.07766367137359
87.74047772756617
87.60427461139895
87.40531776913099
87.2422480620155
86.99935525467438
86.77705767984446
86.66363636363636
86.53656957928801
86.4062297209604
86.17601547388779
85.8378728923476
85.76883116883116
85.50452781371283
85.41153596889177
85.43371943371949
88.97942122186495
89.2262678803641
89.18612191958495
89.08985132514545
88.81606217616581
88.64007782101169
88.53536664503568
88.33767078724787
88.03229974160209
87.86094866796623
87.73229369720599
87.48894668400521
87.31565329883568
87.00453074433656
86.84429967426712
86.63253402462735
86.48246753246754
86.45236552171096
86.35259740259744
88.84476067270373
90.0957928802589
89.74153645833334
89.61423948220065
89.49123945489941
89.37987012987014
89.18240620957309
89.0439276485788
88.8654217643271
88.68134715025907
88.64466019417475
88.49352331606218
88.28487994808566
88.13018134715028
87.8546511627907
87.72411575562703
87.55706874189366
87.44711226476312
87.07225806451612
86.94770819883797
86.7399741267788
86.38426821405542
86.15992292870905
86.00514138817482
85.67914783731442
85.54375804375803
85.3797305965362
85.15671162491972
85.03468208092488
84.73032258064518
84.484183344093
84.26572528883185
84.07598197037993
83.80776699029127
83.62322580645161
83.5058064516129
83.4066924066924
83.12056737588654
82.80494148244472
82.624191461837
82.90389610389593
88.40542285345396
90.70000000000002
90.6310615989515
90.57990867579909
90.42091503267976
90.26740403383212
89.84931506849315
89.68896103896105
89.5116580310881
89.40592783505156
89.15041962556488
89.00972132209984
88.76577748861418
88.62443144899285
88.44523195876286
88.2175866495507
88.00386847195358
87.75661717236926
87.62775616083007
87.4738202973497
87.29521963824288
86.9851994851995
86.69146183699873
86.55584247901874
86.33463035019457
86.10658914728685
85.76508760545101
85.70622568093387
85.5019404915912
85.3400520156047
85.12759067357513
84.98450613298903
84.84132124352328
84.49902407286925
84.4141742522757
84.09149902660613
83.85435630689209
83.7107652399481
83.4721141374838
83.36948051948053
82.93398692810456
82.7540663630449
82.60233918128654
82.43404808317109
84.9204398447605
88.73684210526316
88.75130890052355
88.78175895765469
88.58945998698763
88.52792207792209
88.38141650422352
88.0
87.78110749185669
87.55584415584416
87.52792207792209
87.35045513654097
87.15544041450778
87.00454840805719
86.8516590761223
86.60596241088786
86.37718729747246
86.21654815772465
86.03696498054475
85.90000000000003
85.66688396349413
85.62687540769736
85.38141650422352
85.29204693611473
84.89077828646174
84.6969895287958
84.5127868852459
84.35989549314172
83.94306282722513
83.80693717277487
83.64852459016402
85.756544502618
88.14379514116877
87.68493150684932
87.58218729535037
87.4188925081433
87.29856584093872
87.15679895901104
86.82832898172322
86.69185667752441
86.60168940870693
86.39386022207708
86.10271317829455
85.87044270833331
85.71937783538561
85.56075373619234
85.4715025906736
85.18305304010349
85.07483870967741
84.82569399612655
84.74789915966386
84.35294117647061
84.21470019342357
83.98968407479046
83.82440284054229
83.53092783505154
83.51029601029603
83.16580976863753
83.09698137443802
83.19062901155348
87.40592783505156
87.06923076923076
86.99038461538458
86.75128205128203
86.55441741357234
86.53285621340274
86.60338345864662
86.60338345864662
86.60338345864662
86.60338345864648
89.14915966386553
88.91770573566083
88.6816838995569
88.47306629834253
88.19762062128223
87.98335467349551
87.72802024035423
87.52288401253918
87.26209930861091
87.05000000000001
86.98488664987406
86.79647132955262
86.6423589093215
86.46924540266326
86.20558375634518
86.09808917197455
85.8610579987253
85.4996796925048
85.28863346104725
85.14203454894431
84.94888178913737
84.84948979591837
84.57235142118861
84.42152466367713
84.24791800128123
84.24791800128128
86.39785252212891
88.54778704297627
88.50902061855669
88.34215622982569
88.18064516129033
88.02253702511268
87.94726688102892
87.68543689320387
87.43051066580477
87.25178455548345
87.07925257731961
86.93556701030928
86.67660401814645
86.62265372168284
86.40639269406392
86.3203125
86.04330963154491
85.94315245478035
85.7244094488189
85.70731707317073
85.79290780141844
85.79290780141844
85.79290780141844
85.79290780141855
90.08098159509206
89.79888785912885
89.45744680851061
89.10681003584233
88.75427789185488
88.51640991292697
88.29607843137255
88.22783171521036
87.81286173633441
87.64327108821635
87.59125964010286
87.16102236421722
86.97268106734435
86.74373795761079
86.58793324775353
86.49710610932476
86.24355670103091
86.02700964630219
86.96734955185639
89.66967160334838
89.58500323206206
89.46273493195076
89.22691807542262
89.09303838646713
88.787109375
88.61357702349869
88.40932642487047
88.24108878807516
87.92117263843647
87.67578125
87.48667966211826
87.27172503242542
86.88664495114006
86.79453836150847
86.60521172638437
86.29987046632124
86.21178756476684
85.87573194534806
85.70664928292047
85.44408322496747
85.35408560311282
85.02595717066842
84.84550195567147
84.654296875
84.53955901426718
85.06888072964693
85.59820244502669
86.12752416040644
86.65684587578619
87.18616759116594
87.71548930654569
87.64085881587505
87.40962288686609
87.19558154645875
86.94654498044326
86.6076523994812
86.5286085825748
86.32186891628814
86.18051948051942
85.72073250490519
85.66928104575163
85.3744292237443
85.33355091383811
85.14964216005205
84.69928245270711
84.62050947093402
84.41449086161882
84.20754716981132
84.17144719687093
83.73711676451401
83.66863130320891
83.47600262984878
83.1853532080363
82.82614379084953
84.83816892327513
88.70738079686481
89.23211963589077
89.24755700325733
89.16742375081118
89.07184466019419
88.68536428110896
88.59961315280464
88.40426908150064
88.26805465191933
88.00457516339867
87.7261518494484
87.62678803641091
87.44062297209604
87.37005832793261
87.18116883116886
86.80598958333331
86.6476314081765
86.47859922178986
86.28033744321868
85.97318508829301
85.71131339401819
85.52788586251623
85.34311806914548
85.08650065530799
84.73333333333335
84.5565729234794
84.30829523187458
84.0723684210526
83.89283366206445
83.71147540983605
83.52415143603133
83.36701434159068
83.98151815181518
87.28870019595036
87.80444735121
88.40667102681505
89.00889470241998
89.61111837802491
90.21334205362996
90.81556572923478
91.87425938117184
91.78289473684211
91.62426229508193
91.40209561231171
91.23394495412845
91.0545693622617
90.82677165354332
90.72364112639161
90.70099667774087
90.48191489361702
90.48191489361702
90.48191489361702
90.48191489361693
92.04331332362449
93.60471175363182
95.16611018363938
94.81429624170966
94.49722607489599
94.35561497326205
94.09673202614385
93.60670535138621
93.49807197943443
93.31270148291424
92.86022207707381
92.71744791666669
92.51495448634591
92.31620039037082
92.14369693011105
91.79777486910996
91.51211525867714
91.49178172255094
91.28039215686272
91.05187130663165
90.7871643745907
90.60951760104302
90.46958796599085
90.25686274509803
90.00459619172688
89.64005235602093
89.49737876802095
89.2634691195795
89.0748840291584
88.75709570957096
88.5402750491159
88.3527868852459
88.16612164813603
87.94183006535951
87.57798165137615
87.44
87.23548597521221
89.34700520833348
91.7060367454068
91.5486610058785
91.4509162303665
91.34442270058707
91.27397260273972
90.78186596583441
90.67016393442623
90.52848722986249
90.26988265971318
90.187704381949
89.90006531678642
89.7041149575441
89.64928292046937
89.3614536015574
89.07431551499349
88.87459177008492
88.61378413524058
88.54912166558233
88.30544747081711
87.99092676604019
87.83279325988337
87.64908854166669
87.48613797549967
87.22818358112477
86.91365979381442
86.80426356589146
86.56428571428572
86.46019417475725
86.2256176853056
86.4550161812299
89.2983713355049
89.04601425793908
88.99095607235148
88.62443438914028
88.49870466321244
88.33829236739973
88.06701030927834
87.93978219090326
87.6261319534282
87.5084087968952
87.07165913492575
87.01877022653719
86.70348837209303
86.50808015513897
86.45202833226017
86.13688946015424
86.04102564102561
85.75824175824175
85.49518922386142
85.25158831003813
85.00896860986546
84.81957773512474
84.6713735558408
84.48041104688502
84.33973128598848
84.00642673521816
87.98662420382152
91.50778210116732
91.50616482803373
91.47150259067357
91.40270618556701
91.22709677419357
91.02954399486188
90.85409941898001
90.65523932729624
90.5426908150065
90.36010362694302
90.17377260981914
89.92806679511881
89.66104990278677
89.5042071197411
89.41736876215163
89.09903536977492
89.06056701030934
88.66860841423949
88.59443725743853
88.29567462879277
88.16902313624678
87.97553122987767
87.66623544631307
87.56847545219637
87.35797665369648
87.27478937135447
86.98967075532602
86.88372093023258
86.5051948051948
86.4253246753247
86.09496124031008
86.0316946959897
85.63116883116884
85.60909090909092
86.09792477302199
89.42644199611152
89.06045016077171
89.05927835051548
88.96842783505156
88.73786407766988
88.55734536082474
88.42810880829018
88.29708737864075
88.06023316062175
87.93681495809159
87.68717616580312
87.45900581020013
87.33118140735957
87.17268041237116
86.89089735313104
86.66365397030341
86.6099290780142
86.37427278603747
86.16892327530627
85.89324758842446
85.56310679611651
85.52328589909445
85.28682673588577
85.13585891574135
85.1024208566108
85.1024208566108
85.1024208566108
85.1024208566108
85.1024208566107
86.19244689034963
87.28247292408855
88.37249895782747
89.4625249915664
90.55255102530532
91.64257705904447
92.7326030927835
92.64637305699483
92.28028350515464
92.16250079340688
92.04471808165911
91.9525974025974
91.72478854912168
91.62816353017519
91.42931258106353
91.29126213592235
90.9638242894057
90.7503234152652
90.61568373298769
90.37935483870967
90.28663653970301
89.96183699870636
89.71872974724565
89.60582524271848
89.38292367399742
89.30083925112979
88.88794788273617
88.70488599348533
88.50846354166669
88.35175552665805
88.00648929266708
87.8095238095238
87.67014341590613
87.44834307992201
87.32751937984494
86.8572364112639
87.02594033722471
90.24523339907955
90.56245912361018
90.51144538914323
90.40418574231524
90.22795558458529
89.87557003257328
89.76616590463743
89.43398692810456
89.28878748370272
89.12199870214147
88.84464751958222
88.6599348534202
88.55120678408349
88.34244791666669
88.26092628832356
88.00260078023393
89.88788075178218
93.01632919660355
92.89388020833333
92.89388020833331
92.68335500650198
92.5196335078534
92.45751633986927
92.29128738621591
91.83441981747069
91.6487012987013
91.4993514915694
91.31705729166669
91.09760827407888
90.93531694695992
90.64744005184707
90.56485084306098
90.29935064935063
90.0375161707633
89.6925566343042
89.51132686084142
89.41806451612905
89.1432258064516
89.07459807073951
88.71317829457365
88.56043956043959
88.35164835164835
88.13504823151123
87.89324758842446
87.70766258853831
87.48007712082261
87.27863577863577
87.27863577863536
92.05209003215441
94.2488628979857
94.0277240490006
93.69260700389106
93.57060333761234
93.35539845758353
93.13911933631141
92.93846153846152
92.63642213642214
92.49614395886886
92.16570697376841
92.00765794511801
91.64285714285717
91.44843049327355
91.28452685421996
90.98339719029377
90.8505089058524
90.65451055662186
90.24920331421288
90.13367281985995
89.89278876834715
89.63951250801796
89.35399361022365
89.22880815806246
88.95471938775518
91.61831076724684
93.1329479768786
92.98205128205129
92.87202572347269
92.59087989723827
92.3436095054592
92.12628205128203
91.91810620601404
91.73007712082261
91.54241645244213
91.23081841432224
91.12907348242811
90.90728900255755
90.89329073482429
90.37210796915167
90.22421524663676
90.08370607028755
89.92724952137843
89.67284345047923
89.55598208573258
89.22456813819576
88.98979591836735
88.78330146590179
90.68401015228437
92.94957983193274
92.82202304737518
92.63700384122919
92.56704980842909
92.4359795134443
92.23721227621482
92.0660679923028
91.65278667520823
91.52975047984648
91.32292993630574
91.11210762331837
90.8849840255591
90.62588084561179
90.44053708439901
90.26356094447988
90.04339502233563
89.61182519280209
89.45932094811019
89.20558375634516
89.05041480536056
88.88141025641028
88.56254008980116
88.4480102695764
88.24807692307695
91.93222506393886
95.67244701348747
95.66666666666669
95.60989717223651
95.51159793814435
95.33075435203097
95.03905249679894
94.84906872190106
94.57400257400258
94.28853503184718
93.96989109545166
93.71676300578036
93.4669660038486
93.22229340166558
93.03166561114631
92.90063291139245
92.52644996813257
92.33651399491094
92.07238095238097
91.75320512820514
91.5441741357235
91.20203951561501
90.91867852604832
90.51339285714289
90.28989192625556
90.08887468030696
89.69364161849711
89.50223928342928
89.09706257982117
88.89917038927888
88.62851662404091
88.401665598975
88.16412213740455
87.96683673469386
87.65470852017938
87.52820512820517
87.135152284264
86.67694283879257
86.51925545571248
86.17388535031847
85.95748730964465
85.61061381074171
85.42189500640205
85.24535554131967
85.04813863928109
84.60553410553393
86.1225016118633
91.1049264235445
91.36416184971098
91.36666666666667
91.20665387076133
90.97574984045946
90.73205128205132
90.47179487179483
90.05584082156611
89.84345047923324
89.55755627009648
89.16751918158565
89.0408163265306
88.68569595894803
88.44330557335036
88.14102564102564
87.85567671584349