100.43412652350551
100.51909722222223
100.5098493626883
100.5098493626883
100.44090382387023
100.37124711316397
100.30417149478563
100.28795811518324
100.32632181581435
100.36468551644546
100.2672018348624
97.38549400342661
96.6471264367816
96.67531068175045
96.70349492671929
96.78888265019651
96.93016759776538
96.93467085245412
96.93917410714286
96.93960744213886
96.94004077713487
96.94047411213089
96.94090744712689
96.94134078212291
96.97799740559448
97.01465402906607
97.05131065253764
97.08569838619923
97.0293660470322
96.97303370786517
96.97303370786517
96.97304884896126
97.2231139219397
97.47317899491813
98.11273135165452
98.55339805825243
98.61025641025641
98.66590389016018
98.82849002849002
98.83481644281645
98.84114285714286
98.91453488372093
98.93954518735727
98.9645554909936
99.0069484655472
99.04355497095122
99.08016147635524
99.10040626813696
99.11658932714617
98.08333333333334
97.51338766006984
97.51709841237704
97.52080916468424
97.52451991699144
97.52823066929864
97.53194142160584
97.53565217391304
97.47127103888567
97.48621023208652
97.50114942528737
97.49658703071673
97.42811313204382
97.35963923337091
97.37098029889994
97.38232136442896
97.39366242995798
97.40500349548701
97.41634456101602
97.40011037527594
97.35184167124794
97.3478021978022
97.33518258849584
97.32256297918948
97.26336710979233
97.20417124039517
97.20135538833362
97.19853953627207
97.19572368421052
97.2022664098051
97.20880913539968
97.21732530602773
97.2258414766558
97.23889490790899
97.27297297297298
97.30698429886303
97.3331941476826
97.3594039965022
97.38561384532179
97.45705024311184
97.54515778019586
97.53126510073854
97.51737242128121
97.60485175202157
97.60485175202157
97.61072386058981
97.58206617076726
97.55340848094471
97.55502136752136
97.6216072378925
97.65724946695096
97.82409381663112
97.89473684210526
97.94509594882729
97.97815663292488
97.97167071067776
97.96518478843063
98.98985584623598
99.69448818897638
99.89742240925828
99.94464751958225
99.9304055156658
99.91616351174935
99.9019215078329
99.88767950391644
99.8734375
99.91662480427975
99.9598121085595
99.98277661795407
100.0141435306443
100.17602274054619
100.33790195044807
100.83552285864425
100.97068062827225
101.2942105263158
101.82349896480332
101.91536050156739
101.78177083333333
101.69166666666666
101.47962382445141
101.41498708010334
101.21025104602509
100.48914167528437
98.76097057305111
97.5966735966736
97.44064282011405
97.39608045384219
97.37418208398913
97.35228371413606
97.330385344283
97.75878003696857
97.75878003696857
97.75878003696857
97.75878003696857
97.75878003696857
97.75878003696857
97.75878003696857
102.51470588235294
102.51470588235294
102.41447368421049
101.09189925119128
100.23978685612789
99.8108255877529
98.16224814422057
97.99201277955271
97.78611738148983
96.98712206047031
96.711051212938
96.2642105263158
96.23659305993691
96.29581294134701
96.35503282275711
96.03384279475983
95.87108953613807
95.52831715210355
95.18554476806904
94.8427723840345
94.5
94.5
94.5
94.5
94.5
94.5
94.5
94.5
96.16569390402077
97.83138780804151
97.64906103286384
97.6775829205378
97.70610480821178
97.75710455764076
97.84188034188034
97.89268805891636
98.51177394034539
100.90728129910948
101.24712041884817
101.26635021097047
101.25775907417149
101.20627325890484
101.05514316012724
101.03410283315844
101.07001176421637
101.1059206952743
101.07650273224044
99.98443478182588
98.89236683141132
96.47616407982258
95.09450549450548
93.98762109795479
93.49945945945946
93.80699835975943
93.87554824561404
94.14591332967636
94.18256578947368
94.36363636363636
94.5413698630137
94.78728070175438
94.78728070175438
94.86286341195832
94.86286341195832
94.9928610653487
95.03579295154185
95.13876651982379
95.23038946791004
95.3136612021858
95.33552631578948
95.48251366120219
95.52517367961642
95.56783369803064
95.60109589041096
95.63391877058177
95.74903687396808
95.76593406593406
95.81328940142777
95.83152087022407
95.84975233902037
95.84975233902037
95.86413641364136
95.87259684118192
95.88105726872247
95.88105726872247
95.9042904290429
95.95721338453099
96.06043956043956
96.06043956043956
96.14920460778936
96.16228070175438
96.16584564860426
96.27362097214638
96.27362097214638
96.31188658669575
96.3768898488121
97.13462361116602
97.89235737351991
98.36181719848567
98.42657342657343
98.43272335844995
98.45072697899838
98.44897959183673
98.44823906083244
98.42780748663102
98.41547429782727
97.5195481725357
96.6236220472441
96.30647709320695
96.27745664739885
96.27573529411765
96.28515648960314
96.29457768508863
96.2396434189827
96.37499806912923
96.51035271927577
96.64570736942233
96.78106201956886
96.9164166697154
97.05177131986194
97.18712597000848
97.322480620155
96.47944501541625
96.5082219938335
96.70488431876606
96.71802773497689
96.77268041237113
96.81968057702215
96.82281660159038
96.8259526261586
96.9052918868498
96.984631147541
99.15893694632621
99.15611080892953
99.15328467153284
99.18851174934726
99.24335591453882
99.24046911885631
99.23758232317378
99.23469552749125
99.23180873180874
99.22342112061739
99.21503350942604
99.20664589823468
99.17679871774683
99.14695153725899
99.16666666666666
99.17113948236928
99.17561229807191
99.17561229807191
99.17561229807191
99.19499478623567
99.19838142847925
99.20176807072284
99.2183908045977
99.21577434966727
99.21315789473684
99.25631578947369
99.29417933927635
99.33753943217665
99.34070563454449
99.28893407719814
99.23716251985178
99.24382263228215
99.25048274471251
99.25714285714287
99.27147401908802
99.27714033037958
99.28280664167113
99.2590811965812
99.19306666666665
99.04091392136026
98.98937865108869
98.96488623879607
98.94039382650345
98.84343163538874
98.843147751606
98.81027027027028
98.79718766901027
98.81399513602358
98.83080260303689
98.37041036717062
96.61395101171456
96.0236305048335
95.92769148366364
95.98676685057382
96.04584221748401
96.00053390282969
96.13891834570519
96.15585106382979
96.16057233704292
96.19042553191488
96.29102496016995
96.30854430379748
96.29263194025853
96.27671957671959
96.30568846358321
96.36760788492275
96.40064102564102
96.40673436664886
96.42096977511709
96.43520518358531
96.44301242785824
96.45081967213115
96.45085118066996
96.53761533109615
96.62437948152234
96.64757709251101
96.65424614867389
96.66091520483678
96.66758426099966
96.67425331716255
96.68092237332544
96.68759142948832
96.69426048565121
96.69469026548673
96.722498618021
96.72110613720434
96.71971365638767
96.76198347107439
96.79083885209712
96.85753880266076
96.86077348066298
96.93818984547461
97.0934065934066
97.15444015444015
97.15444015444015
97.18463239358762
97.19966814159292
97.26751241036956
97.27217630853994
97.3218012081274
97.34323432343234
97.33993399339934
97.33663366336634
97.33333333333334
97.38763114301491
97.43677526228603
97.43677526228603
97.51486784140968
97.62093663911845
97.62093663911845
97.71938495332235
97.7978021978022
97.8027397260274
97.8027397260274
97.89698630136986
97.90635268346111
97.90635268346111
97.97921225382933
98.08192244675041
98.09497816593887
98.09737417943107
98.26158038147139
98.26158038147139
98.29334787350055
98.37759562841529
98.43973941368078
98.47626841243863
98.4746170025055
98.47296559257236
98.50656455142231
98.55610290093048
98.55610290093048
98.69653655854864
98.8103638368247
98.8103638368247
99.02519167579408
99.0835623969214
99.0912087912088
99.1434065934066
99.20328767123289
99.2552026286966
99.2721796276013
99.29257641921397
99.3256830601093
99.42857142857143
99.52691680261012
99.57056892778994
99.58537915984724
99.62969004893964
99.67818558846113
99.72668112798266
100.38702702702702
100.43653177344906
100.4860365198711
100.52178590640129
100.60883620689656
100.6549676025918
100.6854054054054
100.69016490572646
100.69492440604753
100.68223077137684
100.66953713670614
100.6385320092133
100.60752688172042
100.62958761668439
100.65164835164836
100.6545050734706
100.65736179529283
100.65736179529283
100.76388140161725
100.89822294022616
100.97012493210212
101.12479740680713
101.23647186147187
101.33099730458221
101.74878706199459
102.16657681940694
103.88900862068965
104.10043431053202
104.11292962356792
104.19814915623299
104.23711340206185
104.28710725893825
104.32883369330455
104.36398053001622
104.36366142403776
104.3633423180593
104.37300021781154
104.38265811756378
104.39231601731602
104.51843817787419
104.53716766142159
104.57948996201844
104.58134490238612
104.61850136294184
104.65565782349756
104.66685330199269
104.67804878048781
104.75556762629006
104.75556762629006
104.8228602383532
104.8304003088785
104.83794037940379
104.87107258938245
104.97349918875068
104.97505422993493
105.00433839479393
105.02827623708538
105.08119891008175
104.9667755991286
102.10092240911558
99.5347564313081
96.47781385281382
92.7187332259796
92.67582121701669
92.61591880341881
92.64975974372665
92.70644645711242
92.72790202342918
92.77453580901857
92.9020127118644
92.9020127118644
93.25065138092756
93.80309734513276
94.38392857142857
94.38392857142857
94.38392857142857
94.38392857142856
96.49703557312253
96.20761494252872
95.81862152357917
95.45951742627346
95.41438178996378
95.39563230066022
95.27912867274568
95.1841046277666
93.36372847011145
93.30835881753313
93.1995895330939
93.18556701030928
93.20077935146826
93.21599169262721
93.24753502854178
93.2671875
93.31716223265519
93.35415307204715
93.39114391143912
93.39504219409282
93.51633298208641
93.52157894736843
93.52157894736843
93.52792413066385
93.53515515511053
93.54238617955721
93.54961720400388
93.55684822845056
93.64730728616684
93.68002108592515
93.72939572425527
93.77877036258542
95.16817456093668
97.089124668435
97.17941952506595
97.21058201058202
97.36603375527426
97.3802966101695
97.44232804232803
98.50721539283813
101.67433155080221
103.76416621694548
103.90322580645162
103.97995666305525
104.04577275175014
104.04577275175014
104.03822540631289
104.03067806087564
104.02313071543841
104.00535989002708
103.98758906461576
103.96981823920444
103.95204741379311
103.94932614555256
103.90884427563755
103.90884427563756
103.89982754322419
103.89081081081076
101.14459102902379
99.4710568242167
98.9782383419689
97.81786542923433
97.78674621944032
97.7556270096463
97.75191818801875
97.7482093663912
97.75837172018245
97.76853407397371
97.77869642776498
97.78885878155626
97.79902113534752
97.80918348913877
97.81934584293005
97.82950819672132
97.80799016684365
97.78647213696598
97.76495410708831
97.74343607721065
97.72191804733298
97.70040001745531
97.67888198757765
97.02667392487751
97.0878947368421
97.28727841501563
97.55856777493607
97.46726938720911
97.37597099948209
98.52126607319485
99.12425149700599
99.50676014021032
99.57085628442664
99.7022022022022
99.88229426433914
99.79485356319557
99.70741286205204
99.75256044198765
99.79770802192327
99.80358030830433
99.80213742246332
99.8006945366223
99.79925165078127
99.79780876494024
99.9628160634606
99.98420533070089
99.95598472923251
99.92776412776414
100.30337078651685
100.37720207253886
100.40361757105944
100.44099519129696
100.4783728115345
100.66237776634071
100.97154471544715
101.05433154358325
101.13711837171934
101.4627659574468
101.83029721955896
101.83029721955896
101.83029721955896
101.83029721955896
101.83029721955896
101.83029721955893
102.47927656367744
101.51137800252843
100.65089440276977
100.64244407312628
100.63399374348279
100.13217213114757
99.63257965056528
98.2880829015545
96.70281543274245
94.70793650793644
92.6018858040859
90.27651515151513
88.70408719346051
87.88267246061923
87.65089722675367
86.8862881457892
86.12167906482478
84.43668831168833
84.0401737242128
83.99349593495936
83.98276790522348
83.97459459459459
84.11612903225806
84.20613562970937
84.20684039087948
84.20684039087948
84.22517634291916
84.26987560843699
84.31698113207547
84.35694970254191
84.40469106748716
84.45243243243243
84.58665231431647
84.59745263089886
84.60825294748125
84.72270270270269
84.74605021190479
84.76939772110688
84.81576086956522
84.87241003271538
84.89303346132738
90.59762675296656
93.74298293891025
96.21278941565595
97.42371967654987
98.27131367292225
98.67894736842105
98.65161391435178
98.62428046028252
98.59694700621326
98.569613552144
98.07206733298267
95.90526875997875
95.03893333333333
95.00860677783754
94.97849462365592
95.13726541554959
95.13726541554959
95.19989281886387
95.5805422647528
95.60413498576168
95.62772770677057
95.65132042777945
95.67491314878833
95.69850586979737
98.84945112388918
99.16132422490804
99.14377759906333
99.12623097321861
99.10868434737391
99.01663201663202
99.01663201663202
98.95492662473794
98.97068062827225
99.00735680504467
99.01102748388716
99.01469816272966
99.01469816272966
99.10110584518168
99.11099421357181
99.10865500152275
99.10631578947368
99.1917591125198
99.19884575026234
99.24421052631578
99.240873932042
99.23753733776822
99.23420074349443
99.23423423423424
99.24880636604775
99.2745618693574
99.30944798301486
99.34521276595746
99.46043547530536
99.51961311123051
99.55430711610487
99.59526372443489
99.65454545454546
99.66826666666667
99.68306878306879
99.71148755955532
99.72838196286472
99.7821729957806
99.77827679836473
99.77438060094886
99.78722280887013
99.59140911471968
97.1105870020964
96.00053219797765
96.07856761090326
96.10326377742109
96.16381156316916
96.23249599144842
96.27093383171994
96.30937167199147
96.38694267515923
96.38882508625966
96.39070749736008
96.44097406034939
96.47724867724867
96.55466457155181
96.63208046585495
96.77525118984659
98.69076517150395
99.00686740623348
99.1651809124279
99.18378093733544
99.2101944298476
99.21934523603198
99.22849604221636
99.25185185185185
99.30602536997887
99.33649789029536
99.3384533898305
99.34493670886076
99.45042194092827
99.47282321899736
99.51078379800106
99.57030015797788
99.58193277310923
99.59954985153618
99.61716692996313
99.62459396366923
99.63202099737532
99.64221635883905
99.67047392994806
99.69873150105708
99.71330878485008
99.73538671301174
99.75746464117339
99.753666909807
99.7498691784406
99.75456919060052
99.7828125
99.8247529901196
99.87948051948052
99.88204795204796
99.88461538461539
99.92163985469642
99.94693456980937
99.98017523124112
100.01341589267287
100.07399794450154
100.07456973910615
100.07514153371076
100.11930363543266
100.12186379928315
100.111816430371
100.10176906145882
100.09172169254666
100.0816743236345
100.17773237997957
100.2197858235594
100.24057084607543
100.3788032454361
100.40169919356825
100.42459514170041
100.39110661950478
100.29847715736042
100.02584179569487
99.7532064340293
99.48057107236372
99.20793571069817
98.67375886524823
98.60732451678535
98.49188640973631
98.51848626464526
98.54508611955421
98.54618372171565
98.54728132387709
98.54837892603851
98.54947652819995
98.55057413036138
98.5516717325228
98.56339931803805
98.5751269035533
98.58153202754958
98.58793715154587
98.64604462474645
98.64604462474645
98.65550481988838
98.70418980312974
98.70229836036447
98.7004069175992
98.75395610005106
98.76093244852817
98.76790879700528
98.77488514548239
98.84049079754601
98.84049079754601
98.9642126789366
99.0118069815195
99.02972834443881
97.53285420944559
97.02827763496144
97.02006172839506
97.02147132181584
97.02288091523661
97.02583082915153
97.02878074306645
97.05085417006418
97.0729275970619
96.98099416658792
96.88906073611393
96.79712730563995
96.70519387516596
96.61326044469197
96.52132701421799
96.42052631578947
96.4125692375593
96.40461215932913
96.42011606927919
96.43561997922924
96.45112388917931
96.12682672233825
95.27097446586762
95.17699115044246
95.05189413596264
95.01969932607568
95.03832211289487
95.08812856402278
97.1311816762103
98.23864229765013
98.33402922755741
98.36088155764565
98.38773388773389
98.44623376623377
98.45493740916123
98.4636410520887
98.5375317623626
98.6114224726365
98.6853131829104
98.7592038931843
98.8330946034582
98.90698531373211
98.98087602400601
99.05476673427995
99.73106253177428
99.77987742594485
99.92620865139949
99.87414727048503
99.82208588957056
99.79143294237633
99.65853658536582
99.32718894009219
98.97904956566173
98.92229038854805
98.86537480877104
98.89932010942883
98.9332654100866
98.87900355871886
99.34297311009641
101.49053708439898
101.53353658536585
101.50214025840565
101.47074393144544
101.43934760448522
101.40214067278289
101.32139201637665
99.41206284845418
98.57054899948692
98.56572890025575
98.54358974358973
98.5281762295082
98.50228113323459
98.47638603696099
98.4768324142128
98.47727879146458
98.47772516871638
98.47817154596817
98.45487254899639
98.4315735520246
98.39320638188369
98.41179303158498
98.43037968128627
98.44896633098756
98.46755298068885
98.48613963039014
98.49051357797626
98.49488752556238
98.45524691358025
98.49570196918683
98.5361570247934
98.52216494845361
98.45841889117048
97.45850622406638
97.45365095805282
97.44956449711427
97.4454780361757
97.45251686559419
97.50051652892563
97.7479169533286
97.99531737773145
100.20174091141834
100.22085889570552
100.2457583547558
100.25352599462636
100.26129363449692
100.27270098178602
100.28410832907511
100.25551564905072
98.60925449871468
98.40247678018576
98.38386433710176
98.29012345679013
98.3017019082001
98.34240246406571
98.35629820051415
98.37435897435898
98.3773681515617
98.39124162053788
98.40511508951407
98.42805939580134
98.42805939580134
98.41722193746796
98.38789122626989
98.38789122626989
98.37942534633146
98.37095946639303
98.37423165923659
98.37750385208012
98.36549372931876
98.35348360655738
98.35283434826583
98.35218508997428
98.35030864197532
98.33795582948125
98.33795582948125
98.31931141910184
98.30066700872243
98.28473103268253
98.26879505664263
98.27225939269172
98.2798353909465
98.29778464708913
98.29735229916136
98.29691995123358
98.29648760330579
98.3014945756467
98.30650154798761
98.3105158509746
98.31453015396157
98.31854445694856
98.32255875993555
98.32657306292252
98.32188028146126
98.3171875
98.3342050209205
98.33385657443509
98.33350812794966
98.33946400420389
98.33948339483395
98.34290074646778
98.34631809810162
98.34973544973545
98.33958066781017
98.32942588588487
98.3192711039596
98.30911632203431
98.29896154010902
98.28880675818374
98.3044397463002
98.3083871574275
98.31233456855477
98.33153648258963
98.35073839662448
98.37980010520778
98.39352321731099
98.40724632941418
98.42096944151737
98.44228851822704
98.46360759493672
98.47165619599235
98.47970479704799
98.46163300265754
98.44356120826708
98.406150583245
98.10490247759617
96.94558901215002
96.92868462757528
96.91566506511039
96.9026455026455
96.8948202959831
96.9082762256194
96.92898474487112
96.9899577167019
97.0071353065539
97.02431289640592
97.04912836767036
97.1127502634352
97.11597258829731
97.15583729529847
97.19564061669325
97.19564061669325
97.19936204146731
97.19713189699493
97.19490175252257
97.2013194507181
97.20773714891362
97.23255813953489
97.24167589516426
97.25079365079365
97.33438985736925
97.3677859391396
98.74855339295108
98.93385826771654
98.93385826771654
99.02973395931141
99.07680250783699
99.09749739311783
99.12936880542514
99.15781250000009
97.79384133611688
97.26834381551362
97.25129533678756
97.2159916926272
97.22672906916276
97.25860271115747
97.43751694950862
97.61643118785969
100.10441558441559
100.12278876170656
100.14546402502607
100.1619937694704
100.17814603832211
100.18526206538661
100.11950336264874
99.8145454545454
98.133681462141
98.15975103734439
98.18271221532092
98.18840579710145
98.27206645898235
98.25745063438956
98.24283480979676
98.27149557060969
98.30015633142261
98.30015633142261
98.34093264248705
98.51681324366268
100.41231246766684
100.51552795031056
100.52726764607687
100.53900734184317
100.55074703760948
100.56493027895823
100.57911352030696
100.59329676165571
100.60748000300445
100.62166324435319
100.82333873581848
101.27101096224118
101.44989775051124
101.48866027330513
101.52742279609902
101.56618531889285
102.3760539629005
102.59199134199133
102.65198103429938
102.71197072660745
102.68415873791673
102.656346749226
102.66426735218509
102.72327097117451
102.78227459016392
102.65173116089613
102.61105424769704
102.5448948178553
102.4768872643742
102.40887971089313
102.40679711637486
102.37706611570229
100.25577812018491
99.38711340206186
99.34911550468263
99.3527576122901
99.35639971989757
99.36004182750503
99.3636839351125
99.33823529411765
99.33677546253611
99.33531563095457
99.33385579937304
99.31852225410367
99.30318870883428
99.30763199163617
99.31207527443806
99.31390486147413
99.3157344485102
99.31756403554627
99.31939362258234
99.32122320961841
99.32305279665448
99.32010443864229
99.31564845363077
99.31119246861925
99.3291929079063
99.34719334719335
99.34635241472402
99.3455114822547
99.3434554973822
99.35423427610624
99.36501305483029
99.41188738269031
99.45835515976951
99.46149816657936
99.46464117338921
99.46778418019906
99.48323798230257
99.49869178440608
99.50585630886971
99.51302083333334
99.52582159624413
99.53399524629491
99.54216889634569
99.55034254639645
99.55851619644723
99.55851619644721
99.56605350532173
99.57359081419625
99.57773624665569
99.58188167911513
99.5860271115746
99.15665796344638
97.52351097178683
97.52351097178685
97.49344520188778
97.50273724529535
97.51202928870293
97.54649947753396
97.56416972236772
97.5693300258467
97.57449032932567
97.59968602825745
97.60251046025104
97.63083638195798
97.65916230366491
97.66798618855859
97.67681007345226
97.5796583004337
97.48250652741515
97.48617631716223
97.50436832647199
97.52256033578175
97.53340347185691
97.58544303797468
97.59413809821085
97.60283315844701
97.68335941575378
97.74463631606488
97.86803364879074
99.44641923680084
99.4958071278826
99.59748427672956
99.63750654793085
99.6586387434555
99.66617582897034
99.67371291448517
99.68125
99.69791666666666
99.78103719224725
99.80020865936359
99.85491419656786
99.85491419656786
99.91834625322997
100.03305785123968
100.03869969040247
100.04685890834192
100.05167958656331
100.05484031114804
100.05800103573279
100.05669001420978
100.05537899268676
100.05406797116375
100.0770811921891
100.08264887063655
100.08149666837517
98.50283359093254
98.32818134981969
98.32454780361759
98.2982998454405
98.29098360655738
98.31413881748071
98.37660999484802
98.3944453483012
98.41228070175438
98.40907968513801
98.40587866852162
98.40267765190525
98.40731204943357
98.49228395061729
98.49871332990222
98.5082219938335
98.55606995884773
98.5961145194274
98.5961145194274
98.64672801635992
98.67180277349769
98.74576271186442
98.92565823438306
98.93550051599587
98.94607087827427
98.9643040575244
98.98253723677453
98.99589322381928
98.67946748591913
98.3940634595701
98.3940634595701
98.4114636642784
98.4288638689867
98.42229038854805
98.39744245524297
98.40657084188912
98.44427324088338
99.38774459320302
101.4221649484536
101.4221649484536
101.42908715832903
101.4314536989136
101.47503860010293
101.47740607308288
101.4797735460628
101.48214101904273
101.48450849202266
101.48687596500258
101.4969104016478
101.57444616177227
101.56259659969088
101.55074703760948
101.58751968452785
101.62429233144621
101.62429233144621
101.68280123583935
101.68906901170206
101.69533678756477
101.69533678756477
101.65062111801262
99.83862571577305
99.5453125
99.47316310578427
99.46805194805195
99.4509530573593
99.4338541666666
100.13965607087016
101.60270410816429
102.19699326075687
102.29050567595459
102.30900621118013
102.33419823559939
102.37895282529809
102.38970686795572
102.40046091061338
102.41121495327093
101.38114966338685
100.49896265560167
100.47471620227037
100.46739416501978
100.4600721277692
100.46205882642987
100.46404552509054
100.48658410732713
100.48658410732713
100.51214470284238
100.51419721218379
100.53457172342621
100.53457172342621
100.56485788113696
100.59308922124806
100.59308922124806
100.60917233452875
100.62525544780945
100.64133856109014
100.65742167437082
100.65503202753943
100.65264238070804
100.6709511568123
101.16435541859255
103.06670087224217
103.10979381443299
103.27388860500767
103.23404539479144
103.1942021845752
103.15435897435898
103.16102564102565
103.16102564102565
103.25602873268343
103.25602873268343
103.27065161621344
103.28527449974345
103.44174003107219
105.24455077086657
105.83587338804222
106.12613240418119
106.5101679929266
106.21294559099442
105.19024390243908
104.33165829145719
103.03907284768206
101.97830130192187
101.50533175355451
101.18342857142858
101.12144846796657
101.11046573363467
101.09948299930277
101.08850026497089
100.29779411764684
98.77153171738007
98.65453613531523
98.52971311475409
98.41915550978372
98.3923985618901
98.13800205973212
96.52886597938141
96.03378378378378
96.04935942435942
96.06493506493507
96.0145077720208
95.00467047223674
93.58725182863111
93.12062663185378
93.11244769874477
93.04422476586889
93.0275611024441
93.0020833333333
94.52308499475339
95.90590695243077
96.27107180020812
96.35627080824054
96.44146981627296
96.39593114241
96.22036553524805
96.14494264859229
95.77220480668757
95.7264101212441
95.54036939313983
95.09889531825355
95.10753821823933
95.15778474399164
95.16483516483517
95.28788673308863
95.36922268907563
95.44700944386149
95.5578338590957
96.2377006732263
97.26447574334895
97.6443057722309
97.65506493506493
97.7439664218258
97.75405546834119
97.76705141657925
97.55486962320651
97.34268782983372
97.13050603646093
96.9183242430882
96.7061424497154
96.49396065634267
96.28177886296987
96.06959706959697
97.83953854221295
98.5086887835703
98.63218390804597
98.66092853416797
98.66840458811262
98.66631908237747
98.64864864864865
98.29677754677732
96.79434850863422
96.7894739421423
96.78459937565037
96.79667186687468
96.83480979676915
96.90923317683881
96.93776848059152
96.96630378434429
97.84615384615381
99.20364583333333
99.2140625
99.24684413981288
99.27962577962577
99.26306146272415
99.24649714582253
99.24831168831179
97.51291322314057
96.86496350364963
96.80979676915061
96.7952058363731
96.81777972525883
96.84035361414456
96.83602096291644
96.83168831168831
96.84
96.87096774193549
96.8764981761334
96.92816241540865
96.9038961038961
96.88152400835074
96.88152400835074
96.8586332811685
96.84474647151072
96.84474647151072
96.8491356731273
96.88096486628211
96.8834671940449
96.88596952180768
96.89968321013728
96.90481542705817
96.90994764397905
96.91029668411868
96.9106457242583
96.91099476439791
96.93772893772893
96.95337873232059
96.99685534591194
96.98290444624233
96.96895354657272
96.95500264690313
96.95505023796933
97.02364687335785
97.02372166578809
97.04141228408137
97.05910290237466
97.08249603384454
97.11743022643498
97.11820580474934
97.11820580474934
97.1559536354057
97.30890880337375
97.30890880337375
97.32894043226148
97.33827421916358
97.34510010537409
97.34653207278222
97.34796404019038
97.35672823218997
97.3536681880146
97.35060814383924
97.38900634249472
97.39682539682539
97.41328413284133
97.46842105263158
97.46898002103049
97.51445086705202
97.54578947368421
97.62935586061246
97.65983175604626
97.69432773109244
97.72315789473684
97.74897346213635
97.77478902953587
97.80992608236537
97.84246575342465
97.87045813586099
97.86926726410121