104.21801432958034
104.70317297850562
104.78747433264887
104.8811475409836
105.01942740286299
105.22974358974359
105.49285714285713
105.69450101832993
105.74565883554648
105.92339121552604
106.00919305413687
106.19081632653061
106.42256410256411
106.71906693711968
106.7530612244898
106.86266531027468
106.97540983606558
107.06748466257669
107.55930470347649
107.68775510204082
107.78229908443541
107.92959183673469
108.04591836734693
108.13367346938776
108.52395514780835
108.59311740890689
108.78361981799799
108.9040404040404
109.01617795753286
109.15447154471545
109.47764227642276
109.60264227642276
109.73864783047426
109.96475327291037
110.02022244691608
110.22380467955239
110.45757575757577
110.58948432760364
110.78904665314403
110.99292214357936
110.76008064516128
109.464542651593
109.64052953156823
109.74745417515274
109.90147631676444
110.05549845837615
110.09406952965236
110.12177502579979
110.33025641025641
110.50204918032787
110.66055045871559
110.96827021494371
111.01324644557195
111.0582226762002
111.29804727646454
111.33058702368692
111.65916069600817
111.74701624543998
111.83487179487179
111.97137014314929
112.02464065708419
112.14006179196704
112.33024691358025
112.52886597938141
109.28160328879756
106.61624365482234
106.69066937119675
106.71947527749748
106.77024291497975
106.77024291497975
106.85888324873096
106.93908629441624
107.04582484725051
107.29513184584178
107.44320486815417
107.44320486815417
107.68378650553876
107.815415821501
107.94646464646465
108.22998986828773
108.46544715447155
108.77991886409737
108.976215098242
108.90109890109889
108.90109890109889
108.90109890109889
108.90109890109889
108.90109890109889
108.90109890109889
108.90109890109889
108.90109890109889
108.90109890109889
108.90109890109889
108.90109890109889
108.90109890109889
108.90109890109889
108.90109890109889
108.90109890109889
108.90109890109889
108.90109890109889
108.90109890109889
108.90109890109889
108.90109890109889
108.90109890109889
108.90109890109889
108.90109890109889
108.90109890109889
108.90109890109889
108.90109890109889
108.90109890109889
108.90109890109889
108.90109890109889
108.90109890109889
108.90109890109889
108.90109890109889
108.90109890109889
108.90109890109889
108.90109890109889
108.90109890109889
108.90109890109889
108.90109890109889
108.90109890109889
108.90109890109889
108.90109890109889
108.90109890109898
86.0
86.0
87.78921568627452
88.2
88.49388753056235
88.71217292377702
89.28947368421052
89.37339055793991
89.62658227848101
90.11375387797311
90.23727087576374
90.48839556004036
90.78291457286433
90.92651439920556
91.16122650840752
91.3597621407334
91.55653021442495
91.97747306562194
92.20254403131115
92.4192607003891
92.60117302052785
92.95732298739088
93.10970873786408
93.27512195121952
93.57450980392157
93.87172011661808
94.09824902723736
94.34084231145935
94.58829268292683
94.85783836416748
95.10516066212269
95.35477582846003
95.58765915768853
95.6357421875
96.02156862745099
96.29154518950438
96.10048780487807
93.82340862422998
93.82340862422998
93.79119754350052
94.10739614994934
94.28571428571429
94.510183299389
94.67311608961303
95.0709219858156
95.11627906976744
95.34282807731434
95.5397148676171
95.85030549898167
96.11099899091826
96.25925925925927
96.52839756592292
96.67975830815709
97.17404426559355
97.255
97.54646464646464
97.74096385542168
97.97482376636455
98.1814556331007
98.27029702970297
98.56387225548903
98.69513406156898
97.41792547834842
95.66874350986501
96.12893401015228
96.20909090909092
96.32762096774194
96.6484295845998
96.78787878787878
97.09586276488395
97.25579053373616
97.47987927565393
97.6997971602434
97.95866935483872
98.1901901901902
98.24497991967871
98.45601617795754
98.68769074262462
98.949083503055
99.21457489878543
99.39737108190087
97.61649484536088
94.7612565445026
93.77602523659306
93.94282744282744
94.07172557172557
94.30416666666666
94.40641158221302
94.77928870292887
95.14315569487984
95.33263816475495
95.43573667711598
95.66174920969442
95.9802289281998
96.16108786610879
96.353125
96.41908713692946
96.78361344537815
97.15756951596293
97.25
97.37669094693028
97.6276150627615
97.83850931677019
98.109391124871
98.23632610939111
98.04045643153529
95.24344176285415
95.39240506329114
95.64218258132215
95.98640167364017
96.17241379310344
96.34378265412748
96.48640167364016
96.91259105098855
97.07796257796258
97.39148494288682
97.41804979253112
97.7551652892562
97.9875904860393
98.23084886128365
98.3722854188211
98.59029927760578
98.73886010362696
96.58668076109939
95.28148148148148
95.31216931216932
95.50584484590861
95.57293868921776
95.98635886673662
96.19351464435147
96.38324607329844
96.49264705882354
96.92025183630639
97.20563674321502
97.37460650577125
97.44654088050314
97.70637408568443
97.98648648648648
98.22851153039832
98.3981288981289
98.59255429162357
98.63900414937761
98.3603286177294
98.08165308608118
97.80297755443296
97.52430202278472
97.2456264911365
96.96695095948827
97.03184713375796
97.26165254237287
97.46186440677965
97.9343220338983
98.00105263157894
98.25395152792413
98.36075949367088
98.55355249204666
98.73284054910243
98.85699152542372
99.08184679958028
99.44139387539599
99.55205047318611
99.83970276008492
100.04963041182683
99.80031039006752
99.55099036830822
99.30167034654892
99.05235032478961
98.80303030303031
99.2309468822171
99.2309468822171
99.2309468822171
99.2309468822171
99.2309468822171
99.2309468822171
99.2309468822171
98.92149556178686
98.61204424135661
98.30259292092637
97.99314160049613
97.68369028006589
97.86064318529861
98.08670520231215
98.28512960436564
99.67674113009198
99.89033507708655
100.10392902408111
100.328125
100.52830188679246
100.60328638497653
100.92413793103448
101.1859410430839
101.27640449438202
101.40586245772266
101.82412626832019
101.88664421997755
102.18461538461538
102.32821075740944
102.5076754385965
102.78935939196526
103.00541125541125
103.23624595469255
103.35313174946003
103.72269807280514
103.88133764832787
99.7936333699231
96.39720129171153
96.52625937834941
96.71367061356297
97.05274261603375
97.24050632911393
97.36931216931217
97.6776595744681
97.9399367755532
98.28347280334728
98.3814002089864
98.67366211962224
98.81989528795812
99.17313746065058
99.23004201680672
99.38219895287958
99.70662460567823
99.84800838574424
100.2252346193952
100.33924843423799
100.69560669456067
100.75052410901468
101.03043022035678
101.24270833333333
101.36268343815513
101.4081419624217
100.83353593890092
100.25892991538012
99.68432389185932
99.10971786833855
99.21480709071949
99.59583333333333
99.64025026068822
99.82898852971846
100.0210970464135
100.18039624608969
100.58342077649527
100.73004201680672
100.81551362683444
98.87619047619046
97.42088607594937
97.70569620253164
97.79853095487933
98.07388137356921
98.37670514165792
98.62105263157895
98.83246073298429
99.05036726128017
99.28958333333333
99.43912591050989
99.68503118503119
99.84358706986444
100.09834368530021
100.34715025906735
100.58255451713396
100.7123572170301
100.359585492228
98.76421923474663
98.79669762641899
99.03202479338843
99.21716649431231
99.35457348406989
99.65181347150259
99.70777202072539
100.04639175257732
100.22142121524202
100.34118852459017
100.59504132231405
100.6659772492244
100.74871266735325
101.02469135802468
101.2765737874097
101.5424430641822
101.52746113989637
101.52746113989633
99.46810699588477
99.13524590163934
99.15384615384616
99.22051282051282
99.45679012345678
99.63278008298755
99.73160621761659
99.92307692307692
100.11661506707947
100.21450777202072
100.44202898550725
100.49326424870466
100.715625
100.86534446764091
101.08152734778122
101.37525987525987
101.47966631908238
101.58768267223377
99.96940928270044
98.57855626326963
98.80315789473684
98.89357218124341
99.25759162303665
99.59345300950369
99.69578947368421
99.83245521601685
100.10587002096436
100.24397905759162
100.52774869109948
100.62552742616035
100.79557428872499
98.63665254237276
94.82590233545648
95.42398286937902
95.5695931477516
95.72476089266738
96.0552016985138
96.27513227513228
96.61571125265394
96.74364406779661
97.04088050314465
97.26898734177215
97.56691253951527
97.66842105263157
97.91129883843718
98.13235294117646
98.47679324894514
98.68248945147678
98.81617647058823
99.21533613445378
99.317277486911
99.5847280334728
99.69537815126051
99.98755186721996
98.47894736842102
96.60041841004184
96.72557172557173
96.82176165803108
97.21868583162217
97.36896197327852
97.55338809034907
97.66153846153847
97.94279877425944
98.27572016460906
98.540206185567
98.62022703818369
98.93333333333334
99.2262996941896
99.44262295081967
99.56499488229272
99.71852610030706
99.97551020408163
100.1941056910569
100.4841997961264
98.79343220338978
96.62702702702703
96.77502691065662
96.96670247046187
97.34833869239014
97.58218451749735
97.75534188034189
97.96805111821087
98.29073482428115
98.48824786324786
98.76980728051392
99.07692307692308
99.31203407880724
99.48884165781084
99.70820021299255
98.24552160168605
96.51921079958464
96.4860103626943
96.72049689440993
96.91331269349845
97.2551440329218
97.41718426501035
97.64337101747174
97.7704081632653
98.08539094650206
98.18042813455658
98.59607438016529
98.73738414006179
98.87679671457906
99.17773237997957
99.43163265306123
99.57448979591837
99.73953013278856
100.02860061287028
100.13367346938776
100.37348178137651
100.61851475076297
100.83995922528032
101.06326530612245
101.31135902636916
101.44568527918783
101.3771486349849
98.75102459016398
97.10579857578841
97.43768996960486
97.49797570850203
98.01010101010101
98.26008064516128
98.41456016177958
98.67983789260384
98.91137965760322
99.20362903225806
99.30923694779116
99.47241725175527
99.70588235294117
100.09837728194726
100.22727272727272
100.41152679474217
100.52424242424243
100.76117886178861
100.99595141700405
101.21572580645162
101.35772357723577
101.24873096446709
98.76280041797284
98.9098445595855
99.13561076604555
99.2958762886598
99.50459652706843
99.77505112474438
100.0142857142857
100.22358974358974
100.36938775510204
100.77869700103412
100.97122302158273
101.15805785123968
101.2832131822863
101.44969199178644
101.59690721649486
101.83367556468173
102.15589743589742
102.05035971223015
98.99169262720665
99.2601880877743
99.2939330543933
99.51774530271399
99.74870197300103
100.04231166150672
100.22358974358974
100.3641975308642
100.50205761316872
100.8409090909091
101.10791366906474
101.22839506172839
101.35955056179776
101.49027635619242
101.82613168724279
102.01846153846154
102.20570264765784
102.20465750586216
102.20361236406649
102.2025672222708
102.20152208047513
102.20047693867946
102.19943179688377
102.1983866550881
102.19734151329243
102.34560327198363
102.60699588477365
102.68923076923076
103.01021450459652
103.31320368474923
103.47028688524591
103.5977366255144
103.78697001034126
104.16326530612244
104.32040816326531
104.68036998972251
104.76283367556468
105.08923076923077
104.88180883864334
101.46014877789594
97.72044198895037
94.18876404494381
91.85205784204675
91.36008918617614
91.68668122270742
92.17965367965368
92.3915857605178
92.5359056806002
93.0982905982906
93.26455026455025
93.64940668824164
93.99358974358974
94.17428267800213
94.52553191489362
94.86006458557588
95.12886048988285
95.35250266240682
95.70247046186896
95.90608324439701
96.13983050847457
96.26299045599151
96.50321199143468
97.08607863974495
97.22539682539683
97.43829787234043
97.78464818763325
98.04777070063695
98.18557794273595
98.39065817409767
98.39065817409767
97.60606234953553
96.82146652497343
97.04930332261522
97.18094218415418
97.36016949152543
97.59424920127796
97.84378320935176
98.11215932914047
98.28226652675761
98.41745531019978
98.75744680851064
98.91179596174283
99.19999999999993
97.6950959488272
96.10189075630252
96.17226890756302
96.4126984126984
96.62394957983193
97.00318133616119
97.31751054852322
97.45741324921136
97.7991498405951
98.02518363064009
98.23294858342078
98.43815513626834
98.36344537815125
96.18736842105261
94.73689839572192
94.80490405117271
95.23784355179704
95.44573234984193
95.58985200845666
95.81072555205047
96.08713692946058
96.21761658031087
96.54231974921629
96.96649214659686
97.10777202072539
97.23645833333333
97.57796257796258
97.80625
97.98243801652893
95.81075268817199
92.92921348314599
90.86581096849476
90.83371559633028
90.99192618223759
91.33445945945945
91.58305462653288
92.00112233445567
92.22333333333333
92.31229235880399
92.51541850220264
93.08810572687224
93.35526315789474
93.49069003285871
93.87402452619844
94.16189427312776
94.28508771929825
94.4508733624454
94.89048672566372
95.04928806133626
95.38419319429198
95.54535398230088
95.8396017699115
96.17165005537097
96.30353200882996
94.98987626546682
93.33258426966292
93.48991031390135
93.68156424581005
94.05145413870247
94.44988864142539
94.554565701559
94.91517857142857
95.2091212458287
95.39198218262806
95.62749445676275
95.97877094972067
96.12624584717608
96.40378197997774
96.8290502793296
97.07995495495496
97.29464285714286
97.52285395763656
97.83557046979865
98.04560622914349
98.09
97.84965250965251
97.60930501930503
97.36895752895754
97.12861003861005
96.88826254826253
96.64791505791504
96.40756756756757
96.54897739504844
97.02065217391305
97.17320261437908
97.4930032292788
97.66306695464363
98.1032258064516
98.14882226980717
95.6877729257642
93.60348583877999
92.66017316017314
93.09385113268608
93.32012847965738
93.59056806002144
94.0
94.28677248677249
94.39199157007376
94.55042016806723
95.00104712041885
95.25284974093265
95.4446764091858
95.8033648790747
97.45005257623552
100.18068535825523
103.6203319502074
107.57948717948739
111.58282828282836
114.68800813008124
117.1284686536485
118.95218295218297
120.0806618407446
120.94906444906445
121.21630094043888
121.57494866529774
121.74974146845898
118.21123829344424
113.11475409836021
107.5349075975355
102.08539094650223
99.2233502538071
99.57520325203251
99.9959266802444
100.20484359233097
100.43119266055047
100.83028455284551
101.20647773279353
101.33602421796166
101.61522842639593
102.0334008097166
102.38124362895005
102.5709939148073
102.80532786885246
103.13420787083754
103.32688391038698
102.501525940997
98.15139031925855
93.7229166666666
90.47912317327769
91.05949895615866
91.21716649431232
91.50464396284829
91.90731204943359
92.21004098360655
92.49846153846153
92.84576098059244
93.20612244897958
93.46509240246405
94.0582226762002
94.20468431771894
94.46475995914199
94.80566801619432
95.13936927772126
95.3019250253293
95.64688128772636
95.94135490394336
96.36984924623115
96.59081836327346
97.003
97.13320079522862
97.37437934458788
97.57868525896413
97.99209486166012
96.80788675429721
94.79299691040164
94.92474226804126
95.26059979317476
95.47089397089397
95.79050567595459
96.08902691511386
96.1542443064182
96.49843912591052
96.87319587628866
97.09637305699482
97.33575129533679
97.61850311850313
98.00926879505664
98.14669421487604
98.35794871794872
98.57246376811594
99.02474226804124
99.129363449692
99.42224510813594
99.90143737166323
100.06967213114757
99.68089235199892
99.29211257285027
98.90333279370168
98.51455301455303
99.01661474558671
99.10640495867769
99.31649484536081
99.80144777662875
100.0389344262295
100.17827868852459
100.32212028542304
100.65848670756645
101.0397148676171
101.26086956521739
101.40913705583756
101.12464076333586
100.84014447083416
100.55564817833249
100.27115188583079
100.44216990788127
100.80246913580247
101.06072874493927
101.32489878542509
101.48469387755102
101.72615384615386
102.173017507724
102.35612244897959
102.49693251533742
102.83298969072165
103.04392236976506
103.15811088295686
102.81940144478835
101.45696721311475
101.43149284253579
101.79402677651905
101.98055271238485
102.21187308085977
102.43500511770728
102.67282051282052
102.86639260020556
103.09426229508196
103.36612576064908
103.69159836065575
103.86302780638516
104.08024691358025
104.40283400809722
103.22301425661908
100.09728033472811
96.9311783107405
93.28676470588243
91.13277133825068
88.6031914893617
88.98199152542372
89.30977130977129
89.58652849740935
89.92283950617286
90.33024691358025
90.56848609680742
90.91255144032922
91.17110655737704
91.56134969325154
91.93408856848612
92.28527291452112
92.51855670103095
92.9222108495394
94.27494908350306
94.42553191489361
94.71253822629967
95.14702920443102
95.49243188698284
95.73657548125634
95.96975806451613
96.14155712841253
96.48092369477911
96.69323915237135
96.96972754793138
97.18381618381619
97.35506519558675
97.75979899497487
97.84173387096774
98.1914257228315
98.43630892678034
98.63490471414244
98.63490471414252
95.70557851239664
93.34700315457411
93.08811040339702
93.34240837696335
93.40942408376964
93.79025423728814
94.16806722689076
94.37931034482759
94.56593977154725
94.9201244813278
95.14300626304802
95.4014598540146
95.7805642633229
96.09109730848861
96.24453694068679
96.41962421711924
94.2887029288704
92.19151138716359
91.34436401240953
91.66632016632016
92.00619195046443
92.38350515463918
92.57878475798145
92.97131147540983
93.22290388548058
93.44329896907217
93.6860103626943
94.03169734151328
94.27263479145472
94.7201646090535
94.80288957688339
95.21668362156663
95.3367139959432
95.68442622950819
95.79239465570402
96.20647773279347
94.98128898128903
92.91666666666667
93.10106382978722
93.3909853249476
93.58854718981974
93.85668789808918
94.16507936507936
94.34554973821992
94.63085106382977
94.87168610816542
95.19473684210527
95.55015839493136
95.76390346274923
96.02725366876311
96.22453222453223
96.38389121338912
96.67084639498432
96.90062111801242
97.1440414507772
95.77460317460327
93.88113413304256
94.2735135135135
94.44111349036405
94.75080558539207
95.0802139037433
95.34722222222223
95.5181623931624
95.73076923076923
95.9915343915344
96.4322033898305
96.70181043663472
96.83669141039235
97.0788643533123
97.34004237288136
97.62845010615712
97.79555084745763
98.11041009463722
98.31467793030623
98.77118644067797
98.95273109243698
99.18901795142557
99.45750262329486
99.71808510638297
99.90956887486857
100.21119324181626
100.41983122362865
99.49628844114523
97.12972972972973
97.22030237580992
97.47328244274809
97.83496199782846
98.1334768568353
98.2470334412082
98.62241566920565
98.807150595883
99.09472551130247
99.33976420150054
99.47999999999999
99.77346278317151
100.07857911733046
100.29978586723769
100.45572354211663
100.77454153182308
101.08602150537635
101.31122994652407
101.42489270386267
101.83909287257018
102.11558854718982
102.22292323869613
102.51847940865892
102.79637526652454
103.07521186440678
103.36507936507928
101.79978471474715
99.8789531079608
99.39092872570194
99.57900432900433
99.90378378378378
100.1031914893617
100.26821541710666
100.40799158780231
100.63655462184875
101.13821989528796
101.21189979123173
101.42039542143601
101.7676130389064
102.05005213764338
102.12330198537094
102.3340270551509
102.55799373040759
101.93617021276577
98.34541577825166
97.5651709401709
97.92795698924732
98.1802575107296
98.32327586206895
98.6015037593985
98.85217391304349
99.06378378378378
99.4094827586207
99.8438864628821
100.00325027085592
100.24200426439232
100.45415318230852
100.64124597207297
98.78781284004344
96.01283422459892
93.40149892933596
91.20748663101604
91.2127659574468
91.37880377754459
91.97896950578337
92.20250521920669
92.35721703011421
92.60416666666669
93.07083333333333
93.34994807892004
93.4080996884735
94.00102669404518
94.23921971252565
94.51923076923077
94.86372950819674
95.16431451612904
95.33973710819009
96.97322348094747
97.52066115702479
97.86302780638516
98.32924335378323
98.43438453713122
98.84237461617195
99.05786802030457
99.30901722391084
99.36927772126148
99.864837398374
99.96352583586628
100.30901722391081
99.4330949948926
97.29599177800617
96.80541103017691
97.0841121495327
97.30816959669079
97.4715025906736
97.87731958762888
98.17148760330579
98.4398766700925
98.65667011375388
99.06134969325154
99.21341463414635
99.40225179119756
99.72474226804124
100.04387755102042
100.24236252545825
100.36927772126148
100.76131687242798
100.90490797545999
99.05717255717263
96.42557651991615
95.56916578669484
95.9704952581665
96.2581664910432
96.4048884165781
96.73572938689216
97.20986358866736
97.416142557652
97.81138040042151
98.11598746081505
98.30480167014613
98.5886673662119
97.70974576271192
94.80588876772072
92.51843575418991
91.90465380249717
92.12192393736018
92.33221850613154
92.60308710033075
93.09181415929204
93.27003293084522
93.424043715847
93.8478500551268
94.19823788546256
94.49563318777291
94.79148471615719
95.06941431670282
95.39673913043478
95.50431965442766
95.85464480874316
96.17526881720431
96.43783783783783
96.63517915309444
97.11517761033369
97.30561555075593
97.44962080173354
95.2010989010987
92.59284116331082
89.91812865497059
87.98457888493476
88.3088578088578
88.61627906976742
89.08013937282232
89.38717067583048
89.73263888888889
89.94367816091955
90.22675736961452
90.53793884484713
90.85273972602738
91.19661016949152
91.5491525423729
91.87627695800228
92.21655328798187
92.41507311586054
92.72013651877133
92.8857142857143
93.27417519908988
93.51914414414415
93.8095238095238
94.1826381059752
94.45027932960892
94.74402730375414
92.50511945392509
90.1753393665158
88.86054421768708
88.88084632516704
88.95777777777778
89.31284302963775
89.79470198675494
90.17538126361654
90.41883116883116
90.72052401746726
90.9334061135371
91.35389610389609
91.589519650655
92.35930735930742
94.01611170784105
94.38706256627785
94.68656716417911
94.83156779661016
95.27987421383648
95.49056603773585
95.4910432033721
93.78935939196526
92.42180616740086
91.96396396396398
92.36906077348067
92.5475663716814
92.95469613259667
93.16043956043956
93.35409836065571
93.7169603524229
93.86028602860284
94.22844827586206
94.37674919268034
94.80432432432434
95.15591397849462
95.36961206896552
95.64055793991415
95.83333333333331
96.0844017094017
96.23315508021392
96.53067814854683
96.71689989235733
96.21622143894035
95.71554298552337
95.21486453210628
94.7141860786893
94.21350762527231
94.41593886462874
92.76490066225165
91.76821192052967
90.13207547169804
88.14334085778785
87.45885005636978
87.62291434927698
87.89597315436242
88.2131868131869
89.18791208791208
91.75109649122807
91.92148309705561
92.39285714285714
92.60084925690023
92.9413646055437
93.22848034006377
93.40085287846483
93.61970338983048
94.00630252100842
94.19832109129067
94.44889357218125
94.85759493670886
95.11470281543274
95.30833333333334
95.53846153846153
95.63503649635038
95.93271221532086
93.59526372443497
92.23110624315444
92.20727673649395
92.45978260869566
92.65103598691383
93.12962962962965
93.32317736670294
93.49023861171366
93.72981700753496
94.11884368308351
94.29011689691816
94.59216101694915
95.04259850905218
95.16080937167199
95.26580921757773
95.6362660944206
95.63636363636363
96.04803493449782
96.24618736383442
96.40517241379311
96.63106796116506
96.41386782231848
94.1009988901219
92.20431328036318
91.558516801854
91.65485714285714
91.91002277904329
92.28914285714285
92.54100227790434
92.85039370078744
93.22598870056498
93.45342312008978
93.68171557562073
94.19620958751393
94.33705357142856
94.51222222222222
94.68350168350173
95.21627647714604
95.3722222222222
95.58213891951489
95.7150715071507
96.23929747530187
96.42122538293216
96.45005488474203
96.64622124863092
97.13815789473685
97.2804347826087
97.41150922909878
97.87568157033797
96.57095343680703
94.35227272727272
94.3140589569161
94.42159090909092
94.64837625979843
94.88491620111733
95.29796839729119
95.57511210762331
95.6960893854748
96.17536071032185
96.39821029082773
96.59085841694537
96.92425905598242
97.21373200442969
97.30555555555554
97.60596026490066
97.04359056904593
96.48122087319109
95.91885117733625
95.35648148148147
95.57110091743118
95.80320366132719
96.31322505800463
96.35583524027459
96.60978384527868
97.13584474885846
97.36860068259386
97.51244343891403
97.74886363636364
98.16308040770102
98.38073908174692
98.48824188129902
98.19861431870686
96.19339622641508
95.62647754137117
95.81839622641508
96.40118343195266
96.53684210526316
96.78703703703704
97.03755868544602
97.38754325259515
97.51775486827034
97.80848623853211
98.20393974507533
98.43913538111491
98.63895216400908
98.94863013698631
99.16780821917808
99.39046538024971
99.57401129943503
99.64310148232607
99.14659680286604
98.65009212340613
98.15358744394618
98.29865771812081
98.43179255918827
98.60269360269359
98.87485907553548
99.17945823927766
99.46748878923768
99.6268156424581
99.85698198198196
99.61478749030482
99.37259299862774
99.13039850695066
98.88820401527352
98.64600952359643
98.4038150319193
98.16162054024221
97.91942604856513
98.30434782608695
98.41540130151844
98.65136612021854
98.94529540481403
99.3
99.44793926247291
99.82527472527472
99.8970427163199
99.04861878453039
96.37374860956606
94.37024221453287
94.47398843930637
94.68535469107553
95.04209328782707
95.25337837837839
95.64196123147093
95.87913340935006
96.24802705749718
96.45894263217099
96.72686230248308
97.12131519274377
97.34719101123596
97.51302378255946
97.83163841807908
98.17342342342343
98.31843575418992
98.64022346368716
98.99661781285232
99.26121076233176
98.1223103057755
95.16216216216253
91.70072115384573
88.69468479604438
86.9309494451295
85.7211055276382
84.59579728059333
84.66138855054811
84.71927710843374
85.309265944645
85.50891795481573
85.75862068965517
86.17899761336514
86.55739644970414
86.67021276595744
87.3255269320843
87.53387850467288
87.76340326340323
88.04895104895104
88.58693115519236
91.46924829157176
91.55442176870747
92.23024054982818
92.41402714932127
92.76099210822997
93.22773393461105
93.37542277339347
93.5695067264574
93.88301462317213
94.2251950947603
94.4711111111111
94.68736141906874
94.69334663381053
94.69933184855233
94.93437152391544
95.28318584070797
95.46733111849392
95.69646799116998
95.97209821428572
96.27202643171807
96.5182320441989
96.6194690265487
97.12416851441242
97.41978021978022
97.5498357064622
97.83942414174976
97.20088790233058
94.69796380090497
93.63990825688074
94.01730103806227
94.35853379152348
94.45942857142859
94.6810933940775
95.14827586206894
95.392
95.4738041002278
95.70847457627121
96.1600454029512
96.37907761529812
96.64414414414415
96.97970687711387
97.17059483726149
97.36080178173722
97.64414414414415
97.91338582677164
98.15367483296217
98.40552486187846
98.511135857461
98.996632996633
99.15555555555557
99.49555555555555
99.61546961325968
99.84357541899442
100.23783185840708
100.28351648351634
99.88961942289325
99.49572236227016
99.10182530164707
98.70792824102386
98.31403118040089
98.54171301446053
98.86941964285711
99.20558659217878
99.30846325167039
99.52192982456143
99.8235294117647
100.17214912280701
100.28227571115974
100.48152173913047
100.84381778741863
101.97918948521351
103.35423542354238
105.11026200873363
105.19027027027028
105.52575107296138
105.9063829787234
106.20890774125132
106.41481481481492
105.09139784946274
101.83041575492325
99.10619469026551
98.59734513274336
98.74507658643324
99.160480349345
99.53571428571428
99.82023681377825
100.19629225736097
100.3336956521739
100.57952069716777
100.77277716794731
100.36114160263469
98.95394736842105