80.52702702702703
80.68227424749163
80.7589485458613
80.92656950672645
81.12324929971989
81.2417459429211
81.39113355780023
81.59253065774804
81.61817168338908
81.83567021873247
82.00895856662935
82.12717086834733
82.26595744680851
80.71626106194691
79.31970884658455
79.31546275395034
79.16826085952631
79.02105896510228
78.64971023824855
78.31818181818181
77.71084337349397
76.9009900990099
76.84865196078431
76.8438526076111
76.83905325443787
77.07633587786259
77.08275058275058
77.3199079401611
77.3828932261768
77.51487414187643
77.5541547277937
77.74110218140069
77.80309101316543
78.01770416904625
78.16114285714286
78.23806818181818
78.44545973729298
78.46978335233752
78.68675383740762
78.83466362599772
78.96393817973669
78.98402738163149
79.18832283915283
79.40616086708499
79.46992054483542
79.64261363636363
79.69077448747153
80.00058207217695
79.85912101143889
79.66645489199492
79.55549075960693
79.44452662721892
78.4007874015748
76.37602927721866
76.3558648111332
76.30754684363059
76.25922887612798
75.49329569513056
75.08628461043142
75.075
75.15500603136309
75.42390670553935
75.44096743727673
75.45802816901409
75.63421496904895
75.65280898876405
75.85061315496098
75.96696528555431
76.08286674132138
76.2707399103139
76.50615212527964
76.55145413870247
76.7021873247336
76.82826576576576
77.10633484162896
77.30080831408776
77.32456868146548
77.34832904884318
76.96870925684485
76.29593810444874
74.66445383222693
73.1091120139292
71.84734133790738
71.82210998877665
71.81096242960689
71.79981487043712
71.78866731126735
71.77751975209758
71.7663721929278
71.75522463375803
71.74407707458826
71.7329295154185
71.8297520661157
71.96688741721854
72.23098125689084
72.3322277501382
72.4646408839779
72.59734513274336
72.87374301675978
72.95208913649024
73.13898117386489
73.47895902547066
73.50276548672566
73.5952248750694
73.79833333333333
74.03839732888147
74.24394273127753
74.55714285714286
74.56013179571664
74.91280353200882
75.00442233278054
75.0646408839779
75.31195175438596
75.4319300164024
75.57814207650273
75.82520547945205
75.61056165882317
75.3959178381943
75.18127401756543
74.96663019693655
75.09568069983598
75.20251091703057
75.50027100271002
75.52680021656741
75.80879956545355
75.9384531590414
76.007096069869
76.07595628415301
76.1433242506812
76.43075245365321
76.56519367157665
76.70790190735694
76.9255610290093
77.35457516339869
77.51003798155182
77.68283378746594
77.77352297592998
78.06297918948522
78.16420361247944
76.78763440860212
73.66993464052287
73.25859247135843
73.63825136612022
73.85284463894968
74.0
74.11159978009896
74.34751773049645
74.52223427331887
74.64141689373297
74.74126637554585
74.96286182413981
75.29386203150462
75.48456957227937
75.58820346320347
75.72525689561925
75.94568169473112
76.06402604449268
76.11099020674646
74.04000000000002
72.10016330974415
72.16940789473684
72.53695652173913
72.6740780911063
72.9041394335512
73.04039301310044
73.2785016286645
73.40899241603466
73.56093579978237
73.71576086956522
73.99835796387521
74.062534284147
74.30016313213703
74.42516268980478
74.46178861788619
74.69680563075258
74.82681867535288
74.54545454545456
72.79967514889009
73.04010840108401
73.35868392664509
73.48062432723358
73.56627155172414
73.71181867242309
73.94366197183099
74.21574973031284
74.33135775862068
74.48977395048439
74.63675443310048
74.71397733405288
74.96989247311828
75.15215053763441
75.294782140936
75.5081081081081
75.6417428725121
75.79117330462863
76.29200214707461
76.30847639484979
76.39678284182305
76.63338701019859
75.67714437932875
73.21982758620689
73.14377682403433
73.38399570354457
73.56051640667026
73.79935449166219
74.10687432867884
74.23939881910897
74.47478540772532
74.49088960342979
74.80883144857297
74.88942826321467
75.05780659103188
75.1877353415815
75.58731864588931
75.69214208826695
75.76023706896552
76.02635825712748
76.31008583690988
76.31008583690988
76.49813134009611
76.65702036441586
76.70069481560662
77.24165769644779
77.37687366167023
77.47030497592294
76.63208556149732
73.20900321543411
71.20990942994139
71.36111111111111
71.69309600863
71.94294940796556
72.35645161290323
72.40225563909775
72.57272727272728
72.67220139260846
72.81993569131832
73.04064171122995
73.29465240641711
73.4144385026738
73.48100588550027
73.79796355841371
74.08476394849785
74.0955448201825
74.3047670058918
74.53418803418803
74.59967845659163
74.85077831454643
75.08788853161843
75.19978575254419
75.0921264059989
71.97807486631018
70.4888178913738
70.65775401069519
70.9597423510467
71.3532870122929
71.50053475935829
71.67774798927614
72.0091447014524
72.25040128410915
72.3274478330658
72.5427807486631
72.65045430251203
72.88710540395934
73.06638115631692
73.34740780331373
73.47435897435898
73.67524115755627
74.17609046849758
74.61772853185596
75.57210965435041
76.28139691067831
76.68897058823529
76.43973703433164
75.84095563139931
75.26888604353393
75.0618932038835
75.1504739336493
75.36552920763447
75.51164111300398
75.5814606741573
75.63854748603352
75.70571904497501
76.1344770337576
76.30530973451327
76.5345394736842
76.71895424836602
76.82037239868565
77.17269736842105
77.23671232876713
77.54724194429274
77.66268332428028
77.73969631236443
77.96082698585418
78.36989247311828
76.3621333333333
72.33119315141789
69.16881028938909
68.93507184672698
69.12473460721868
69.53115100316789
69.7404255319149
70.0692225772098
70.29545454545455
70.43700579862941
70.60644479661913
70.77330508474576
70.9596174282678
71.22151563328033
71.41569459172852
71.5029208709506
71.65447800741919
71.89627659574468
72.09861407249467
72.17993630573248
72.47684938797232
72.56549520766774
72.80564430244941
72.9433760683761
70.68954593453009
67.90134770889489
67.08427267847557
67.34534696073158
67.90810810810811
68.05150214592274
68.18450779989242
68.39989235737352
68.5814078452445
68.85529854760624
69.20225321888412
69.3482905982906
69.61711229946523
69.90080428954424
70.10877759827679
70.1216361679225
70.51784762919553
70.67462845010616
70.75491759702285
71.2769803296119
71.35315985130111
71.51222104144527
71.68135953266065
71.8377659574468
72.21671991480298
72.31006925945658
72.51586874663798
72.57342657342657
73.0571736785329
73.2556270096463
73.47512038523274
73.55852485301978
73.80149413020277
74.05029427501336
72.39905113336852
70.1711855396066
69.16764236295901
69.62347964040191
69.95804567180032
70.25106382978723
70.41954328199681
70.5776364599894
70.78182778658214
70.93150684931507
71.1813361611877
71.37341101694915
71.3741388447271
69.36257928118391
67.27448869752422
67.26363636363637
67.57051282051282
68.01977552111171
68.18167202572347
68.29282655246253
68.57142857142857
69.00854700854701
69.035848047084
69.27422790202343
69.51466666666667
69.76357827476038
69.83457844183565
70.10773333333333
70.21841541755889
70.53846153846153
70.64407684098185
70.89375333689269
71.12640599892876
71.28762006403416
71.52881536819638
71.69103521878336
71.84537185660781
72.02952227589908
72.35790598290598
72.53998926462694
72.61917514729512
72.82232957595276
73.11063140852671
73.2034632034632
73.49380053908355
73.68847184986595
73.78200321371183
74.20074946466809
72.44917509313461
70.52545068928953
69.5881418740074
69.67393617021277
70.11698717948718
70.50425985090521
70.66790846194785
70.84447983014861
71.25572722429409
71.42887586574321
71.55
71.77086656034024
71.97113842864775
70.97371188222928
67.96051227321243
66.40913978494623
66.41072386058983
67.1263440860215
67.16406670252825
67.53351206434316
67.65182403433477
67.91581769436998
68.11027434104358
68.25497579343734
68.46730975348339
68.6889721627409
68.98340471092077
69.11472785485593
69.37113951011715
69.59636946075814
69.84689507494647
70.01926163723917
70.03905831995719
70.45532370251472
70.57556270096462
70.83903743315508
71.10664523043944
71.12379421221866
71.39423076923077
71.57780138077536
71.73838761345435
71.9406099518459
72.11379495437467
72.32242489270386
72.52258064516128
72.7618025751073
72.88314485729671
73.02801724137932
73.3536717062635
73.50268528464017
73.57142857142857
73.94897959183673
74.07415368081676
74.35933297471759
74.56875334403423
72.74933616569308
71.29579741379311
71.30645161290323
71.58896034297963
71.83752004275789
72.02955400322408
72.17517463729178
72.47195253505933
72.58956428187197
72.6248654467169
73.0
73.13878429263045
73.26573426573427
73.39291465378422
73.57889068389886
70.98344017094018
68.79449838187702
68.80117899249733
69.07112068965517
69.27879440258343
69.76675603217159
69.9624060150376
70.12183288409703
70.29459025174076
70.5048128342246
70.76025572722429
70.983922829582
71.13319011815253
71.14600107353732
71.57150480256136
71.67129877071085
71.73973333333333
71.89920000000001
71.25490603854394
70.61061207708781
69.96631811563174
69.32202415417561
68.67773019271948
68.98168103448276
69.1480686695279
69.31497326203208
69.48611111111111
69.94739667203436
70.05698924731183
70.36655948553054
70.47851772287862
70.8139037433155
70.9475935828877
71.00053590568061
71.37459807073955
71.47191011235955
71.76618512573569
71.98117267348037
72.26031065881091
72.68332428028245
72.77963176064442
72.82495225970717
72.1431347150259
71.08660436137075
69.99147381242386
69.6304347826087
69.95298165137615
70.17960339943343
70.33518930957683
70.57602663706992
70.70918086860912
70.97487711632988
71.06553795740032
71.3813104189044
71.58118279569892
71.81303879310344
71.8771551724138
72.25469168900804
72.40770465489567
72.59034852546917
72.78877005347593
73.0064585575888
73.11805929919137
73.54282655246253
73.58713136729223
73.76518001074692
74.14469453376206
74.29184549356223
74.5773140716961
74.70540974825924
74.83824317086234
75.36295503211988
74.49280767181676
71.80607352157699
70.91151385927505
71.0793565683646
71.53636363636363
71.75267094017094
71.98123324396782
72.17176596886742
72.54807692307692
72.72615876398508
72.81229946524064
73.11350188273265
73.30460385438973
73.37988228999465
73.70402144772117
73.8667383127351
74.12017167381973
74.49463519313305
74.69210102095647
74.88453276047261
75.10710441334777
73.09957850368801
69.72347266881025
68.34420096205238
68.51317912856376
69.01889848812095
69.4804708400214
69.61777301927197
70.03862660944206
70.19172932330827
70.4416
70.663631494376
70.8175494917068
71.06112600536193
71.34096963239212
71.60277629471436
71.78487752928648
72.03113258185722
72.18716577540107
72.47096430474161
72.7056
72.92762107503991
73.16764863417247
73.36140724946695
73.59495708154506
73.58694489031564
71.13379530916842
70.54429708222811
70.7605558524853
71.08910359634996
71.4340630005339
71.57978723404256
71.7049706039551
72.11679224973089
72.39111824505083
72.53883235136583
72.66684578183772
72.92191707054388
73.18430951101558
73.44997324772606
73.58208154506438
73.88064516129032
74.19559376679204
74.45095948827291
74.69764957264957
74.73105656350049
72.46121147715189
70.33884738527217
69.22419354838709
69.44373333333334
70.1808910359635
70.30567451820129
70.59625668449198
70.77967914438503
71.05037513397642
71.15021459227468
71.38194444444444
71.60384410037373
71.80536193029491
72.05466237942122
71.77770944042442
71.50075650142765
71.22380356243085
70.94685062343405
70.66989768443726
70.84776761699838
71.12130971551261
71.23209477652127
71.51946666666667
71.77079978529254
71.96507254164428
72.14239482200647
72.3760729613734
72.59871589085073
72.72961373390558
72.93084819016748
73.15741239892185
73.56668452062132
73.64614561027837
73.92536506219578
74.13120950323975
74.35202156334232
74.54511278195488
74.69301075268817
74.85775862068965
75.15701136978885
75.5495447241564
75.5495447241564
75.79066022544282
76.10568669527898
76.14691689008043
76.31206434316354
76.57494646680942
76.71138428647782
76.89257081774453
77.12197743148845
77.39850026780933
77.52620320855615
77.65154749199573
77.81437768240343
77.9515868746638
78.2414346895075
78.44515783841626
78.62373062533402
77.66116142781038
75.57634408602149
75.30906148867314
75.44312668463611
75.6784755770263
75.97788565264294
76.13045822102426
76.20777118186724
76.47055674518201
76.7029490616622
76.95972073039742
77.03711672942443
77.21474703982777
77.47371244635193
77.64293361884368
77.73799359658484
78.01128425577646
78.26831896551724
78.49408602150538
78.6509383378016
78.67579173376275
78.95263724434876
79.16271551724138
79.42396560988716
79.58024691358025
79.67436861902203
79.43069489521761
79.18702117141322
78.94334744760883
78.69967372380441
78.456
78.73515248796147
78.84738527214515
78.96250669523299
79.25430107526881
79.51685393258435
78.11333684765418
76.66418307610431
76.69005847953217
76.87859424920129
77.11777301927197
77.4233849439402
77.57470651013874
77.68364611260054
77.81618435155411
78.12358946802794
78.38974906567006
77.98136315228976
75.90503978779839
74.49465811965813
74.53151709401709
74.87293112653495
75.18395721925134
75.4224
75.37335129164438
75.32430258328878
75.27525387493318
75.46748400852879
75.67056323060574
75.77410761854023
75.79893333333334
76.20578778135047
76.58506666666666
76.67554608417687
76.74652406417113
77.02886157135222
77.2355460385439
77.45260915867945
77.55045381740523
77.59967931587387
77.79946524064172
78.18435155412648
78.33547008547009
78.62081784386618
78.83004794885456
78.86567164179104
79.1533939070016
79.35165421558165
79.4917421417155
79.62998405103667
79.98875802997858
80.07569296375266
80.10117145899892
80.4957310565635
80.59316604378
79.34038054968278
77.77978723404256
77.77275146354444
77.88719462141869
78.00163777929295
78.11608093716723
73.97599999999989
72.15326902465166
72.24865735767992
72.7590618336887
73.01450053705693
73.20893914916532
73.47103004291846
73.65438034188034
73.80824852704876
74.13272434175174
74.28847184986596
74.48980686695279
74.60844017094017
74.80601826974745
74.87991383952613
75.42819006940736
75.61575306013837
75.71963616907438
75.78952991452991
76.12292002147075
76.36858974358974
76.5760811532301
76.76454885210892
76.89983931440815
77.23006465517241
77.49490616621983
77.69630423138726
77.7323340471092
77.7524064171123
77.46850287526695
77.1845993334216
76.90069579157623
76.61679224973089
76.7993544916622
77.06965442764579
77.22276159654801
77.46323134728932
77.59292983395822
77.81149301825994
77.98329741379311
78.18304535637151
78.50026838432636
78.71505376344086
78.9016657710908
79.12788823213326
79.37734836285561
79.57733619763695
79.7021505376344
79.96224379719524
78.6742826780021
76.50507749866392
73.41438539989264
73.23599137931035
73.63201778765983
74.14492753623189
74.15341876262747
74.16190998902306
74.20667031164572
74.51759610178668
74.69214092140919
75.1590909090909
75.20216216216215
75.5827027027027
75.64813815434431
75.91567567567569
76.28964401294499
76.44468429573665
76.65245547760388
76.84224743381955
77.1590909090909
77.40321715817694
77.49812734082397
77.74183181574719
77.9127408993576
78.005359056806
77.9770299145298
75.75531914893617
75.66524064171125
75.31074316004924
74.95624567838718
74.60174819672511
74.24725071506305
73.89275323340098
73.53825575173892
72.26372443487621
72.26321467098165
72.72575431034483
73.020507285483
73.15164597949271
73.29465731246626
73.62156334231805
73.84043126684637
73.97835497835496
74.27267818574512
74.66253369272238
74.87392241379311
75.03987068965517
75.17082429501085
75.35427952329361
75.45794899620185
75.67044228694714
75.83693304535637
76.05528455284559
75.16073354908303
72.14737991266375
72.18459858001091
72.52121871599564
72.8478260869565
73.12342292923752
73.2800875273523
73.54064375340971
73.94765539803707
74.07826086956521
74.37895310796074
74.63345966432053
74.78310626702998
74.98964577656676
75.05764002175096
75.27094668117519
75.49267498643516
75.50244432373705
75.08336990607842
74.66429548841973
74.24522107076103
73.8261466531024
73.4070722354437
72.98799781778506
73.15997830802603
73.23344191096635
73.46842957366432
73.62749326145553
74.01083423618635
74.01083423618635
74.36240520043339
74.61509433962264
74.69321851453176
74.4497395976893
74.20626068084687
73.96278176400443
73.71930284716197
73.47582393031954
73.23234501347709
73.44241119483316
73.55322580645162
74.02319309600863
74.05660377358491
74.18942255801403
74.42718446601941
74.85346215780999
75.04251883745964
75.13265306122449
75.33065380493034
75.5944355270198
75.74066168623266
75.82817502668092
76.24716062736614
76.46781115879827
76.82949061662198
77.02627345844505
77.22144396551721
75.7489361702128
74.34878706199461
74.37984913793105
74.7037634408602
75.07008086253369
75.2259978425027
75.59601936525013
75.65430107526882
75.92361484669178
76.10858995137764
76.25201938610662
76.41774193548389
76.76552462526766
76.95040431266847
77.08242950108462
77.52028123309897
77.68631692806923
77.72426868905742
77.53253995124592
77.34081121343445
77.14908247562295
76.95735373781147
76.765625
76.83710895361378
77.28067318132463
77.50808189655173
77.60571736785329
77.77579686655861
78.05975013579577
78.15860945138513
78.39264467279611
78.58833063209076
78.70616883116884
79.13213703099512
79.37425635478637
79.54738562091507
78.29731182795695
75.46584185045731
74.2540192926045
74.44206008583694
74.88058095750404
75.18133047210301
75.58788853161843
75.79754273504274
75.92002147074611
76.09919571045576
76.27771739130435
76.43645213628989
76.66865186789389
76.93167028199565
77.17806731813246
77.39005942733658
77.68512486427795
77.8345051379124
78.09497816593887
77.50537056928033
75.00760869565238
72.37814207650274
71.9797924631349
72.06338486162845
72.14697726012201
72.23830489818381
72.25850713501649
72.57189721159102
72.90290729566647
73.13329706202393
73.50950570342205
73.71172638436482
74.03709765411892
74.27650273224043
74.42857142857144
74.69406641262928
74.87540983606557
75.05908096280088
75.18301369863013
75.38562808557322
75.61285008237229
75.96933187294633
76.09215578716402
76.23655323819978
76.54263986963606
76.71670305676855
77.09085933223864
77.23384446878424
77.55013698630137
77.11377245508993
73.90507364975451
72.36827810972298
72.40281537628584
72.87438558164939
73.12527472527472
73.31085526315789
73.59357997823724
73.93828509011469
74.13326051338066
74.47167755991285
74.74307441607823
74.97036223929747
75.0896664844177
75.31783369803065
75.55525164113786
75.71837183718372
75.96986301369863
75.98245614035085
76.40076754385964
76.60907599781302
76.94545454545455
76.96198347107429
74.6787452677122
72.08633879781428
69.61821173889189
68.278955954323
68.31164570803719
68.86827661909989
69.03236423477784
69.2013093289689
69.4206783369803
69.80426462547842
70.0120218579235
70.14511729405348
70.41456736035047
70.8177366702938
70.99508196721311
71.18246575342465
71.36606655755594
71.67543859649123
71.90214403518416
72.09828823854224
72.30917078528282
72.50656455142234
72.94849315068493
73.05892070484582
73.23115024766099
73.54983570646222
73.72876712328767
74.0367929708951
74.23879781420764
74.32015376166942
74.63462588749314
75.00660792951543
75.03197353914004
74.58272369946815
74.1334738597962
73.6842240201243
73.23497418045241
72.78572434078052
72.33647450110865
72.64013266998342
72.96681415929203
73.16731517509727
73.3049252905368
73.51438053097343
73.84254143646409
73.97624309392265
74.18056322473771
74.3780487804878
74.7116125481563
74.99612188365654
73.8211159737416
71.63500000000002
71.40977234869517
71.53666666666669
71.93656093489149
72.0703125
72.29290106204584
72.41839596186202
72.93827160493828
73.19955776672195
73.37361419068736
73.64842454394693
73.99391592920354
74.0299003322259
74.35840707964601
74.34296831573101
72.11797440178074
71.96918767507003
72.05747767857144
72.29977502812147
72.58912556053812
72.85474860335196
73.05075292805356
73.32868303571428
73.64356984478934
73.8349082823791
74.20805369127517
74.32904308897594
74.60234899328862
74.92225950782998
75.0307606263982
75.11458915595304
75.39921831379118
75.6519306099608
76.03736754043503
76.12883435582819
76.49803921568628
76.71930803571433
75.92529053680119
73.69638949671773
73.53128371089537
73.94162575013638
74.15789473684208
74.57572443958446
74.7591480065538
74.93128092358438
75.11784140969164
75.31064763995607
74.56641468682483
71.22276688453167
69.31233171782445
69.33656957928804
70.07817589576547
70.142702116115
70.46345425013533
70.75839653304442
70.94408251900109
71.1576381365114
71.34182015167926
70.74704618689566
68.18841364374661
68.1414686825054
68.42199349945827
68.69642857142856
68.98097826086956
69.16080129940445
69.34234721471066
69.60592991913745
69.88792636708176
69.98049837486457
70.41157382368849
70.68712977921379
70.93157327586206
71.06482982171799
71.20961642355485
71.45655693470047
71.80258203335127
71.89703504043126
72.13905486148832
72.46403461330448
72.64657980456013
70.86972770955663
68.71019967620077
68.43604964921747
68.71389793702497
69.03804347826087
69.25691056910568
69.47262872628721
70.00325909831614
70.15963203463204
70.35176151761516
70.6780118854673
70.86013986013984
71.14386920980927
71.26464208242948
71.55177993527508
71.69551108707407
72.10749185667753
72.26202052944353
72.57011866235166
72.75595238095241
73.0693015701137
73.18496484586262
73.56514657980455
73.80735930735932
74.16621401412277
74.48301886792453
74.72879524581307
74.87864077669906
75.22673160173161
75.01211164988652
74.7974916980414
74.58287174619628
74.36825179435118
74.15363184250606
73.93901189066094
73.72439193881581
73.50977198697069
73.79556517036235
74.00163043478261
74.23577235772359
74.5845070422535
74.78085916258834
75.12934782608696
75.39196525515746
75.67227346717308
75.8913043478261
76.02610114192498
75.40589812332428
72.95663956639578
71.77544426494346
71.90845070422534
72.3839913466739
72.71920387305005
73.0223189983669
73.17118093174429
73.49484536082474
73.76352813852816
74.0354609929078
74.15187806205768
74.53766937669377
75.00980926430518
75.09155313351499
75.31763417305586
75.50246036085292
75.68562055768177
76.05789186237028
76.21479452054791
76.5227397260274
76.64199561403507
77.10940076965366
77.29301814183617
77.49559471365639
77.6558011049724
78.0421987784564
77.57943925233621
75.41790225151021
74.9721615720524
75.11822660098528
75.62356792144027
75.94401756311746
76.05043859649123
76.27546549835705
76.49422759758109
76.61466885604818
77.04187327823692
77.23880597014926
77.3069252077562
77.87949143173024
78.02936288088642
78.19134775374377
78.3682750970604
76.84523160762933
75.39072847682121
74.98432250839869
74.8000607155997
74.61579892280072
74.71462264150944
75.0174520069808
75.04887866589996
75.32990280160091
75.44931662870158
75.94311717861206
76.08185460789926
76.20932878270764
76.79157303370786
76.92013498312713
77.16311659192826
77.42617449664431
77.61805945036457
77.91221159257175
78.03822372119168
78.2979318054779
78.56165919282512
79.03701626472238
79.15234375
79.37171604248181
79.76493799323563
79.92849099099101
80.15345699831366
80.28684359119143
80.55162738496074
80.84192825112109
80.20868113522556
77.58582502768559
76.25888888888889
76.29460811561978
76.81706636921359
77.21424596549804
77.40555555555557
77.72302558398223
78.02108768035515
78.2829457364341
78.49005524861877
78.81888888888889
78.9905869324474
79.04986149584488
79.36282693377854
79.71428571428572
79.90027700831024
79.67648290410006
79.45268879988981
79.22889469567963
79.00510059146939
78.7813064872592
78.55751238304902
79.06308799114555
79.12396236856665
79.39370513528439
79.6399779127554
79.96605453533667
80.19383753501401
80.28228060368923
80.57462269424259
80.55033788911135
80.52605308398012
80.50176827884887
80.47748347371763
80.4531986685864
80.42891386345515
80.4046290583239
80.38034425319267
80.64803541781959
80.83926585094548
81.09994447529151
81.19198664440734
81.45343000557727
81.8869710467706
81.92849162011173
82.01955307262574
81.5872454496307
81.15493782663555
80.72263020364039
80.29032258064518
80.67661691542287
80.98609566184649
81.20187534473246
81.45545102379634
81.66462736373748
81.8715801228364
82.11476323119777
82.12764771460422
82.36577181208054
82.81772575250837
82.72717022222884
82.63661469194929
82.54605916166976
82.45550363139021
82.36494810111068
82.27439257083115
82.18383704055161
82.09328151027208
82.25833333333333
82.44988864142533
82.98500832870627
83.09855233853006
83.34345665378243
83.56163626312878
83.8840820854132
83.9083333333333
81.4186301369864
79.67747252747253
79.59103335155828
80.06105610561053
80.32965821389195
80.66758849557522
80.934770591487
81.19922523519647
81.30099778270511
81.59623893805309
81.89538119087368
82.12605042016807
82.30498041410186
82.56880222841227
82.87255449972051
82.92432735426007
83.18826815642461
83.43563799887579
83.7289088863892
84.04227733934613
84.26206509539844
84.5546742209632
84.91863075196409
85.0039281705948
85.31614349775785
85.51012373453318
85.21105527638156
81.34837644468917
77.16295884315878
73.72246941045606
73.69705391884384
74.14412910406236
74.56857301499167
74.86421814134667
75.05967651979921
75.30178173719378
75.56093489148583
75.88901282766312
76.17974401780748
76.42451253481897
76.91736460078168
77.00671140939596
77.24303232998886
77.4869371873263
77.90277777777777
78.14285714285711
78.38736724427054
78.72433035714286
78.90433314575125
79.31407739764443
79.4605484051483
79.88702460850112
80.00896860986546
80.27104377104376
80.4887766554433
80.85016835016836
81.10961214165263
81.28320090805903
81.46036240090598
81.78839590443687
82.0141964792731
81.59525155455049
78.07855153203309
74.34733893557404
70.91194615816039
69.42888643880929
69.76424581005585
70.35219079312259
70.57262103505843
70.779632721202
71.01673173452315
71.25278396436525
71.4423398328691
71.77351140790205
72.07576601671309
72.27582356225571
72.73251259093456
72.96547884187083
73.15008337965537
73.43390964863357
73.75597554196776
74.01003904071388
74.18576195773085
74.58337981037369
74.93259052924792
75.03755605381167
75.34554678692223
75.66197183098592
75.99382369455361
76.14583333333331
76.39293721973092
76.72722191168248
77.21179775280899
77.35433070866145
77.71476323119771
77.43972204750344
77.16468086380922
76.88963968011495
76.61459849642068
76.33955731272647
76.0645161290322
76.60493827160491
76.87062146892657
77.04501969611704
77.25984251968504
77.62115277000561
77.93116955791828
78.1745677635248
78.36444941307991
78.88702460850112
79.10196078431375
79.3678290213723
79.61362367392519
79.8758426966292
80.03941441441441
80.25606316976882
78.68083931529509
75.55849268841393
74.86292134831461
75.13754227733932
75.56942889137736
75.96143096702068
76.17988826815642
76.391959798995
76.75544388609717
77.02780867630702
77.35567867036013
77.79555555555555
78.10077951002228
78.27877094972064
78.65810055865921
78.95070028011202
79.1939631078815
79.36195286195289
79.71180749860099
79.99381675098368
80.2986501687289
80.61328125
80.89695945945945
81.06584130557121
81.34630569655951
81.53193894855849
81.93845285149634
82.04486087450312
82.24122310305776