73.98298429319372
73.5828947368421
73.55729166666667
73.36304909560724
73.2624203821656
73.1918158567775
73.0038560411311
72.73963730569949
72.63813229571984
72.26530612244898
72.11974522292994
72.02185089974293
71.91388174807199
71.63624511082138
71.50644329896907
71.40920716112532
71.26075949367089
71.10191082802548
70.93282636248416
70.7605633802817
70.53503184713375
70.32192648922687
70.24827480240238
70.17462311557789
70.01
69.91582914572864
69.6525641025641
71.45833333333333
72.80133928571429
72.80133928571429
72.80133928571429
72.80133928571429
72.80133928571429
72.80133928571429
72.80133928571429
73.16538461538461
73.09419152276296
73.05333333333333
72.95848484848484
72.86363636363636
72.37707182320442
72.29674796747967
72.13839891451832
71.94398907103825
71.57844474761255
71.33021390374331
71.11920529801324
70.88501291989664
70.72622107969151
70.57921419518378
70.40260831265871
70.22600243013366
69.84907975460122
69.79411764705883
69.726609963548
69.59854897218864
69.45180722891567
69.13888888888889
68.84057971014492
68.73818181818181
68.73132530120482
68.54819277108433
68.40023612750886
67.8936170212766
67.65320665083135
67.62779740871613
67.62779740871613
67.58156028368795
67.35510688836105
67.28165680473373
67.07082833133254
66.90736342042756
66.88347205707491
66.79787234042553
66.75278232405893
66.70769230769231
66.64344746162928
66.53183962264151
66.32061978545887
66.12379807692308
65.58743842364532
68.1561338289963
72.442521631644
72.79113185530922
72.91759465478842
72.97872340425532
72.68547544409613
72.47113402061855
72.32443531827515
72.16109422492401
72.0100806451613
71.7927927927928
71.38911290322581
71.25227963525836
71.03744939271255
70.94076305220884
70.882946518668
70.66067864271457
70.405
70.07444668008048
69.91374122367101
69.70029673590504
69.59126984126983
69.32003988035892
69.15805168986084
69.0210843373494
68.87035175879397
68.4752275025278
68.17139959432049
67.95087001023542
67.83435582822086
67.76978417266187
68.02818788981098
68.28659160696009
68.26625386996903
68.0385015608741
67.77974947807934
67.60593220338983
67.52169312169312
67.29552549427679
67.06178010471204
66.82944915254237
66.69247083775186
66.6867976637549
66.68112448975795
66.675451315761
66.66977814176404
66.66410496776709
66.65843179377013
66.57510729613733
66.32793959007552
66.21297297297298
66.0646551724138
65.86299892125135
65.66811751904244
65.50217391304348
65.4172972972973
65.27322404371584
65.17685589519651
64.82197802197803
64.71854304635761
64.70210409745293
64.47466960352423
64.36759776536313
64.29292929292929
63.963882618510155
63.76211950394588
63.69751693002257
63.65016872890888
63.40790960451977
63.227272727272734
62.93692660550458
62.61600928074246
62.60975609756096
63.221530762218364
63.83330542687577
64.44508009153319
64.15903890160183
63.882966396292005
63.76662777129522
63.53186558516802
63.41040462427746
63.27030162412993
63.16338354577057
63.09826589595376
62.67832167832168
62.513609467455616
62.32189349112426
62.130177514792905
61.989260143198095
61.92207792207791
62.12439219548223
62.32670646888655
62.529020742290875
62.731335015695194
62.93364928909952
62.66232227488152
62.25779376498801
62.10872162485066
62.09916367980884
61.871394230769226
61.627427184466015
61.29579207920793
61.062423500612
60.86168910648715
60.65601965601965
60.46650124069478
60.08168316831683
59.869182389937095
60.92962225086916
61.990062111801244
61.902893463763036
61.81572481572482
61.29787234042553
61.06845965770171
61.04556650246306
60.648514851485146
60.210062893081755
60.113493064312735
59.833121019108276
59.809706257982114
60.035142288906435
60.260578319830756
60.48601435075507
60.711450381679384
61.15718562874251
61.82969432314411
62.07479224376732
62.04959124383488
62.024390243902445
62.03663369526694
62.04887714663144
61.6675567423231
61.381275440976935
61.00398406374502
60.9920424403183
60.97476759628154
60.90981432360742
60.79494007989348
60.67674113009198
60.65526315789475
62.62337662337666
64.19922380336352
63.97662337662338
63.91315453384419
63.77336747759283
63.742675159235674
63.369093231162196
63.248730964467
63.005095541401275
62.94911265619682
62.89312977099236
62.854961832061065
62.6208651399491
62.34552332912989
62.27979924717691
62.17154519320871
62.063291139240505
62.016497461928935
61.83585858585859
61.649616368286445
61.607692307692304
61.54916985951469
61.26590330788804
60.957419354838706
60.872093023255815
60.687338501292004
62.128950695322374
64.26243781094527
64.1861898890259
64.02453987730061
63.8345498783455
63.6885043263288
63.565967940813806
63.42962962962963
63.23616236162361
63.07002457002457
62.93666260657736
62.64764267990074
62.471980074719795
62.307596513075964
62.307596513075964
62.06203473945409
61.95786864931847
61.87530864197531
61.58092848180678
61.39951008972619
61.218091697645605
61.01505646173149
60.84886649874055
60.73869346733669
60.66791979949875
60.5657071339174
60.481715006305166
60.40897705483378
60.33623910336239
60.14445828144457
59.83333333333333
59.73664122137404
59.62420382165605
59.52091254752851
59.366538952745856
59.3507789580417
59.335018963337546
59.16290726817043
58.80636942675159
58.664524421593825
58.565217391304344
58.54591836734694
58.452229299363054
58.43877551020408
58.42857142857143
58.22435897435898
57.82262210796915
57.77002583979328
57.63049095607235
57.51228978007762
57.44559585492232
60.1064102564103
62.91356382978722
64.60601503759399
64.60601503759399
64.60601503759399
64.60601503759398
66.0
66.0
66.17009602194787
66.34019204389574
66.51028806584361
66.6803840877915
66.85048010973937
67.02057613168725
67.1906721536352
72.58815426997239
76.77473958333337
78.84880952380952
79.00580046403711
78.76410835214448
78.72544642857144
78.30316742081448
78.12035995500563
77.78159645232816
77.70231532524808
77.43270300333705
77.26140155728588
76.9889258028793
76.87018701870186
76.48401323042998
76.17849223946783
75.79845814977972
75.44114411441143
75.19089900110987
75.01550387596897
74.69324473975638
74.28871681415929
74.13236929922135
74.07803790412487
73.66445182724252
73.11659192825113
72.95408734602464
72.63340807174887
72.16045197740112
72.01681614349776
71.93002257336343
71.86862967157415
71.27613636363637
71.14614499424626
70.99884526558891
70.96539792387546
70.2883939038687
70.02567094515751
69.85345838218053
69.76168224299064
69.39690107270559
68.89667458432302
68.71733966745842
68.35671100362755
68.1680981595092
68.01703163017032
67.90953545232276
69.10061349693251
71.50605326876513
71.66334164588528
71.6378446115288
71.4184308841843
71.28924598269467
70.99877600979192
70.88725490196077
70.53316953316953
70.49079754601227
70.42558425584255
70.12938331318017
69.73748473748472
69.2036809815951
69.1493827160494
68.8361650485437
68.58476658476657
68.30037082818295
68.24257425742573
68.05809641532755
67.88582183186952
67.41975308641975
67.0286783042394
66.89788293897882
66.8107098381071
66.39529120198266
66.30111524163569
66.28039702233252
65.93524283935243
65.70310559006211
65.49182389937107
64.98616352201257
64.84371029224904
64.70074961848633
64.55778894472363
64.35894206549119
65.04600998549142
65.73307790549171
65.39167862266856
66.02251407129457
66.02251407129457
66.02251407129457
66.02251407129461
69.5
69.5
67.94561243144426
66.39122486288848
66.60065466448447
67.25465838509314
66.6296851574213
66.38316400580551
66.3299565846599
65.89655172413794
65.6432584269663
65.63938973647711
65.53685674547984
65.2671052631579
65.24883925578277
65.23057324840764
65.05655526992288
65.00126262626263
64.90726817042608
64.56494325346785
64.29360100376411
64.15113350125947
63.99874529485571
63.85338345864663
63.65865992414666
63.33793969849245
63.82308657465501
67.73333333333335
70.27472527472526
69.9279711884754
69.88374851720047
69.76615746180964
69.57988165680473
69.346016646849
69.31942789034565
68.94581861012958
68.76252983293557
68.41727493917276
68.27481840193704
68.05097087378641
67.963768115942
67.30609756097562
67.18688118811882
67.0638036809816
66.95297029702971
67.06112469437653
69.30759951749098
70.20024420024419
69.68726823238566
69.48258706467662
69.22386223862239
69.18995098039214
69.01476014760146
68.42046855733662
68.2177722152691
68.1181592039801
67.99628712871286
67.87562814070353
67.53655514250312
67.24150943396226
67.14499999999998
66.92929292929291
66.73155216284988
66.39646464646466
66.17185554171856
66.13676286072773
65.875
65.69358974358971
65.24181360201511
65.18757763975155
65.03022670025189
64.79617834394904
64.86658195679797
67.00991325898389
67.10943396226415
67.18847100196841
67.26750804167267
67.34654508137693
67.42558212108119
67.50461916078544
67.58365620048971
67.66269324019396
67.74173027989823
67.27433628318583
67.12595419847327
66.99874213836478
66.7107969151671
66.50064516129032
66.25765306122449
66.06426735218508
66.0257731958763
65.71283354510801
65.60154241645245
65.40076335877862
65.06052963430011
64.82776349614397
64.6856403622251
64.61060802069858
63.994858611825194
63.91805377720871
63.86340206185565
63.62467532467531
65.9974025974027
68.8453125
69.10619469026551
70.5
70.5
70.5
70.5
70.5
70.5
70.39029126213592
70.2620578778135
69.87673343605547
69.67071320182092
69.25801526717557
69.06360946745562
68.93997071742314
68.56756756756755
68.3817427385892
68.02429149797571
67.97169811320754
67.46595460614151
67.10118265440211
66.95725388601036
66.90733590733589
66.65548387096777
66.23076923076923
66.20875000000001
66.06289308176099
65.62452591656131
65.81152580944938
65.99852570233745
66.18552559522551
66.37252548811358
66.55952538100165
66.74652527388973
66.9335251667778
67.12052505966587
67.02389486260454
66.94230769230768
66.69747899159665
66.31616766467064
66.04447115384616
66.04066985645932
65.7088452088452
65.5350553505535
65.36724565756822
64.8435960591133
64.77065351418004
64.64134495641346
64.5256570713392
64.0977722772277
64.67331670822944
66.40269277845778
66.57965686274511
66.74775865760317
66.91586045246125
67.08396224731932
67.25206404217738
67.42016583703546
67.58826763189353
67.75636942675158
68.82
68.82
68.82
68.82
68.82
68.82
69.4
69.36215334420879
69.15671641791045
68.81605839416056
68.6002886002886
68.07040229885055
67.66666666666669
67.41935483870967
67.2686233278153
67.11789181692095
66.79149519890262
66.1875
66.04301568758345
65.89853137516687
65.53108108108108
65.43513513513514
65.28167115902966
65.2182061579652
65.0378890392422
64.69904240766073
64.53262316910786
64.28398384925976
64.24429530201343
63.72038567493112
63.629322268326405
65.31409395973151
67.14602346805736
66.55511811023621
66.32945736434108
66.2590206185567
66.25637755102042
65.78364116094986
65.34986945169715
65.32195627210966
65.29404309252217
65.19693094629156
64.82659713168188
64.74424552429667
64.60586734693878
64.51156812339332
64.19321148825065
63.96325459317583
63.85583224115335
63.70365535248038
65.14489003880976
68.47755610972568
68.46658415841584
68.43488943488944
68.2622549019608
68.16133004926107
67.82338611449454
67.71014492753625
67.6128640776699
67.45554202192449
67.31303288672352
67.18618988902591
66.99628712871286
66.91646191646191
66.66707168894288
66.49330085261875
66.2341463414634
66.02689486552568
65.9963325183374
65.8602673147023
65.62287104622871
65.35380835380835
65.22874999999999
64.8975
64.88409371146733
64.5280199252802
64.46964064436185
64.17964824120602
64.14625
64.11417816813051
63.903022670025194
63.53022670025189
63.13700384122919
62.90718954248365
62.75329815303422
63.20084134656088
63.648384540087534
64.09592773361419
64.54347092714079
64.99101412066753
64.77581863979847
64.54624999999999
64.44667503136765
64.19162436548223
63.92564102564103
63.6845466155811
63.44170984455957
63.24907014537689
63.05643044619421
62.778220451527204
62.35364238410597
62.35364238410597
62.190224570673706
62.10185185185185
61.90148448043186
61.7428958051421
61.50736278447121
61.78822683731033
62.069090890149454
62.349954942988546
62.63081899582767
62.91168304866679
63.19254710150588
63.473411154345
63.15831134564644
62.917771883289134
62.78771695594125
62.715053763440864
62.58513513513515
62.16307277628033
62.05698778833107
61.99865229110512
61.819807427785406
61.696428571428584
61.57650273224044
61.38873626373626
61.123119015047905
60.79834254143647
60.788965517241365
60.45378151260505
60.40428571428572
60.32447552447553
60.14992586073298
59.975376196990425
59.74211248285323
59.54856361149112
59.91059535387055
60.272627096250005
60.634658838629434
60.99669058100886
61.35872232338832
61.72075406576778
62.08278580814718
61.92771084337349
61.69230769230769
61.60132450331126
61.511318242343535
61.40562248995985
61.06442953020135
61.39142576036704
61.71842199053276
62.04541822069845
62.37241445086417
62.69941068102986
63.02640691119555
63.35340314136127
63.22266139657442
63.05921052631578
62.960317460317455
62.837086092715225
62.65379494007989
62.632000000000005
62.30294906166219
62.020053475935825
61.95333333333335
61.82998661311915
61.74664879356567
61.46164383561643
61.29655172413794
61.89203778677461
63.46648793565686
63.1123287671233
63.00136986301369
62.93631436314364
62.929490514905154
62.92266666666666
62.57937584803257
62.5040650406504
62.048517520215654
61.86221009549797
61.58046767537826
61.46944444444445
61.400278940027874
61.21565934065936
61.00275482093667
60.483687943262396
60.347025495750714
60.32768361581921
60.25561797752809
60.2798874824191
62.733149931224204
63.35792349726779
63.084
63.08277703604807
62.892663043478265
62.85464333781965
62.578659370725006
62.306629834254124
61.96580027359781
61.89849108367625
61.70661157024793
61.41388888888889
61.39805825242718
61.043895747599436
60.79529737206087
60.668044077134994
60.527173913043484
60.47619047619048
60.378016085790875
60.04600811907983
59.94630872483222
59.771312584573735
59.59559834938101
59.446575342465735
59.210164835164846
59.59279217159656
59.97541950802821
60.35804684445992
60.740674180891574
61.123301517323284
61.50592885375494
61.18632707774799
60.982758620689665
60.844207723035964
60.67466666666667
60.61311914323963
60.45491251682367
60.30434782608694
60.01474530831101
59.72849462365593
61.30282637954224
64.15862944162437
64.37834394904459
64.27899609512531
64.17964824120601
64.07960700693761
63.97956577266922
63.73445595854923
63.42894736842106
63.10994764397907
62.93963254593177
62.72089947089947
62.49934123847167
62.35514018691589
62.261394101876704
61.93333333333334
61.79785809906292
61.63696808510639
61.58422459893046
61.264227642276424
61.18801089918247
63.017932627744585
64.8478543563069
64.63481675392671
64.39897039897042
64.18217054263567
63.985824742268036
63.83769633507853
63.665799739921965
63.46710526315792
63.03030303030303
62.84105960264901
62.71409749670619
62.50551745674193
62.29693741677761
62.14248021108179
62.012016021361816
61.977242302543516
61.57449664429532
61.397574123989216
61.269754768392374
61.527257419275315
61.78476007015823
62.04226272104117
62.29976537192411
62.55726802280705
62.81477067368999
63.07227332457293
63.02346805736636
62.790849673202615
62.70997375328085
62.27139037433153
61.9520639147803
61.89171122994652
61.84450402144773
61.62883845126834
61.16010854816825
61.02585034013606
60.87854251012146
60.72229822161421
61.76339481754428
62.80449141347424
62.76455026455028
62.482071713147405
62.31093544137019
61.99335989375828
61.81914893617022
61.497981157469724
61.30013642564802
61.03799185888738
60.85888738127545
60.723521320495195
60.53546592489569
60.48005502063273
60.93755837451391
61.395061728395035
61.796875
61.796875
61.796875
61.796875
61.796875
61.796875
62.86885245901635
62.352331606217604
61.67377049180328
61.28548644338119
61.12615384615384
60.95515695067263
60.61102831594633
60.23867069486408
60.01453185398228
59.79039301310047
59.280415430267055
59.182367478447134
59.08431952662721
58.66326530612247
58.44169096209913
58.20913107511046
58.09104258443466
57.820916905444165
57.269340974212014
57.565217391304486
60.52432432432431
61.132894736842104
60.98418972332013
60.68942436412317
60.435374149659864
60.371584699453535
60.01079622132255
59.715633423180606
59.5040650406504
59.12947658402203
58.79779917469051
58.530949105914715
58.451790633608795
58.26482758620688
58.023776223776224
57.7950138504155
57.41480446927375
57.5
59.891420911528144
59.88251001335112
59.5507442489851
59.237311385459535
59.168724279835395
59.100137174211255
58.850746268656735
58.373259052924766
58.158640226628876
57.89096126255379
57.64028776978415
57.350500715307575
57.31107954545455
57.27960057061341
56.926724137931046
57.29352517985626
65.06567164179069
70.58434782608695
70.58434782608695
70.58434782608695
70.58434782608695
70.58434782608697
72.0
72.0
74.80536912751678
74.9916387959866
74.53488372093022
74.2567975830816
73.7316017316017
73.45103448275859
73.16598079561044
72.71486486486486
72.6051612903226
72.17447916666669
71.73134328358208
71.36090225563908
71.09302325581393
70.89568345323744
70.48902439024391
70.0142517814727
69.74576271186442
69.35085574572128
69.15971394517283
68.56425948592414
68.19951338199513
67.76427703523694
67.56585365853664
67.01385390428209
66.81433435954844
66.61481481481485
66.2630922693267
65.94875000000002
65.33086419753087
65.09113607990014
64.78742138364777
64.4987562189055
64.0966921119593
63.97208121827413
63.70139771283357
63.29962073324907
62.93806451612903
62.6829268292683
62.53100775193796
62.45052083333337
61.90013140604469
64.32947232947231
66.45314505776639
65.93564993564996
65.65095541401274
65.62484316185697
65.25757575757575
65.1346886912325
64.82814445828143
64.59268600252207
64.33674775928296
63.984595635430026
63.8041504539559
63.716129032258095
63.15234375
62.846553966189845
62.77633289986994
62.60602094240835
62.26266666666669
62.04057591623035
61.69169960474309
61.50664893617022
62.87516254876391
71.65601965601945
76.11842105263156
76.51678657074339
76.41471962616819
76.23625730994152
76.07479861910241
75.87238979118331
75.42989571263035
75.30494821634062
74.92549476135036
74.35219399538104
74.1903114186851
73.83793103448272
73.37006960556843
73.23515715948781
72.60117647058826
72.35962877030158
71.91481913652274
71.41540256709453
71.01276102088167
70.54047619047617
70.12195121951217
69.90393518518516
69.51877934272301
69.09778812572762
68.74941724941726
68.39421965317922
67.85215366705472
67.48891481913654
67.1373690337602
66.91744186046515
66.31597222222223
66.06478209658422
65.88125727590216
65.31839622641508
65.01277584204416
64.69284876905044
64.21071428571429
63.87735849056605
63.60117647058823
63.39415204678363
63.10872162485066
62.820665083135395
62.449451887941564
62.104750304506524
67.72586412395731
70.48126463700237
71.70344827586206
72.12085945663529
72.53827063740857
72.9556818181818
75.49885321100919
75.98293515358364
75.6442417331813
75.62709966405379
75.17361894024805
74.80851063829789
74.6703910614525
74.44843049327358
73.98663697104678
73.74720357941834
73.59776536312859
72.6769055745165
72.47451868629673
72.16928251121078
71.67045454545455
71.57012542759406
71.24409448818892
70.72374429223743
70.48401826484019
70.23409090909092
69.64746543778801
69.44
69.26697353279633
68.77777777777777
68.34458672875438
68.2649472450176
67.97023809523813
67.52061248527679
67.22000000000003
66.83175355450237
66.33689205219454
66.11709601873537
65.79502369668245
65.42358604091453
65.80598802395207
67.4695863746959
67.88043100451864
68.29127563434139
68.70212026416408
69.11296489398683
69.52380952380952
69.52380952380952
69.69780219780219
69.55420446049456
69.41060672318696
69.26700898587933
70.3527272727273
70.21212121212125
69.89886363636367
69.45856980703746
69.41964285714285
69.33147321428567
68.8765027322404
68.40245261984393
68.19358407079645
67.96467991169982
67.40154867256638
67.1165371809101
67.1705685618731
69.28013392857144
69.67960088691797
70.03560896065545
70.39161703439294
70.74762510813042
71.1036331818679
71.45964125560533
72.01653803748621
71.7782656421515
71.31064763995607
71.04955947136563
70.84775465498359
70.54304635761588
70.18984547461366
69.84598459845984
69.31959910913139
68.97464167585449
68.75442477876106
68.22483221476512
67.83759733036709
67.53743016759773
67.34797297297297
67.02375565610862
67.81156674208137
68.59937782805423
69.38718891402709
70.17500000000001
70.04977375565613
69.60815402038503
69.39864864864865
69.04072398190044
68.71108622620375
68.21412300683374
67.82528735632184
67.53890160183062
67.03012746234066
66.78868360277136
66.47079037800682
66.05889145496536
65.81125439624856
65.38863109048725
64.91258741258741
64.773851590106
64.36342321219223
63.938995215310996
63.84707287933094
63.561382598331306
64.10249999999996
65.76013513513513
65.76013513513513
65.76013513513513
65.76013513513513
65.76013513513513
65.76013513513513
65.76013513513513
65.76013513513499
67.62873134328356
67.34262295081965
66.68300153139353
65.79943899018232
65.65957446808511
65.32864450127875
65.07852760736193
64.86138613861385
64.52195121951218
63.98284313725489
63.91101044408089
63.839177750906856
63.2664277180406
63.087320574162675
62.84140435835343
64.77294685990341
66.26040428061836
66.44563342403268
66.630862567447
66.81609171086134
67.00132085427566
67.18654999769001
67.3717791411043
68.68665850673199
69.59927360774819
69.59832134292566
69.27623642943308
68.95087719298249
68.68097447795822
68.14134275618375
67.79026651216685
67.42068155111633
67.06666666666666
66.93921334922527
66.74377224199293
66.2962962962963
66.03610108303246
65.61290322580646
65.14613526570048
64.81851400730818
64.67421426861137
64.52991452991455
63.9103194103194
63.85024752475246
63.74285714285713
63.49116161616166
63.043969849246196
63.704752548644024
64.36553524804174
63.85616438356165
63.85616438356165
63.85616438356165
63.85616438356165
63.85616438356165
63.85616438356165
63.856164383561634
63.7078638552527
63.55956332694373
63.411262798634766
62.90540540540539
62.72161741835146
62.60829072356421
62.49496402877696
62.30453257790367
62.24625850340135
61.44551724137931
61.446769948359155
61.448022655339
61.449275362318986
64.8409703504044
67.9568345323741
67.9568345323741
67.9568345323741
67.9568345323741
67.9568345323741
67.9568345323741
67.95683453237416
73.49874686716792
73.5328330206379
73.18688524590164
72.52343750000006
72.15037593984965
71.79423868312756
71.3847167325428
71.29937888198754
70.91911764705878
70.44870210135969
70.16727716727712
69.68872549019608
69.48116646415554
68.91073582629679
68.42279411764707
67.85537700865268
67.27171215880895
67.12079701120797
67.00867410161095
66.2730673316708
66.00249066002493
65.77902621722842
65.38999999999999
65.12826899128265
65.70856546721723
66.2888619431518
66.86915841908638
67.44945489502084
68.02975137095541
68.61004784688998
68.19999999999999
68.02916160388816
67.28029375764993
67.06356968215158
66.8511685116851
66.55752212389382
66.16687268232386
65.90151515151513
65.57774968394438
65.13190954773867
65.05513784461152
64.40664961636827
64.29961587708067
64.6396927016645
64.97976952624839
65.31984635083228
65.65992317541611
66.00000000000003
65.83964646464648
65.62420382165601
65.2056555269923
64.88113695090442
64.40551181102364
64.2522996057819
63.85435630689204
63.55866666666668
63.30851063829789
63.00269179004033
62.647297297297314
62.40654843110505
62.21124828532231
61.66757493188011
61.73597811217496
64.07392473118284
65.558201058201
64.99328859060404
64.77320954907162
64.47745358090185
64.1865079365079
63.8105263157895
63.65608465608466
63.542168674698814
63.062334217506645
62.851999999999975
62.54262516914753
62.32885906040269
61.959102902374696
61.64572192513367
61.37921727395411
61.15013404825737
60.89232839838496
60.660351826792976
60.44489795918366
60.174324324324346
59.96054421768713
60.986595174262675
63.33068362480127
63.33068362480127
63.33068362480127
63.33068362480127
63.33068362480127
63.33068362480127
63.33068362480128
63.90346534653466
63.80470162748634
63.070205479452056
62.71074380165294
62.195892575039466
61.89811912225707
61.82780410742498
61.614601018675785
62.251815980629544
62.251815980629544
62.251815980629544
62.251815980629544
62.251815980629544
62.251815980629544
62.251815980629544
62.251815980629544
67.67573696145126
68.05762081784388
67.85555555555561
66.77027027027026
66.44539007092203
66.02380952380952
65.59346405228757
65.36096938775506
64.91794871794872
64.88931788931791
64.41728395061727
64.08270676691728
63.71604938271605
63.42335766423355
63.0358910891089
62.908754623920686
66.39556592765484
68.75535512965052
68.4387755102041
67.82662192393735
67.59507829977628
67.53986332574027
67.03801843317967
66.67804323094424
66.30689655172415
66.05627198124267
65.71875
65.32746478873241
65.09574468085106
64.94061757719714
64.26904761904763
64.10697115384613
63.931490384615415
63.63946406820946
63.28174123337362
63.076271186440636
62.72256473489517
62.58068459657704
62.16239316239319
61.762962962962945
61.51889168765743
61.44528301886794
61.075000000000045
60.58396946564886
60.45408163265307
60.37259923175418
59.83505154639175
60.18548376768905
60.5359159889864
60.8863482102837
61.236780431580996
61.58721265287829
61.93764487417559
62.288077095472886
62.63850931677018
62.55541718555412
62.126275510204096
61.82569974554707
61.64015151515153
61.5188916876574
61.25515463917526
61.04947916666663
60.729833546734966
60.57490396927017
60.2905317769131
60.31948051948075
64.3523002421307
66.65707434052757
66.66746987951808
66.54676258992811
66.19880952380953
66.10991636798087
65.77962085308059
65.58014354066984
65.08273381294964
64.87364620938627
64.60143198090691
64.43525179856118
64.10843373493975
63.77644230769232
63.55595667870034
63.445114595898644
63.217548076923094
62.7466827503016
62.523693803159176
62.41119221411191
62.023170731707296
61.852439024390264
61.63568773234201
61.560794044665045
61.95858780639048
62.356381568116035
62.75417532984147
63.15196909156691
63.549762853292464
63.947556615017845
63.685542168674715
63.27436823104692
63.21186440677968
62.82682926829267
62.70904645476776
62.23623011015911
62.01477832512313
61.85731857318575
61.594527363184085
61.47945205479448
61.91895261845366
66.30048661800447
70.36150234741785
70.9553264604811
70.99885321100919
70.62557603686633
70.43879907621248
70.41271676300573
69.95205479452056
69.76975945017182
69.28771929824563
69.14716106604862
68.72177879133415
68.30588235294124
67.94464075382803
67.75058004640368
67.27283511269275
66.71929824561404
66.71629542790151
66.19239904988126
65.97732696897378
65.30439952437575
64.92427884615381
64.74110429447853
64.19272237196765
64.01733102253033
64.01733102253033
64.01733102253033
64.01733102253033
64.01733102253033
64.01733102253033
64.01733102253033
64.01733102253033
64.01733102253036
64.60122449493133
65.18511796733213
64.94055944055947
64.63435374149662
64.2256