90.75071963154865
90.99662352279123
91.17393767705383
91.36645962732919
91.71832579185521
92.05016910935738
92.29803921568627
92.57885811192764
92.94581005586592
93.39775280898877
93.69312465064282
94.03294249022892
94.35706278026906
94.59057767807067
94.98502495840266
95.40111420612813
95.57836029001673
95.9075208913649
96.3734001112966
96.58747903856903
96.9535534415221
97.29349046015713
97.5238898257448
97.7561797752809
98.23063877897117
98.46591549295775
98.64426877470356
99.32992036405005
99.47605473204105
99.76312785388129
100.04890678941311
100.42445213379469
100.68236645605974
101.0040532715692
101.23625730994152
101.58901734104046
102.09598603839441
102.34944670937682
99.53569388920616
95.71862464183381
96.34331797235023
96.533179457588
96.74148874783612
97.07482598607888
97.50317002881845
97.96631823461092
98.20605355064028
98.51884057971014
98.85026117237376
99.08328479906814
99.38372093023256
99.68253047011027
100.04819976771196
100.44257540603249
100.96091015169195
101.24707943925233
101.75874125874125
102.06016355140187
102.27112676056339
102.80451127819549
103.15078864353313
103.8795900939368
102.45270270270271
102.45270270270271
102.45270270270271
95.40987370838116
94.02891791044776
94.31487341772151
94.86239193083574
94.98918918918919
95.38816644993499
95.93481012658228
96.26411543287327
96.53996224040277
96.92389270118528
97.40496894409938
97.84638922888617
98.04747596153845
98.5059880239521
98.74424099232132
99.0566037735849
99.5196987253766
99.68263127524524
99.97882083571838
100.51218130311615
100.67877412031783
101.15259009009009
101.47959754052543
101.77790304396844
102.50027886224206
102.5530005608525
102.78836565096952
102.99887892376682
103.20483961733258
103.42456533931576
103.7615298087739
104.15640880858273
104.26959954878737
104.7240793201133
105.02386363636367
102.62024608501122
95.94071146245062
93.51785714285714
94.04114994363022
94.39512471655328
94.59887005649718
94.72102272727273
95.31756756756756
95.48616600790514
95.63677639046539
95.9304298642534
96.30620375640297
96.56988636363636
96.70307167235495
97.1629881154499
97.42484401588202
97.8757799205899
98.36188315371527
98.6547212741752
99.19647927314026
99.50255536626916
99.86723646723647
100.15494568324755
96.46119235095614
92.84972067039106
93.32058492688414
93.5822571588995
94.02290502793296
94.31986531986531
94.63927968486213
95.04695360536613
95.39088863892013
95.6410974244121
95.95977653631284
96.4828939988783
96.80482333146382
97.06771124790151
97.40786516853933
97.6597065462754
97.92161254199328
98.32338028169013
98.52824858757063
99.00671140939598
99.43169092945129
99.5659217877095
99.80449438202247
100.27574563871694
100.52317141261865
100.77765237020316
101.13995485327314
101.4988726042841
101.89734912577552
102.26613816534541
102.56580427446569
102.87076749435666
103.1371104815864
103.57183257918552
103.83627060830017
104.20479178551055
104.61328790459966
105.06110793832096
105.18908045977011
105.58981693363845
106.01260744985673
106.19965477560415
106.63194444444444
107.00634005763689
107.27520278099652
107.72186959030583
108.18702953097858
108.44360023378141
108.91454965357968
109.18655851680185
109.47494172494171
109.69965075669383
110.01220220801859
110.2650321074139
110.47048509643483
110.88584740827024
111.24281524926687
111.39333722969025
111.64970760233919
111.81074766355141
110.33820093457939
105.21383647798743
105.15858528237308
105.20297312750142
105.85419058553387
106.06769936890419
106.2158438576349
106.67916907097518
107.02175157412708
107.28660049627791
107.9315499606609
107.44836272040303
107.44836272040303
107.44836272040311
101.32305433186491
100.15977443609023
100.03814510097233
100.17737617135208
100.29496855345911
100.70352369380316
100.850622406639
101.10057803468209
101.6596109839817
101.8034188034188
102.2884834663626
102.48061573546181
102.84833050367855
103.2259343148358
103.43342776203966
103.71025930101466
104.21645997745208
104.57519640852973
104.88483146067415
105.0933257918552
105.5627802690583
105.81052036199094
104.66611018363938
99.46733111849392
98.587135788895
98.88931718061674
99.27131782945736
99.48864265927978
99.83601108033241
100.3156146179402
100.53718091009989
100.8340782122905
101.26224944320712
101.53743760399334
101.92534818941505
102.3422519509476
102.55623608017817
102.9921568627451
103.27988826815643
103.46318156267566
103.79271708683473
104.06941309255079
104.3910835214447
104.94763513513513
105.1023176936122
105.45970488081726
105.78144564598747
106.03192702394526
106.31275014293882
106.76116838487972
107.00171821305841
107.23735632183909
107.86712485681558
108.10502019619157
108.41173087981599
108.66166281755196
108.93233082706766
109.36337209302326
109.62543352601156
109.89030023094688
110.10556844547568
107.29823359702687
104.49089874857793
104.70136518771331
105.02110667427267
105.17562929061785
105.61264367816092
105.92087155963303
106.2164477441462
106.57415990730011
107.1007441327991
107.28759291023442
107.39162844036697
107.6343283582089
104.44889892715992
99.69345898004434
99.63394342762064
99.87688022284122
100.23529411764706
100.65234375
100.98534385569334
101.23635340461452
101.57006726457399
101.92861157953907
102.17015262860373
102.54550561797753
102.89664963089155
103.31920903954801
103.48896434634975
103.73238636363635
100.33182589033345
96.48407281001138
96.70521541950114
96.97230073487846
97.3261971830986
97.65542439572793
98.08141493542954
98.47270680922904
98.6702307259426
99.18227706113292
99.45146726862302
99.81782289904118
100.20609824957651
100.5128923766816
100.87225661226788
101.41516853932583
101.78255945639864
102.09715909090909
102.47835862844295
102.8173618940248
103.29478458049886
103.68492377188029
103.97211155378486
104.28222600795003
104.98859749144812
105.23314285714287
105.65093803297327
105.94201250710631
106.22234957020058
106.74067699368905
107.06418338108882
107.40744985673352
107.85615650172612
108.2150289017341
108.63567693201628
107.29982768523837
102.22567873303166
101.15623268698062
101.47107897664071
101.75124930594114
102.01177790241167
102.44388609715243
102.98258426966292
103.28925154755206
103.70541760722347
104.04748445449405
104.36261261261262
104.78036322360953
105.11954674220962
105.40826727066818
105.79183210436756
106.31584884376763
106.66381766381767
106.98080180688876
107.26659103800341
107.49629207073588
107.9199772985244
108.16222348269994
108.44730813287515
108.69954128440367
109.21016561964592
109.49740932642487
109.7647733792312
107.19047619047615
101.68652561247217
101.52579034941763
101.6774734488541
102.07026419336705
102.62527839643653
102.93190770962296
103.08347338935575
103.38513513513513
103.68087492989343
104.0931151241535
104.25254237288135
104.66629150253236
104.9715909090909
105.40736543909348
105.87115165336374
106.13404977375566
106.45128205128205
106.78636884306988
107.21163719338277
107.35253850541929
107.77121559633028
108.19942693409743
108.64454702827467
108.82461184588844
109.27676537585421
105.99215246636777
101.68666666666667
102.05461711711712
102.20212765957447
102.61899441340782
102.94319460067491
103.4740990990991
103.81725888324874
104.05325779036826
104.5115753811406
104.88755707762557
105.11728045325779
105.44963005122368
105.88041002277905
106.09507640067912
106.63909348441926
106.95464852607711
107.21672354948805
107.52817302219692
107.89617798060468
108.21189801699717
108.59240362811792
108.95119182746879
109.20897217490062
109.78005698005698
110.06449771689498
110.35230506545247
110.70531125071388
110.81353987378084
111.29327199539966
111.64466130884041
111.85632183908046
112.1435158501441
112.79099307159353
112.98153491055973
113.39583333333334
113.68539976825029
113.99422965954992
114.25584112149534
114.50963222416813
114.78199883109292
115.17584994138335
115.49941383352872
115.90728862973761
116.20341981132076
116.4093050647821
116.73830669034932
117.06409495548962
117.35458879618594
117.70833333333334
118.06320810971974
118.36243226971703
118.83073229291716
118.81604342581431
115.8379330593071
115.92533803644915
116.17720023626698
116.42613301942319
116.66706021251476
117.10232004759072
117.27622999407231
117.6729301233118
118.03476723629936
118.26611472501477
118.64075382803298
118.99466192170819
119.08965929468022
119.73946587537091
120.17412045319023
119.64046313223662
113.47930821494765
107.00795593635257
102.64506359781944
98.04186602870823
94.64730290456431
94.91992882562278
95.33036244800951
96.33178384660081
96.63004091174753
97.29274004683842
97.744880046811
98.35119394292371
98.83061699650756
99.38194444444444
99.76278001148765
100.17879656160459
100.64786324786326
100.86731207289293
101.28125
101.5414522584334
101.91751412429379
102.23573059360731
102.58300506471582
103.00508187464709
103.47279865395402
103.91016282987086
104.27473148671567
104.7915966386555
102.72471910112381
96.19753777280357
91.42275042444817
90.10067491563555
90.37618781442147
90.8171620863713
91.3196675900277
91.78190899001112
92.27551589514779
92.67815453029459
93.1733111849391
93.56759776536313
94.05914870093974
94.50027762354247
94.96298342541436
95.43324099722992
95.98893193137798
96.28466327108094
93.14682080924877
88.33720930232558
88.49105597230238
88.96898334290637
89.38166189111746
90.12813211845102
90.59255014326646
91.03121452894437
91.34185122089721
92.01136363636364
92.44792259533295
92.9479932165065
93.33539673607203
93.74717832957111
94.43522153673584
94.93232662192393
95.31935123042504
95.78667413213887
96.22573488630061
96.6629401900503
96.99777034559645
97.55617663499162
97.85123042505592
98.49550561797753
98.7929490766648
99.43630214205186
99.70723499719574
100.28425821064553
100.75472779369628
101.35870243293823
102.01708278580816
101.03744351194291
93.28042959427216
90.6482122260669
91.34790109258194
91.99040090344437
92.41226096737908
92.81751824817518
93.20791527313267
93.5089485458613
94.04403567447045
94.60257847533632
95.12126245847176
95.55133928571429
95.91786903440621
96.34182825484766
96.73599556295062
97.2533185840708
97.58407572383074
97.9694783573807
98.57111111111111
98.96160267111853
99.52513966480447
99.91643454038997
100.31086350974931
100.60871995528228
100.89013452914799
101.39910564561208
101.70852017937221
102.37450648618162
102.6177130044843
103.07142857142857
103.43218908272365
102.2844243792324
96.98461538461538
95.97707423580786
96.25027382256297
96.60585959093422
97.06170798898071
97.41883656509695
97.76867736579968
97.8862506902264
98.19330038440418
98.53528114663726
98.95306460519049
99.44116006692695
99.86592797783933
100.06040268456377
100.5083240843507
100.91837867851194
101.32884399551068
100.51958080529494
95.00325732899023
93.05471289274107
93.90283842794759
94.71591526344378
95.13978494623656
95.44234913793105
95.91376539903588
96.24771628156904
96.81364124597206
97.18652291105121
97.57011866235166
97.98534997287032
98.66325431034483
99.04496208017335
99.40474905558554
99.84227467811158
100.17567567567568
100.63995668651867
101.13092672413794
101.33136094674558
101.82112068965517
102.28231476473769
102.5929347826087
103.04668838219327
103.379945799458
103.6724795640327
104.01088731627652
104.49158979924036
104.7827027027027
105.07822757111597
105.64324917672887
105.96721311475409
106.45065789473685
106.70258383727322
106.92154696132596
107.46353591160221
107.7746014293568
107.41046831955919
101.20913978494627
93.96306209850107
94.16083916083915
94.764927380312
95.13290460878885
95.3698113207547
95.92120885051268
96.13369272237196
96.62667380824853
96.88864864864865
97.26583649160801
97.82333873581848
98.11225040474906
98.43655097613882
98.91173304628633
99.164058283864
99.75804721030043
99.97345612134345
100.3859078590786
100.91757049891541
101.30258899676375
101.59619565217392
101.91458106637651
102.31845400108872
102.61546900713111
103.04632152588556
103.5089722675367
104.05274605764004
104.44268558951967
103.2966973470493
97.21695095948826
93.82290562036056
94.03483386923901
94.3320815450644
94.90846194784461
95.3304904051173
95.93944265809216
96.28571428571428
96.84957173447538
97.0894483128013
97.55026737967916
97.91617725573946
98.20107238605897
98.62700964630224
98.96280323450134
99.59775641025641
99.92514808831449
100.14804917156602
100.48096514745308
100.89584457636266
101.15803667745416
101.49568034557234
102.0139634801289
102.25386666666668
102.82063749324689
103.21274298056156
103.51382113821138
103.8471096704484
104.17261904761904
104.52393906420022
104.88774403470717
105.15560391730142
105.5272034820457
105.9641693811075
106.43347873500545
106.78559738134206
107.1241794310722
106.51251360174138
100.02516059957179
94.87606382978723
94.70893525949705
95.00429876410533
95.61286863270777
95.91330102315563
96.15462814339219
96.52269087026161
96.94130317716747
97.20000000000002
97.54135338345864
97.97365591397849
98.28640515851691
98.83548387096775
99.26355340848096
99.71460674157305
100.10479452054801
99.35502392344506
97.85833333333333
97.85833333333312
92.72125000000005
90.49077181208054
88.43637532133675
88.67814726840857
89.23894313612868
89.67170868347338
89.99552572706935
90.15877437325906
90.6745725317154
91.03975704030921
91.7084708470847
92.04178119846068
92.43272926963209
92.89797037849698
93.23890410958904
93.8156455142232
94.16457080371788
94.68320610687022
95.06873977086741
95.72524483133841
96.16067538126362
96.62629005975015
97.07096424702058
97.46699134199133
97.9462248777838
98.23982637004883
98.77292576419214
99.21986970684043
99.97105406881474
97.30848748639846
92.08935466078321
91.78404774823657
91.97648988518313
92.50602409638554
92.96113270405328
93.44972907886813
94.67916999201915
94.67916999201915
94.67916999201915
94.67916999201907
92.0
92.0
89.10599721059975
88.06200177147917
88.44668587896254
88.50522193211486
89.14451219512193
89.43653618030842
89.84887087434856
90.20689655172413
90.56857142857143
91.02921348314607
91.292299044407
91.84248878923768
92.2070509233352
92.80566352026653
93.14461194863205
93.46763392857144
93.86843559977888
94.26703601108034
94.8472987872106
95.23685666851134
95.71412680756396
96.15244909190972
96.79494227597581
97.17122538293216
97.78150798018711
98.0351069665387
98.56311745334796
98.8993985784582
99.36882546652032
99.86019736842104
100.21703296703299
100.70962389380531
101.20519911504425
101.62256809338521
101.87139689578726
97.22841530054666
91.58196721311492
89.04893964110931
89.74768392370572
90.42520547945207
90.9252591380251
91.26480263157896
91.7889254385965
92.1752464403067
92.6868131868132
91.78715296679366
87.77521459227466
87.12446581196582
87.89487870619945
88.24260355029583
88.84337997847149
89.18500539374327
89.75967741935483
90.18733225979605
90.71173607355325
91.08297413793105
91.58667388949078
92.16280323450133
92.71227690643593
93.06838987614432
93.47547169811321
93.99891950297138
94.35045970795022
94.8346839546191
95.27945945945947
95.8170534268753
96.35525606469002
96.83799784714748
97.18348623853211
97.64549402823019
98.09400324149112
98.53109789075177
99.0059717698154
99.40640260444928
99.71467539552646
100.42353579175705
100.79422972237342
101.23118570655117
101.59543230016314
101.96939890710382
102.0963003264419
97.27741935483891
92.77668845315904
92.83860414394763
93.31151118385162
93.83315038419317
94.21401204159827
94.55366922234393
94.87130339539976
95.30158730158729
95.74519494783087
96.0758733624454
96.39628820960695
97.11400651465797
97.41269841269843
97.86612021857923
98.21377802077637
98.59267359212686
98.8684497816594
99.21268452706397
99.5858475041141
99.85589519650654
100.51803278688524
100.69791666666666
100.93021978021977
101.37016875340228
101.71124454148472
102.00655379574005
102.49123767798466
102.70990695128626
103.36109589041095
103.5891089108911
103.80606060606061
104.3241607044579
104.5763085399449
104.9630650496141
105.44024122807019
105.72258771929825
106.16169977924943
106.74945175438597
107.06814404432134
107.3776301218162
107.8236914600551
108.12457912457913
108.35129068462402
108.9424703891709
109.29210968102967
109.65205171444632
110.2767507002801
110.71728045325779
111.1117318435754
111.60122358175751
111.84044943820226
112.3402004454343
112.62716601453326
113.0382882882883
113.40168067226892
113.91435053885422
114.1337110481586
114.59851936218678
114.86457142857142
115.23231742380676
115.67239404352807
116.22799097065462
116.74606741573035
117.24321329639889
117.78587570621468
118.11946158160401
118.56430594900849
119.02815315315314
119.43293718166385
119.78980169971675
120.3372681281619
120.3372681281619
120.3372681281619
121.77380952380952
121.77380952380952
121.77380952380952
121.77380952380952
121.77380952380952
121.77380952380952
121.77380952380952
121.77380952380952
121.77380952380952
121.77380952380952
121.77380952380952
121.77380952380952
121.77380952380952
121.77380952380952
121.77380952380952
121.77380952380952
121.77380952380952
121.77380952380952
121.77380952380952
121.77380952380952
121.77380952380952
121.77380952380963
119.61611374407585
112.29596678529106
107.2502896871379
107.35459332943242
108.16831683168317
108.68804159445403
109.1128563118092
109.48662790697676
110.01627906976745
110.31398723157287
110.80536130536132
111.27161926871736
111.60768335273576
112.27044392523365
112.58741258741259
112.98113207547169
113.36923076923074
113.87792056074767
114.42355008787348
114.89543616406701
115.07768691588785
114.69194312796208
106.58628571428568
106.30005640157924
106.58953951108583
107.13752122241087
107.36223616657162
107.92294520547945
108.16194331983809
108.6253585771658
108.96272935779814
109.38141950375075
109.85034403669727
110.24841132293471
110.58425014475972
111.11117511520737
111.42325581395346
111.81548311990684
112.21494785631518
112.49504373177842
113.17249417249417
113.53333333333333
113.87602339181285
114.27578078962875
114.68786808009423
115.15348564733449
115.70717592592592
115.98788927335642
116.37213403880071
116.99356725146203
117.4042179261863
117.66352941176467
118.05712603062432
118.77546296296296
118.63480825958686
113.17941176470595
106.53850574712624
103.53161723559037
104.15547905909352
104.66723744292239
105.13998852553073
105.53970080552358
106.09284890426758
106.35875216637783
106.92325447201387
107.2404403244496
107.80417149478563
108.25988372093025
108.92832369942198
109.2175418349683
109.64551804423746
110.10662824207492
110.52256944444446
110.9485549132948
111.29350348027845
111.8831775700935
112.48921282798835
112.74229203025016
113.27650849443467
113.55437977660199
114.04105571847504
114.58535144713525
114.85233313644417
115.20776119402984
115.77197149643706
116.23405535499398
116.71077844311378
117.34712230215828
117.51052315093204
118.26179245283015
118.76927604473218
119.28101116990007
119.37117117117123
120.21695317131002
120.52951699463327
120.89129129129128
121.3243566726511
121.5589467384799
122.3250296559905
122.43293413173649
123.37110980622431
123.37110980622431
123.37110980622431
123.37110980622431
123.37110980622431
123.37110980622431
123.37110980622431
123.37110980622401
118.94576477757437
113.05345345345359
107.6262390670554
107.17555040556198
107.56184971098264
108.03093987157035
108.45592527729127
108.97831184056272
109.29164231443599
109.81962397179791
110.28260869565219
110.72238629651508
111.33627797408712
111.74228028503563
112.20912322274876
112.87755102040816
113.2113583138173
113.59798697454119
113.97907949790795
114.352587244284
114.92746730083218
109.35227945529914
104.28529411764703
102.72538226299696
102.39417261298001
102.06296296296296
98.75952380952367
94.55529411764701
93.42243846594158
93.99313108185459
94.83286118980169
95.3590033975085
95.70118845500849
96.18452047111612
96.69023569023568
97.12737430167596
97.58998875140605
98.02191011235959
98.87675070028013
99.29719101123595
99.74816901408451
100.25459610027855
100.71820728291323
101.31473214285711
101.7171604248183
102.29216018048504
102.70786516853934
103.4233576642336
103.8330522765599
104.33879164313947
104.81531531531533
105.18934240362813
105.66117111995453
106.16477272727275
106.7056818181818
106.14334470989797
100.200110864745
100.60290827740494
101.06270996640535
101.46580717488791
101.83295711060947
102.21456804065497
102.63273340832393
103.23850085178879
103.62232243517474
104.29374999999999
104.64775950085084
104.96814562002277
105.25358577165807
105.57446808510639
105.95292766934557
106.33525345622121
106.64570109636469
107.09307737056429
107.77642980935872
108.18334297281666
108.68318584070795
109.11013986013984
109.60174418604652
110.01923076923077
110.36075205640424
110.7619893428064
111.0894643908182
107.7460869565216
105.30407343660357
105.59665320253896
105.98556581986145
106.34062140391254
106.63976945244957
107.19212962962962
107.41080766995935
107.93516355140184
108.52502910360886
109.16385822196398
109.42973286875724
109.92222222222222
110.26380728554642
110.72974571259613
111.20779220779224
111.56320474777448
111.81105169340458
112.52681764004768
112.77204559088182
113.26731470230862
113.68176328502409
114.4143114852676
114.8539057841383
115.47667464114829
115.80762138905959
116.61333333333334
117.01857355126299
115.80956761729522
112.25747348119603
108.56706281833613
103.55274566473963
98.5953307392997
95.92874692874693
96.4055859137826
97.24495848161331
97.61901949202598
97.91622418879052
98.34272300469485
98.8442092886537
99.15882352941173
99.72183098591549
99.95590828924162
100.53755868544602
100.99071387115498
101.51633605600932
101.89878542510121
102.46504910456383
102.77758521086076
103.1935297515887
103.64408725602755
104.05484988452656
104.5011481056257
105.07507163323783
105.53383027522932
106.10559723023658
106.47181871005228
106.94889663182346
107.4019607843137
108.01748251748268
106.22858796296259
100.41041433370663
99.7280750137893
100.02653399668327
100.57651641624932
100.933110367893
101.43217488789236
101.78431372549016
102.38629983155533
102.78438030560267
103.34985422740533
104.3472322070453
104.77104642014183
101.8453757225434
97.517578125
95.04130702836005
95.62416918429005
96.13521457965896
96.7358490566038
97.23995340710542
97.94155092592592
98.34042553191489
98.88532110091745
99.25668753557198
99.72737620944793
100.23203169213355
100.73777019340162
101.2833617262919
101.75056561085967
102.59535936615737
102.99830316742077
103.54037267080741
103.9188732394366
104.42376681614348
104.72542372881355
105.1064189189189
105.60845070422533
106.17640385706181
106.64881623449833
107.02777777777777
107.37976122797045
107.89914529914529
108.18717801946195
108.79462242562931
109.28125
109.78734321550746
110.38168373151308
110.87649402390434
111.43357829282081
111.84034090909091
112.31537152580825
112.78433598183881
113.25622171945702
113.770062606716
113.96616972477068
114.70188463735008
115.10487106017194
115.58786127167627
116.09613196814564
116.59620907524413
117.25751559841183
117.57028571428572
117.60736543909388
111.88029782359718
107.38876276958001
107.78847262247837
108.22685714285717
108.7350085665334
109.22215876641917
109.54890678941308
110.0743087557604
110.54305396096441
110.9428244711263
111.63808975834291
112.01955146635999
112.44868871151652
112.85062713797038
113.31381466742471
113.73660205245153
114.10241657077097
114.83927560837577
115.04887866590002
116.0468661773009
116.63344594594594
117.06267487409065
117.4856661045531
117.92781787895615
118.19254658385091
118.61577464788729
119.07014590347922
119.55479840999432
119.55479840999442
120.51086956521738
120.85616438356169
121.37305699481865
121.37305699481863
122.02312138728324
122.06594036697243
116.05441778818022
110.62084765177548
110.82646048109967
111.2119658119658
111.59255014326646
111.97462514417532
112.21098265895955
112.64525462962962
113.04440599769316
113.49017341040462
114.00349040139622
114.50750577367205
114.80406976744189
115.37816091954022
115.76936218678816
116.07195888063961
116.58603066439525
117.14140271493213
117.38757062146891
117.79443498012495
118.23825887743413
118.63032367972744
119.10136674259681
119.14785100286531
118.61225908913377
118.07666717540212
117.54107526167058
117.00548334793893
116.4698914342074
115.93429952047575
115.39870760674421
114.86311569301256
115.69820828667412
115.99438832772165
116.3235294117647
116.54783599088842
117.04173716864068
117.85
118.02309859154929
118.44726452340666
118.7515527950311
119.29180695847361
119.66553287981856
120.0428652002256
120.32437070938215
120.77417519908988
121.5180383314543
121.82707622298065
121.82707622298085
119.4830362277171
112.50438340151959
107.13219373219363
102.90481651376146
103.03398926654745
103.60035419126325
104.44962143273153
104.81654047757718
105.19719953325557
105.67206477732793
105.94138131166574
106.38885664538594
106.83304347826083
107.16463059918556
107.48062463851943
108.14434180138568
108.41559953434228
109.00867052023125
109.3750724637681
109.91352292513056
110.30960648148152
110.84710017574696
111.18351841028641
111.70170287727535
112.48364485981307
112.83031012287893
113.3239766081872
113.80827505827506
114.1895539906103
114.86184971098265
115.28800917957545
115.72401847575057
115.98888888888888
116.4141971054446
115.61209068010066
111.92411642411662
108.75
105.1565802113355
100.28833865814704
94.8023994354271
90.38342967244716
85.78068043742405
85.53444438034597
85.2882083232679
85.04197226618982
84.79573620911168
84.5495001520336
84.30326409495547
82.96791131855309
82.46627218934913
82.85880077369438
83.78834951456315
84.42839274546589
85.23550945698594
85.81291490645742
86.36748064324001
87.13547237076648
87.73872832369943
88.39360465116283
89.2480091012514
89.61578044596911
90.3844406587167
90.84405236198063
91.31766704416759
91.79786036036035
92.39177001127393
93.06194196428578
91.38323699421926
84.23891188645769
83.96818181818179
83.61004273504273
83.2519036519036
82.89376456876454
82.53562548562547
82.17748640248635
81.81934731934732
81.92338028169024
82.88291316526613
83.53954010095345
84.12951639799883
84.85199556541022
85.31558513588459
85.98334258745138
86.58008898776416
87.13207547169816
87.92367256637169
88.68860619469024
89.15760266370694
89.77310459324849
90.28776185226025
90.89301552106429
91.33755506607929
91.9812878370941
92.3007683863886
92.65637065637065
93.57285318559559
94.11951754385962
94.59025470653376
95.08439051296193
95.76367614879655
96.21353880022014
96.81713344316313
97.41621029572843
98.22538293216633
98.72747252747251
99.30613362541072
99.72021857923494
100.2322015334064
100.83315098468267
101.47052401746726
101.92604856512139
102.49397590361446
103.22012229016127
99.78026172300997
94.02177463255305
93.87253829321662
94.25275330396471
94.69056811913958
95.171270718232
95.63792150359313
96.0900552486188
96.85817174515239
97.40464344941955
97.81270718232042
98.3454345434543
98.87430786267998
99.39933628318585
99.75083426028925
100.30930104567972
100.84233737596469
101.66152999449639
102.24958859023587
102.65750412314458
103.24917127071822
103.46230049532164
102.71616311854063
101.9700257417594
101.22388836497817
100.47775098819693
99.73161361141604
100.21648351648355
100.68008825151685
101.12376237623766
101.64845474613685
101.95971302428256
102.49724061810156
102.86784140969166
103.45177383592022
104.2406892718177
104.64024390243901
105.17495807713806
105.59832402234633
106.18812989921616
103.81489594742652
98.90614709110866
98.94754098360656
99.16144975288307
99.91297208538589
100.24324324324323
100.70341786108054
101.27942794279431
101.63616195230168
102.12727272727273
102.59158826784727
102.8681440443213
103.49639089394782
104.11376248612652
104.51280623608022
104.99272523782872
105.48833333333334
105.97144456886895
106.41202672605789
106.85100446428578
107.29747899159668
108.03910614525137
108.46252796420583
109.01066217732841
106.08264004437024
100.68315217391296
100.06233062330625
100.41105637657358
100.79977997799779
101.27945205479452