89.80939524838013
89.57281553398059
89.4647280560043
89.4398921832884
89.19393282773565
89.04784946236559
88.91119483315393
88.79137466307277
88.72790948275862
88.61302475780408
88.50912996777659
88.21689989235738
88.06423982869379
87.91653290529695
87.83110636023517
87.78705189941145
87.61176470588235
87.46756032171582
87.2956008583691
86.92592592592592
86.87950511027434
86.75913978494624
86.63924731182796
86.41487068965517
86.29621621621622
86.24446842957366
86.12439418416801
85.80430107526881
85.72380440623321
85.59688674181427
85.35357334766255
85.30549568965517
85.07754442649434
84.86820871436257
84.79289940828403
84.87479935794542
89.66648648648649
91.5569962182604
91.57628032345013
91.56252387019238
91.54876741693462
91.55163188871055
91.4978563772776
91.40482573726541
91.17637626937467
90.92788461538461
90.78647497337593
90.75491759702285
90.70906200317965
90.5692225772098
90.4484783769354
90.26869658119658
90.03248136315229
90.0
89.69470899470899
89.59398099260824
89.23566878980891
89.03731343283582
88.88313767342582
88.7443091582848
88.38871139510117
88.24044585987261
87.95611629182666
88.06978723404255
88.06978723404255
88.06978723404255
88.06978723404255
88.06978723404255
88.06978723404255
88.06978723404255
88.06978723404255
88.06978723404255
88.06978723404255
88.06978723404255
88.06978723404255
88.06978723404255
88.06978723404255
88.06978723404255
88.06978723404255
88.06978723404256
84.35370741482966
83.73542894564505
83.38645418326693
82.7981072555205
82.45707070707073
81.85255767301906
81.52189054726368
81.2
80.83550651955868
80.71313941825477
80.09509357612544
79.98335854765507
79.8878221323901
79.88401412002017
79.697461928934
79.50606673407482
79.30886075949367
79.10040363269425
78.75723717623158
78.62803643724696
78.57457457457457
79.2268822637696
84.85060975609758
90.74123029994917
94.95822720326032
95.38422649140546
95.42551020408163
95.59656218402426
95.57811704834606
95.52776362710138
95.51260890112707
95.49745417515275
95.264631043257
95.11938775510204
94.97748208802456
94.92938144329896
94.66476978789447
94.60020876826722
94.60690459499287
94.6136004217185
94.40498938428875
94.33032395114179
94.25557917109458
94.11639081687133
94.07257203842049
93.99198289684661
93.90298507462687
93.80588235294118
93.5938001068947
93.54812834224597
93.24378378378377
92.84243818286372
92.71439873417721
92.71439873417721
92.71439873417721
92.71439873417721
92.71439873417721
92.71439873417721
92.71439873417721
92.71439873417721
92.71439873417721
92.71439873417721
92.71439873417721
92.71439873417721
92.71439873417717
86.20647419072614
85.67036720751494
85.61617021276595
85.25020990764064
85.20704107292539
85.08934426229509
85.0744939271255
85.01963864886096
84.94887124316638
84.87810383747178
84.7113553113553
84.71530807500957
84.71926083866384
84.37642045454545
84.27492877492878
84.1164095371669
83.96980096087852
83.76209952283573
83.67530695770805
83.35448275862069
83.18554551772064
83.0304347826087
82.73943054357204
82.73943054357204
82.73943054357204
82.73943054357204
82.73943054357204
82.73943054357204
82.73943054357204
82.73943054357204
82.73943054357204
82.73943054357204
82.73943054357204
82.73943054357204
82.73943054357204
82.73943054357204
82.73943054357204
82.73943054357204
82.73943054357204
82.73943054357204
82.73943054357204
82.7394305435721
86.32542955750034
89.91142857142857
89.83657104608912
89.76171352074965
89.55302013422819
89.54582763337893
89.19571045576407
88.94973890339426
88.86075949367088
88.5680693069307
88.50332728372658
88.22413793103448
88.13732394366197
87.94840579710144
87.7863741339492
87.65791009924109
87.17986030267753
87.12096300645919
86.79811097992916
86.77983293556086
86.62996389891697
86.40827338129496
86.32552552552552
86.15366289458011
86.01720047449585
85.84288245717663
85.57823529411763
85.2688486265342
85.07804309842749
84.94145199063232
84.75456150676868
84.70281359906214
84.47300469483568
84.21098772647575
84.15501165501163
83.82828870779977
83.63657407407408
83.48351648351648
83.32816982214572
83.0848519362187
82.8704871060172
82.82608695652172
82.54814814814816
82.34863945578232
82.23673702224758
81.81383285302594
81.77236238532112
81.5536431440046
81.49741230592295
81.4059633027523
81.07326846021752
80.79622209502003
80.72929754426036
84.6495026331188
90.21505376344089
94.87051671732524
96.13799283154123
96.15833333333333
96.18043350908026
96.1518540317834
96.05483490566039
96.00117577895355
95.6864705882353
95.65959952885748
95.51112412177986
95.38960280373831
95.33275058275058
95.0896834701055
94.88823529411765
94.79482657260435
94.63108504398826
94.26945412311267
94.21296296296296
94.1569195136074
93.86182669789227
93.75028968713791
93.42938496583143
93.3725156161272
93.18690005646528
92.79410096426544
92.53344671201815
92.4442558007923
92.25454545454545
92.12033898305084
91.92468856172141
91.6310403638431
91.52823730747292
91.37421919363999
91.18711136235163
90.80895691609977
90.7456090651558
90.65229722064664
90.45257142857145
90.26580135440179
89.91454442558009
89.72464589235128
90.61939875212704
92.23006310958118
92.13314447592067
92.1310924369748
91.94668911335577
91.88275084554677
91.74076147816348
91.48015651201789
91.38217270194986
91.20626048071549
91.08816964285714
90.72290502793297
90.67596207473508
90.46115427302998
90.29994435169729
90.08389261744966
89.86226203807391
89.73288439955107
89.52037967615857
89.34632516703786
89.12465064281722
88.84507829977628
88.69909502262445
88.44313725490197
88.18896321070234
88.1734750979295
87.88764044943821
87.76031215161649
87.5025041736227
87.33687150837989
87.06140845070422
86.80245470485096
86.702802359882
86.702802359882
86.702802359882
86.702802359882
86.702802359882
86.702802359882
86.702802359882
86.702802359882
86.702802359882
86.702802359882
86.702802359882
86.70280235988201
87.4056249483292
88.1084475367764
88.81127012522361
88.7711812810992
88.73109243697479
88.72043795620438
88.62107466852757
88.37307434695245
88.26047120418849
88.09872611464966
87.79321181646765
87.67317073170733
87.42050970873788
87.28614097968935
87.08047337278107
87.06098283007697
86.7566765578635
86.63372781065088
86.62662721893491
86.33235120801416
86.12747380675205
85.8354357798165
85.61616732617298
85.4499942097458
85.28382109331861
85.24605334784975
84.98168103448276
84.88111888111887
84.69827586206895
84.44868350349275
84.27433155080215
84.06902086677368
83.85430107526884
83.68696120689656
83.5456017269293
83.31916038751343
83.14876476906551
82.91918103448278
82.69999999999999
82.54087709799674
82.38373983739838
82.26358257127487
82.01616379310343
81.85828877005348
81.77498663816141
81.48897256589564
81.38059701492537
81.0655116404981
81.35075431034488
85.4703622392974
89.88330541596872
92.79310344827587
92.78144183402804
92.76978021978022
92.7842278203724
92.8265139116203
92.65720524017468
92.64336043360436
92.45844649646929
92.15812431842966
92.05853658536586
91.88714902807776
91.80891035963498
91.63436830835117
91.54029692470837
91.38148148148149
91.18806127839409
91.10199789695059
90.80732984293195
90.65897166841553
90.64708966963818
90.43851386708529
90.17932148626818
89.77630121816168
89.59792027729637
89.58017817371936
89.0872804683342
88.7088477366255
88.50206611570248
88.47439213657528
88.4216300940439
88.27310924369748
88.01489361702127
87.80447522642514
87.7424
87.62393162393161
87.4879871863321
87.27035657264504
87.16808510638299
86.85050720768821
86.73971138428647
88.12031662269123
90.56505576208178
92.03418803418803
92.23093333333334
92.28692429857067
92.2808691043985
92.14981471678136
92.09771640998409
91.95983086680761
91.90741714886902
91.84376643871647
91.76833773087071
91.66492146596859
91.87788259958072
92.32632685233841
92.50105596620908
92.49108079748164
92.39296956977964
92.23819517313746
92.14488188976378
91.96578947368421
91.9186228482003
91.74960712414877
91.7294610151753
91.4989539748954
91.33995815899581
91.20292887029291
90.87968337730871
90.81204188481675
90.6484375
90.44409613375132
90.27097446586765
90.0656591974987
89.81341719077568
89.73340303188706
87.63493723849376
85.81903765690376
85.81837270341208
85.46314688970205
85.26475195822454
84.95385422128999
84.72012578616352
84.55287958115181
84.36787022501309
83.96945760926805
83.84315789473686
83.7075223566544
83.68177083333336
84.70742932281394
85.30031948881789
85.30031948881789
85.30031948881789
85.30031948881789
85.30031948881789
85.30031948881789
85.30031948881788
92.5
92.5
94.19777397260275
94.13585983436607
94.07394569612941
94.00048216483489
93.92701863354037
93.65067079463364
93.39095068632435
93.26417986714358
93.0816743236345
93.00707427993936
92.82868727825648
92.6243628950051
92.28776978417267
91.97225077081191
91.74051282051283
91.62088477366257
91.40287769784175
91.16666666666666
91.01036269430051
90.71687370600415
90.5624029000518
90.38346253229975
90.03989637305698
89.88174273858931
86.84539813857282
81.27842105263153
76.61550802139038
75.34957173447538
75.10907127429805
74.97635679742075
74.7363344051447
74.54166666666669
74.38274932614556
74.22582387898433
74.14076881429345
73.95663956639567
73.72222222222221
73.54245538128718
73.44655453065656
73.29679869777539
73.11934604904633
73.04146208401528
72.94854953475644
72.74234135667396
72.52797392721347
72.3758205689278
72.29660087719299
72.17355821545152
74.44414168937328
80.12951969778715
85.82675906183363
89.13216560509554
89.24261603375527
89.37625329815303
89.38270954138113
89.37195767195767
89.35257082896118
89.23501577287067
89.057925223802
88.94139387539599
88.79537085744344
88.74708994708993
88.46206533192834
88.23305084745763
88.15646620542842
87.94258373205741
87.69129287598946
87.58842105263159
87.31890179514255
87.25779186476493
87.110348468849
86.91957671957672
86.76723223753976
86.53108535300316
86.42661034846884
86.07248677248677
86.01372031662271
85.77461822011585
85.63185654008439
85.3532232285562
85.21679064824662
87.57330530740933
90.48559455212148
92.91067653276957
93.72924378635642
93.73892151628402
93.65254237288134
93.57286698463167
93.45154419595315
93.27398720682302
93.20394036208731
93.02867764206053
92.87226082308928
92.62345346960731
92.56851155292853
92.2877155172414
92.15091299677766
91.9930032292788
91.84109149277688
91.71846726982437
91.53283502402562
91.2709780865847
90.98764769065521
90.85744794447419
89.1418666666666
86.08027644869748
85.42180851063833
85.1147891083823
84.78800856531049
84.57971014492753
84.41355389541087
84.02893890675242
83.86970509383379
83.69251336898395
83.53607696419027
83.29935622317596
83.42811158798281
86.8396579369321
90.16559829059815
94.20236813778257
94.7234156820623
94.73072344081598
94.73803119956966
94.66148068669528
94.5426273458445
94.33638814016172
94.16612554112554
94.13938411669369
93.79483037156703
93.64343598055105
93.71757770632371
95.67399463806964
96.74783080260303
96.73214285714286
96.6907327586207
96.6266810112964
96.56788793103448
96.29135135135135
96.20860215053764
96.05564559697461
95.83709677419355
95.7336548767417
95.5799356223176
95.40621650589497
95.31954887218046
95.07920258620689
94.8519313304721
94.62849462365591
94.46399999999998
94.29282655246254
94.12882447665055
93.87146666666666
94.68169761273202
96.51232583065382
97.18665949435177
97.4132579585854
97.63985642281904
97.86645488705267
98.09305335128627
98.3196518155199
98.54625027975354
98.7728487439872
101.11893071467534
102.77350993377483
102.77350993377483
102.77350993377483
102.77350993377483
102.77350993377468
98.07414634146335
94.81704628949319
91.5353846153846
89.25319977740679
88.78008519701808
88.50180319422978
88.30240902101485
88.0542199488491
87.93097569161681
87.80773143438455
87.57709923664122
87.46094552929085
87.20544427324089
86.9658511722732
86.76785714285715
86.6583375828659
86.5076844262295
86.27800616649537
86.02150537634407
85.89252814738995
85.66666666666667
85.58995386981039
85.21123132405978
85.05870236869208
84.8896907216495
84.7037037037037
84.47960764068148
84.30549792531122
84.06722251172485
83.86503387180824
83.77442827442826
83.36558577405856
83.21924290220822
83.04488517745301
82.85736595523167
82.75378985886044
82.45811518324606
82.27626050420167
82.0813221406086
81.91272344900102
81.64634787178142
82.2092778070637
83.91947368421053
83.95097522403796
83.91057338243029
83.82675092153764
83.71278825995806
83.61534419337886
83.40052631578946
83.2413066385669
83.09478672985782
82.98256735340729
82.8920484465508
82.6622760800843
82.59302325581393
82.29741151611199
82.26638477801268
82.04646251319969
83.98373557187824
87.77899115964647
91.29774986917846
93.08359456635318
93.07486910994764
93.0176807072283
92.9623651577917
92.9070496083551
92.78623566214807
92.62167795726941
92.41139571353895
92.21439831844458
92.0635838150289
91.93319305628617
91.79653906659675
91.57240293809022
91.28707124010556
91.21759747102215
90.92469720905741
90.796743697479
90.57097957045573
90.36502100840335
90.1711286089239
90.03361344537817
89.8504721930745
89.64521193092622
89.33893851812925
89.06740389678777
88.87552521008402
88.76624737945491
88.4178870292887
88.31689401888772
88.12715855572998
87.84284965950758
87.77358490566036
87.31368421052639
85.39338235294122
83.92613933996859
83.71308460325804
83.37823560486001
83.1831059811123
82.838692672641
82.53622421998942
82.39121228163049
81.9805365597054
81.85669125395151
81.51612903225805
81.31765327695561
81.12579281183929
80.83562367864693
80.66807834833244
80.3835978835979
80.22633527234268
79.92774261603375
79.71098265895954
79.56384655806622
79.33228346456693
79.21124540199685
78.97896950578337
78.85729275970621
78.59157894736842
78.32565445026177
78.09684210526316
77.92259083728277
77.6654314452091
77.4973628691983
77.29672650475186
77.11930010604453
77.05679405520169
76.75502645502644
76.54989384288747
76.54444444444425
79.9313099041533
83.89941860465115
87.57035928143705
90.63200934579439
90.63200934579436
94.48905109489051
94.48905109489051
94.48905109489051
94.48905109489051
94.48905109489051
94.48905109489051
94.48905109489051
94.48905109489051
94.48905109489051
94.4890510948905
94.00720000000001
91.76190476190482
90.79108635097498
90.20858558062741
89.93532608695651
89.66469957081546
89.64583333333331
89.30991957104558
89.11902231668438
88.98041291688725
88.92641609317099
88.59819532908705
87.22768092974115
86.44842105263157
86.43187795896898
86.1681602530311
86.02370916754478
85.94157894736844
85.74077976817705
85.66331923890064
85.47917764891935
85.39798087141338
85.11989389920424
84.98518518518517
84.82796833773085
84.70653319283456
84.57739038563128
84.4056054997356
84.07131452900481
83.91039236479321
83.83518812930578
83.60667019587083
83.44851380042465
83.16435432230523
82.9877594465141
82.80170122275385
82.62059765208113
82.20107238605898
82.14713750668807
81.98009682625066
81.85376344086023
81.54638069705092
81.33566433566432
82.27092274678125
86.22508038585192
90.01727861771042
92.75804721030043
92.73551502145922
92.72213333333332
92.60075026795286
92.42582710779084
92.33600427350427
92.1131974248927
92.07081545064375
91.87091590787361
91.60697050938336
91.41783029001076
91.3508302088913
91.06766917293231
90.88445154419594
90.69567538707955
90.61993603411514
90.20446096654274
90.1531100478469
89.81528662420382
89.64743250397032
89.37619047619046
89.19713831478538
88.8975583864119
88.75172048703018
88.56118143459918
88.2678665960826
88.04329461457235
87.74383202099736
87.61166579085653
87.28729573010014
87.01472908995265
86.8396424815983
86.60200316288876
86.47643979057591
86.26592943654555
85.90636507101527
85.6488188976378
85.44386422976501
85.2001053185887
84.94031413612566
84.77515723270437
84.46642182581323
84.32913385826771
84.07582938388623
89.48873755893146
93.36822724881631
94.77841801990571
94.88616187989557
94.85699373695198
94.78832116788321
94.71547248182762
94.65494050698395
94.55791106514994
94.25065274151436
94.07962771458119
93.86839378238344
93.69989669421489
93.56237113402061
93.48325605358065
93.09100310237852
92.90852713178293
92.67577319587627
92.4158926728586
92.1264189886481
91.98711340206182
91.63453608247423
91.44324045407637
91.25514403292183
90.9808785529716
90.75643666323379
90.54938271604937
90.14828116983068
89.99743852459017
89.66102564102565
89.51969309462916
89.37627811860943
89.04198668714798
88.77119509703778
88.5516178736518
88.43061224489793
88.08329048843189
87.70458054554814
87.54275473630315
87.33453237410072
87.0638516992791
86.79927946474527
85.08354822073215
82.06860706860705
81.95075168481077
81.4714210802307
81.0735524256651
80.88628064684406
80.67292644757435
80.54290171606863
80.06454971369078
79.91783671346855
79.75901725039205
79.58034321372855
79.21658031088083
78.95270270270271
78.79604578563999
80.14195914091124
85.98807053941891
91.88002059732253
95.52185223725286
95.83917525773195
95.8651282051282
95.84895033282132
95.68692070030896
95.65689300411522
95.55315870570107
95.2849133537207
95.14775051124744
95.00306435137897
94.87366276107997
94.55128205128204
94.24197656647988
94.06436898124682
93.89183673469388
93.85692464358453
93.4676844783715
93.22757222503799
93.0372829417773
92.94317605276507
92.55322415557828
92.21846153846155
92.05753564154787
91.88157223072994
91.64717948717947
91.35345268542198
91.13942798774258
90.93880673125955
90.77465508431271
90.27383987761347
90.15752032520325
89.9873353596758
89.76852791878173
89.51555328913821
89.21402784940693
88.99779856906991
88.67240031274433
88.67240031274433
88.67240031274433
88.67240031274433
88.67240031274433
88.67240031274433
88.67240031274433
88.67240031274434
89.09123641745197
89.51007252215953
89.4723759285382
89.43467933491684
89.06253489670576
88.93870967741937
88.81520591341075
88.60020768431984
88.51538461538462
88.01188016528924
87.9578622816033
87.76717948717948
87.39938712972418
87.13976276431151
86.95649948822927
86.84583971413986
86.58941418293938
86.18373648996396
85.91179487179488
85.77555213148432
85.56172839506172
85.101966873706
84.93862815884475
84.69290523045055
84.55015511892452
84.31964656964655
84.17653167185875
83.88037286380114
83.58381201044386
83.36254564423575
84.69537815126023
89.09076175040536
93.15886833514696
94.32931506849314
94.40412819120043
94.45860566448802
94.49891774891773
94.35626007522836
94.06233207952714
94.03370786516854
93.74532835024024
93.47754010695189
93.38805166846072
93.14965259219667
92.990435706695
92.6973404255319
92.49492792311798
92.22424892703862
91.97320471596998
91.72145144076839
91.56136606189966
91.31542181622785
91.08605024051309
90.88563829787233
90.62165058949628
90.4459386767079
89.89731182795697
89.76794387479765
89.48361096184846
89.17522985397511
88.94892473118279
88.85522788203752
88.5981759656652
88.42604501607718
88.0096878363832
87.80010746910264
87.60547504025763
87.5486297689414
87.05231930960088
86.90801506186119
86.67098166127292
86.51559139784945
86.01089324618738
85.89244975556761
85.57514921323923
86.57542512342297
89.91183035714266
92.55950366610266
92.7010078387458
92.68091009988902
92.52782369146006
92.50464734827774
92.41375545851531
91.8843020097773
91.87039045553144
91.64667393675029
91.54832359223819
91.44997324772612
91.05078336034575
90.96605603448278
90.85222998387962
90.66133333333335
90.34328358208955
90.08505018489171
89.89565677966101
89.69567510548524
89.52289669861557
89.380469583778
89.09826275787188
88.91958424507675
86.58651685393306
79.08650937689072
75.43355381840047
75.06461001164146
74.87478849407785
74.76741634668133
74.58121964382082
74.34607104413348
74.2987082884822
73.86132596685084
73.7205623901582
73.36126056879324
73.36126056879324
73.36126056879324
73.36126056879324
73.36126056879324
73.36126056879324
73.36126056879324
73.36126056879402
83.3442408376963
83.74475524475524
83.75216418860487
83.75957313245448
83.61258660508084
83.50884955752213
83.4250269687163
83.42352320675104
83.1277145811789
83.0015690376569
82.6703354297694
82.66874350986501
82.41554404145074
82.00676378772113
81.88238341968915
81.66855087358684
81.5948453608247
81.04791344667697
80.95546349041945
80.6949327817994
80.5776397515528
80.33178773827922
80.05061983471074
79.82166925868327
79.62849740932643
79.39043209876547
78.95196280991735
78.8285272914521
78.65336787564766
78.42886920270973
78.29424083769635
78.00156331422616
77.9686847599165
77.74463631606488
77.63152400835077
77.08718487394958
76.94543546694648
76.8451511991658
76.61820083682005
76.34370057986294
76.15215110178383
75.98475289169295
75.82845188284517
75.56592827004215
75.13722397476339
75.04118268215416
74.84360189573454
77.91532467532488
82.05226666666658
86.8962765957449
89.70122275385434
89.75476694915254
89.75029579190404
89.74582463465555
89.66944299843834
89.4264705882353
89.18543740178103
88.9321052631579
88.81965499215895
88.64225941422595
88.57098283931361
88.08766404199474
88.00420168067228
87.78691099476441
87.55660377358491
87.48212407991588
87.34798728813558
87.11249293386095
86.64539007092199
86.64539007092199
86.64539007092199
86.64539007092199
86.64539007092199
86.64539007092199
86.64539007092199
86.64539007092199
86.64539007092208
85.10504201680672
85.20274192151086
85.300441826215
85.15890613451589
85.04665314401623
85.04665314401623
85.04665314401623
85.04665314401623
85.04665314401623
85.04665314401623
85.04665314401623
85.04665314401623
84.87121212121212
84.87121212121212
85.32393469983833
85.77665727846454
86.22937985709063
86.68210243571684
87.13482501434311
86.88038010061484
86.60658391797085
86.41738197424894
86.37962466487934
86.29659211927583
86.0235420010701
85.85292538915729
85.51468232781633
85.42282958199354
85.08552985476058
84.72552166934187
84.60448957776589
84.3040214477212
83.99892990904226
83.70437566702242
83.45245726495727
83.26121794871796
82.97055674518202
82.71931696905017
82.20867208672087
81.97301672962763
81.7663956639567
81.24507658643327
81.15991237677986
80.91689447785677
80.55354200988467
80.24063876651985
79.93274531422276
79.48774928774927
79.41906721536361
78.45222929936305
78.45222929936305
78.45222929936305
78.45222929936305
78.45222929936305
78.45222929936305
78.45222929936335
82.5
82.5
82.5
90.67054714784632
90.61778864713591
90.5650301464255
90.3047619047619
90.18147590361444
90.08297567954219
89.9044630404463
89.73042886317216
89.26315789473684
89.24950625411452
89.05013020833331
88.89349489795916
88.53152585119798
88.41510611735333
88.07041383570106
87.7308868501529
87.53427172582619
87.33577981651376
87.26257668711662
86.8250303766707
86.62220881110437
86.39311594202894
86.00360793746245
85.65730994152045
85.46149392009266
85.25071551230678
84.89802816901408
84.61727720065608
84.37384196185286
84.65161290322567
87.48191430161387
89.04062326099054
89.19365250134479
89.48416050686376
89.37480397281757
89.24857291126102
89.1462532299742
88.79801151229722
88.69246861924688
88.39109947643982
88.24098274960795
87.9539748953975
87.6689330543933
87.50340136054422
87.2219279661017
87.08553326293577
85.49631966351171
80.75757575757598
76.26324152542361
75.41996830427888
75.0311674590597
74.78136580201163
74.47012162876786
74.2155720338983
74.11613242249075
73.70760233918128
73.43683651804668
73.16524973432519
73.093849416755
72.56330472103002
72.37673425827109
72.16204690831557
71.98611111111114
71.72332439678286
71.49543746645213
74.1191601049868
79.0496828752639
86.31789137380201
87.5124536301007
87.52141723955579
87.5514165792235
87.47892518440463
87.3717001055966
87.17764891934632
86.95626975763962
86.86128691983123
86.59263157894736
86.42511823436678
86.18450184501847
86.04947368421051
85.7519747235387
85.60798738833421
85.50368421052633
85.23600844772966
84.94077207826547
84.62150764364787
84.52250803858524
84.3312917594655
84.16005291005291
84.16005291005291
84.16005291005291
84.16005291005291
84.16005291005291
84.16005291005291
84.16005291005291
84.16005291005291
84.16005291005291
84.16005291005291
84.16005291005291
84.16005291005297
83.64053537284894
83.44555214723925
83.31126760563376
82.93987975951904
82.70009860991826
82.46031746031747
82.39240506329116
82.13408190224573
82.02140468227424
81.83938172043008
81.68124999999998
81.2921511627907
81.2921511627907
81.2921511627907
81.2921511627907
81.2921511627907
81.2921511627907
81.2921511627907
81.2921511627907
81.2921511627907
81.2921511627907
81.2921511627907
81.2921511627907
81.2921511627907
81.2921511627907
81.2921511627907
81.2921511627907
81.2921511627907
81.2921511627907
81.2921511627907
81.2921511627907
81.2921511627907
81.2921511627907
81.2921511627907
81.2921511627907
81.29215116279079
82.6237946146282
83.95543806646526
83.86454733932277
83.54586563307492
83.42706125690441
83.30825688073395
83.26176115802173
83.03264094955489
82.82318154937906
82.60783167738168
82.20117994100292
82.06993006993007
82.05141536683999
81.79200463499416
81.43988439306355
81.14994232987311
80.90967365967367
80.6695501730104
80.28184438040346
80.19162363740679
79.70699541284404
79.6082238720731
79.4028653295129
79.02853881278537
78.79100227790434
78.45909090909089
78.24543378995435
78.06556442417332
77.76842105263154
77.41596958174905
77.41596958174905
77.41596958174905
77.41596958174905
77.41596958174905
77.41596958174905
77.41596958174905
77.41596958174905
77.41596958174905
77.41596958174887
79.77518479087439
82.13439999999997
81.94400000000002
81.76401384083044
81.67345597897503
81.59608091024023
81.26276463262764
81.10877403846155
81.00469208211143
80.73928157589802
80.46082949308754
80.3670091324201
80.13041002277907
79.91571100917429
79.43686415320167
79.31245225362872
79.31245225362872
79.31245225362872
79.31245225362872
79.31245225362872
79.31245225362872
79.31245225362872
79.31245225362872
79.31245225362872
79.31245225362872
79.31245225362863
79.91895264515301
80.52545303667739
81.13195342820181
81.13195342820181
81.13195342820181
81.13195342820181
81.13195342820181
81.13195342820181
81.13195342820181
81.13195342820181
81.13195342820181
81.13195342820181
81.13195342820181
81.13195342820177
81.89868873646788
82.6654240447344
82.58892988929892
82.32379134860048
80.45486935866984
78.63615428900403
78.38904415874788
78.19780821917809
78.03848238482385
77.86688137412779
77.59393294305482
77.26098606645232
77.13287453679195
76.98880597014926
76.79989440337908
76.46271813855105
76.33157059756746
76.02156759600211
75.89129287598945
75.61954808197584
75.44543546694649
75.15861344537814
74.89336121275483
74.64218258132212
74.35533262935584
74.21119324181626
73.98736176935233
73.61611876988334
73.45387453874537
73.2252109704641
72.73597883597881
72.59375
72.44831223628694
72.24562334217501
71.92738031199565
73.02755696873373
78.15190552871718
83.870780590717
88.66129032258073
89.92986075296545
90.1032887975334
90.08170606372042
89.9115681233933
89.78784757981464
89.38473601672766
89.34209143457701
89.03801478352693