77.84094955489614
77.42551928783382
77.06619385342789
76.7939787485242
76.4825958702065
75.98349056603773
75.70394349617422
75.31083481349911
74.95608899297424
74.57
74.21441124780317
73.95382817066043
74.893470790378
74.893470790378
74.893470790378
74.893470790378
74.893470790378
79.99263157894737
80.31615598885794
80.04385964912281
79.70484848484848
79.38466076696166
78.94924154025671
78.52954944411937
78.15240328253223
77.7489760093622
77.38980070339977
76.69929660023446
76.49325513196482
76.02797202797203
75.70181605155243
75.4236395552955
75.0151338766007
74.69638694638695
74.46478873239437
73.81643356643356
73.63752913752914
73.17106033977738
72.89612676056338
72.57251461988304
72.19450934579439
71.83459964932788
71.53864168618267
71.18742724097788
70.6662749706228
70.49182242990655
70.10128805620609
69.76243417203042
69.60303561004086
69.13433700057904
68.81330221703617
68.52511682242991
68.32359813084112
68.60379918588873
71.03430749682337
71.03430749682337
73.68544600938966
74.91438356164383
76.26957163958642
76.77717019822283
76.89941596365996
76.6232790988736
76.07867240319607
75.7867469879518
75.37783075089392
75.08318478906715
74.7987051206592
74.39281507656067
73.94558221181978
73.66297376093294
73.40035067212156
72.83021077283372
72.45715962441315
72.10828025477707
71.60995370370371
71.44534412955466
70.91564863292612
70.69976771196283
70.19603267211203
70.08188153310104
69.46922183507549
69.25130586186883
68.91627906976744
68.68528214077952
68.3795321637427
68.08158508158508
67.75876168224299
67.53217391304348
67.14031052328924
66.60739030023095
66.47853828306265
66.17745664739884
65.6548518303312
65.43360277136259
65.14878892733564
64.96006944444444
64.70857473928157
64.46994219653179
64.07911576497963
63.91899940440739
63.94334277620396
67.70441001191895
67.70441001191895
67.70441001191898
75.2023498694517
76.13937282229965
76.58273381294964
76.38565891472868
76.3342366757001
76.17420435510888
75.8761980830671
75.59984338292874
75.34001542020046
74.99240121580547
74.83086053412462
74.18523985239852
74.11535635562088
73.60853568800589
73.32568467801629
72.99853907962016
72.55337690631808
72.29920116194626
71.97026022304833
71.74884437596302
71.0721649484536
72.27633209417596
72.27633209417596
72.27633209417596
72.27633209417596
72.27633209417596
72.27633209417596
72.27633209417596
72.27633209417596
72.27633209417596
72.27633209417596
72.27633209417596
72.27633209417596
74.63598326359832
74.56680161943319
74.37135614702154
74.08949880668258
73.76251455180443
73.13340683572216
72.86214442013129
72.64482029598308
72.33972310969116
72.03270042194093
71.6266944734098
71.42725409836066
70.992
70.82226562499999
70.20686274509804
70.0293542074364
69.78427612655801
69.49662487945999
69.24526515151516
68.71374407582938
68.53440150801131
68.34118755890668
67.69316081330868
67.3133514986376
66.80841539838855
66.55743544078364
66.06443071491616
65.78328981723237
65.49869678540401
64.83047945205479
64.8177966101695
64.24813278008298
63.836902800658976
63.811138014527856
63.27564604541895
63.24535603715171
62.951478392721754
62.85243445692883
62.43907875185735
62.211111111111094
61.68212415856395
61.48273273273273
61.241849886277464
60.79726651480638
60.52703731911653
60.593631539044736
65.94448727833458
70.7597145122918
75.09592529711381
80.21415607985483
82.48826291079813
82.97940074906366
82.7319963536919
82.45534924845269
82.27640845070422
82.09285714285713
81.61846689895471
81.56921754084263
80.88033472803347
80.74302134646962
80.2516129032258
79.90263367917
79.63779527559055
79.38425925925925
78.94018404907976
78.57338403041825
78.24586466165414
77.54504839910648
77.3237037037037
76.86113152094048
76.51967334818113
76.21904761904761
75.8092820884699
75.35973837209302
75.02803738317758
74.63997113997114
74.13285198555957
73.81963636363638
73.4989010989011
73.38720565149137
73.27551020408163
73.0502915451895
72.7840409956076
72.48604992657854
72.15480557593543
71.68667642752561
71.32647058823528
71.01517341040463
70.5929463629684
70.26389918458118
69.84984984984985
69.64048338368582
69.20681642137879
70.99226604795047
75.33774319066151
77.58745098039216
78.65213946117274
78.49606299212599
78.309262166405
78.08087091757388
77.86391912908243
77.43076923076923
77.21960486322189
76.67569601203914
76.29283018867926
75.916476841306
75.70601336302894
75.3021370670597
74.88265682656828
74.57549234135669
74.25942028985509
73.6043321299639
73.23376623376623
72.74378992193046
72.47985865724382
72.01278409090908
71.76420454545453
71.24343506032648
70.85352112676057
70.44866385372714
70.0809659090909
69.81497175141244
69.41101694915255
69.15406360424029
68.8182456140351
68.40265177948362
68.12648497554159
67.74146341463414
67.51149825783972
66.84689655172413
66.53356643356642
66.16256157635468
66.07541696881799
68.87000928505107
68.87000928505107
68.87000928505107
68.87000928505107
68.87000928505086
78.59871589085071
78.33603238866397
77.86319612590799
77.74136008918617
77.32570239334026
77.06538461538462
76.8963360142985
76.667495854063
76.39519999999999
75.95929339477725
75.68575734740014
75.31908621960207
74.96260997067449
74.6126709863211
74.28458213256485
73.87934705464868
73.53661971830985
73.06544686840252
72.55114822546972
72.22986111111109
71.85075653370012
71.55788005578802
71.16781292984871
70.86363636363636
70.44360902255639
70.17293233082708
69.76819407008085
69.29778672032194
69.0765100671141
68.75568942436414
68.34166103983794
68.17293777134586
69.22245989304812
69.22245989304812
69.22245989304812
69.22245989304812
69.22245989304812
69.22245989304812
69.22245989304812
69.22245989304812
69.22245989304812
69.22245989304812
69.22245989304815
73.47196261682244
73.29411764705883
73.15519568151147
72.89182389937108
72.40975609756099
72.07639680729761
71.88513513513513
71.63129102844638
71.6960571038221
71.76082317919781
71.82558925457353
71.89035532994924
71.44657258064517
71.30921704658078
70.83431952662721
70.73359840954274
70.20314033366046
70.07601184600198
69.94294003868472
69.5432558139535
69.2760511882998
68.94836956521738
68.50444839857653
68.1895777178796
68.07844905320107
67.66126126126125
67.46559428060766
69.5249772933696
72.06179775280899
72.93042452830188
72.93042452830188
72.93042452830188
72.93042452830188
72.93042452830188
72.93042452830188
72.93042452830188
72.93042452830188
72.93042452830188
72.93042452830188
72.93042452830188
72.93042452830188
72.93042452830188
72.93042452830188
72.93042452830188
72.93042452830188
72.93042452830188
72.93042452830188
72.93042452830188
72.93042452830188
72.93042452830188
72.93042452830188
72.93042452830188
72.93042452830188
72.93042452830188
72.93042452830188
72.93042452830188
72.93042452830188
72.93042452830188
72.93042452830188
72.93042452830188
72.93042452830188
72.93042452830188
72.93042452830188
72.93042452830188
72.93042452830188
72.93042452830188
72.93042452830188
72.93042452830188
72.93042452830188
72.93042452830188
72.93042452830188
72.93042452830188
72.93042452830188
72.93042452830188
72.93042452830188
72.93042452830188
72.93042452830188
72.93042452830188
72.93042452830188
72.93042452830188
72.93042452830188
72.93042452830188
72.93042452830188
72.93042452830188
72.93042452830188
72.93042452830188
72.93042452830188
72.93042452830188
72.93042452830188
72.93042452830188
72.93042452830188
72.93042452830188
72.93042452830188
72.93042452830188
72.93042452830188
72.93042452830188
72.93042452830188
72.93042452830188
72.93042452830188
72.93042452830188
72.93042452830188
72.93042452830188
72.93042452830188
72.93042452830188
72.93042452830188
72.93042452830188
72.93042452830188
72.93042452830188
72.93042452830188
72.93042452830188
72.93042452830188
72.93042452830188
72.93042452830188
72.93042452830188
72.93042452830188
72.93042452830188
72.93042452830188
72.93042452830188
72.93042452830188
72.93042452830188
72.93042452830188
72.93042452830188
72.93042452830188
72.93042452830188
72.93042452830188
72.93042452830188
72.93042452830188
72.93042452830188
72.93042452830188
72.93042452830188
72.93042452830188
72.93042452830188
72.93042452830188
72.93042452830188
72.93042452830188
72.93042452830188
72.93042452830188
72.93042452830188
72.93042452830188
72.93042452830188
72.93042452830188
72.93042452830188
72.93042452830188
72.93042452830188
72.93042452830188
72.93042452830188
72.93042452830188
72.93042452830188
72.93042452830188
72.93042452830188
72.93042452830188
72.93042452830188
72.93042452830188
72.93042452830188
72.93042452830188
72.93042452830188
72.93042452830188
72.93042452830188
72.93042452830188
72.93042452830188
72.93042452830188
72.93042452830188
72.93042452830188
72.93042452830188
72.93042452830188
72.93042452830188
72.93042452830188
72.93042452830188
72.93042452830188
72.93042452830188
72.93042452830188
72.93042452830188
72.92857142857143
72.92857142857143
72.92857142857143
72.92857142857143
72.92857142857143
72.92857142857143
72.92857142857143
72.92857142857143
72.92857142857143
72.92857142857143
72.92857142857143
72.92857142857143
72.92857142857143
72.92857142857143
72.92857142857143
72.92857142857143
72.92857142857156
68.52413793103449
68.52413793103449
68.52413793103449
68.52413793103449
68.52413793103449
68.52413793103449
68.52413793103449
68.52413793103449
68.52413793103449
68.52413793103449
68.52413793103449
68.52413793103449
68.52413793103449
68.52413793103449
68.52413793103449
68.52413793103449
68.52413793103449
68.52413793103449
68.5241379310346
71.06703350452449
73.60992907801419
73.60992907801419
73.60992907801419
73.60992907801419
73.60992907801419
73.60992907801419
73.60992907801419
73.60992907801419
73.60992907801419
73.60992907801419
73.60992907801419
73.60992907801419
73.60992907801419
73.60992907801419
73.60992907801419
73.60992907801419
73.60992907801419
73.60992907801419
73.60992907801419
73.60992907801419
73.60992907801419
73.60992907801419
73.60992907801419
73.60992907801419
73.60992907801419
73.60992907801419
73.60992907801419
73.60992907801419
73.60992907801419
73.60992907801419
73.60992907801419
73.60992907801419
73.60992907801419
73.60992907801419
73.60992907801419
73.60992907801419
73.60992907801419
73.60992907801419
73.60992907801419
73.60992907801419
73.60992907801419
73.60992907801419
73.60992907801419
73.60992907801419
73.60992907801419
73.60992907801419
73.60992907801419
73.60992907801419
73.60992907801419
73.60992907801419
73.60992907801419
73.60992907801419
73.60992907801419
73.60992907801419
73.60992907801419
73.60992907801419
73.60992907801419
73.60992907801419
73.60992907801419
73.60992907801419
73.60992907801419
73.60992907801419
73.60992907801419
73.60992907801419
73.60992907801419
73.60992907801419
73.60992907801419
73.60992907801419
73.60992907801419
73.60992907801419
73.60992907801419
73.60992907801419
73.60992907801419
73.60992907801419
73.60992907801419
73.60992907801419
73.60992907801419
73.60992907801419
73.60992907801419
73.60992907801419
73.60992907801419
73.60992907801419
73.60992907801419
73.60992907801419
73.60992907801419
73.60992907801419
73.60992907801419
73.60992907801419
73.60992907801419
73.60992907801419
73.60992907801419
73.6099290780142
72.9952380952381
72.9952380952381
72.9952380952381
72.9952380952381
72.9952380952381
72.9952380952381
72.99523809523816
70.54738330975954
69.96875
69.50901525658807
69.49113233287858
69.49113233287858
68.51131824234358
68.15415019762844
67.74315514993481
67.57887874837027
67.45597897503285
67.0599739243807
66.78803641092327
66.47979139504565
65.69093231162196
65.41229193341871
65.12924281984334
65.01307189542484
65.0859375
69.46423751686916
73.89408528198074
73.95788043478261
73.98921832884098
73.91698595146869
73.38046272493577
73.08227848101268
72.71163366336634
72.3951515151515
72.11538461538461
71.97297297297297
71.53960964408725
71.33219178082192
70.76490438695163
70.42229729729729
70.19819819819821
69.9385290889133
69.5586956521739
69.32826086956521
69.2641304347826
68.78807947019868
68.52097130242828
67.82151029748286
67.53514739229024
67.2780388124242
67.02093023255813
66.75526932084313
66.2449941107185
66.16133004926108
66.16133004926108
66.16133004926108
66.16133004926108
66.16133004926108
66.16133004926108
66.16133004926108
66.16133004926108
66.16133004926087
71.0
71.0
71.0
71.0
71.0
71.0
71.0
71.0
71.0
71.0
71.0
71.0
71.0
71.0
71.0
71.0
71.0
71.0
71.0
71.0
71.0
71.0
71.0
71.0
71.0
71.0
71.0
71.0
71.0
71.0
71.0
71.0
71.0
71.0
71.0
71.0
71.0
71.0
71.0
71.0
71.0
71.0
71.0
71.0
71.0
71.0
71.0
71.0
71.0
71.0
71.0
71.0
71.0
71.0
71.0
71.0
71.0
71.0
71.0
71.0
71.0
71.0
71.0
71.0
71.0
71.0
71.0
71.0
71.0
71.0
71.0
71.0
71.0
71.0
71.0
71.0
71.0
83.27887981330218
82.85067437379575
82.46877748460861
82.27426160337552
81.75400641025641
81.12727272727273
80.67531504818385
80.23571945047001
79.6610049539986
79.2802197802198
78.65644171779144
78.20291777188334
77.61005878510775
77.08810289389066
76.28117048346053
75.76645569620251
75.23289391085996
74.6599874765185
74.2173374613003
73.74658385093164
73.20061728395063
72.7129514321295
72.29900744416875
71.5671826625387
73.32125307125307
77.19280843149409
80.83982412060323
83.91640278657377
83.84610552763817
83.69805398618956
83.2263092269327
82.75266792215939
81.92017598994343
81.69507575757575
81.18972081218271
80.630890052356
79.78953626634959
79.78953626634959
79.78953626634959
79.78953626634959
79.78953626634959
79.78953626634959
79.78953626634959
79.78953626634959
79.78953626634959
79.78953626634959
79.78953626634959
79.78953626634959
79.78953626634959
79.78953626634961
78.8727634194831
78.86218487394956
78.1160458452722
77.95026178010471
77.66454891994914
77.05224787363306
76.42366863905326
76.24302325581391
75.57714285714286
75.21460674157305
74.77247502774696
74.43392070484583
73.92131147540982
73.64654226125134
73.10140237324703
72.69271948608139
72.17757009345792
71.62461851475075
71.12512512512512
70.62137862137865
70.17935871743484
69.90634441087616
69.44726166328599
69.03560209424086
68.54800431499461
68.16594827586209
67.62017167381975
67.20220994475139
67.30186608122949
72.52840909090901
77.11978465679677
77.11978465679677
77.11978465679677
77.11978465679677
77.11978465679681
75.00000000000011
73.84313725490196
73.84313725490196
73.84313725490196
73.8431372549021
71.50515463917526
71.50515463917526
71.50515463917532
73.0
73.0
73.0
73.0
78.0533536585366
77.75273224043718
77.33883248730967
76.82994011976047
76.511653718091
76.26596858638743
75.7149758454106
75.23947614593078
75.02844444444446
74.66083916083915
74.17050298380224
73.8564189189189
73.48913043478262
73.01889893179953
72.69293257514221
71.93353705118409
71.43787425149702
71.09754281459419
70.56768558951967
70.26581378820185
69.85991678224684
69.26734693877549
69.03184281842823
68.41500664010618
67.647868852459
67.32829940906106
66.9580602883355
66.41797900262469
65.97444298820443
65.44034278180618
65.12901069518716
64.63303994583612
64.0915300546448
63.67305061559506
63.516129032258505
68.55087719298263
74.14649681528658
76.18949609652236
76.06132404181182
75.7098121085595
75.33172746042669
74.57610921501706
74.29836512261579
73.73473541383987
73.24949290060852
72.7833668678739
72.30507343124168
71.77866666666665
71.43671305500334
70.91077329808331
70.23197903014415
69.74786043449637
69.37426132632964
68.89828269484809
68.5285620485883
68.09620418848169
69.12434895833303
74.8769027134349
76.90343915343914
76.48797920727748
76.25064432989689
75.74210186976143
75.33946700507613
74.88690095846641
74.31866750471397
73.76042983565105
73.3376784605835
72.86716325263808
72.13680981595093
71.68723010487355
71.24923076923079
70.73733003708287
70.16841455891426
69.87646695491043
69.33189389265885
68.91697645600993
68.65557609365351
75.15975232198161
78.36845386533668
78.30697961704755
78.1539408866995
77.63850931677018
77.1775472849298
76.78132678132681
76.21613300492612
75.77130594727157
75.05330882352939
74.49787234042554
74.10275229357796
73.50457596095185
73.03822815533977
72.50456482045041
72.05189255189254
71.5439660400242
70.98349633251837
70.33211009174312
69.90310786106033
69.32434089515635
68.98052343274503
68.35103785103786
67.97868453105968
67.34737484737485
66.9812462189958
66.19307832422584
66.67515151515181
72.06625766871184
76.33251231527083
80.00865265760194
81.65771392879452
81.52644679527066
81.14860681114556
80.64885021752639
79.90358467243504
79.40665434380776
78.85529556650249
78.33965728274177
77.87224938875306
77.2703523693803
76.87530562347183
76.20595382746052
75.76063183475094
74.82978723404256
74.28431970713848
73.75924802910856
73.15158924205383
72.65304878048778
72.17271051014131
71.60718635809991
72.043082524272
76.25541401273904
80.06177606177607
81.22894333843794
82.16827279466271
82.16847433116413
82.083391730904
81.89445196211096
81.62955599734926
81.44793713163062
80.97922077922078
80.37280416395578
79.99550994227064
79.5137555982086
79.1619047619048
78.74048223350258
78.22629582806576
77.83969465648852
77.3156230234029
76.9545454545455
76.21072319201994
75.75314861460953
75.29080675422136
74.81636477201744
74.37531172069828
73.98630136986304
73.50187032418955
73.0574640849469
72.64223602484469
71.99628252788102
71.46388542963882
71.12468827930172
70.83198001249218
70.27627438640656
69.94779874213839
69.50281778334374
69.05335844318893
68.67334167709635
68.04767879548308
67.46851385390426
67.17076244486452
66.7984790874525
66.31008243500318
66.0649681528663
65.52201659221464
68.66135204081547
77.20337881741398
79.3012048192771
79.1625251846877
79.06157965194109
78.64594594594593
78.34249329758711
78.02620967741933
77.63319946452475
77.276254180602
76.6684563758389
76.19692923898532
75.90527018012006
75.36273209549074
75.0713342140026
74.52447089947088
74.1545574636724
73.61381578947373
73.12795275590554
72.42174197773409
71.93696651346028
71.55233706385775
71.10973220117569
70.58415193189256
70.12745098039215
69.7025607353907
69.41946088099934
68.970703125
68.32421875
67.87696335078533
67.45199216198563
67.03387622149842
66.55570032573291
66.16536458333331
65.74967574578471
65.33573298429314
64.89797253106599
68.03818301514184
73.20212765957467
76.31902245706738
76.33834095362508
76.22337662337662
75.94293125810634
75.46832135858915
75.13485342019544
74.72649572649561
73.84041857423153
73.45944192083061
72.95114006514655
72.51406147809024
72.12964169381104
71.69069462647445
71.35870967741937
70.86714193130263
70.32967741935488
69.59235255994815
69.1935275080906
68.85880829015542
68.48366013071899
68.04568854568856
67.70012870012874
67.18199481865287
66.79402209226771
66.41476159372962
67.03784860557789
70.87424344317424
74.05010155721038
76.46778523489934
77.27698574338086
77.19076305220887
77.018654230513
76.54249667994685
76.10092961487385
75.57152496626179
74.93000958772771
74.93000958772771
74.93000958772771
74.93000958772771
74.93000958772771
74.93000958772771
74.93000958772771
74.93000958772771
74.93000958772771
74.93000958772771
74.93000958772771
74.93000958772768
76.12657150133009
77.32313341493273
76.66808059384942
76.49326145552561
75.97609868928294
75.61240875912404
75.13601127554614
74.71065292096216
74.16733870967744
73.69017798286086
73.19509043927644
72.60917312661502
72.1645489199492
71.40367553865656
70.91671884783966
70.40262993112083
70.02255639097746
69.5761548064919
69.05155279503106
68.67910447761193
68.34129478315526
67.80617283950619
67.03853325046612
66.53452527743525
66.08580246913579
65.68603213844256
65.1907407407407
64.71209330877844
64.25691456668716
63.99192546583856
63.341133004926064
62.80137414116177
62.26364764267993
61.847595252966926
61.31455108359131
60.97565543071164
60.447482908638904
62.74434673366795
68.94051346274227
73.25965801139955
75.23248407643312
75.12230671736376
74.76455534229046
74.45298602287164
74.00569259962049
73.68797468354433
73.3640378548896
72.98805031446545
72.49339207048456
71.91666666666663
71.4918136020151
71.09227871939737
70.67405063291142
70.22054190296154
69.85642317380348
69.3451327433628
69.01128526645766
68.2836477987421
67.90113350125944
67.39999999999998
67.02143757881458
66.4887076537014
66.12304809494066
65.86674968866748
65.36392009987514
65.01122894572677
64.29912935323381
63.917339962709775
63.42812887236681
63.017380509000645
62.70300751879705
62.28606811145505
61.86695544554459
61.45712523133869
61.066090179122966
60.40727048675291
60.08199753390875
59.58307597282271
59.30660086366436
58.92383900928792
58.53188854489167
59.928395061728224
66.6919223544146
70.31752963194012
70.21150278293135
70.01794554455444
69.54337050805452
69.10732009925562
68.80285182889031
68.29611351017888
67.98824257425741
67.61467324290993
67.1487654320988
66.53736874613958
66.08410636982069
65.63597298956415
65.15750463248924
64.68466257668712
64.37931034482756
63.85626535626534
63.4935304990758
63.183610597658685
62.43087414755115
62.082251082251105
61.66625916870419
61.21159777914869
60.9488601355514
60.43861813695253
60.090630740967526
59.74171779141105
59.84403669724816
69.48736906962404
74.16409623689083
75.35012285012283
75.26193390452875
74.97381242387331
74.65435835351093
74.22973796465567
73.74833635813673
73.5069486404833
72.68277945619337
72.43640747438212
71.92610539067232
71.60024009603842
71.11414693381903
70.59951456310682
70.30857487922708
69.7827669902913
69.20330679730557
68.82796352583591
68.38694074969771
67.93746205221612
67.51058681185725
67.07627118644064
66.6169305724726
66.25930445393533
65.84325637910081
65.2172330097087
64.72606060606063
64.33616504854365
63.801572897761616
63.49909255898365
63.03032140691329
62.67655966081168
62.19842710223833
61.89063444108763
61.240460327074516
60.92451690821258
60.45863746958639
60.0313630880579
59.68184615384615
59.94068965517272
64.76586888657648
64.76586888657648
64.76586888657584
74.65502793296082
77.16049382716051
78.75911602209945
78.64163979543633
78.52416356877325
78.12234494477485
78.06444099378882
78.01330376940132
77.40527065527067
76.90835030549897
76.5757776307081
76.1302931596091
75.65701415701415
75.26780088216765
74.78544542032625
74.3856613102596
73.83024691358025
73.44855206407897
72.64652014652017
72.16759088108438
71.70146520146523
71.21467556094603
70.67151515151517
70.41293833131806
69.82994011976047
69.46144578313249
68.96873120865905
68.40854392298434
67.91792395896198
67.41601912731619
67.01865222623348
66.55495169082121
65.99044205495818
65.5833835039133
65.1262019230769
64.75
64.03739445114596
63.91944276196227
69.05058605798877
74.68453481207644
77.27392947103272
76.99813432835819
76.83933002481388
76.65382224984467
76.0209617755857
75.75061274509807
75.41907692307689
74.91896869244937
74.65580823601715
74.09663608562687
73.72323600973237
73.42261185006043
72.91550151975684
72.35683890577513
71.91399152029078
71.39878787878786
70.95413397706693
70.53482737734703
70.08363858363862
69.7228989037759
69.39007960808328
68.90379901960785
68.26821800367424
67.93943139678618
67.42293464858199
66.97886886264757
66.51683291770576
66.00621118012424
65.7024329382408
65.26554726368158
64.90074906367045
64.42164883574576
64.55191944619219
69.97783747481571
74.64901960784314
74.64901960784314
74.64901960784314
74.649019607843
80.59073359073363
81.69642857142858
81.67913216011043
81.66183574879221
81.18632855567807
80.91701680672269
80.91064257028108
80.48216007714564
80.30848089468776
79.95964125560539
79.73090277777771
79.27768595041323
78.98713826366566
78.63392171910971
78.06904400606979
77.96479400749058
77.39955849889623
77.1562952243126
76.80857142857144
76.31638418079092
75.75734265734263
75.40559440559434
74.93728463128878
74.59546703296706
74.32103825136608
73.86861810755613
73.3841463414634
73.07474747474748
72.73355704697985
72.07590759075913
71.69708994708992
71.2873938602221
70.8554610856769
70.49738903394257
70.01047120418849
69.73915857605175
69.44724919093858
68.73074433656961
68.48831168831168
68.17194570135746
67.8031290743155
67.41860465116281
66.94902749832329
66.56313301823093
68.7156334231804
72.99792817679554
74.95877009084558
74.85320468642317
74.61004126547454
74.30848153214771
74.04315576534054
73.61517797179312
73.32625994694956
72.79693741677761
72.55459387483359
71.92753623188406
71.66055045871559
71.36529680365294
71.0065746219592
70.62075718015672
70.16438356164383
69.70852309694209
69.56957087126136
69.13710201429501
68.62680683311436
68.35209424083769
67.8440366972477
67.51308900523554
66.98886705959399
66.72323232323231
66.60259529602627
70.38627700127064
70.38627700127064
70.38627700127108
74.8998646820027
74.89844683393073
74.71885336273431
74.48159509202458
74.14534883720933
73.71150278293135
73.46263345195729
73.25900514579757
72.51902834008092
72.08732612055638
71.88345864661653
71.40353460972017
71.10662824207498
70.66547533952826
70.22630834512029
69.82746478873241
69.54577464788736
68.96485182632665
68.67750865051903
68.20535714285717
67.88685636856371
67.54262516914753
67.01437371663246
66.65103817816475
66.28108108108108
65.92852371409481
65.2883970489604
64.9404761904762
64.63430851063828
64.35019973368844
63.93704440026511
63.60799999999995
63.2099262240107
62.89111556446187
68.81241473396949
74.60719131614655
75.74063989108237
75.62601078167116
75.53970390309559
75.28571428571433
74.94377510040158
74.7119095143047
74.44993412384724
73.74754741661218
73.5
73.11030860144456
72.74588545095457
72.2653594771242
71.9046073977936
71.40378343118067
71.1661195009849
70.6155810983397
70.14910025706945
69.80475272960825
69.2940422805894
69.01282051282055
68.65749039692696
68.19332048811816
67.8728434504792
67.45414012738854
67.06373486297002
66.61157024793386
66.18399495904225
65.75585072738772
65.45925457991143
67.93742098609346
72.83481575603582
77.36962025316461
82.14616870573082
87.0539083557951
90.96912751677849
91.67627345844505
91.83894389438944
91.63452768729638
91.46303501945522
91.07553260167856
90.70610932475881
90.19406834300446
89.80793854033291