117.9977011494253
118.30516014234875
118.50343985953415
118.70171957671957
119.14588528678304
119.28421052631579
119.83272727272728
120.31261315630658
120.73153153153153
121.36320191158902
121.71556350626119
122.03179364127175
122.54126794258373
122.82923906530857
123.44905213270142
123.90650887573963
121.66885050625373
116.95268691588785
114.00176056338029
114.53024911032028
114.81775147928994
115.20924718435091
115.61813842482101
116.13766388557806
116.49276236429432
116.99759181216135
117.3834541062802
117.94736842105263
118.29022465088039
118.67074663402693
119.07384615384615
119.3441518677281
119.78840222085132
120.27045177045177
120.5143380109823
121.03891290920322
121.69072806471686
122.04928259513412
122.52238805970148
123.16838709677421
122.66790214974054
122.21037181996087
119.24609375
119.24609375
119.24609375
111.7783075089392
112.17629774730656
112.94090489381348
113.64
114.07959814528593
114.8025430067315
115.0965166908563
115.69957081545064
115.75367647058823
116.16201117318437
116.48349056603774
117.01146788990826
117.36165237724084
117.46931407942239
116.17343578485182
116.17343578485182
116.17343578485182
116.17343578485182
116.17343578485179
104.9737876802097
105.71809100998891
106.51766953199618
106.94864864864866
107.46187943262412
107.88936905790838
108.41666666666666
109.09958847736625
109.66532582461787
110.09646302250803
110.63920671243326
111.22892498066511
111.30535566020997
111.38178633975483
112.02642796248935
112.30649137222679
113.05200945626478
113.35437262357414
113.62900763358778
113.97126895450918
114.29591836734693
114.78813559322035
115.1207843137255
115.43501336898396
115.74924242424242
116.29196050775741
116.81774415405778
116.89001349527666
117.24043715846992
115.12834978843443
111.82948986722573
109.96510152284264
110.17256097560976
110.67281672816728
110.9375
111.2216718266254
111.51575046324892
111.87469437652811
111.93530150753769
112.0044724591952
112.07364341085271
112.10279765777489
112.11748998664886
111.20084388185654
108.61217587373167
108.61217587373167
108.61217587373167
108.61217587373167
108.61217587373167
108.61217587373167
108.61217587373167
108.61217587373167
108.61217587373167
108.61217587373167
108.61217587373167
108.61217587373167
108.61217587373167
108.61217587373167
108.61217587373167
108.61217587373167
108.61217587373167
108.61217587373167
108.61217587373167
108.61217587373167
108.61217587373167
108.61217587373167
108.61217587373167
108.61217587373167
108.61217587373167
108.61217587373167
108.61217587373167
108.61217587373167
108.61217587373167
108.61217587373167
108.61217587373167
108.61217587373167
108.61217587373167
108.61217587373167
108.61217587373167
108.61217587373167
108.61217587373167
108.61217587373167
108.61217587373167
108.61217587373167
108.61217587373167
108.61217587373167
108.61217587373167
108.61217587373167
108.61217587373167
108.61217587373167
108.61217587373167
108.61217587373167
108.61217587373176
97.61044520547945
97.65550821667681
98.58416945373467
99.60443213296398
100.09348914858097
100.62103505843072
101.30851063829788
101.7609783212896
102.18897637795276
102.84881087202717
103.24348810872027
103.88312428734321
104.51114922813036
104.99539965497412
105.43976945244957
105.97986191024165
106.37024221453288
106.91077636152954
107.23005780346821
107.70877192982456
108.11484918793504
108.81055718475073
109.25936768149883
109.72369194591417
110.11847507331379
110.68249258160239
109.19575471698113
104.58792803250145
102.49912638322655
103.08677926616191
103.85479129923574
104.23591549295774
104.78529411764706
105.29377203290247
105.70740305522915
106.17057444314185
106.69823529411764
107.09869976359337
107.599173553719
108.41617122473247
108.77185628742515
109.19444444444444
109.73662056524353
110.2109375
110.61859356376638
111.09518072289157
111.42203491872365
112.17247596153845
112.58816425120773
112.93968636911939
109.48025928108427
106.06235294117647
106.44411590774689
106.7855464159812
107.19192510239907
107.64369846878681
108.34597432905484
108.72280701754386
109.1355140186916
109.62895662368112
110.0162980209546
110.5398593200469
110.79930595720069
111.32228039557882
111.71320973348784
112.37971014492754
112.6863768115942
112.94883720930233
113.47795823665894
113.88062283737024
114.20981881940386
114.63227665706052
115.07284382284382
115.4770857814336
116.16383850204798
116.54927113702624
117.0580304806565
117.49230769230769
117.2730994152048
112.27631578947376
107.4943946188341
106.66180594503646
107.21123595505618
107.79039548022598
108.22613636363636
108.76420454545455
109.33144475920679
109.81068524970965
109.8108108108108
109.41908127208478
108.45604395604397
106.97674418604657
105.126213592233
105.126213592233
105.126213592233
105.53072625698326
106.60909090909091
107.04672057502246
107.83687405159333
108.60180055401662
109.0582329317269
109.92337917485266
110.12008005336892
110.61554192229039
111.04214046822742
111.53722334004024
111.8991015894955
111.86979560938681
110.48279569892475
108.55755395683454
108.55755395683454
108.55755395683454
108.55755395683454
108.55755395683454
108.55755395683457
107.9344262295082
107.65942498380588
107.38442373810355
107.10942249240122
105.54433909648634
105.77133479212253
106.47196516058791
107.04989154013015
107.74288840262582
108.23148148148148
108.72851669403394
109.26542872747132
109.95993413830955
110.52495885902358
110.95872317006054
111.51813186813186
112.03347969264541
109.71325966850827
106.0795580110497
104.64501926252063
105.26848249027239
106.15380344253192
106.82385730211817
107.29546726357023
108.01390433815351
108.54943820224719
109.11607142857143
109.65930956423315
110.1494960806271
110.65371621621622
111.4345137717819
111.85843714609287
112.43026538678713
112.79513299377476
113.32392776523702
113.85244040862656
114.32704402515724
114.9383832673827
115.32794457274827
114.2007168458781
112.14370664023784
110.41336971350614
110.41336971350614
110.41336971350609
108.31523378582202
108.81136363636364
109.36616161616162
109.53690807799444
110.40694789081886
110.97062350119904
111.41994134897361
111.96300578034682
112.4584050487665
112.99307159353349
113.37780333525015
113.98739255014327
114.31428571428572
115.114896073903
115.603707995365
116.1561059907834
116.58891454965358
117.09660724554345
115.69013271783047
110.7954674220963
109.43365330321852
109.96061643835617
110.68334280841387
111.09300982091277
111.58251868890167
112.12471131639722
112.57512953367876
113.06739631336406
113.62997118155619
114.0773286467487
114.83333333333334
114.96568332329923
114.42404572418334
113.88240812506746
113.34077052595154
112.79913292683565
112.25749532771977
111.71585772860385
111.17422012948794
112.02885747938751
112.59635722679201
113.01360141927853
113.6275902901125
114.0598086124402
114.39518072289157
114.96838905775076
115.38963414634146
115.98206555349412
116.59159347553327
115.85822306238174
112.71699390656738
111.03424124513617
109.75483372003094
109.0352422907489
108.65557865557867
109.17974513749161
109.65886939571149
110.49061326658324
111.1752641392169
111.59491315136476
112.10018668326074
112.57080474111041
113.07639323731996
113.7284183994959
114.1577287066246
114.82880606443462
115.56770502225048
115.61892583120198
112.65819567979668
110.3064820641913
109.51135626216742
109.55555555555556
110.14076050700467
110.33
110.7954856361149
111.10377358490567
111.13530438598166
111.16683518705764
110.86489459110751
110.56295399515739
111.26680455015511
111.6015037593985
112.29331306990878
113.28116147308782
114.26385224274406
114.96241088788076
115.63444302176697
116.08620689655172
116.65382185723311
117.14592545799115
117.6152380952381
118.09364977549711
118.54368932038835
119.33310486634682
119.88675213675214
119.79132569558101
117.96868008948536
115.75639097744363
114.45202558635395
114.17013888888891
113.81295048533667
113.4557620817844
113.07766990291259
110.83162341581169
108.57626146788994
109.46571428571428
109.8282943525385
110.5766174801362
111.06625141562853
111.67422096317281
112.45257142857143
112.91339031339032
113.4639175257732
114.0223623853211
114.44982698961937
115.06167146974063
115.41285466126232
116.0347021399653
116.44971098265896
117.26547137073453
117.79965257672265
118.14810495626821
118.7604895104896
116.1338354577058
111.6619883040936
109.61150234741784
110.07783018867923
110.80035231943629
111.8240469208211
112.31209439528024
112.82276229994073
113.37043686415319
113.8569725864124
114.35206216377765
114.87849910661109
115.47150569886023
115.96844660194176
116.65419432709717
117.26674713337357
117.76060606060605
117.64663023679395
112.92448377581127
109.10069848661234
109.53403141361258
110.10693641618496
110.65752625437574
111.53176470588235
111.93592004703117
112.56974690994703
113.02298173246906
113.47916666666666
113.9446757882213
114.4622697563874
115.14641375222288
115.52389486260455
116.38603818615752
116.86875376279349
117.39772727272728
117.91888619854721
118.42469879518072
118.9287009063444
119.03885853066186
115.1107099879664
110.8210463733651
109.61279069767443
110.02592810842663
110.60900473933648
111.00770142180096
111.70553242117788
112.08140225787284
112.686004784689
113.21303560651779
114.01455427531837
114.50949173300674
115.12723903644225
115.44380587484036
115.44748201438847
114.06371191135736
112.77358490566036
112.12731481481481
111.8598901098901
111.1058020477816
109.9981527093596
108.6719670200236
107.76165803108807
108.41657077100115
108.93529751588676
109.60045792787636
110.14916810097532
110.74696004632307
111.66763341067286
112.17099942229925
112.69813519813519
113.32371983519718
113.80916030534351
114.32958579881657
114.85579196217495
115.41626794258373
115.88619854721549
116.61951219512196
117.1522935779816
116.32372777437149
111.8767123287671
107.91768826619955
105.0533333333334
104.08108108108108
104.52230814991077
105.09916864608078
105.99056603773585
106.34813499111897
107.06302021403093
107.58715050565141
108.07245508982035
108.73900118906064
109.2356801909308
109.8202846975089
110.44471010161385
111.28296207104154
111.77475845410629
112.34059286146402
112.88673531193217
113.59699624530663
114.27118644067798
114.79052369077306
115.26854219948859
112.76996197718654
107.87908101571946
108.10440555220276
108.89072039072039
109.24801466096517
109.9080814312153
110.45714285714286
110.88711656441717
111.64720344191764
112.0625
112.9751552795031
113.40843297671492
113.75706940874036
113.954513148543
114.06068385724782
114.16685456595266
114.05855894471898
113.9502633234853
113.84196770225162
113.73367208101794
113.62537645978426
113.51708083855058
113.4087852173169
113.30048959608322
113.81979230299328
112.92666666666673
109.42874396135267
109.42235649546828
109.77682926829272
110.49788263762855
110.90194884287456
111.57472660996355
111.95738295318128
112.53409776704888
113.03732691149912
113.71654501216545
114.10185778347213
114.66733067729083
114.97283774124375
115.49019607843138
113.5507142857141
109.4772099447514
108.07813525935654
108.69520103761349
109.2886075949367
110.20909665192676
110.8643216080402
111.3783281733746
111.88764742396029
112.42919525888959
112.96760124610591
113.4943538268507
113.9718574108818
114.51606805293005
115.33146417445482
115.90823970037454
116.43893366398015
113.56607252612184
109.64346764346766
109.23039513677811
109.51978088861839
110.0723404255319
110.62960725075527
111.48681055155876
111.89218655360389
112.63078773301262
113.0156626506024
113.68994581577363
114.00121654501214
114.65045592705167
114.75167376749852
114.27989824893808
113.8081227303777
113.33634721181733
112.86457169325689
112.39279617469651
111.92102065613608
112.2976772616137
112.81976382846489
112.96237623762377
113.36253369272237
112.60759493670889
111.64447403462054
110.43409247757074
109.82205163991631
109.13941018766752
108.21177223288555
106.23605947955389
104.13574097135745
103.25966850828729
103.67547633681625
104.25046497210167
104.54802259887009
105.15375
105.4996796925048
105.90725016329196
106.5009696186167
106.93927648578813
107.48910081743873
108.12308762169681
108.68108108108112
109.27595269382391
109.7212681638045
110.26433750823995
110.77245508982037
111.45352669742914
111.94481382978722
112.5515570934256
113.04375896700145
113.48455882352941
113.36356275303638
111.55161290322576
109.67007299270074
109.67007299270074
109.67007299270074
108.86615384615385
108.92774003181609
108.98932621747826
107.62238180730105
105.23468803663422
103.44946357989835
104.2561183836084
104.93522727272727
105.56659012629166
106.13761467889913
107.15239726027397
107.67780979827089
108.21819228554978
108.80844907407408
109.46797461050201
109.87514654161782
110.63046044864227
110.85748792270533
111.40591567023284
112.03213367609254
112.69841269841271
113.14376996805112
113.7444089456869
114.2512658227848
114.70355987055015
115.11231393775373
115.14496124031007
115.1885175664097
112.95788336933037
111.46000000000004
111.20556227327688
110.48607367475293
110.4802680565897
109.42961974649768
107.96984615384622
107.1183502689779
107.98273809523812
109.04409171075838
109.63123515439429
110.36385255648037
110.82887700534758
111.48381294964028
111.95429945880937
112.57108433734936
113.13697788697789
114.01343101343102
114.52070645554204
112.2452715070167
108.06093189964156
106.79415204678361
107.39304655274015
108.04030823947835
108.4788312462731
109.14679448771722
109.91545893719808
110.51162790697674
111.07242848447959
111.63770794824399
112.09564684242798
112.70073891625617
113.28500925354717
113.80931943592887
114.29664179104475
115.06674984404242
115.70536828963793
116.27858496525585
116.73178594455192
116.23106546854933
111.39937694704031
107.88031591737547
107.4282267792521
107.93369829683695
108.51466992665036
109.02216748768473
109.62200368776891
110.08604794099568
110.68437306979618
111.14828431372553
111.71801242236023
112.33146067415731
112.70788643533126
113.54958413307742
114.01677419354837
114.50420168067227
114.69357045143636
113.671974522293
112.48829787234047
111.33780487804881
111.03282087874072
110.72783687943269
110.09569732937686
110.28561304039687
110.80842391304344
111.37190635451503
112.0098814229249
112.45714285714286
112.98942498347657
113.50882930019623
114.0430247718383
114.84485006518906
115.41849935316947
115.97279792746113
116.42310188189504
112.81766200762377
107.86065070595464
105.58239143367041
106.25550923168555
106.96753246753246
107.82925407925404
108.35093896713613
109.01050788091067
109.61117647058825
110.17821195973949
110.86054619407321
111.30376028202113
111.95470588235298
112.80725758477098
113.38974970202622
113.01897983392655
108.72848064702475
105.22190366972477
105.26678240740739
105.7673750717978
106.38863375430537
107.06235697940502
107.82289293849658
108.27777777777777
109.0
109.45866819747414
110.14285714285714
110.50315910396324
111.27787307032591
111.73872832369943
112.28249566724435
108.97295742232473
105.40835266821341
104.51382488479265
105.12383720930234
105.66666666666663
106.29807130333137
106.96652965355256
107.3977738722906
108.10476751030012
108.98468786808007
109.44758539458189
110.13333333333333
110.6878338278932
111.24092801903629
111.87150505651397
112.38223017292785
112.88942020322776
113.42865707434055
114.18719806763283
114.79963570127504
115.25490196078431
115.71142162818956
116.2778473091364
116.59056122448979
116.83157894736837
114.63456284153017
112.41333333333341
109.52933507170792
109.28389560789307
109.67376330619913
110.06393544382371
110.4343497199751
110.8733786287832
111.42291021671826
111.72727272727275
112.35228677379484
112.93973634651604
113.53366897419761
113.98660714285711
114.4977862112587
115.09373020899304
115.48227848101266
116.09454314720813
116.49776927979605
117.13865814696487
117.5263835263836
113.73612903225785
109.19456727732177
105.35997596153857
101.84480746791132
98.28011695906434
94.64359861591674
91.62809441565918
91.61622257214154
91.60435072862388
91.59247888510625
91.58060704158859
91.56873519807095
91.5568633545533
91.54499151103573
87.89960518894532
86.15549295774645
83.59671945701356
83.42889263631253
83.92410714285711
84.70310765815759
85.46136742634798
86.02774694783574
86.68146503884577
87.43100604727874
87.87119955776666
88.86798679867985
89.55085211654756
90.01100110010998
90.76376651982378
91.4561403508772
91.92617079889806
92.68299394606493
93.37946183415704
93.90774299835255
94.83691460055098
95.52989577619309
96.14662273476114
96.79083885209712
97.43366228070175
97.83792723263502
98.52467105263156
98.99392935982337
99.66923925027561
100.62596259625963
101.26780784097184
101.8397577092511
102.50470392916435
103.12112831858406
103.77574750830564
104.38134657836645
105.03613118399107
105.59614325068867
106.60716253443525
107.2125069175429
107.95105672969964
108.52060133630289
109.09550249861189
109.71341124095716
110.2657733109994
110.96316964285708
110.70168442376945
110.44019920468182
110.17871398559419
109.91722876650655
109.65574354741892
109.39425832833129
109.13277310924371
109.68890134529147
110.28386734120295
110.74746335963926
111.68235961429383
112.2468996617813
112.75938566552901
113.4068376068376
113.82467161621935
112.91435053885425
108.82983550765721
105.84177927927931
106.38629983155533
107.06351883080379
107.571671388102
108.30903954802261
108.91119909502265
109.51640271493216
110.12492869366798
110.64786324786326
111.23344748858449
112.0643308443423
112.73850574712645
113.3223570190641
113.87066974595842
114.45063879210221
114.86368909512748
111.73142857142875
108.4093732354602
108.4559322033898
109.30067950169877
109.8849206349206
110.3555176336746
111.00227920227917
111.60559360730593
112.16771970132106
112.77152698048224
113.33870040253021
113.88587896253603
114.79511059371362
115.21254355400697
112.39100346020768
107.57527189467646
103.74929258630448
103.52445961319683
104.15229885057465
104.85091743119267
105.36316989737747
106.35653166001134
107.02336182336182
107.60760931289042
108.17085714285713
108.93200000000002
109.40641099026902
110.09529276693456
110.59826589595377
111.25921658986181
112.08632676709158
112.59580663948749
112.54212667054026
109.08200455580868
107.88335220838053
108.2956225127914
108.8929178470255
109.27670454545455
109.98070374574354
110.77157652474108
111.27723901882484
111.96171428571427
112.5132641291811
112.93901035673184
113.56325823223568
113.95775462962962
114.5199768384482
113.93981481481478
107.93925759280091
105.83398328690805
106.38521836506163
107.10770089285711
107.61160714285711
108.17653631284918
108.89949466591804
109.41358024691363
110.31162268388545
110.92511261261262
111.428328611898
112.07941009642656
112.623576309795
113.14571428571429
113.72394043528061
114.37763833428409
114.83381253594052
110.6984667802385
107.29444756029164
106.98614190687363
107.37310073157005
108.11273135165453
108.6054840514829
109.1947101857063
109.89169472502806
110.34560906515583
111.31182795698925
111.84258729250143
112.53481735159818
112.95235361653272
113.69994262765346
114.13599537037038
114.73441108545035
115.18076477404404
115.17195614541288
109.72686230248303
108.82012366498031
109.3156708004509
109.94107648725213
110.53321976149914
111.11721404303512
111.63091842555616
112.36452353616534
112.87908309455588
112.77732079905991
111.24613220815752
111.22142390594377
110.66281755196314
109.52999449642266
107.92817059483741
105.6420233463034
104.56043956043959
105.44560439560439
106.45419426048568
107.07466814159295
107.801446051168
108.37797454344218
109.08731924360404
109.77004454342989
110.37136465324386
111.02408963585435
111.5943820224719
112.48308906426155
112.96561443066514
113.62676453980805
114.22367672168468
114.79612756264237
115.34862385321105
116.06286043829297
116.35660703981512
112.73888255416205
108.49552071668529
109.14164785553044
109.81561085972851
110.53585544889893
111.08759954493746
111.66436781609195
112.41216991963262
112.91805157593126
113.83101045296166
112.58926487747976
108.47778709136628
106.3587896253602
106.01661779081138
105.53909566849575
105.06157354618017
104.39923119165292
103.9972497249725
104.5339966832504
105.2515168229454
106.03522289488171
106.69141274238223
107.32344865458538
108.01551246537394
108.59417040358744
109.22564389697652
109.87478944413249
110.87154929577468
111.53193894855849
112.06484641638224
112.74334277620392
113.39658119658122
113.96428571428578
114.59278350515467
115.13583815028903
115.86216839677047
116.64027939464495
117.3364269141531
118.0924755887421
118.66195524146042
116.68494101318538
112.69784845650156
109.90188172043008
108.49874371859296
108.63607567603246
108.77340763347199
108.91073959091152
109.048071548351
109.65014084507044
110.12443438914022
110.72347629796843
111.4136184580754
111.84088335220838
112.6110797060486
113.31412429378531
113.99543118218162
114.47133027522932
115.13448275862072
115.70466321243521
116.22890173410406
117.09080459770115
117.61149032992034
115.26971428571414
110.65986394557831
108.26154702281565
106.35083798882681
107.05640157924427
107.61447145279817
108.37259343148355
109.02857142857147
109.70745589072283
110.41647597254007
111.29948659440959
111.96803652968038
112.6316705336427
113.24145917776491
113.81105990783408
114.47383553766531
112.91382301908652
108.41193181818198
104.7417551704863
104.79865395401009
105.6107986501687
106.14649321266972
106.706877113867
107.30494037478707
108.13023782559458
108.60181508791834
109.32689027856736
110.29903354178509
110.88262370540849
111.58490566037733
112.18275271273558
112.89994282447117
113.59257142857143
113.94733727810672
112.10403832991096
110.29294605809127
109.40286738351256
109.17230376515636
109.5313059033989
110.28440890919478
110.97733711048159
111.77547592385224
112.46927374301674
112.93429844098
113.64338028169004
114.63087248322154
115.1985376827896
115.91535874439461
116.39706711787926
117.17524024872807
117.78151260504205
118.18680677174552
117.46428571428578
113.98849104859335
113.98849104859346
110.11448275862062
108.49874686716782
107.67388362652241
106.67199017199027
105.71220081727961
106.22158107328335
107.07033465683492
107.70973249857707
108.75453514739229
109.6436200112422
110.3306953080837
110.8841807909605
111.57012542759412
112.10895607529949
112.82808022922632
113.50260266049736
114.07826086956516
115.02492753623187
115.60243760882179
116.35098952270084
116.90127758420442
117.44783118405633
118.12979351032448
118.61258083480334
114.32203389830465
109.18342857142852
102.82925441092766
100.53729669097038
99.40926856504746
100.20122630992194
100.7943458980044
101.36674132138864
102.1680672268908
102.70005595970906
103.67410714285711
104.38388360380532
105.02768361581923
105.69528619528626
106.23465909090908
106.96489241223105
107.45762711864404
108.19409761634506
108.81890660592262
109.76369863013701
110.25455580865605
110.94511149228128
111.57093425605535
112.3314253005152
112.95662232504344
113.51035673187567
113.15432954276815
112.79830235366057
112.442275164553
112.08624797544547
111.7302207863379
111.37419359723037
111.0181664081228
110.66213921901533
111.2981755986317
111.85404789053587
112.50482680295295
113.46180159635117
113.93778538812785
114.58171428571428
114.72022792022835
111.24776286353472
108.00671140939596
107.35940099833613
108.09603573422669
108.69067560022336
109.65008384572388
110.37836322869953
111.02649379932359
111.62556053811659
112.29567172568863
112.82505643340858
113.5016930022573
114.02110667427269
114.62023877202955
115.53632236095348
116.17761279268984
116.68843069873992
117.43348623853217
118.02907639680734
118.57258064516128
118.70325900514581
118.19035162950252
117.67744425385933
117.16453687821615
116.65162950257286
116.13872212692968
115.62581475128638
115.1129073756432
114.60000000000002
115.27398047099359
114.4276816608999
110.81661891117483
109.68778280542986
109.91796547678902
110.14814814814815
109.73366834170861
109.18009734991881
109.86178861788619
110.37308533916848
111.06890848952594
111.93971238938047
112.70802919708035
113.29882484611085
113.82941834451901
114.66256295467258
115.15947786606125
115.78438030560278
116.35498575498582
117.0328798185941
117.90355912743973
118.37406340057635
118.25286697247702
114.75296777840589
114.41119909502265
114.9028960817717
115.41657077100115
116.08476517754866
116.57955198161972
117.50975889781864
118.14853195164073
118.67935409457903
119.3592848904267
119.9005780346821
120.52254335260113
118.87926054303898
114.49515116942393
112.48093340922014
113.46643913538105
114.07208237986265
114.62729357798162
115.2773638968481
115.89440639269401
116.4150834772596
117.16188289322616
117.58752166377815
118.3773802654357
119.22100403923832
119.78434782608701
118.67647058823513
114.45428407130521
112.0005707762557
112.77643678160916
113.38103448275865
114.08760806916428
114.65057471264367
115.59353348729792
116.22274052478133
116.90625
117.3733955659277
117.98075801749269
118.56810244470313
118.98302107728341
119.65043988269792
120.20633059788975
121.05281690140839
121.65982404692113
118.35858877964165
114.41142527409113
113.74069834001148
114.31542461005199
114.8946459412781
115.50203134068488
116.13662790697663
117.07205113306213
117.56260920209672
118.21657910099248
118.74560375146541
119.41043478260872
119.9456775700935
120.26432748537991
117.1249273678095
112.48825214899713
112.58725602755453
113.1556712962963
113.66724436741765
114.29795918367347
114.91613278974955
115.46095571095566
116.16366802089374
116.66236054022306
117.54156908665107
118.22390670553932
118.79188712522046
119.43099415204676
119.89176470588234
120.63040935672507
119.55412521942617
115.04927536231844
111.62766570605186
112.06239168110915
112.84030197444827
113.51869158878503
113.99476135040743
114.64119019836642
115.26533018867929
115.90263929618766
116.5746180963572
117.14742451154552
115.23502653525395
114.57741477272725
113.96654275092942
111.65599999999995
108.38397328881456
106.18242491657406
107.09837898267187
107.76166385609895
108.51031790295588
109.61612175873734
110.2439436619718
111.03889515219839
111.70842824601368
111.88863506567668
112.9246145059966
113.70754173862986
114.4491228070176
115.08849557522126
116.00600240096037
116.55630769230766
117.2705882352941
116.98665749485633
116.70272675441856
116.4187960139808
116.13486527354303
115.85093453310526
115.56700379266749
116.48763474952443
117.11445012787726
117.52783109404993
118.2848984771573
118.86539682539683
119.43580012650222
119.8781110402042
120.50063613231555
120.91982039769118
115.44873417721556
110.97748592870539
109.14393939393938
109.77466581795034
110.34504391467999
111.19824890556595
111.6935179358087
112.34143302180678
113.34122042341221
113.90521029504077
114.51248439450683
115.12776723592663
115.84735202492209
116.3655778894472
117.14940364092911
117.5962264150944
118.3731155778894
119.29349845201239
119.8451327433628
120.51805728518059
121.0453134698945
121.69500000000005
122.19439252336451
124.33333333333337
123.84620024125434
119.86430317848408
114.39496314496313
114.68039336201593
115.25633106856083
115.8536133415688
116.43337484433368
117.21565003080718
117.69549104385419
118.46769230769235
118.88499384993838
119.85976729944889
120.49575242718447
120.96109422492395
121.61266747868456
122.3046357615894
122.26514697060611
117.55289898386127
113.05281899109787
110.8530276308054
111.88072855464156
112.64871194379396
113.20000000000005
113.86925373134329
114.64336917562719
115.16636197440585
115.89441747572812
116.43846629560915
117.14356435643572
118.12111801242236
118.77359654534234
119.37901234567903
119.93432465923172
120.49507995079955
120.97206703910615
121.83569230769228
122.41269841269832
123.54174174174159
125.29662004662009
126.2025989367985
122.16103692066008
117.93152866242053
115.15342465753429
116.86217008797655
117.557278208441
117.60665442011074
117.65603063178048
118.26161369193153
118.95534097767052
119.62417318099824
120.39041916167662
121.29169121979965
121.92907801418437
123.19426934097419
123.96537795729944
124.733449477352
126.0483779169038
125.9029293509484
120.28716417910437
115.01864101022238
111.3523409363745
111.817080557238
112.50210970464138
113.01869722557308
114.02339532093583
114.6450450450451
115.30440024110908
115.87477423239011
116.50423728813553
117.1995177817962
117.80324909747287
118.28388278388275
119.01210653753026