77.68218181818182
77.49890590809628
77.48075526506899
77.40622737146995
77.16028880866426
77.04196816208393
76.95712209302326
76.87898550724638
76.85
76.49025270758123
76.43962400578452
76.30962643678161
76.15645277577505
75.99642090193271
75.87410586552217
75.82785714285714
75.80171184022825
75.64735336194563
75.57487579843861
75.52657689581856
75.38128986534373
75.16912280701754
74.9556338028169
74.91567111735769
74.80252100840336
74.76519916142557
74.74719887955182
74.49366197183099
74.46661981728742
74.39048285514346
74.37692307692308
74.2906162464986
74.03013314646111
74.00279916025193
73.90112201963534
73.82678821879382
73.78254750175932
73.6669009135629
73.55781359495445
73.55781359495445
73.44444444444444
73.42757172848145
73.38993710691824
73.33922261484099
73.1353436185133
73.10548693530707
73.07563025210084
72.97692307692307
72.87482517482518
72.78272980501393
72.65828092243187
72.57579972183588
72.5100764419736
72.31619179986102
72.0725138121547
72.07231404958678
72.00758620689655
75.29228591648973
81.16202712348323
82.60297239915074
82.80396319886766
82.84110169491525
82.6914446002805
82.6124737210932
82.46292446292446
82.37508747375787
82.31072664359861
82.17740817740818
82.08217270194986
81.94649061848506
81.89631176061239
81.51412818745693
81.46516848933285
81.41620879120879
81.2701778385773
81.11958762886599
81.02474226804124
80.88461538461539
80.70103092783505
80.59545141281875
80.27117486338798
79.98958333333333
79.73449477351916
79.57293868921776
79.49462365591398
79.17297297297297
79.17297297297297
79.17297297297297
79.17297297297297
79.17297297297297
79.17297297297297
79.17297297297297
79.17297297297297
79.17297297297297
79.4266083873631
79.68024380175324
79.93387921614337
80.1875146305335
80.44115004492363
80.41468798984448
80.38822593476532
80.27223511214231
80.27118344186911
80.2701317715959
79.98986975397973
79.90582314881381
79.82510578279266
79.67902097902098
79.49445983379502
79.27403846153847
79.02741603838246
78.83928571428571
78.83492496589359
78.76338983050847
78.57780784844384
78.3444293478261
78.2766101694915
78.21079328434116
78.14497639919082
77.94121621621622
77.89952798381658
77.88529014844805
77.57239057239057
77.49560513860716
77.22745625841185
77.04520917678812
76.89083557951483
76.82178883658372
76.73441734417344
76.61043360433604
76.53120759837178
76.48127978216473
76.37517053206003
76.18069815195072
76.04234972677595
75.97267759562841
75.84709897610921
75.73615857826384
75.64996568291009
75.60917180013689
75.41124057573681
75.31279945242984
75.1445205479452
75.1445205479452
75.06456043956044
75.01651754989676
74.99175257731959
74.87130075705437
74.79752916952643
74.69511355815554
74.57449757449757
74.28224687933425
74.24068965517242
74.17370242214533
74.16216216216216
74.10110803324099
73.97214484679665
73.96927374301676
73.87395543175488
73.81564245810056
73.74841883345047
73.65567794819377
73.56293706293707
73.48465829846583
73.32564640111809
73.23819444444445
73.1842105263158
73.1320361362057
73.0472158396906
72.96239554317549
72.81926029309142
72.76391825229034
72.8682550805886
76.40570633263746
79.25845070422535
79.64175977653632
79.68479776847978
79.70842032011134
79.69492703266157
79.58489258489259
79.56539792387544
79.46574394463669
79.37465373961219
79.32187070151306
79.20756013745705
79.20756013745705
79.0101902173913
78.96800544588156
78.89627118644067
78.81436314363144
78.63340122199592
78.63340122199592
78.41592920353982
78.36270491803279
78.26634877384195
78.16621067031464
78.02506775067751
77.8976430976431
77.8
77.66106254203093
77.60013440860214
77.36204576043069
77.32412398921834
77.28263795423959
76.94552790854068
76.89817936614969
76.86204576043069
76.77067921990584
76.6417004048583
76.53171390013495
76.37797416723318
76.27291105121294
76.2320703653586
76.02913279132791
75.94391891891892
75.80175913396482
75.75338753387534
75.66079891672308
75.58485463150778
75.55924170616112
75.29878048780488
75.2554347826087
75.2554347826087
75.16027397260274
75.06607019958706
75.06607019958706
75.02549965541006
74.83667820069203
74.66139022711631
74.6461218836565
74.45492371705964
74.38536585365854
74.33263743910925
74.19147449336128
74.06276150627615
74.01610644257703
73.97550734779566
73.91055206149545
73.77840112201963
73.71719298245614
73.68050668543279
73.66057624736472
73.54397163120568
73.5049715909091
73.41784702549575
73.31634819532908
73.19957234497505
73.06258992805755
72.9719222462203
72.93333333333334
72.85219899062726
72.69668587896254
72.64028776978421
76.04571428571433
79.37508947745164
81.94279507603186
82.42487419122934
82.5093123209169
82.59182209469154
82.57951289398281
82.56125356125357
82.37535410764872
82.36093418259023
82.22832980972515
82.06338028169014
82.01630049610206
81.8935870331219
81.68972746331237
81.64800559832051
81.50700280112045
81.39124293785311
81.39124293785312
81.18634423897582
81.03069236259815
80.99644128113879
80.86471009305654
80.75733715103794
80.66213314244808
80.45994277539342
80.38884917798427
80.26775568181819
80.25444207533761
80.06953405017921
79.96788008565312
79.72930165586753
79.6136200716846
79.59957020057307
79.42938254080909
79.28490028490029
79.28490028490029
79.0619658119658
78.94615936826992
78.9873417721519
78.9873417721519
78.98734177215192
87.0
87.0
87.09950657894737
87.19901315789474
87.8738621586476
88.50180072028812
89.1447963800905
89.55508919202518
89.70348837209303
89.54933333333335
89.35046335299073
89.29232039636663
89.20323886639676
89.17339667458432
89.05291828793774
88.95719844357976
88.94873110697219
88.94026377036462
88.88793774319066
88.64973056197076
88.51270207852195
88.36446469248291
88.26550680786687
88.14123006833712
88.0219530658592
88.00607441154138
87.88082505729565
87.70830159939071
87.65723029839327
87.52290076335878
87.42322383498855
87.38033536585365
87.28418640183347
86.98787878787878
86.9294727784367
86.87106676899464
86.7830104487175
86.69495412844037
86.69266409266409
86.6581395348837
86.60793858126746
86.55773762765122
86.28730158730158
86.13058666063417
85.97387173396675
85.93062600147961
85.88738026899247
85.84413453650532
85.65410923758276
85.46408393866021
85.3146796431468
84.92879746835443
84.81954294720254
84.67977528089888
84.63341443633414
84.378896882494
84.35642737896495
83.89010989010988
83.85960784313725
83.79430379746836
83.63070866141732
83.36222910216718
83.25349922239502
83.20732657833203
82.8516179952644
82.8410966256858
82.83057525610717
82.71327572663
82.55194290245836
82.39133858267716
82.21406003159564
79.65703125000005
77.16158536585365
76.96036585365853
76.74904067536454
76.5798319327731
76.4456355283308
76.28471683475563
76.01758409785933
75.906941266209
75.81273983115886
75.62835249042146
75.46296296296296
75.40199846272098
75.33256172839506
75.28460570535734
75.23664968231961
75.18869365928191
75.08781841182221
74.98694316436251
74.92681047765794
74.79434250764527
74.61187214611874
74.45461598138091
74.39379699248116
76.75630252100841
76.75630252100841
76.75630252100841
76.75630252100841
76.75630252100841
76.75630252100841
76.75630252100837
81.74321503131524
81.80183486238532
81.95498392282958
82.06461086637299
82.32816901408451
82.43228454172366
82.1726907630522
81.96231493943472
81.82818791946309
81.630081300813
81.50661673736303
81.38315217391303
81.33168232865638
81.28021248339971
80.84476067270376
80.6930817610063
80.39532019704434
80.28361858190709
80.18050541516246
79.93795707488246
79.69540873460247
79.646420824295
79.45063025210084
79.41553251735476
79.3804347826087
79.33333333333331
79.00080192461908
78.86173633440517
78.59889240506331
78.4046875
78.34133126934984
78.08832565284179
78.01763803680981
77.83654587509638
77.72966692486443
77.52529182879377
77.50614439324119
77.38550501156516
77.19801223241592
77.04109589041096
76.95295902883154
76.829754601227
76.73660030627872
76.55072463768116
76.47000759301443
76.11906556141673
76.10692771084337
75.93257575757576
75.85681989449887
75.72952667167543
75.72094744633603
75.56582840236686
75.51660516605166
75.43625644804717
75.05882352941177
75.03562521499828
75.0124269005848
74.92967032967033
74.87224669603525
74.77890909090911
74.63589743589743
74.61678832116789
74.55539251650771
74.4107793153678
74.3966521106259
74.19799139167864
74.11968043193062
74.0413694721826
73.95385724585437
73.88714285714286
73.82226980728052
73.77081850533808
73.61982881597717
73.52966404574696
73.44349680170575
73.29582448690729
73.25088339222614
73.19873150105708
73.04664310954064
73.01479915433404
73.01479915433404
72.88677918424754
72.7741027445461
72.7741027445461
72.58608573436402
72.44514767932489
72.39521800281295
72.27323943661972
72.14594972067039
72.12212142358689
71.99929725931132
71.89696541990119
71.81478873239436
71.75
71.62141357592722
71.53441011235955
71.44733146067415
71.28730048577378
71.18334383620166
71.07938718662953
71.02331728669456
70.96724738675958
70.8483379501385
70.70020533880904
70.49620951068229
70.49571077449299
70.49521203830369
70.29403701165181
70.24587912087912
70.0725138121547
70.00623268698061
69.87474191328286
69.72902338376892
69.65838643379774
69.58774948382657
69.48382656572609
69.37971213159699
69.37971213159699
69.18758620689655
69.17724090564607
69.16689560439562
68.95589248793935
68.90558235699518
68.75137362637362
68.67099863201095
68.55761316872427
68.52815934065933
68.36082474226804
68.31172413793104
68.24736759382739
68.18301104972376
68.18301104972375
70.97656788421773
74.133608815427
74.40865384615384
74.69314324507808
74.69810040705563
74.69928846084572
74.70047651463581
74.67896174863388
74.57387140902873
74.56205532173925
74.55023923444976
74.53556771545827
74.39410555174777
74.34248455730953
74.23298969072165
74.1510989010989
74.11886662059433
74.0548611111111
73.95121951219512
73.93619972260748
73.82847222222222
73.7959610027855
73.52201257861635
73.45055710306407
73.384561891516
73.23028611304953
73.11134453781513
73.08501742160279
73.03988803358992
73.00975609756098
72.84011220196354
72.77128782547501
72.63578947368421
72.49008498583568
72.34414668547248
72.13120567375887
72.04593187836728
71.96065808297568
72.3115577889447
74.04659248956887
74.80443828016644
75.83184011026879
77.19820441988952
78.391994478951
79.50415512465372
79.88827586206897
79.95395189003432
79.1515570934256
78.54715672676838
78.49306518723995
78.48409405255879
78.40274914089348
78.29752066115702
78.26662049861497
78.16167247386761
77.96468144044321
77.85445682451254
77.67228070175439
77.60814606741573
77.39804469273741
77.14195361911456
77.00775740479548
76.95197740112994
76.68172194777699
76.58098591549296
76.42756680731367
76.11448763250884
76.06962025316456
75.89248067463106
75.84480337078651
75.60627177700349
75.45069444444445
75.31075418994413
75.20278745644598
75.0502092050209
74.8152022315202
74.63004172461751
74.51244813278007
74.40302613480054
74.17376373626375
74.08046767537827
74.05906593406591
73.85182632667124
73.59233926128593
73.49039780521261
73.38030095759234
73.30553656869446
73.13710777626194
73.07875084860828
72.85463150777552
72.65967523680649
72.53175675675676
72.32973701955495
72.31603773584906
72.15441672285908
72.05067567567568
71.73378378378376
71.62905405405405
71.60405405405407
71.43360433604336
71.35690235690237
71.04102219233356
70.88487282463186
70.72139973082099
70.57488247145736
70.4808596373405
70.3986531986532
70.17318059299191
70.10483870967744
69.93842034805891
69.61517797179314
69.54734721289458
69.41219839142092
69.33868808567604
69.2681451612903
69.16689098250336
68.91900937081661
68.73584905660377
68.61517797179314
68.44876088412592
68.43507362784473
68.18829858776058
68.12029569892474
68.03978422117329
68.03158602150538
67.83109017496636
67.6985195154778
67.63447350771294
67.50504371217215
67.420523138833
67.38255033557047
67.37868632707774
67.27844712182062
67.21939799331103
67.0701871657754
66.98728246318608
66.83678929765887
66.64639037433155
66.60053440213761
66.4899193548387
66.4418291862811
66.36675639300135
66.27609427609427
66.22663080026898
66.04380053908356
66.0229419703104
65.78249158249159
65.69380888290715
65.59191919191919
65.5406859448554
65.34996628455833
65.32501685772083
65.18132975151107
65.08367071524968
64.95790902919212
64.95790902919214
64.7315753887762
64.60446247464503
64.56727518593644
64.49325236167341
64.36142953472691
64.22868741542625
64.1875423155044
64.02791014295441
63.915184678522564
63.784500339904824
63.65326975476839
63.55449591280656
63.38991138377641
63.33469665985004
63.13661202185793
63.07167235494882
62.91033538672143
62.840768702814
62.83436426116839
62.625
62.58339052848318
62.518569463548815
62.39178082191779
62.28591065292096
62.058051140290274
61.93356401384084
61.82813582813583
61.82813582813583
61.73476454293629
61.69937369519833
61.68958333333333
61.68958333333333
61.62926829268281
64.50969529085864
66.33333333333333
66.33333333333333
66.36357340720221
66.46708589278873
66.57059837837525
66.67411086396177
66.77762334954829
66.94432846207377
66.9602787456446
66.9602787456446
67.17659426509526
67.39290978454595
67.60922530399664
67.82554082344731
68.06293706293707
68.06293706293707
68.06903765690376
68.06314187904145
68.05724610117915
68.05135032331685
68.04545454545455
68.04036186499653
68.04036186499653
68.03405142460042
68.03405142460042
68.03405142460042
67.98186889818689
67.9804605722261
67.90960056061668
67.86424072778168
67.75946704067321
67.7594670406732
67.48698099929626
67.40282685512368
67.23786066150598
67.10056258790436
67.02536997885835
66.92791519434628
66.85694150810428
66.72727272727273
66.65159010600706
66.5851590106007
66.33309759547382
66.23923782639379
66.13055751587862
66.05645730416371
65.9454287739192
65.90664780763791
65.85410764872523
65.6576512455516
65.65765124555159
65.51528073916134
65.435
65.30796586059743
65.25142045454545
65.25142045454545
65.12935323383084
65.08806818181819
64.59770937723692
64.14917915774447
64.00641940085592
63.98784846318799
63.94396551724137
63.860931899641585
63.752517985611505
63.71922246220302
63.52639928645476
63.333576110706474
63.22278664731493
63.13396089790007
63.10853835021706
62.87856071964018
62.71991277088728
62.561264822134376
62.05533904910362
61.28472755180354
60.918209876543216
60.792626728110605
60.87938931297708
61.29909365558912
61.457703927492446
61.70698722764838
61.84917043740573
61.88897576231432
62.1632047477745
62.500990099009925
63.02164502164504
63.34177215189874
62.920962199312726
61.513297872340445
60.48447204968943
59.637288135593224
60.0972972972973
60.21040189125296
60.49494949494951
60.77949709864603
60.83004694835681
61.02930728241563
60.940526762956665
60.934318555008204
60.90843373493976
60.67644726407613
60.46708463949844
60.417701863354026
60.32085561497331
59.41569541569538
58.2609375
58.21796875
58.120000000000005
58.04247104247105
57.87057010785824
57.66198282591725
57.70972532082878
57.757467815740306
57.80521031065184
57.85295280556336
57.90069530047489
57.94843779538642
57.99618029029796
56.94117647058823
56.508566978193144
56.47931303669009
56.41231488698364
56.329687500000006
56.285674019607846
56.24166053921569
56.197647058823534
56.21193092621664
56.32392156862744
56.99145962732919
57.094794094794096
57.21077283372364
57.45575567736887
58.12880562060889
58.626562500000006
58.82890624999999
59.10990712074306
59.51597817614959
60.46957878315132
60.592135697764064
60.813364055299544
60.813364055299644
62.203065134099575
63.38905775075989
64.40105740181275
65.40707298720838
66.3165413533834
67.41974378296914
68.21633888048416
69.13629518072287
69.59774436090225
70.15060240963855
70.1932584269663
70.33609022556391
70.63320754716983
71.3461249059443
72.46372475691851
73.37481371087938
74.66490963855426
76.33333333333333
76.33333333333333
76.33333333333333
76.33333333333333
76.33333333333333
76.33333333333333
76.33333333333333
76.33333333333333
76.33333333333333
76.33333333333348
78.78305785123968
78.90611664295875
77.97136311569307
77.09375
76.43714285714282
75.54901960784315
75.17094017094018
74.53344343517756
74.03703703703707
73.63679619349722
73.21171874999999
72.84494909945181
72.0
71.62412993039442
71.31278890600925
71.07532667179095
70.83217859892225
70.82294072363356
70.67027863777093
69.94926979246736
69.48797517455392
69.20433436532508
69.07573415765074
68.54573643410845
66.92962103634954
65.93079315707621
65.19610894941633
64.85636221701796
64.80482115085533
64.59002338269681
64.1264546159814
62.54150197628451
60.77261809447555
59.73040000000003
59.508433734939786
59.157467532467535
58.840130505709624
58.68322475570031
58.51426242868784
58.378531073446325
58.34061488673137
58.07392363931763
58.030303030303
57.68386568386569
57.42716857610475
57.27805280528054
56.90787269681742
56.80766028309742
56.727805695142365
56.31999999999999
56.224625623960065
56.12342569269521
55.94923857868021
55.84698996655521
55.55461473327689
55.42025316455698
55.22762148337597
55.07203389830508
54.98230834035385
54.853761622992394
54.910774410774366
55.80169491525339
67.32817589576553
73.43945469125902
76.85531574740207
76.85639710627738
76.8574784651527
76.63443396226415
76.57796741660201
76.47155105222137
76.3576415826222
76.01396431342124
75.93312597200621
75.81741140215718
75.62672811059907
75.51419800460476
75.3691481197237
75.24478764478764
75.08980213089802
74.80045523520485
74.70325510976534
74.5643340857788
74.44677661169413
74.36818521284539
74.25370919881306
74.11638250555964
73.9112426035503
73.83691623424761
73.49667896678967
73.41501103752759
73.27299484915379
73.25275532696548
72.97022512708789
72.91099855282198
72.60711692084242
72.52173913043478
72.416
72.27910339840926
72.10302593659942
71.98635057471265
71.87723054960742
71.76714285714286
71.63837375178315
71.44357700496806
71.3531914893617
71.26154939587775
71.02043692741368
70.91292134831463
70.7867132867133
70.70906535488405
70.4823943661972
70.37076271186442
70.2378947368421
70.00070028011204
70.02302861130495
70.03563941299785
71.77964912280686
74.0604356992269
75.61543810848389
77.06624825662493
78.18666666666672
79.29257950530041
80.1813655761024
80.93215547703181
81.27522935779817
81.27522935779817
81.15811665495433
81.13122807017544
80.37011173184351
79.18928322894917
79.00348432055749
78.90439637124913
78.89036312849163
78.63604732080724
78.62898751733704
78.5040838008533
78.37918008436955
78.25427636788581
78.1293726514021
78.00446893491835
77.8795652184346
77.75466150195086
77.62975778546706
76.45347222222222
75.99654934437542
75.94532871972316
75.79642365887207
75.71616022099448
75.65072765072763
75.53185595567857
73.79360667129947
73.176511466296
72.93036211699166
72.80460572226104
72.17037552155773
71.74184594031925
71.30374479889042
70.89798750867453
70.84753984753986
70.77986111111112
70.78847626192675
70.79709141274236
70.61250000000001
70.25464556090844
69.92361111111109
69.22276197085358
69.04927133934767
69.01041666666669
68.84342379958247
68.66898470097357
68.55017543859651
68.28232005590496
68.16736694677871
68.11649122807017
67.81494413407822
67.76016830294532
67.5722339675828
67.18640504555012
67.1204481792717
67.00422237860664
66.75968992248062
66.62907801418439
66.49008498583572
66.2166549047283
66.09584214235377
65.90625
65.7127659574468
65.56633380884449
65.38088445078458
65.31721194879088
65.01977401129943
64.8691322901849
64.68544935805991
64.54603854389721
64.49040511727077
64.03606789250354
64.02476999292287
63.773115220483646
63.734563520227084
63.48754448398577
63.42266571632217
63.226884779516354
63.08179231863443
62.92198581560285
62.73717948717949
62.65763195435093
62.62019914651495
62.38098591549296
62.34699646643111
62.11181434599156
62.097680955727355
61.8612676056338
61.71229050279328
61.56932773109244
61.48109243697479
61.42558835331886
61.370084269662925
61.31298245614033
61.03778866340099
60.974825174825185
60.86713286713288
60.75944055944056
60.72816212438853
60.67412587412588
60.61533101045296
60.57182512144345
60.46131437763299
60.35080363382251
60.31258741258742
60.26847977684801
60.06643598615916
60.01590594744121
60.01040221914009
59.979930795847736
59.723419041000696
59.72223950655334
59.72105997210599
59.67986111111111
59.63029881862404
59.58945908460471
59.56648199445982
59.369294605809046
61.73730534867991
66.01158038147139
66.9441416893733
67.0122199592668
67.0677966101695
67.04336043360433
66.97375504710632
66.96094276094274
66.89552238805967
66.69407008086253
66.64247311827955
66.4524128686327
66.43422818791947
66.28465679676987
66.20822102425876
66.00403768506058
65.89622641509436
65.71285140562249
65.69390488948426
65.56644295302013
65.44563758389262
65.23414304993253
65.19137466307276
65.06119704102218
64.85030343897505
64.85030343897506
64.59852051109617
64.58249158249157
64.4142568930733
64.4357767316742
68.173270651444
70.27593220338983
70.21641791044776
70.1914749661705
70.14507422402161
70.06877950101148
69.93657219973011
69.80121703853956
69.53779264214047
69.4648829431438
69.3190635451505
69.25901201602136
68.990635451505
68.88739946380699
68.78704939919893
68.63885180240322
68.54188829787233
68.47863818424565
68.34843437708193
68.21533333333332
68.05984042553192
67.97679045092838
67.71476285905142
67.61077844311377
67.56648936170214
67.50232249502321
67.38870431893687
67.31066666666669
67.14674634794159
66.97336884154458
66.76482345103263
66.68368700265252
66.66002656042497
66.50799999999998
66.42648037258823
69.0333333333333
70.86283783783784
71.24378777703168
73.21679827709977
73.85885608856086
73.53783231083844
72.90963855421683
71.79425837320571
71.1978021978022
71.18157661647474
71.07873510790486
70.975893599335
70.44605475040258
70.43980738362761
70.36775218427323
70.25274725274727
70.06676899462781
69.68820435762586
69.47106227106224
68.85935302390999
68.20644718792869
67.67222963951934
67.5726609157266
67.33891493636972
67.21918720852761
66.83905723905724
66.54104979811572
66.35036987222595
66.25405405405405
66.34882154882143
68.41090146750524
68.41090146750524
68.41090146750524
68.41090146750524
68.41090146750524
68.41090146750524
68.41090146750524
68.41090146750524
68.41090146750524
68.41090146750524
68.41090146750524
68.41090146750524
68.41090146750524
68.41090146750525
67.68998793727383
67.38541666666666
67.18442622950818
66.78141660319875
66.35658362989324
66.13639526791927
66.0375939849624
66.02116040955633
65.90531335149865
65.47536433032616
65.36097560975611
65.2292103424179
64.97191011235955
64.95994378074491
64.95214637579147
66.68194640338515
67.87119603680117
68.6690290574061
68.65873327870305
68.6484375
68.72215616109531
68.7958748221904
71.22492836676224
72.74551971326161
73.39913544668588
73.42826243691422
73.72054500586313
74.01282757481209
74.305110143761
74.59739271270996
74.88967528165892
75.18195785060783
75.47424041955679
75.76652298850581
77.30618181818181
77.31540697674419
77.35689975334742
77.39839252995067
77.43988530655392
77.48137808315715
77.52287085976039
77.56436363636385
79.54591836734699
80.40029325513197
80.40043923865301
80.3724340175953
80.28697571743929
80.27867647058827
79.94525547445255
79.81798245614033
79.6472727272727
79.53284671532846
79.43649635036496
79.1015228426396
79.00434153400869
78.85869565217388
78.61818181818182
78.35170413343002
78.22278664731493
77.9590222861251
77.8567314614831
77.65232974910396
77.4422110552764
77.36494252873561
77.1742857142857
76.96808510638294
76.72438162544168
76.6437677053824
76.44342937456082
76.28491228070175
76.03006993006991
75.91695743196092
75.78303198887343
75.74004192872115
75.58778625954199
75.12934631432545
75.057719054242
74.95955369595538
74.8115840893231
74.71019553072625
74.54134815844338
74.38568450312717
74.32385575589456
74.04570637119113
73.9365411436541
73.86884108258153
73.7661795407098
73.54896551724138
73.42432619212161
73.31267217630852
73.22206896551724
73.20936639118457
72.88142563399589
72.81830695113558
72.77119228118539
72.70441988950276
72.69082125603865
72.46433470507546
72.31344307270231
72.20137931034483
72.11501377410468
72.04005524861878
71.88873531444366
71.81422651933701
71.77586206896552
71.77586206896552
71.65400552486187
71.53319502074689
71.41580756013747
71.33173076923077
71.26904598490046
71.00894085281982
70.89828178694158
70.88445667125171
70.72378341329676
70.64290610006853
70.56198347107438
70.56198347107437
70.35302197802196
70.20082815734992
70.04545454545455
70.034435261708
69.98557692307693
69.80616438356162
70.26960110041273
72.36958017894011
72.74089347079038
72.77953296703296
72.83862068965517
72.8249483115093
72.80262249827467
72.77225672877847
72.77225672877847
72.65957446808511
72.36250861474845
72.328060522696
72.53392734749832
74.6005547850208
74.63259668508287
74.64616447823082
74.64616447823082
74.65789473684211
74.66459197787
74.49447513812154
74.46924671734624
74.4302486187845
74.12896551724134
72.96132596685084
72.23098012337218
72.16529492455419
72.07113259668509
71.92807745504841
71.91418685121107
72.82904794996534
73.9299719887955
74.13454800280306
74.50431034482756
75.01890989988877
75.01890989988877
75.01890989988877
75.01890989988877
75.01890989988877
75.01890989988877
75.01890989988874
73.95386904761904
73.09476309226932
72.86286919831218
72.42430086788818
71.88380603842631
71.58397932816541
71.25913621262453
70.69902912621342
69.27578304048893
68.13775130305282
67.64195700518906
67.23589743589741
66.49384503982628
65.30472103004286
64.26315789473685
64.19985569985568
63.894472361808994
63.059334298118756
61.871870397643534
60.8877400295421
59.538809344385754
58.62368815592208
56.868601986248905
55.29365700861399
53.52324665090623
52.1703645007924
50.16211878009631
49.105431309904134
48.46141479099674
48.04516129032254
47.65334420880913
47.32982171799027
47.30342577487765
47.281758957654716
47.321340964840545
47.57048639736195
47.85501242750615
48.913807531380826
49.68571428571428
49.75462184873949
49.825316455696196
49.836148648648646
49.851351351351354
50.17971121806738
50.50807108478341
50.83643095149944
51.164790818215465
51.49315068493161
54.46928327645037
56.38893617021279
57.045531197301855
57.106779661016844
59.04995836802664
64.77768860353171
69.36048387096798
73.37288135593235
75.20016142050042
75.3938411669368
75.42684887459808
75.38696701528562
75.2983159582999
75.14785373608902
75.07120253164555
75.00948616600789
74.94308300395255
74.79428117553613
74.65563435776204
74.43799058084772
74.265625
74.21857923497271
73.95226917057903
73.94048551292087
73.62480739599386
73.49463190184048
73.25344563552835
73.19160305343513
73.00763358778626
72.9748475609756
72.73704268292681
72.55648218347233
72.36239575435934
72.22971948445775
70.64057750759866
68.84063444108767
68.44620015048906
68.29752066115702
68.04439428141458
67.94913986537023
67.61681547619048
67.58989598811291
67.34988880652335
67.2824314306894
67.19390787518574
67.10987379361546
66.91976225854381
66.65934065934066
66.59722222222223