112.97045658012533
113.37701974865351
113.63595302619693
114.02862254025044
114.35927601809955
114.68993653671805
114.95711678832117
115.36421435059037
115.69899359560841
116.38099630996311
116.58455882352942
116.8300835654596
117.22897196261682
117.29765258215963
116.65375261634938
116.00985265053913
115.36595268472887
114.72205271891862
114.07815275310836
114.35714285714286
114.60177777777778
115.11733333333333
115.41808415398388
115.59038290293856
115.86148346738159
116.40518783542039
116.60982142857142
116.99642857142857
117.49643493761141
117.7128801431127
117.78871978513877
118.32697547683924
118.57909090909091
116.51485148514851
112.48983200707339
112.55996472663139
113.16024518388792
113.40140227870289
113.57431838170623
114.06911636045494
114.24231782265144
114.48898678414096
114.61694616063548
115.06613756613757
115.44355555555555
115.7331560283688
115.83125
116.32862190812722
116.53072128227961
116.75178571428572
117.02410714285713
117.53339269813
117.6386404293381
118.1899641577061
118.27396021699819
118.55674709562109
118.76840215439859
115.89946619217082
113.81358885017421
113.87532923617208
114.37771975630983
114.69412795793164
115.30850131463629
115.55437665782493
115.7797513321492
116.05668733392383
116.57622504537204
116.60600375234522
117.01576576576576
116.59397163120568
115.20462046204622
111.68023255813954
111.68023255813954
111.68023255813955
105.41134751773049
104.79719387755102
104.70666666666668
104.77954692556635
104.85242718446602
104.83054003724395
104.65570776255709
92.00231572080884
79.34892367906059
66.69553163731234
54.04213959556432
41.388747553816074
28.735355512067827
16.08196347031958
3.4285714285714164
3.720588235294116
3.720588235294116
3.9295774647887356
3.932737450343083
3.935897435897431
3.935897435897431
3.9722222222226264
100.5
100.5
100.5
100.5
100.5
100.50000000000023
81.18717948717972
61.87435897435921
42.5615384615387
23.248717948718195
3.935897435897431
3.935897435897431
3.935897435897431
3.935897435897431
3.935897435897431
3.935897435897431
3.935897435897459
26.424989375265795
48.91408131463368
71.40317325400201
93.89226519337016
93.70482380322905
93.51738241308793
93.90790697674419
94.1847246891652
94.63102541630148
94.91011235955057
95.34017094017094
95.86751054852321
96.25632377740303
96.5696413678065
96.93939393939394
97.2384550797649
97.60714285714286
98.01347935973041
98.57343234323432
98.82790309106099
99.44013212221304
99.77768662838392
100.15460526315789
100.48267326732673
100.70641447368422
100.97199341021417
97.47607052896728
93.91297071129708
94.41897565071369
94.93802345058627
95.30641132389675
95.64813278008299
96.01172529313233
96.51337792642141
96.77375946173254
97.08945147679324
97.39204064352244
97.84910485933503
98.38514090520923
98.75321336760925
99.13441780821918
99.40756663800516
97.71078001752846
93.98251748251748
93.18673647469458
93.31638913234005
93.85864793678665
94.38879159369527
94.85353095030514
95.2267593397046
95.58695652173913
96.02426343154247
96.32905982905983
96.58950086058519
97.14395229982964
97.36672325976235
94.6075085324232
92.18458933107536
92.63935810810811
92.9639564124057
93.34335839598998
93.65560165975104
94.21807628524047
94.58080393765381
94.7994966442953
95.43435177539224
95.7328370554177
96.1922760887428
96.51857968620973
96.90397350993378
97.37033968516985
97.61263507896925
97.9375520399667
98.48837209302326
97.79763065231666
97.10688921161002
96.4161477709034
95.72540633019675
95.93424423569599
96.50169779286927
96.82382978723405
97.26258389261744
97.86352148272957
98.19011725293132
98.58600337268129
98.85341196293176
99.4268808114962
99.62670068027211
98.32157544836116
97.01645021645021
97.27550130775937
97.90845684394071
98.28919860627178
98.78627280625543
98.98442906574394
99.40137812230836
99.68911917098445
100.07314974182444
100.60295395308427
100.76689774696706
101.57118055555556
101.88437775816416
102.29401408450704
102.6654929577465
101.13362831858404
99.66636690647483
99.47563560050622
99.28490429453761
99.094172988569
98.90344168260036
98.33175803402646
98.79943767572634
98.90325581395348
99.65027322404372
99.86156648451731
100.43895870736085
100.70970614425646
101.20408163265307
101.90765171503958
102.20771253286591
102.82646801051709
103.01303214596004
103.5916955017301
103.9585849870578
104.33507853403141
104.81136950904393
105.02249134948096
105.75409836065575
106.14173228346456
106.5914362176628
106.93133802816902
107.30168589174801
107.84186882300091
108.18928901200368
108.35322425409049
106.59770114942529
106.59770114942529
106.59770114942535
104.5
3.357142857142861
3.357142857142861
3.357142857142861
3.357142857143117
51.42371031746006
99.49027777777778
99.74074074074073
100.02244668911337
100.48208469055375
100.78256302521008
101.31390593047036
101.65834165834166
101.88310412573674
102.5125
102.941960038059
103.35344015080113
103.7712962962963
104.08747697974218
104.56712328767122
104.81369863013698
105.41079597438244
105.72082585278277
105.90794223826711
105.0171790235081
101.99105545617174
102.58990256864482
102.85119574844995
103.09082969432313
103.68935427574172
103.95982532751091
104.31107205623901
104.7763272410792
105.23251748251748
105.72550750220654
106.0590308370044
106.39285714285714
106.91666666666663
103.68660714285716
99.92754919499106
99.97506678539625
100.36388140161725
100.98759964570417
101.38918918918918
101.88146167557932
102.32791327913279
102.69919427036706
103.17176258992805
103.36923076923077
104.02610261026103
104.31789282470481
105.03519855595667
105.31756141947224
105.61481481481482
106.27247706422018
106.53345724907064
107.01307189542484
107.42376052385407
103.92938931297704
100.512104283054
101.104532839963
101.40613382899627
101.9384756657484
102.25439407955596
102.82175502742231
103.34782608695653
103.65927977839335
104.21964782205745
104.5531914893617
105.27818853974122
105.54011194029852
106.18401486988847
106.53351955307262
106.93433395872427
105.63463368220732
102.39624413145539
102.3015873015873
102.37546468401487
103.19255813953488
103.72026022304833
104.06040892193309
104.3822429906542
104.95779816513762
105.25369003690037
105.77155963302752
106.0266544117647
106.48521256931608
107.19539170506913
107.31944444444444
107.69359331476323
108.1380908248378
108.11327762302699
104.36121323529414
102.70063119927863
102.95080500894454
103.2814479638009
103.6139240506329
104.05819158460162
104.3423667570009
104.72003577817532
105.06577777777778
105.31928251121076
105.55465949820788
105.99821268990169
106.45780969479353
105.05107526881716
101.95111111111112
101.42844364937389
101.6430469441984
101.93942054433714
102.3076923076923
102.7550482879719
103.15202108963092
103.5273368606702
103.87389770723104
104.27960819234194
104.57515751575157
104.29783564470063
104.02051377364967
103.74319190259872
103.46587003154778
103.18854816049684
102.91122628944588
102.63390441839495
103.18577777777779
103.44682752457551
103.81858802502234
104.35656836461126
104.5542600896861
105.04050405040505
105.42391304347825
105.76860254083476
103.30063578564932
100.87465940054496
101.36191335740072
101.49551971326164
102.07927927927928
102.41276978417267
102.6374321880651
103.2036036036036
103.66666666666666
104.264440433213
104.47144152311877
104.96645512239343
103.39022140221391
99.51397655545532
97.21466905187836
97.71365248226951
98.08880994671404
98.61599999999999
99.2669642857143
99.47670250896057
99.98844444444444
100.4413357400722
100.80896860986547
101.31949458483754
101.71815718157183
102.36322463768116
102.764440433213
103.31131221719457
103.53150684931506
104.18239564428312
104.41042047531991
103.93138151875564
101.4404761904762
100.93630573248407
100.86664194514731
100.79697815781054
100.72731437047378
100.65765058313701
100.58798679580025
100.51832300846348
100.44865922112672
100.37899543379001
99.31510658016683
99.29738984295922
99.27967310575161
99.261956368544
99.24423963133637
98.20947176684882
98.37818181818182
98.74301172227231
99.26153846153846
99.54041780199819
100.29636363636364
100.60980036297642
101.21518987341773
101.4593607305936
102.1413043478261
102.46343692870201
102.97826086956522
103.35662431941924
103.6310502283105
104.4007319304666
104.68029739776952
105.2143522833178
105.56315289648623
106.07383966244731
104.28112965340188
101.50149253731342
98.89295774647883
97.04296875
96.66628959276018
97.07219827586206
97.67145790554414
98.17099999999999
98.63697967086156
99.025
99.33778625954199
99.92067988668555
100.36168224299064
101.13413506012951
101.49444444444444
102.08856088560886
102.451343836886
102.98166819431714
103.351376146789
103.68703703703704
103.99628942486083
100.30008984725964
97.08669001751313
97.53466204506066
97.89991371872304
98.3037100949094
98.74010327022376
99.13802083333334
99.32841007819286
99.95047784535187
100.28138528138527
101.02403433476394
101.19401709401708
101.55736301369862
101.98807495741056
102.30913748932537
102.58390410958904
103.06138107416879
103.29386712095402
103.90630323679727
104.21840068787618
104.40000000000009
101.77758913412572
97.16836734693877
97.5374894692502
97.68166383701188
98.0871794871795
98.32825719120135
98.84789915966387
99.04152542372881
99.43026204564666
99.73777403035413
100.12288135593221
100.34127659574469
100.65198983911938
101.03401360544217
101.35213675213674
101.77559726962457
102.19247219846022
102.3324764353042
102.70733788395904
103.17732310315431
103.22668947818649
103.51455479452056
104.06052855924979
104.28902229845625
104.76235093696764
105.12435677530017
105.37239583333334
105.51253241140876
100.92936170212761
97.65173288250213
98.13043478260869
98.5645569620253
98.88626790227465
99.50632911392405
99.89491525423729
100.22175021240442
100.51911639762108
100.8802039082413
101.28122344944775
101.70642978003384
102.11139674378748
102.45454545454544
103.02061855670104
103.41774332472008
103.7467700258398
104.1537793223284
104.53103448275863
104.81597222222217
101.89013840830467
96.59561920808761
96.72236286919832
97.19100169779287
97.66666666666666
97.84712837837839
98.23336141533278
98.626254180602
98.93019343986543
99.32258064516128
99.7537688442211
100.21882951653944
100.48307952622673
100.82830820770519
101.06881903143585
101.46774193548387
101.75966386554622
102.01196581196581
102.3666384419983
102.67345207803223
103.14297945205479
103.41551724137932
103.73572037510657
103.91259640102828
104.27863247863249
104.4991423670669
104.59652173913037
100.58828596037893
96.90344827586208
97.48237317282889
97.73195876288659
97.93889845094665
98.2348877374784
98.52658662092625
98.68909710391823
98.86997433704022
99.32136752136752
99.52551020408163
100.02216538789429
100.23090128755365
100.53531914893617
100.72146507666099
100.9515306122449
101.33474936278674
101.5864406779661
101.80117944397641
101.94562446898897
102.64606265876375
102.79591836734693
103.07148936170213
103.39879931389365
103.65951972555746
104.02815699658703
104.08795900939367
104.4156626506024
104.87658495350803
105.3709122203098
105.4314063848145
105.6948717948718
105.96760443307758
106.29234737747205
106.48784722222223
106.85665236051503
106.81646655231543
102.62713310580205
101.15489361702129
101.29527896995708
101.78785286569718
101.87094017094017
102.32590051457976
102.72340425531914
102.85241730279898
103.3134073441503
103.67408041060736
104.27086882453152
104.43605150214592
104.87413194444444
105.14135206321335
105.41370106761565
105.81818181818181
106.20194862710363
106.45080500894454
107.16740088105726
107.38107869142351
107.85613415710503
108.15167548500881
108.46517857142857
108.79575596816977
109.25958965209634
109.47589285714287
109.79406474820144
110.49952606635077
109.61547911547905
107.65566037735849
107.65566037736426
3.3921568627447414
21.926973897838252
40.46179093293176
58.99660796802709
77.5314250031206
96.06624203821656
96.45319634703196
96.90223166843782
97.59737638748739
97.79203109815353
98.42481203007519
98.7708719851577
99.23960216998191
99.74550359712231
100.30928764652839
100.83631484794276
101.19982078853047
101.79624664879356
102.01158645276291
102.46743978590544
102.98311111111113
103.36609558160507
103.80000000000001
104.46964856230034
105.01782178218127
54.21066527705261
3.403508771929836
3.4655172413793025
3.4655172413793025
3.720588235294116
3.720588235294116
3.7205882352936896
96.0
96.0
96.72264150943397
97.29814550641942
97.6980198019802
97.95588235294116
98.62381454162276
98.82150101419879
99.31325301204822
99.8714859437751
100.46757322175733
100.8646517739816
100.8646517739835
52.30329362893099
3.741935483870975
3.7388858769314237
3.7358362699918723
3.7327866630523214
3.72973705611277
3.7266874491732187
3.7236378422336673
3.720588235294116
3.7205882352936896
92.0
92.0
92.0
93.48198757763976
93.84292035398232
94.42275574112733
94.84405458089668
95.25454545454545
95.70236966824643
96.19831618334894
96.55871559633027
97.12093862815885
97.8697962798937
98.20478723404256
98.73211169284468
99.1555944055944
99.42482517482517
100.0274678111588
100.33102253032928
100.768115942029
101.26034482758621
101.58008658008657
102.1108202443281
102.39601386481803
102.98008658008658
103.38173913043478
103.55118110236208
99.35814360770564
95.03752181500872
95.38748913987837
95.96542783059635
96.40451388888891
96.97005988023952
97.3006814310051
97.81292517006801
98.22345890410959
98.42001710863985
98.98456260720411
99.46199829205807
100.03713298791018
100.38005159071366
100.87159190853123
101.26010544815466
101.73767605633805
102.20070422535211
102.49036777583188
102.9716814159292
103.38752196836538
102.17184831735199
100.9561746663386
99.74050101532532
98.52482736431193
97.30915371329877
97.8566552901024
98.1843910806175
98.61040068201194
99.08233276157807
99.62937660119559
100.15338474721509
100.439588688946
100.99484092863284
101.42634315424607
101.91695501730104
102.33913043478262
102.74956521739131
103.37556154537288
104.22331288343558
104.22331288343412
53.971950559360266
3.720588235294116
3.720588235294116
3.9295774647887356
3.9295774647887356
3.9295774647887356
3.9295774647887356
3.929577464790782
94.37537993920972
94.685
95.14174972314504
95.77178423236515
95.96670030272452
96.6952380952381
96.91666666666663
97.63988919667591
98.09099264705884
98.68
99.00722673893404
99.61365678346812
99.90787119856887
100.2251539138083
100.74823943661971
100.97345132743362
101.83274647887325
102.0864960282436
102.27900797165637
101.86686317658223
101.45471838150809
101.04257358643389
100.63042879135975
100.2182839962856
99.80613920121141
99.39399440613727
98.98184961106313
99.61381074168798
100.00948275862066
100.46286701208982
100.81405312767782
101.20836965998257
101.64383561643837
102.00432900432901
102.69350649350649
102.93804537521817
103.38366988586478
102.88918205804748
98.78859649122796
96.73544973544972
97.02748226950354
97.47936786654964
97.99912203687444
98.55196506550217
98.76782608695652
99.22675933970459
99.67302688638335
99.94838145231847
100.42708333333334
100.71982758620686
101.22648083623693
101.42894507410637
102.0611888111888
102.39930252833477
102.74567474048445
103.14798598949213
103.4187062937063
103.9974025974026
104.18551236749136
100.14137033824818
96.73106382978722
97.28875638841566
97.65672913117547
98.04806070826305
98.48151260504201
98.83291139240507
99.24853556485357
99.71561181434599
99.98148148148152
100.79593564775614
101.05457598656591
101.61233108108108
101.88566552901023
102.39534883720927
102.9
102.98548249359521
102.56775447266375
102.15002645173223
101.73229843080071
101.31457040986925
100.89684238893773
100.47911436800626
100.06138634707474
99.64365832614322
100.09887250650476
100.50566695727986
100.9825021872266
101.64223385689354
102.11780104712045
102.6218560277537
102.94045534150612
103.18229623137597
103.81810269799826
104.0986899563319
104.71378402107112
105.0045913682277
105.78051643192487
105.08853118712273
105.08853118712432
3.357142857142861
3.357142857142861
3.357142857142861
3.357142857144936
91.23831775700933
91.78045838359469
92.40786749482402
93.0619554695063
93.48987108655615
94.13844797178132
94.4939655172414
94.98560541913633
95.37928153717627
95.88769611891001
96.32247557003257
96.97004048582997
97.31059390048154
97.81274900398407
98.16320000000002
98.71864951768487
99.1317891373802
99.45987158908508
99.8841512469831
100.30910543130989
100.72142857142853
101.24586288416072
99.36047430830058
95.10643367752186
93.98033044846579
94.59180457052798
94.9464988198269
95.22730860299919
95.71507936507936
96.1243115656963
96.51135473766641
96.73684210526315
97.11257763975152
97.51877934272301
97.69984326018809
98.08087091757386
98.52890625
98.89358372456965
99.15768930523029
99.46933962264154
99.11880566301681
98.76827170339203
98.4177377437673
98.06720378414252
97.7166698245178
97.36613586489307
97.01560190526828
96.6650679456435
96.97096774193551
97.37763371150729
97.53311793214863
97.87883683360258
98.16409423233142
98.63540824575585
98.84372469635628
99.25641025641025
99.55950413223141
99.83003300330034
100.13079470198676
100.53674649050372
100.72847682119209
101.15033222591362
100.88103161397657
97.44887780548629
96.93048576214406
97.01845637583892
97.53678929765886
97.80569514237857
98.21434599156117
98.57757166947724
98.8775167785235
99.14128595600675
99.42025316455693
99.83023648648648
100.19612794612794
100.28424657534248
99.8828259229162
99.48140527048992
99.07998461806363
98.67856396563735
98.27714331321107
97.87572266078479
97.4743020083585
97.07288135593217
97.55299145299145
97.79982891360135
98.29801894918174
98.57008547008547
98.92523364485982
99.2896551724138
99.65982905982906
100.15060240963857
100.6003445305771
100.94219154443488
101.37856525496974
101.64279551337358
101.97670405522013
100.87478411053553
97.15109170305686
96.08384279475979
96.65116279069767
96.79553264604812
97.26541095890411
97.89769820971867
98.26593033135089
98.71379897785349
98.87935429056921
99.31552162849874
99.85967878275571
100.13586497890293
100.57768240343347
100.892948173322
101.13784246575341
101.50384286934244
101.82627118644069
102.11187607573149
102.41262975778545
100.34730538922167
96.97051390058971
97.46121416526137
97.72301255230127
98.05714285714285
98.36006683375103
98.69539748953974
98.85607321131448
99.34081463009147
100.00083542188806
100.08739495798318
100.61139455782313
100.88006756756756
101.06841216216219
101.48676345004287
99.07540702656388
96.24289405684755
96.58462946020126
96.96131528046419
97.45889101338432
97.61756373937678
97.90909090909088
98.40452488687782
98.65605658709109
99.01496478873241
99.38745704467354
99.66953528399313
100.05631399317406
100.40384615384616
100.6814381270903
100.94692502106147
101.34254606365158
101.71428571428578
99.8050209205021
96.77481234361969
96.72885572139302
97.16311475409839
97.53290008123477
97.79007323026852
98.11707317073171
98.48740861088547
98.65245901639344
99.09811937857728
99.54040816326531
99.76778413736713
100.35489220563846
100.63787375415282
100.94908180300501
101.42713567839198
101.66191275167785
101.61589958159038
97.22344013490715
95.80334728033472
96.12930310663307
96.75648535564852
97.21362489486961
97.57142857142858
97.79377104377102
98.2823330515638
98.6360544217687
98.86904761904759
99.36371453138429
99.95052083333334
100.21659388646287
100.3720106288751
100.34126984126942
95.92334801762127
94.45998240985048
94.74408413672218
94.80155979202772
95.18505647263248
95.6609145815358
95.85407725321892
96.24221453287197
96.59707903780068
96.86251067463706
97.04463519313305
97.54202401372214
97.84516680923866
97.97770154373927
98.625
98.85059422750425
99.16595012897676
99.54514187446262
99.94192997438088
100.15979381443299
100.42437337942954
100.83578219533274
101.08124459809852
101.52368421052631
101.89033942558747
102.09043478260867
102.51365638766515
101.64010507880903
97.57729257641927
96.36860364267129
96.54396551724142
96.93674176776426
97.61759581881535
97.85528596187174
98.22164502164503
98.6399302528335
98.92341166231506
99.10841283607976
99.6139896373057
99.84475281873375
100.11236933797909
100.6756993006993
100.87772925764193
101.16114982578398
101.71118820468342
101.88995633187773
102.19718309859155
102.67251975417048
99.79199303742371
95.81067125645438
95.92838654012081
96.20515021459232
96.79656652360515
96.99567847882452
97.58441558441558
97.91450777202073
98.33448275862068
98.62260869565216
98.97250859106532
99.7448275862069
99.94723183391
100.33536585365852
100.72294372294374
101.00347826086957
101.27570921985807
98.3179039301308
95.46713409290095
95.97175639894087
95.98515283842795
96.50302506482282
96.75906735751295
96.89982876712327
97.5816151202749
97.72991452991454
97.96802074330162
98.33218588640273
98.89414802065404
99.04635193133049
99.44939965694681
99.84250635055038
100.03138252756571
100.42073693230506
100.65866209262435
101.01700680272108
101.29559204840098
101.875
102.00086430423511
102.34233449477352
102.8282740676496
103.00782608695653
103.36172080772604
103.69043478260869
103.90853658536594
102.44611307420473
97.99455040871936
98.30019120458891
98.51777137367915
98.80830972615675
99.07973733583492
99.59099264705883
99.70652173913044
99.86449864498644
100.12738853503186
100.70456580125335
100.84028393966281
101.03469750889678
101.33393177737878
101.78647686832741
101.93004484304936
102.28416289592761
102.54627949183305
102.89502262443438
103.26721014492753
103.4060218978102
103.83756805807622
104.02650822669105
104.33029197080293
104.61770072992704
105.05785123966942
105.24837812789622
105.46548507462683
106.11918063314712
106.09839167455084
102.75154004106798
100.9260700389105
100.9260700389105
100.9260700389105
100.9260700389105
100.92607003891044
96.28343949044586
96.73852040816325
97.28797083839612
97.50584112149534
97.89182968929805
98.35690235690231
98.87568756875686
99.1213434452871
99.57838983050851
100.25129265770423
100.46262626262626
100.86573146292585
101.30954773869348
101.7577268195414
102.0865671641791
102.26961770623745
102.74501992031873
103.05394605394599
101.63883299798772
98.7936016511868
98.44936708860763
98.11862293824322
97.78787878787898
96.13449691991786
96.414979757085
96.69064039408866
96.95592556317342
97.60727969348659
97.9278252611586
98.28612167300378
98.79962192816635
99.01983002832867
99.67641509433963
99.8965192850423
100.28222013170273
100.7521126760563
101.21904761904761
101.88983050847457
102.19006685768863
102.46285714285716
102.9205298013245
103.21052631578948
103.49616122840689
104.13005780346822
104.3479105928086
104.95533980582525
105.306640625
105.73267326732673
106.0071065989847
106.61250000000001
106.85416666666674
105.52245862884183
103.22600619195046
103.22600619195146
3.265306122448976
3.392156862745111
3.3921568627411034
98.0
98.0
98.0
98.0
99.28350515463917
99.42674253200573
99.95357590966125
100.36223277909738
100.72829763246898
101.06584821428578
101.79004329004329
102.02872340425529
102.42116402116403
102.88510638297873
103.13756613756618
103.80696202531647
104.04449152542372
104.41346153846155
104.88042328042329
105.0136698212408
105.59597030752917
105.96767466110532
106.42198952879582
106.37985309548822
102.19429778247104
99.3371369294606
99.89119170984456
99.94230769230768
100.34202607823471
100.75200000000001
100.93863179074447
101.59181636726544
101.98498498498498
102.5333998005982
102.79900990099009
103.27138643067843
103.65873015873018
103.97838899803537
104.36660079051387
104.70675944333993
105.04437869822482
105.57810945273633
105.85799999999995
106.35542168674698
106.6602434077079
106.85143442622939
103.17337461300303
98.69030969030973
93.93293885601577
94.15789473684208
94.8037109375
95.14575289575293
95.74927113702626
96.00676982591881
96.68768186226964
96.96984435797663
97.54985479186837
97.83739045764366
98.45383867832845
98.86888454011739
99.47941176470584
99.78942213516154
100.34830339321354
100.72458045409672
101.08258706467666
101.59723593287265
101.96187683284461
102.49256689791866
103.06156901688183
103.49295774647885
103.92765113974235
104.44999999999999
104.89384288747345
105.12911725955203
105.12911725955203
105.129117259552
54.260637061146554
3.392156862745111
3.392156862745111
3.392156862745111
3.392156862745111
3.392156862745111
3.3921568627411034
97.94108019639935
98.25842696629212
98.59383033419022
99.22673031026255
99.57727272727277
100.06621773288441
100.5967391304348
101.0483870967742
101.4511041009464
101.86708860759495
102.2578288100209
102.86506276150624
103.25413223140492
103.54249737670534
101.0427263479146
98.07598784194533
98.59858442871587
98.92949354518373
99.27913809990207
99.65640516385304
100.33660451422963
100.65312190287409
101.14090019569471
101.57298907646475
101.80645161290317
102.29607843137256
102.6394088669951
102.99503968253964
103.57412935323384
104.07539682539681
104.48103792415168
104.89910089910086
105.39024390243901
105.81
106.2552742616034
106.57321652065082
106.60685483870968
106.60685483870998
105.230925877848
103.85499691698601
102.47906795612403
101.10313899526204
99.72721003440029
98.3512810735383
96.97535211267609
97.39240506329111
97.75495750708205
98.59062103929024
98.74340527577931
99.32511737089203
99.67237442922374
100.04115684093438
100.5
100.93141592920352
101.32474804031358
101.67374301675977
102.45514950166114
102.76600441501103
103.02970297029702
103.42175360710326
103.92669584245078
104.3430107526882
104.74172892209178
104.90754516471839
105.34297963558413
105.89266737513287
106.36225596529283
106.5285868392665
107.14547413793103
107.27556512378902
107.18655097613919
102.7065217391305
101.93952483801297
102.38100320170759
102.75661375661377
103.20855614973266
103.53530031612223
103.97251585623678
104.53731343283582
104.67355821545158
105.06586169044999
105.52579582875956
106.03314285714282
106.40277777777783
106.89930555555554
107.17053364269142
107.38194444444446
107.84883720930236
108.17462165308501
108.52650176678446
108.98826291079808
109.47542997542996
110.4349710982658
109.67477876106204
108.35000000000582
3.392156862745111
3.392156862745111
3.392156862745111
3.392156862745111
3.392156862745111
3.3921568627411034
92.66204986149586
93.0
93.26927639383155
93.92352259559675
94.24688561721405
94.70874861572531
95.21521739130435
95.44566410537868
96.17857142857144
96.40427807486628
97.03174603174602
97.39011566771819
97.80765143464396
98.21624472573842
98.64603691639525
99.05217391304348
99.39632829373647
100.08333333333337
100.40884573894277
100.8527808069793
101.14555555555557
101.69565217391305
101.6956521739121
85.35849802371376
69.02134387351907
52.68418972332074
36.34703557312241
20.00988142292408
3.672727272727286
3.672727272727286
3.672727272727286
3.672727272727286
3.672727272727286
3.6727272727293894
95.58307692307687
96.22721437740694
96.47160493827164
97.01077844311374
97.42080924855492
97.7479674796748
98.15686274509801
98.75932203389834
99.10847457627119
99.5660592255125
100.08695652173913
100.52968036529683
100.88826185101578
101.23549107142856
101.63134657836645
101.96902654867256
102.56108597285066
102.95842696629211
103.40091116173124
103.6816091954023
104.08630609896431
104.44663573085847
104.87529691211398
105.30946601941753
105.78920953575914
106.33676470588236
106.33676470588398
85.79274509804236
65.2487254901971
44.70470588235548
24.160686274510226
3.6166666666666742
3.6166666666666742
3.6166666666666742
3.6166666666666742
3.616666666668607
95.91428571428571
96.23786982248521
96.84615384615381
97.26200873362444
97.54800431499461
98.04962243797195
98.37820512820508
98.84838709677422
99.23829787234042