95.39503042596348
95.69152714358194
95.87792472024415
96.34405308831036
96.4902862985685
96.70831208567057
97.04903943377148
94.84670413898824
91.26944585663446
91.5558912386707
91.85822784810127
92.04559118236473
92.44197780020181
92.71686746987952
92.95862764883955
93.17880462079357
93.59326294620412
93.7897384305835
94.18756268806419
94.48359414437152
94.74924774322969
94.95827048768226
95.2635
95.56114745848012
95.80240722166499
96.0881763527054
96.30356246864025
96.72427572427571
96.98349999999999
97.24799599198397
97.49348044132398
97.82173259889835
98.06268656716418
98.36688475088073
98.36688475088073
97.0916662956896
95.81644784049848
94.54122938530735
94.80914512922465
94.99106699751862
95.25124875124875
95.57471264367815
95.83201189296334
95.9544328875681
96.16178660049627
96.51020408163265
96.69081885856079
96.84367245657569
97.04367245657568
97.20617529880478
97.37979094076655
97.63310069790629
97.86232604373757
98.088
98.04770531400966
95.81471389645776
95.81471389645776
90.75351530190238
87.4364123159304
84.00460034502589
82.44116094986808
82.47098099640472
82.5369532428356
82.90039447731755
83.12352362204724
83.52105778648384
83.83579154375614
84.22906403940887
84.7189349112426
85.0918467583497
85.4486301369863
85.78965517241379
86.36336924583742
86.71421544515495
87.02762703502714
87.26981782373215
87.49385749385749
87.72776679841897
88.36094674556213
88.62881022615535
88.76896720509055
89.31923266109199
89.69329388560158
89.85805500982319
90.11515748031496
90.4384765625
90.79285014691479
91.06363191385218
91.4698381559588
91.94687653713723
92.2534516765286
92.61097380128523
92.93753098661378
92.76686046511628
92.76686046511628
92.76686046511628
92.76686046511628
92.76686046511628
92.76686046511628
92.76686046511628
92.76686046511628
92.76686046511628
92.76686046511622
76.56134723336007
76.44929482874413
76.34715639810426
76.44986301369863
76.78290155440415
76.86349848331648
77.0223880597015
77.3905558288244
77.68539325842697
78.03024390243903
78.36077481840194
78.84585365853658
79.21080817916261
79.72590068159688
79.98494414764448
80.38002908385846
80.66003879728419
80.98449612403101
81.21932367149759
81.50700144857556
81.86766844401357
82.12898550724638
82.73719806763285
83.0708775313404
83.38239538239539
83.77226769378912
84.02503610977371
84.32707129094412
84.61194029850746
85.00867469879518
85.22531160115054
84.93636747280084
84.64742334445116
84.35847921610147
84.06953508775177
83.7805909594021
83.4916468310524
83.20270270270271
83.56806156806157
83.72112131464476
84.27860936745533
84.44422984065669
84.64708737864078
85.06631171345596
85.33784436926051
85.51403678606002
85.82115009746589
86.14500484966052
86.4770863482875
86.81056201550388
87.10766246362755
87.32398452611221
83.52327837051405
80.77372262773723
81.26093366093366
81.5243664717349
81.83664566165778
82.17734939759036
82.55946076071257
82.84541062801932
83.0587102983638
83.36735676456428
83.6601056168987
83.98648648648648
84.2301740812379
84.461575640406
84.90254440710514
85.21642512077295
85.42095146564152
85.6578313253012
85.91428571428571
85.70291203479943
85.49153835531312
85.28016467582682
85.06879099634054
84.85741731685425
84.64604363736795
84.43466995788165
84.22329627839537
84.51178451178451
84.82227602905569
85.14182344428365
85.3978754225012
85.61516175760502
86.13504356243949
86.29047849202513
85.93193971803595
83.48407335907336
83.85997102848866
84.02701398938736
84.35776277724204
84.57315306615162
84.8749396426847
85.3219111969112
85.60976789168278
85.84708737864078
86.15832531280077
86.57274045432577
86.73420164013507
87.08161305808929
87.33140655105973
87.6410998552822
88.11111111111111
87.75255226057368
84.33511154219205
84.34447674418605
84.47718446601942
84.92262773722628
85.0793960058451
85.36842105263158
85.69383794274624
86.18740920096852
86.45934172313649
86.7415458937198
87.06754130223518
87.25399903053805
87.58482358627356
87.9248780487805
87.18195121951226
84.03115871470303
84.33171442447791
84.5215914604561
84.86103012633625
85.18071705426357
85.50702859912748
85.81216545012165
86.09961315280464
86.36571151044197
86.83829995114802
87.00978473581213
87.36785539814362
87.72083943387018
87.92405063291139
88.25612144955926
88.50073349633251
88.71589793915604
89.16307541625856
89.64029484029484
89.66388206388203
89.0862577610173
88.50863345815256
87.93100915528782
87.35338485242309
86.77576054955838
87.01277641277642
87.17641277641277
87.8602256007847
88.02702702702703
88.39203148057058
88.67062902426945
88.91765285996055
89.1490099009901
89.47282608695652
89.74888337468983
90.0242214532872
90.6228939544103
90.76485148514851
91.04900990099011
90.69656203288491
85.96933728981207
85.13540128015755
85.3444003964321
85.70553359683794
85.93577075098814
86.47881773399014
86.81055747409965
87.04695996045477
87.30287984111222
87.66981132075472
87.92616451932606
88.16320474777449
88.53548387096774
88.8302638128422
89.35346534653465
89.62128712871286
89.87878787878788
87.98359840954276
85.10753221010901
85.38328387734916
85.59722909450767
85.9314933464761
86.1243216576221
86.77257030093735
86.97684729064039
87.33496812162825
87.70978848991638
88.00639134709931
88.23358024691358
88.617137196632
88.89990138067061
89.20009881422925
85.19585594474586
81.97097884899163
82.1728031418753
82.51724137931035
82.8551724137931
83.0978848991638
83.42102689486552
83.81176470588235
84.24926542605289
84.6089303238469
84.96516192345436
85.29313725490196
85.64159292035399
85.91380999020568
86.22385861561119
86.6192118226601
86.84641975308648
84.87228766274029
82.99197431781693
79.98211624441137
78.43538268506899
76.97425629290615
75.69193548387096
75.48832381940841
75.96194824961948
76.52774974772957
77.0283114256825
77.46273917421954
77.62901606425703
77.93731343283582
78.29181315921647
78.74863387978142
78.87872763419483
79.07365299060801
79.57242757242757
79.87549603174604
80.02485089463221
80.52065704330512
80.79819729594392
81.01054746358614
81.39807302231237
81.64836272040303
81.91050779286073
82.23476070528967
82.72434607645876
82.8882175226586
83.23896499238965
83.58643216080402
83.8071320944249
82.30310748853799
77.90626591951093
76.90816844241502
77.14708886618999
77.60354430379746
77.85475708502024
78.15888324873096
78.40578974098527
78.66632911392405
78.92385274836107
79.32912032355915
79.55874936964196
79.80952380952381
80.27346115035319
80.63599798893917
80.85283776996484
81.17590725806451
81.47131147540983
81.75246497145822
82.02227979274613
81.96052553663954
81.89877128053294
81.83701702442636
81.77526276831978
81.71350851221318
81.6517542561066
81.59
81.91795897948974
82.28672387682988
82.51390996459281
83.02973790322581
83.00502765208648
78.63354967548685
75.37337986041874
75.43219076005961
75.62450199203187
76.13234567901235
76.37804272230501
76.80691358024691
77.31620553359684
77.49012833168806
77.77127397934088
78.19940623453736
78.49776896380763
78.84207920792079
79.18580581567275
79.38438735177866
79.74814814814815
80.2200695479384
80.59831599801882
80.91358024691358
81.14243323442136
81.59543877045117
81.817103311913
82.0990099009901
82.39653465346535
82.7921626984127
83.27088482451805
83.6337123084528
82.83349851337948
79.0108803165183
78.21180555555556
78.49224612306153
78.86271604938271
79.10211094747177
79.57635467980296
79.95669291338582
80.14953271028037
80.6751968503937
80.90083456062837
81.16593245227607
81.48992628992629
81.76057030481809
82.00342465753425
81.67305789575698
81.34269113397974
81.01232437220247
80.6819576104252
80.35159084864796
80.02122408687067
80.27823960880195
80.67325753830944
80.86614173228347
81.14159725624694
81.67387033398822
81.81943759250123
82.15263417035943
82.49155069582505
82.81576354679802
82.95602766798419
83.28543209876543
83.64627528367045
83.88290513833992
84.2838836865451
84.05414803775466
80.10634048926607
79.20851906884596
79.48225887056472
79.89232303090728
80.07004470938897
80.47566482689413
80.9147557328016
81.13606803401701
81.44483450351053
81.7609022556391
82.05226130653266
82.35353029544316
82.66180904522614
82.98501498501497
83.49075462268866
83.75
84.05094905094906
84.33299949924887
84.37161484453361
83.8882978038917
83.40498076324982
82.92166372260792
82.43834668196604
81.95502964132413
81.47171260068225
80.98839556004036
81.35151515151514
81.59665991902834
81.95417925478348
82.27006562342251
82.46340232205957
82.7825868142929
83.08976930792377
83.50301810865191
83.8131868131868
82.89909638554218
80.3567458312279
80.41135107985937
80.56782652546646
80.91271820448878
81.19140429785108
81.39679358717433
81.9865202196705
82.32479919678715
82.51407035175879
82.94810379241517
83.16433566433567
83.40270135067534
83.8285
84.09267563527654
84.4905094905095
84.8769920318725
85.11334002006018
85.46096096096096
85.76532137518684
85.94925373134328
86.41645760160561
86.7501246882793
86.97044088176352
87.43993993993993
87.89442231075697
88.18490754622688
88.48873309964948
88.8755
89.08008008008008
88.90754622688655
85.47786720321935
85.0015
85.21715145436309
85.71571571571572
85.9814629258517
86.37374749498998
86.62399193548387
86.89594797398699
87.1607232546459
87.52056168505517
87.84550000000002
88.36897590361446
88.50780070457972
86.9327983951855
84.26097930338213
84.30341023069208
84.47296614451743
84.84588353413655
85.00350350350351
85.44108761329306
85.91921726041144
86.17043740573152
86.47638190954774
86.80540270135067
87.12618928392588
87.39136979427998
87.71285140562249
87.98203592814372
88.31854436689929
88.9055472263868
89.1186186186186
89.54495504495505
89.6047094188375
85.78607214428848
82.60610610610611
82.68052078117175
82.91962056914628
83.24739195230998
83.77783325012481
84.03642714570859
84.47628557164253
84.71762948207171
85.09985022466299
85.5062656641604
85.77172827172828
86.0555
86.44706472654292
86.90822942643392
87.12945308580031
87.23756906077347
83.60551378446121
80.0967418546366
79.84165834165834
80.05376884422111
80.3455366098295
80.71821821821823
81.16750000000002
81.59880239520957
81.84837905236908
82.10859728506787
82.52211055276382
82.84378109452736
83.16808404202101
83.55294705294705
83.75124626121635
84.37137137137137
84.6269920318725
84.8971542685971
85.21263791374122
85.17236180904501
80.1498240321771
75.48298628745579
71.2571283095723
69.73271889400922
70.21311475409834
70.60367722165475
71.00613496932516
71.39531329597554
71.68635437881872
72.06310432569973
72.41670911869588
72.73110096397767
73.28586013272077
73.62125063548551
73.89012658227847
74.35404992358635
74.64589665653494
75.00203458799594
75.32810126582278
75.6354903943377
76.09349593495938
77.71113340020065
80.36354430379747
80.63963507349217
81.25227963525836
81.49494438827098
81.82770780856424
82.31941649899396
82.66296670030272
83.01152882205514
83.44751381215468
83.851
84.16415662650603
84.4856278366112
84.76831091180867
85.12814070351759
85.39305485656766
85.06540451813831
84.73775417970893
84.41010384127958
84.08245350285023
83.75480316442088
83.4271528259915
83.09950248756218
83.44671314741036
83.64260998517054
84.0812685827552
84.35749751737836
84.8145956607495
85.06729341909946
85.52751611303916
83.49851042701084
80.04568023833167
78.68501984126982
79.05448241703814
79.30700447093889
79.75829618623081
80.22857142857143
80.60477849676455
80.9298418972332
81.17823732151649
81.60029571217349
81.9111988159842
82.08160237388722
82.66371245691778
82.87807276302851
83.39498278406296
83.77395577395578
83.99656019656021
84.41842234198923
84.74705882352941
84.95029527559055
85.27017716535431
85.70874263261297
85.87352941176471
86.45628683693516
86.70310192023612
83.66059113300503
80.62555500740007
79.49628528974739
79.01381351751357
79.37556109725686
79.63087580405738
80.11572700296736
80.40834575260806
80.72871287128713
80.9195061728395
81.36372646184341
81.69055857637173
81.95004945598419
82.30276134122286
82.673418972332
83.09841740850644
83.3965260545906
79.62549603174602
75.22072072072069
72.72252885097842
72.79087261785355
73.30920060331825
73.5672163918041
73.9659489233851
74.46069103655483
74.77225261064149
75.33217477656405
75.58531746031747
76.01194029850745
76.39353233830846
76.73415841584159
77.09642147117296
77.405459057072
77.96878097125867
78.16444444444443
78.55632411067194
78.81656804733728
79.15472071181415
79.50445103857567
79.83579881656806
80.1750123946455
80.57481481481483
81.07453109575519
81.42729083665338
81.77953534354918
82.08790123456791
82.39781203381403
82.81133004926109
83.03552047360631
83.37481481481481
83.82882439744219
84.25618199802176
84.7039764359352
84.82987141444114
84.97250028286632
85.11512915129151
85.5215745647237
85.46708246708243
84.96209728363863
84.20402298850576
83.92744479495268
84.1491317671093
84.25445544554455
84.62737457379444
84.94552529182879
85.14724524622136
85.48845208845208
85.79295154185021
86.03416300634456
86.64125122189638
86.88812896922326
87.14070107108091
85.68452088452068
82.53463414634146
82.68379833578071
82.88529411764705
83.22091310751102
83.74242424242425
83.92616136919315
84.23080660835763
84.59326171875
84.89463414634146
85.07763671875
85.46569343065694
85.73067574137093
86.06731707317073
85.67723529691438
85.28715352065802
84.89707174440167
84.50698996814526
84.11690819188891
83.72682641563256
83.33674463937622
83.53508771929825
83.918826405868
84.37682570593962
84.64327485380119
84.96913277804998
85.13623046875006
84.77724075379933
84.41825103884861
84.05926132389789
83.70027160894716
83.3412818939965
82.98229217904574
83.20422189494354
83.5985294117647
83.95329949238578
84.37209302325581
84.40143679145118
84.43078055964654
84.37011384350751
84.30944712736849
84.24878041122946
84.18811369509044
84.41146881287726
84.64928676832267
84.97495088408644
85.29995114802148
85.623786407767
85.99463414634147
86.337738619677
85.20595412396301
82.669921875
83.08830784410459
83.12125675012271
83.48799608035279
83.92401960784314
84.08150317227916
84.40871267743515
84.70058708414871
85.15176817288801
85.46418056918549
85.89086419753086
86.12555391432792
86.47647058823529
86.7540500736377
87.08787432498772
87.43753086419753
87.77511024007839
88.12272055199605
88.53232125367288
88.85066535239034
89.13146233382571
89.53313696612668
89.87862407862409
90.1219151036525
90.55596234309633
89.32842415316645
88.30682730923695
87.21922796795343
85.8832354859752
85.54104046242776
85.45906113537116
85.38976793248946
85.78209718670078
86.08615537848607
86.42141119221412
86.79042501221298
87.08787432498772
87.37864557587741
87.79683638161147
87.98372781065086
88.41193882585094
86.98512642538435
83.4412935323383
83.41038442336497
83.72338308457711
84.07114427860697
84.26756352765318
84.71329019412644
85.05823792931807
85.35019841269843
85.78811881188119
86.09535573122531
86.69841269841271
87.05528134254689
87.30746416213543
87.71031746031747
88.09364218827008
88.11193293885594
87.52535167038525
86.93877040191455
86.35218913344386
85.76560786497316
85.17902659650247
84.5924453280318
84.87878787878788
85.31424302788844
85.67214748380667
85.97558545092176
86.28578553615961
86.76581963129047
87.15731462925851
87.46326836581709
87.41716566866262
83.77177177177168
81.88276553106212
82.15052684395386
82.44394618834082
82.72319201995012
83.10849999999999
83.6026026026026
83.81549999999999
84.19999999999999
84.55967903711132
84.83041520760378
85.23790322580646
85.49066128218055
82.8665328650277
79.92684157416751
80.04781077000501
80.43345052737317
80.91967871485944
81.12343828085957
81.47915620291309
81.97346019028544
82.26318432948267
82.61888111888112
83.07403701850927
83.42520080321285
83.77050000000003
84.16408977556108
84.49446680080484
84.82967032967034
85.15100000000001
85.46964375313598
85.86993496748374
86.41419224962254
86.78140703517587
87.02217741935482
87.4448917966784
87.78291457286434
88.10150753768846
88.46107483676545
88.81334671349725
89.0777331995988
89.17389112903226
88.72987788465059
88.28586464026887
87.8418513958872
87.39783815150554
86.95382490712382
86.50981166274215
86.06579841836049
85.62178517397882
85.93837675350699
86.38177215189873
86.63439233484621
87.06801007556675
87.31674208144798
87.5837946653246
87.95386158475426
88.20663650075403
85.8900050226016
83.2415
83.59104627766601
83.90421263791376
84.22300706357214
84.63221274460614
84.89307228915663
85.23323323323325
85.56942355889726
85.93703148425789
86.40471414242728
86.70726817042606
86.9925
87.2872817955112
87.61990049751245
87.85486284289277
88.13745019920319
88.44255744255742
88.83781094527365
87.85279441117746
84.73880597014931
84.26544735541275
84.48679621325363
84.76403378042721
85.11563275434241
85.42537313432837
85.79358024691358
86.01632855022268
86.64781746031746
86.85820158102769
87.19842053307008
87.56868537666173
87.8381046396841
88.14708785784796
88.57440476190476
88.78207033184742
89.24517087667164
89.57816377171216
89.93079584775086
89.76037549407101
86.4608134920635
86.00345679012345
86.19762258543835
86.43216576221016
86.86479842674532
87.28184948352191
87.6211149481993
87.90162321692083
88.19268774703556
88.51928783382789
88.86446525381962
89.15490873211644
89.53148239960338
89.67906746031758
88.70689928845115
87.73473111658461
86.76256294471818
85.79039477285176
84.81822660098521
85.22205736894165
85.6295746785361
85.89827160493826
86.24183976261128
86.80835380835379
87.22868408082797
87.60435212660732
87.84736582964058
88.12733529990169
88.61248761149653
88.84405940594058
89.10776075135936
88.38726819197791
87.66677563259657
86.94628307321523
86.225790513834
86.6339417858905
86.94793713163065
87.21859545004946
87.67077986179663
87.99704724409449
88.31887629374074
88.88397246804328
89.16674888998517
89.63578117299164
89.90873211642815
88.52670623145423
84.86426456071075
84.47021484375
84.64454277286137
85.03638151425764
85.6515748031496
85.90107737512244
86.35483870967744
86.80891719745223
86.97749510763208
87.35902439024392
87.77766942954656
87.93523061825317
88.40606653620353
88.90686274509804
89.17017114914415
86.68516699410611
83.67270058708414
82.75756097560975
82.99262536873158
83.42026175472614
83.73904576436223
84.23774866569624
84.72270955165692
85.0082564351627
85.38902379796019
85.86361422308815
86.07591240875911
86.46231884057971
86.87651920272242
85.08365949119343
79.22347188264064
78.2768250857423
78.73622047244095
78.99511241446726
79.4157357940748
79.82797270955166
80.07576493443418
80.49806389157794
80.79738878143132
81.30892337536375
81.69544131910766
82.11838913148955
82.51308139534882
82.8596406022341
83.0876937984496
83.44492964580303
83.89568170790878
83.7822222222222
83.67011732229122
83.48015873015868
82.91220238095241
82.51606683804629
82.44627128596596
82.93171806167402
83.58656873032527
83.96296296296296
84.14704421261797
84.70399221032132
84.89200968523
85.24927255092143
85.68146718146718
85.99469879518074
86.28363988383353
86.72810394610201
87.00337186897877
87.33301017935048
87.94006766553889
88.21694915254238
88.62008733624452
88.86133846894558
89.11928811928806
90.32270531400968
91.33155598642753
91.71823472356937
92.03352769679304
92.64230019493175
93.07848837209303
93.35631067961162
93.80996131528047
94.09763170613823
94.42184466019398
92.3189320388351
89.02421307506052
87.4836381135708
85.97495183044316
85.13142580019397
85.01929811462423
84.9071704290545
84.79504274348477
84.68291505791512
82.97975903614451
80.86531007751955
78.24927395934172
78.30379746835445
78.55446995603322
78.77438136826783
79.08653378706845
80.25241312741309
81.32142857142856
81.88380108321024
82.05224248398224
82.56762092793679
83.04064642507348
83.35355029585799
83.76968503937007
84.09639149777558
84.58124693176251
86.55752212389382
87.49001996007983
87.51901901901903
88.03782976605277
88.44819038175507
88.72507403751234
88.99556868537667
89.42913580246915
89.62997542997527
87.01924975320844
84.69419862340216
84.7187807276303
85.15259259259261
85.48730711796912
85.92465753424659
86.21960784313728
86.55216535433073
86.95823095823096
87.35009861932939
87.52667984189725
87.94398441305407
88.33659970602645
88.56080748399802
88.97453476983355
86.8587542913192
83.47962226640158
83.23610427939006
83.4223541048467
83.76684702410233
84.16897918731416
84.68480950024741
85.0769230769231
85.35742771684946
85.65870646766166
86.14932802389251
86.46882793017457
86.7451660882499
87.07550919026329
87.44832750873695
88.02342971086739
88.25286783042395
88.56408977556111
88.90024813895798
86.53186151530372
82.87880299251867
82.45481777334
82.57342657342656
82.98456175298804
83.51696606786425
83.87103174603175
84.13823968175035
84.5311720698254
84.91373326722857
85.24950396825398
85.51542288557215
85.95802469135799
86.4395822973645
86.87871287128712
87.11431411530793
84.63292433537845
82.53632343651293
82.09826589595377
81.40508806262233
80.9605026929982
80.94029850746267
81.35900962861075
81.64325668116842
81.82331373384264
82.00337078651683
82.29663774403468
82.64621893178213
82.95824847250509
83.2492431886983
83.63695219123508
84.00245459008346
84.29700540009821
84.75744265495365
84.98523622047242
85.5425321463897
85.87321867321867
86.22249629995065
86.62481536189068
86.98130841121497
87.43126550868487
87.84275793650795
88.06036615536863
88.43611248149972
88.84714003944774
89.10648836057453
89.58353991075853
89.96585848589808
90.26381284221009
90.87165510406345
90.52623688155927
86.02039800995044
84.36948984645863
84.72663668165916
85.04861111111114
85.43186372745492
85.90332176499749
86.25809666168414
86.90059940059939
87.22405189620758
87.6948897795591
88.0140562248996
88.3925702811245
88.71098845960864
89.06613226452906
89.22640562249
89.8822937625755
87.58697863682619
85.42508887760278
82.41443715295306
82.57526609224533
82.97478567826525
83.25317097919839
83.71450304259635
83.8703797468354
84.44348707551956
85.12922766279655
85.44898989898991
85.92272727272727
86.03886925795052
86.66868686868686
86.83711548159351
87.42259203227422
85.71807967313589
83.72379158819831
83.15880149812735
83.17308495958999
83.18736842105264
83.0633083730429
83.58618618618618
83.70081967213116
84.15341545352743
84.31716621253406
84.80151843817788
85.1959935029778
85.36123348017622
86.178391959799
86.32210526315794
86.9935125115848
87.05220883534136
87.31684110371074
87.50731707317073
87.68615840118431
87.86345646437995
88.02583490863265
88.44322132097335
88.66642302251756
88.88962472406183
89.23154540626659
89.23764458464757
88.7471658069228
88.25668702919813
87.76620825147347
87.96172718351323
88.3659013190034
88.66153946728758
88.95717761557177
89.33984375
89.36746692797647
89.88606356968216
88.9803825404606
84.63145082765335
84.63649635036496
84.78392944634982
85.2977473065622
85.36150464093794
85.94540088539105
86.33693516699412
86.58849557522123
86.78353057199206
87.26110562685096
87.65221674876847
87.98073122529644
88.02077151335288
86.22094763092264
81.91749502982107
82.03821339950372
82.48801198801198
82.88683948155534
83.14036834245894
83.4003984063745
83.76444223107569
84.07192807192808
84.30145948666325
84.82326283987915
84.91746351283348
85.48938321536906
85.85627530364377
86.43993917891532
86.72533062054934
86.85017775520566
86.243893156892
85.63760855857834
85.03132396026479
84.42503936195112
83.81875476363757
83.21247016532391
82.6061855670103
83.04078471863707
83.18692070030897
83.68624420401852
84.09025270758121
84.52164948453608
84.66051282051285
85.14468958440227
85.58508997429306
85.73565573770497
86.42054164537558
86.45850409836078
86.0561100870409
85.65371607572104
85.25132206440117
84.84892805308118
84.44653404176131
84.04414003044138
84.44631043256997
84.60609137055837
84.86795327577454
85.42625443487077
85.68730964467011
86.22019279553524
86.60821084642674
87.05337361530712
87.33367139959432
87.64949494949497
88.12084592145015
88.56050632911393
88.93269230769229
89.12158054711244
89.64308510638296
89.35801630434781
89.12590799031477
88.8649959579628
88.79923076923069
88.0729232720355
88.03483723586521
88.42773333333334
88.58303155716503
88.70824847250509
89.14673366834171
89.42871435717859
89.72994519182862
90.16032064128257
90.46656611362494
90.6348002023268
91.1074672048436
90.53667172483574
88.52546646495193
86.82085828343314
86.83400200601807
87.38670694864048
87.49020592667
87.94206549118388
88.04315102860011
88.456783919598
88.60786290322585
89.26971371170265
89.56353591160222
89.67421953675728
90.40181268882175
90.49521410579342
90.84730538922156
91.38419209604803
91.47771657486237
88.65278474661295
87.20069721115537
87.2017937219731
87.4875373878365
87.52247752247752
88.10492292391848
88.43547583457898
88.54477238619313
89.00496277915636
89.27730673316705
89.6388611388611
90.15718562874252
90.44656297039637
90.86776447105791
91.1821821821822
91.50929181315922
91.53826787512571
89.69300452944117
85.20030272452095
82.13360120542438
83.0195292939409
83.13755020080316
83.80080482897381
84.07204030226706
84.50177215189876
84.90236537493706
85.32320162107396
85.65761689291105
86.14379414732593
86.40789473684254
80.96504559270534
79.41116751269033
79.07820383451059
79.49041372351161
79.82326283987913
80.26969696969695
80.5032811711257
80.87613293051356
81.6086956521739
81.64318529862175
81.72363281250001
81.68628619947546
81.64893958645092
81.61159297342638
81.57424636040183
81.53689974737728
81.49955313435274
81.46220652132818
81.42485990830362
81.4455696202532
82.0872150644202
82.66765432098765
83.02185792349727
83.153162055336
83.78406813627254
84.09254627313658
84.40883977900552
84.54640718562871
84.99143576826197
85.27195183140992
85.5766350474288
86.01451451451453
86.54032258064517
86.64797195793687
87.07214428857714
87.00279955207179
85.55272727272727
85.55272727272727
85.55272727272727
85.55272727272727
85.55272727272722
83.04081632653066
82.71417322834645
82.61619283065512
82.59941002949853
82.65625
83.03965702036442
83.20165460186143
83.46823770491801
83.82205513784459
84.25925925925924
84.47923961980996
85.02885572139303
85.37178841309823
85.45325922182917
85.9703368526898
86.33299543841866
86.69795918367345
87.07255200405885
87.2859335038363
87.61028277634962
87.75051440329219
88.21948717948717
88.25551564905084
88.75838926174498
89.05888429752065
89.35020661157023
89.54365904365909
89.96633868461936
90.37480559875583
90.4106029106029
90.80324437467294
91.07419017763846
91.33610389610385
90.28638497652537
87.104275286757
87.68714211348257
87.80709071949946
88.27589796980739
88.36363636363637
88.95520833333333
89.0026014568158
89.34565330557001
89.58329008822
90.00311364815776
90.10124610591902
86.18854166666642
81.68943772989996
79.18911780243002
79.44867724867726
79.74537770734287
80.32492113564672
80.80294272201786
81.15886375591793
81.53575184016825
81.72593371909522
82.25842105263158
82.34955050237966
82.81956066945605
83.1227701993704
83.73567567567557
84.5532043530834
84.82235142118861
84.32942347845153
83.83649553571429