106.38160919540229
106.76816074188562
106.93605546995377
107.21477532368621
107.50115118956255
107.67306216423637
107.93817619783616
108.15242494226328
108.5077399380805
108.71937984496124
109.0
109.16966379984362
109.56842923794713
109.7603112840467
109.96894409937889
110.27094753328113
110.61353032659409
110.80870917573873
110.94851794071764
111.29708431836092
111.63921568627451
111.86420722135009
112.02985074626866
112.41213553979512
112.53486529318542
112.90141955835962
113.14612954186414
113.46178343949045
113.70047543581617
113.89589905362776
114.22781774580335
114.49240607513988
114.59808612440192
114.96565495207668
115.23954983922829
115.36795491143317
115.78709677419354
116.09783480352847
116.39646869983949
116.5377813504823
116.78913219789132
117.04255319148936
117.20032573289902
117.59382615759546
117.72422258592471
118.10819672131147
118.46422764227643
118.84369885433716
118.96399345335516
119.27190082644628
119.44279835390947
119.79239040529363
120.13632585203658
120.36147540983606
120.98295454545455
121.41368337311059
121.46227929373997
121.84181240063593
122.23866348448686
122.44515612489991
123.2490362374711
123.58718170611046
123.92532717474981
122.36370839936609
119.92692613185068
119.65321955003878
119.82672882672883
119.86444616576298
120.24084177708497
120.58132295719844
120.78112915699923
121.02616970658208
121.84491978609626
122.39550561797753
122.82116244411327
123.0
123.20681818181818
123.67720588235295
123.93241279069767
124.43727598566309
124.59146782357195
125.059377262853
125.059377262853
125.059377262853
125.059377262853
125.059377262853
125.059377262853
125.059377262853
125.059377262853
125.059377262853
125.059377262853
125.059377262853
125.059377262853
125.059377262853
125.059377262853
125.059377262853
125.059377262853
125.059377262853
125.059377262853
125.059377262853
125.059377262853
125.059377262853
125.059377262853
125.059377262853
125.05937726285299
123.46038863976088
118.79426229508192
114.25401606425703
111.96180904522612
109.94971537001899
108.15789473684211
107.00702987697716
106.64279696714405
106.944582299421
107.1398201144726
107.62389735364876
108.14456869009584
108.52285485164396
108.78474980142971
108.926576217079
109.27454110135675
109.54567116759333
109.80126182965299
109.97091194968553
110.40205371248025
110.86367218282112
111.0763779527559
111.51225296442688
111.76742364917776
112.20965189873418
112.57661927330173
112.80634920634921
113.10055423594616
113.43354430379748
113.88774703557311
114.16613672496025
114.32482043096567
114.47725458898643
114.77344992050874
115.06436041834272
115.29332273449921
115.44054269752593
115.71111111111111
116.30290791599353
116.93844924060751
117.1656
117.3607342378292
117.75825946817082
118.02241793434749
118.30232558139535
118.67309236947791
118.97504025764896
119.44822006472492
119.77786688051323
120.03668261562999
120.38430744595676
120.87700964630224
121.09666937449228
121.39662107803701
122.06003159557662
122.21226795803068
122.63266932270916
122.90136327185245
123.44865718799369
123.996875
124.26076742364918
125.13227513227514
125.33113756613757
125.53
126.51002227171492
126.76243504083148
126.97802760943651
127.19362017804154
127.57005189028911
127.8639705882353
127.93526785714286
127.93526785714286
127.93526785714286
128.3069977426636
124.08000000000004
119.91402013942681
119.85878741366079
120.26803340926348
120.55125284738041
121.0303260045489
121.13036925395629
121.18425076452598
121.9296933433059
122.14425981873111
122.19058641975309
122.21274961597543
122.62422360248448
123.15243902439025
123.58371385083714
123.6778882938026
124.40868263473044
119.49538977367979
117.75103050288541
116.54340567612688
116.60344827586206
116.88322368421052
117.11330049261085
117.31489015459724
117.7134786117837
117.90291262135922
118.55742971887551
118.8873801916933
119.19154030327215
119.3408
119.87440381558028
121.00681302043907
120.85571542741698
120.7046178343949
121.09409888357254
118.0761904761905
115.48922585794094
115.396482813749
115.3817891373802
114.65592672303092
113.93006430868161
110.29570747217804
107.35883280757099
106.98017446471054
107.08208366219415
107.34816549570648
107.58869701726844
107.90383111806099
108.13254901960784
108.60641627543036
108.7981220657277
108.91653666146647
109.1249018067557
109.73872472783826
109.98988326848249
110.1402961808262
110.6359375
110.94807238394964
111.26278520849725
111.67635506677141
112.03537735849056
112.56722354813047
112.87410926365796
113.15553745928338
112.2
112.2
112.2
112.2
112.2
112.2
112.2
112.2
112.2
112.2
112.2
112.2
112.97381516587679
113.74763033175356
113.99285714285713
114.61545372866128
115.12674825174825
115.333048676345
115.67962806424345
116.04083333333332
116.31867219917012
116.57929883138564
116.828125
117.16979591836736
117.64619164619165
117.77614379084967
118.15546558704453
118.49714285714285
118.81832927818328
118.91435562805873
119.23774509803921
119.67704918032787
119.88292682926829
120.31758957654723
120.6576354679803
120.95152013147083
121.15660685154975
121.62561174551387
121.71546052631578
122.0596892886345
122.32899022801303
122.86694214876033
123.17700578990902
123.85456039441249
123.87581699346404
123.99592833876221
124.33197389885808
125.02149681528662
125.29729729729729
124.4195356285029
120.23973727422003
117.4429260450161
117.37183316520607
117.30074028539605
117.22964740558604
117.15855452577603
117.08746164596602
117.01636876615599
116.94527588634598
116.87418300653593
116.17285945072697
116.24574209245742
116.4206672091131
116.58637469586375
116.81855500821018
117.2766476810415
117.4071661237785
117.73891625615764
118.21318144833198
118.42424242424242
118.72176759410803
118.86468646864687
119.1501230516817
119.52263374485597
119.82701812191104
120.16282894736841
120.3037037037037
120.99421009098428
121.15049342105263
121.39736191261335
121.77777777777777
121.99835796387521
122.29884105960267
121.61416666666662
118.73723228995061
117.41396103896105
117.54478827361564
117.6003276003276
117.88196721311476
118.0713692946058
118.41845140032949
118.7624584717608
119.01142857142858
119.25474031327288
119.50986842105272
115.84495488104994
112.5367231638418
112.4074074074074
112.38014527845036
111.73384585309961
111.08754642774886
110.44124700239809
107.26298960831332
104.09731012658227
103.40734949179046
100.83094098883566
98.51541501976288
97.96072270227808
98.13865220759101
98.44280155642024
98.74902267396403
99.02180685358255
99.36858475894246
99.81215900233826
100.16511627906976
100.62421383647802
102.39968895800934
102.59624413145539
102.95419254658384
103.32529182879378
103.71283255086072
104.03110419906687
104.61149961149961
104.93452844894779
105.29274004683842
105.659375
105.91225296442687
106.14960629921259
106.641627543036
106.85714285714286
107.13260530421218
107.73937007874017
107.98430141287284
107.96153846153845
105.83619344773791
104.82917316692668
104.99448818897638
105.08443067389621
105.73055773762765
106.084375
106.4949494949495
106.77993779160187
107.01007751937985
107.36785162287481
107.77562111801242
107.94708171206226
108.3203732503888
108.33721833721836
107.58875255403035
106.84028677084234
106.09182098765433
106.29192546583852
106.73405909797822
106.94103956555469
107.31993817619784
107.65375677769171
107.91731066460588
108.46976744186045
108.74825716498839
109.03440187646599
109.27131782945736
109.6124031007752
109.94158878504672
110.17171717171718
110.65336463223787
110.85413416536662
111.22458628841608
111.68976377952757
111.96330991412958
112.16837944664032
112.66535433070865
112.98503937007874
113.23667711598746
113.59731012658227
113.97254901960784
114.46141732283465
114.58346581875993
115.01813880126183
115.42050874403816
115.65871121718376
115.88216560509554
116.3272
116.63224781572677
116.98902821316614
117.53057982525814
117.46029451838776
117.39000921151735
117.31972390464695
117.24943859777656
117.17915329090616
117.10886798403575
117.03858267716535
117.55213270142181
117.94422310756971
118.57431906614786
118.86517719568567
119.20431765612955
118.31599378881992
114.36320380650272
112.87153053132434
112.8918918918919
112.95863166268894
113.4152610441767
113.6474358974359
114.09141494435613
114.34859437751004
114.57966373098479
114.80401606425703
115.1537229783827
115.42594075260206
113.67980691874504
110.10471622701834
108.88063241106721
108.42983344086494
107.97903447066267
107.52823550046043
107.07743653025815
106.62663756005588
106.17583858985361
105.72503961965134
105.5180250783699
105.59047619047618
105.75059194948697
105.8716323296355
106.0958795562599
106.51392203659506
106.76555023923444
107.07217321571773
107.59320695102686
107.90453460620526
108.1658692185008
108.69464428457235
108.85084202085004
109.02625298329355
109.27897681854516
109.70856685348278
109.98078462770216
110.46935483870968
110.8449240607514
110.93915132105684
110.67165351328683
110.40415570551681
110.13665789774677
109.86916008997676
109.60166228220672
109.3341644744367
109.06666666666666
109.41050119331743
109.70866773675763
110.08252427184466
110.29227053140096
110.79260450160771
111.06827309236948
111.45668016194332
111.85404971932638
112.40525477707007
112.61544650040224
113.04163330664531
113.49366085578447
113.73982442138868
114.05873015873016
113.4734734563682
112.88821675400624
112.30296005164428
111.71770334928229
112.03522818254604
112.38030424339472
112.64412238325282
112.94931617055511
113.48728139904608
114.50933532486931
114.64253048780488
115.03489235337787
115.75424354243543
116.20537010159651
116.6471418489767
116.8940586972083
117.21000000000001
117.38728323699422
117.63795620437958
118.24642857142857
118.65925394548063
118.80721118469464
119.12353801169593
119.91285714285715
119.94391937348891
119.97498160412067
121.26549295774649
121.29124791979544
121.31700288184447
119.44211287988423
116.42000000000007
113.98693312836281
113.92018779342725
113.75949367088607
114.13505074160813
114.62394474290099
114.74976579868054
114.8755868544601
115.3668224299065
116.07988165680473
116.74014598540145
116.97377746279236
117.11273792093704
117.46695715323165
117.92436363636364
118.16558206796819
118.26970354302242
118.72057761732853
119.01440922190201
119.09237536656892
119.39067055393588
120.02380952380952
120.4396859386153
121.15384615384616
121.37331440738112
121.6657122405154
122.11291460832746
122.63057324840764
123.02468265162202
124.00550206327372
124.03207864250953
124.05865522174534
124.05865522174534
124.05865522174534
123.8997912317327
116.45839636913774
113.0745098039215
110.17301587301591
109.77150578466373
109.36999569631152
108.96848560795934
108.56697551960713
108.16546543125494
107.76395534290259
102.73655063291139
102.70990566037733
102.02446724546166
98.84430176565002
95.92413236481025
92.9724025974026
91.02678571428572
90.38164251207729
90.70536429143311
91.40887480190175
91.64498432601881
91.97120622568093
92.39953271028037
92.72209211553474
93.07494145199063
93.43599689681923
93.27761641509318
93.11923593336714
92.96085545164108
92.80247496991502
92.64409448818898
92.81161695447412
93.37129485179408
93.66718386346005
94.09416342412453
94.51761942051684
94.92773892773894
95.29719188767552
95.79485179407177
96.17459080280592
96.53719655442444
96.78046875000001
97.3006993006993
97.72456964006261
98.09479409479411
98.7421875
99.07059736229635
99.3612403100775
99.74281274281276
100.2375
100.60031347962382
100.85905511811023
101.21456538762726
101.68794326241135
102.14552529182879
102.51171875
102.8246855345912
103.31934731934732
103.7358044164038
104.02590266875981
104.3853427895981
104.73307086614173
105.16482649842271
105.74686520376176
106.08557844690966
106.43607843137255
106.78260869565217
107.08110236220472
107.63356973995272
107.91640378548897
108.32332015810277
108.7106518282989
109.09690230341542
109.64808917197452
109.91547049441786
110.06698564593302
109.75801189747312
109.4490381490132
109.14006440055329
108.8310906520934
108.5221169036335
108.98244213886673
109.39558707643815
109.82977038796517
110.12480252764612
110.57597454256165
110.95641838351823
111.1866028708134
111.5418326693227
111.82282521947326
112.39379474940334
112.41003184713378
112.17542462845012
111.94081740976648
111.70621019108285
111.47160297239918
111.23699575371552
111.00238853503186
111.58771929824562
111.84829229547259
112.14035087719299
112.5558232931727
112.88755980861244
113.02777777777777
113.22850318471336
113.75378486055777
113.98726114649682
114.50800000000001
114.89570063694268
115.1965272296764
115.62390438247013
115.8926014319809
116.21229050279328
116.61828388131516
116.99521912350599
117.37429718875501
118.05966587112172
118.2859450726979
118.54119547657501
115.09783480352826
111.59327461969588
107.82390438247012
104.59775641025635
101.94366197183103
99.0875816993464
99.0875816993464
99.0875816993464
99.08758169934663
92.79999999999995
91.97951344430214
91.08896797153025
91.54214360041624
92.10915818686402
92.35472679965306
93.19884963023833
95.92465192465193
96.37520128824474
96.99285714285713
97.28117553613978
97.768093385214
98.11455108359132
98.50655358519657
99.06774441878369
99.49498843484966
99.84485407066052
100.35285053929121
100.59785111281658
101.0353846153846
101.46343341031563
101.72614429790536
102.24693251533745
103.03002309468823
103.4984544049459
103.83578621223859
104.2966948501153
104.69343629343629
105.05977011494252
105.40644171779141
105.75928792569658
106.14119472459271
106.45687645687644
107.08775981524249
107.48059006211179
107.84304584304584
108.26532195500388
108.71228615863141
108.96252927400468
109.32918287937741
109.83463949843261
110.27747466874513
110.75743348982786
111.05477308294209
111.42622950819671
111.85759493670886
112.09133858267717
112.51933701657458
112.86634844868735
113.19649960222753
113.19761904761901
112.85176886792453
112.50591868823
112.16006850853546
111.81421832884098
111.46836814914644
111.1225179694519
110.77666778975743
110.43081761006289
111.0
111.34940711462451
111.72841444270017
112.09629044988161
112.2429245283019
112.75490966221524
112.99213836477988
113.22379826635145
113.64319620253164
114.08983451536642
113.86269841269859
110.69905956112848
108.97267759562843
109.11276429130776
109.31619937694704
109.6232339089482
109.86352941176472
110.00157604412925
110.80736100234925
111.025
111.43413873733437
111.77769049489396
112.04799370574351
112.18784530386739
112.68499607227022
112.97711128650354
113.22310126582278
113.95350669818754
114.1527446300716
114.31279620853081
114.62798092209857
114.96825396825398
115.26813880126183
115.55395683453236
115.93843725335438
116.25592417061614
116.99052880820837
117.17072403639834
117.35091926458833
117.7593924860112
118.00637450199204
118.29778830963664
118.88078431372548
119.19170579029733
119.48661417322836
120.21216848673953
121.09212481426448
121.13060716612229
121.16908951798007
120.70246654306868
120.23584356815729
119.7692205932459
119.30259761833452
118.83597464342313
119.19655442443226
119.50665622552859
119.54495268138817
116.8217115689381
114.61835748792271
114.5008
114.51920000000001
114.9209265175719
115.40559999999999
115.68298555377208
116.03682946357085
116.38813151563753
116.61904761904762
117.05929487179486
117.44257028112449
117.84952229299364
118.14400643604182
118.73024740622506
118.95450917797285
119.38424821002388
119.19326383319958
116.2267716535433
116.00236593059937
116.05110062893081
116.33596837944664
116.562101910828
117.25380304243396
117.5761217948718
117.64526484751207
118.13157894736844
118.74247226624405
118.93630573248407
119.1828298887122
119.68962787015045
120.04395604395603
120.5441640378549
120.73730158730154
121.67103235747304
121.67269866247051
122.40359094457449
121.23468575974539
118.36066878980887
116.31472491909385
116.4234161988773
116.71624898949071
117.0400962309543
117.40306946688207
117.54750402576491
118.11769415532427
118.57131345688958
119.01430842607311
119.3182897862232
117.54545454545496
111.31180223285492
106.68250197941416
102.25358851674628
98.64733542319749
98.50193348801236
98.06722944924462
97.63252541047677
93.92500000000018
90.7798594847776
89.62870514820592
89.80670303975057
90.24610591900313
90.63657587548636
91.06221198156682
91.27700617283952
91.23443373410726
91.19186129537499
91.14928885664273
91.10671641791043
91.43281365998516
91.77661169415296
92.73167044595607
94.9189189189189
95.34178250204417
95.85784313725492
96.28535980148882
96.95488721804512
97.31753948462176
97.7504132231405
98.09400998336105
98.45107794361525
98.9585749792875
99.26028547439125
99.60402684563758
100.0807600950119
100.50381097560972
101.04064417177915
101.41284403669727
101.78598629093676
102.34096109839817
102.5003808073115
102.68471104608632
102.88464364437914
103.37969094922738
104.0117907148121
104.35836431226767
104.61607142857144
105.08862629246676
105.40223048327141
105.86074074074074
106.2118081180812
106.59985207100593
106.9578090303479
107.57666911225238
107.89604685212299
108.20489977728289
108.64705882352945
109.09830007390985
109.51900584795328
110.21818181818182
110.23590504451039
110.8055964653903
111.23520710059171
111.70609845701688
112.17935578330889
112.78962536023054
113.01611721611721
113.63070238957278
113.9949275362319
114.26802621995631
114.93566833452466
115.12647058823529
115.01817621557294
114.90988184291058
114.80158747024822
114.69329309758587
114.5849987249235
114.47670435226114
114.36840997959878
114.26011560693644
114.87041036717062
115.39415538132573
115.54855072463766
115.92168237853517
116.29475197699497
116.55571740713765
116.86652078774617
117.00582665695555
117.45501474926255
117.93446244477173
118.13136531365313
118.37333333333333
119.13980868285503
119.22973977695165
119.62713120830244
119.70308967596083
119.19999999999982
113.63399153737646
111.04240282685532
107.45548197203834
103.49419953596282
102.80784012298233
102.88429118773945
103.24036281179139
103.44189602446482
103.93911719939115
104.41516516516515
104.78260869565219
105.15931189229622
105.6203007518797
105.8144252441773
106.30763473053892
106.60371747211894
106.98224852071007
107.34260614934112
107.99331848552339
108.3893412287195
108.7717231222386
109.03046062407134
109.49291573452646
109.84467455621302
110.09197939661516
110.47730600292834
108.17466266866586
104.5111624326405
104.76190476190476
105.11239414934565
105.4329268292683
105.8841463414634
106.21004566210047
106.71545929798357
106.93038922155688
107.44791666666663
107.97986577181206
108.38392857142856
108.72985074626871
108.24682124158562
105.18146718146727
102.62937062937067
101.86212238574751
101.65982442550998
101.45752646527242
101.25522850503489
101.05293054479736
100.8506325845598
100.64833462432216
99.51351351351349
99.95444015444016
100.00923076923078
100.40832049306624
100.92058596761757
101.27517294388929
101.82151029748283
102.13740458015263
102.50613496932516
103.00382555470543
103.26810477657938
103.63993831919817
104.05465742879142
104.41608662026294
104.96213292117466
105.26488549618321
105.61166538756714
105.99160305343511
106.31821617535905
106.78234398782342
107.11509146341461
107.47286245353166
108.11929307805596
108.43616236162359
108.8193215339233
109.15220588235297
109.50546249089587
109.97867647058823
110.26632428466615
110.65853658536588
111.08653846153845
111.85214857975234
112.62677053824365
113.0991998758634
113.57162921348316
113.8361462728551
114.22080679405519
114.6024096385542
115.12909979064898
115.51736357193477
116.31060606060606
116.63084438241452
116.67448471926082
117.51888111888113
117.77668539325842
118.09866102889362
118.4703808180536
118.57071783937454
118.03650938296914
117.50230092656375
116.96809247015835
116.43388401375296
115.89967555734745
115.36546710094206
114.83125864453666
115.10304239598179
115.37482614742697
115.27272727272702
109.44988161010258
108.76875000000001
108.72741433021807
108.88654147104853
109.41070023603459
109.84603174603174
109.96281645569621
110.43296529968455
110.81264822134386
111.21884984025559
111.67394695787834
112.03278688524591
112.2978889757623
112.79638364779873
113.01639344262298
113.9941902687001
114.48123356261249
114.96827685652488
115.49515477509965
116.02203269367448
116.43637670740475
116.7442363112392
117.26543647977292
117.63681948424068
117.9516943042538
118.39584824624194
118.64244604316548
119.22900215362523
119.634110787172
119.90570175438597
120.28507462686571
120.80014534883719
121.36264534883722
121.3947368421052
122.50753768844221
122.58471521268893
118.87956204379543
116.59341445955619
116.42463768115942
116.61315979754158
116.97336213102949
117.35451263537902
117.810443490701
118.02971014492755
118.70065549890751
118.9685489635454
119.38606676342525
119.49525200876553
119.95633187772921
120.6193595342067
120.94343727338651
121.4155283968368
121.97220190197515
122.73211781206169
123.66407355021217
123.80771979985707
124.65901183020182
124.94155381325731
125.25089094796863
125.42109038737442
126.00710732054016
126.00710732054016
126.00710732054016
126.00710732054016
126.00710732054016
126.00710732054017
124.50288600288604
121.44651830581483
120.03118040089089
118.74734943392718
117.46351846696348
116.1796875
112.9421553090333
110.72698412698412
110.59419152276294
110.81527669524553
111.1765169424744
111.63999999999999
111.91849529780563
112.28415300546442
112.95361635220127
113.20662460567826
113.70797158642463
113.98738170347002
114.48724082934609
114.2197802197802
113.15964343598057
112.19226519337016
112.19226519337016
112.19226519337016
112.19226519337016
112.19226519337016
112.19226519337016
112.19226519337016
112.19226519337099
104.69405815423511
103.20537634408606
101.57894736842127
98.75276752767536
97.26164874551978
96.1391304347826
96.59725792630677
96.73424190800688
97.37893864013267
99.53195020746898
102.57628524046436
103.40244897959178
103.9821283509342
104.47020933977456
104.81920000000002
105.42130365659773
105.96950240770457
109.85170178281987
111.93408360128615
112.36019339242546
113.13953488372093
113.41252006420541
113.98960831334932
114.37749401436554
114.89553429027114
115.28433734939756
115.65301204819275
116.0638126009693
116.38221153846143
114.35628502802251
112.94229249011863
112.7257666304269
112.50924077073518
112.29271491104345
112.07618905135172
111.85966319166005
110.91902834008101
109.99506172839506
109.48668885191341
108.75922818791946
108.53640167364017
108.53436372514922
108.53232577665824
108.32876712328766
108.32136752136762
107.20429184549369
106.3731853116994
106.41195070134253
106.45071609098568
105.89535864978903
105.92857142857144
106.24351464435148
106.65137614678906
107.59800664451814
110.2105263157896
111.16946308724835
111.81598667776854
112.28086164043083
112.66721581548597
113.07154742096506
113.35396039603961
113.70802315963607
114.05215231788077
114.43817427385892
114.72674418604674
112.25445705024322
110.57291666666663
110.38701923076923
110.36429143314652
110.27214684756564
108.27446300715974
105.75949367088606
103.00713719270425
100.7392686804451
97.92908366533857
96.87331749802058
96.77277648966263
96.67223548130471
95.86507936507937
95.86212361331218
96.28088119590876
96.6671936758894
97.56648308418607
101.64139020537141
104.07637795275593
104.57424960505529
105.03328050713151
105.64330708661419
105.92659826361478
106.47888446215143
106.8088119590874
107.50903377847601
107.94753328112768
108.46650906225375
108.81068342498037
109.2600321027287
109.68809523809523
110.04409448818888
109.0071090047395
106.82574568288851
106.33122529644268
106.60538827258318
107.05863708399363
107.50709779179812
107.90431372549017
108.32811276429129
108.75138121546962
109.04358161648179
109.63650793650794
110.07436708860757
110.56367924528303
110.34875293646058
110.13382662763814
109.9189003188157
109.70397400999332
109.48904770117088
109.27412139234843
109.05919508352599
108.84426877470355
109.20597484276732
109.77496038034866
110.16758893280632
110.60191082802544
109.34649476228833
106.31169871794873
103.68404423380727
103.90396825396829
104.48191823899373
104.9137658227848
105.35238841033674
105.85545023696682
106.30300632911394
106.83478260869566
107.29556259904916
107.73149606299216
108.16942474389282
108.949246629659
109.38319999999999
108.89848121502791
106.54321966693101
105.85059288537548
106.09357652656621
106.56507936507933
107.02866242038215
107.60553359683797
108.14595028067356
108.68269230769232
109.07747035573118
109.68467037331214
109.98009554140128
110.48629032258066
110.97605746209098
110.77968823786233
110.58331901363363
110.38694978940498
110.19058056517628
109.99421134094763
109.79784211671893
109.60147289249028
109.40510366826157
109.81205392545598
110.14675220529273
110.89137380191693
111.30948553054662
111.73247381144239
112.15642458100558
112.51410153102336
113.00319999999999
113.4046849757674
111.68222043443302
110.03495934959346
107.16706161137441
107.16706161137441
107.16706161137441
107.16706161137441
107.16706161137427
102.70489296636083
102.50805452292441
102.47995666305525
102.54715127701377
103.37781785392247
103.90547703180209
104.1834625322997
104.70085470085473
105.11083333333329
105.73851294903926
106.05385252692622
106.60511129431166
106.9157808667212
107.67622950819674
108.02530612244897
108.47719869706839
108.86038961038957
109.20163934426228
109.79806918744976
110.2440622440622
110.56785137318252
110.99272433306385
111.53158326497123
111.99102040816331
112.48323793949305
112.847471451876
113.37754271765664
113.72607260726068
114.26945126945128
114.61005770816155
115.24834983498351
115.63366336633658
116.30769230769232
116.66363636363639
116.96655518394653
117.59026028547441
118.01022146507671
118.59406779661015
119.00769230769231
119.27612574341538
120.10997442455243
120.48085106382973
121.07979184735473
121.34437663469919
121.75494411006025
122.31416309012877
122.80852915578764
122.92301038062305
117.11558219178096
112.98729889923834
109.44331641285953
106.93338954468803
107.04228855721396
107.60000000000002
107.88448844884488
108.22231404958677
108.61525840853164
109.22340425531911
109.73688524590165
110.17283950617286
110.7862407862408
111.06003289473688
111.593954248366
111.90596892886344
112.39346938775509
112.8092532467532
113.56532456861135
114.0723684210526
114.40796019900495
114.80081967213118
115.27874276261372
115.62725779967161
116.19110378912683
116.53459637561775
117.08257638315445
117.61354252683736
118.15113350125944
118.59253112033196
119.00083752093803
119.46205170975816
119.964586846543
120.32876712328766
120.8028764805415
121.36595744680847
121.87232219365899
122.26575809199312
122.839516824849
123.01617021276593
123.69691780821915
124.128116938951
124.31551724137944
122.18205128205136
120.21614802354924
120.08808724832215
120.12283493067179
120.15758261302142
120.19233029537104
120.22707797772091
114.84628237259858
109.19067443796848
104.57708161582832
102.36709886547806
102.82163034705411
103.36511817440913
103.66962843295642
104.07073954983923
104.59409888357254
105.01119104716224
105.60828025477707
105.92006394884095
106.38919777601268
107.09330143540672
107.61617763679618
107.99602543720187
108.56136183689625
108.92295345104333
109.43685464654482
109.90309769658461
110.3325339728217
111.0836653386454
111.4689265536723
111.9742765273312
112.51848874598068
112.94988066825772
113.50848827809216
113.93097913322629
114.40406504065038
114.75924404272803
115.46347402597405
115.95293146160202
116.43954248366015
116.74264705882354
117.42622950819668
117.81219110378913
118.15226337448564
118.64125932062962
119.22129783693845
119.82575757575762
120.39342881213145
120.69093988145642
121.20338983050846
121.53490328006728
122.19172297297297
122.40318524727576
122.62912785774733
119.24083333333328
113.79622021364048
110.30272952853556
107.30673316708226
106.276402640264
105.60748878941945
104.9385749385749
103.64545454545456
103.84627964022894
103.96672077922085
104.76394502829424
105.10598705501616
105.63001605136435
106.08045052292846
106.59357429718875
106.93535514764562
107.4541101356744
107.82678428227746