104.92233727810651
105.24889217134417
105.65011119347665
105.9948224852071
106.26307922272048
106.43933685003768
103.57281553398059
100.67561683599419
100.33236574746009
100.46618181818181
100.80145454545455
101.0424597364568
101.39019033674964
101.54050073637703
102.02952029520296
102.22304283604136
102.5467255334805
102.78438661710038
103.32402645113888
103.48856088560885
103.71037037037037
103.9985152190052
103.69017254313579
100.03601532567049
95.90254237288136
92.25643896976484
92.25643896976484
92.25643896976487
85.5
85.5
85.5
85.5
85.5
85.5
85.5
85.5
85.5
85.5
85.5
85.5
85.5
85.5
85.5
85.5
85.5
85.5
85.5
85.5
85.5
85.5
85.5
85.5
85.5
85.5
85.5
85.5
85.0
85.0
85.0
85.0
78.12588116817724
78.74157303370787
79.55445544554455
80.01683748169839
80.57328519855595
80.89071428571428
80.26076311093487
79.63081193615545
80.34044016506189
80.77785419532324
81.40949759119064
82.23948439620081
82.6776180698152
83.30053908355795
83.66891891891892
84.12186865267434
84.62567204301075
85.03771043771044
85.49093351242445
86.00540540540541
86.60508701472557
86.80256930358351
86.31619937421155
85.82982944483959
85.34345951546763
84.85708958609567
84.37071965672372
83.88434972735176
83.3979797979798
84.02702702702703
84.4804318488529
85.02713704206242
85.35815842924848
85.83980913428766
85.98841172460806
85.24007726636245
84.49174280811684
83.74340834987123
82.99507389162562
83.57271468144044
83.87756497948017
84.37226775956285
84.71428571428571
85.18388429752066
85.60315284441398
85.94016506189821
86.3504449007529
86.23598615916956
80.8740431454419
79.93203883495146
80.3692628650904
80.68413793103448
81.0449205252246
81.58632596685082
81.92079889807162
82.51373626373626
83.08154803040775
83.55631868131869
83.96636925188744
84.4951989026063
84.79834254143647
85.22076124567474
85.625
86.04692891649414
86.51923076923077
87.08413793103448
87.59670781893004
87.99724137931034
88.27862068965517
88.790601243953
89.13061506565307
89.4001386962552
89.96453407510431
90.48783877692843
90.97144846796657
91.33635097493037
91.80876216968011
92.27955493741307
92.65848527349229
93.07863604732081
93.56701754385965
93.94479385045423
94.63554006968641
95.00556715379263
95.5170731707317
95.9654442877292
96.36993006993006
96.86704384724186
97.40912280701755
97.86895585143658
98.02263083451203
92.61752988047806
89.15496688741722
89.15496688741722
89.15496688741722
89.15496688741723
84.22150259067358
84.77878787878788
85.09479865771812
85.83282208588957
86.6798866855524
87.13240418118467
87.68403015764223
88.17131203263087
88.6386440677966
89.17643051771117
89.57027027027027
90.08559782608695
90.60205479452055
91.31759946055293
91.81237113402062
91.56085526315789
91.56085526315789
91.56085526315789
91.56085526315789
91.56085526315789
91.56085526315789
91.56085526315789
91.56085526315789
91.56085526315789
91.56085526315789
91.56085526315789
91.56085526315789
91.56085526315792
89.5
89.5
89.5
87.96962879640046
88.5352380952381
88.9691923397169
89.36283185840708
89.78520499108734
89.78520499108734
89.78520499108708
147.85900783289816
147.72994652406416
147.72994652406416
147.72994652406416
147.72994652406416
147.72994652406416
147.72994652406487
85.9843912591051
86.61059714045416
87.35828877005348
88.25035360678925
88.81649484536082
89.24383561643836
89.89302640487475
90.4411964649898
90.94761584956346
91.3821138211382
91.99460552933243
92.4777027027027
93.27593220338983
93.63698630136986
94.2656142759094
94.65862068965517
95.18300205620288
95.64969029593944
96.15904292751583
95.83393177737881
95.83393177737881
95.83393177737881
95.83393177737881
95.83393177737881
95.83393177737881
95.83393177737881
95.83393177737881
95.8339317773789
80.47904869762175
81.06195546950629
81.83004926108374
82.25273865414711
82.77488855869242
83.48872727272727
83.88019732205778
84.57073170731708
85.0387275242047
85.56232876712329
86.0718194254446
86.91991786447639
87.25819672131148
86.83010306659008
86.40200941186868
85.97391575714727
85.54582210242587
85.9965940054496
86.44915824915824
86.94361413043478
87.65426251691476
88.07967589466577
88.42162162162163
89.00543109300747
89.33197000681663
89.91508152173913
90.27846364883402
90.76454483230664
91.1659891598916
91.74759945130316
92.38987688098496
92.64866712235133
93.15918367346939
93.15478228962819
93.15038090578697
93.14597952194576
93.14157813810456
93.13717675426335
93.13277537042214
93.12837398658094
93.12397260273973
93.64192439862543
93.96691936595451
94.50068775790922
94.85269709543569
95.37914364640892
91.55034965034974
88.08947006194082
88.1629680998613
88.70401106500691
89.04752066115702
89.6125
90.12863070539419
90.53573907009022
91.07952973720609
91.90568654646324
92.32575757575758
92.79056865464632
93.19024725274727
92.90002350868829
92.60979976462933
92.31957602057035
92.02935227651139
91.73912853245241
91.44890478839343
91.15868104433447
90.86845730027548
91.2915512465374
91.94355400696864
92.29923451635351
92.66829951014695
93.1513249651325
93.62991573033707
94.31258840169731
94.75798438608942
95.0142755174875
94.58281524178278
94.15135496607803
93.71989469037331
93.28843441466854
93.64722617354197
94.14762242725337
94.79459843638948
95.27674750356633
95.68201133144476
96.10369318181819
96.48090523338048
97.03255484784148
97.4690576652602
97.9070262597587
98.30391459074733
99.16392269148174
99.60014409221901
99.74577516531963
96.99659284497443
94.25234899328859
94.25234899328859
94.25234899328859
94.25234899328859
94.25234899328859
94.25234899328825
78.20471464019852
79.00847457627118
79.52205220522052
79.94235588972433
80.58208955223881
81.22785768357305
81.60247994164843
82.31285714285713
83.26652601969057
83.69671558350802
84.36615811373093
84.68836565096953
85.27560137457044
85.68514715947981
86.32992501704157
86.6978954514596
87.48544346648612
87.9370345294516
88.42596348884382
88.66643975493537
87.38223948531083
86.09803921568627
86.61522911051213
87.08973487423522
87.53757616790793
88.25559322033898
88.83503749147921
89.14051841746249
89.7064406779661
90.10884353741497
90.5621546961326
90.99381443298972
90.2719358533792
89.55005727376869
88.82817869415807
89.12852233676976
89.50068681318682
89.984268125855
90.40712816997944
90.88472032742156
91.26308539944907
90.76442200125675
90.26575860306443
89.7670952048721
89.26843180667979
88.7697684084875
88.27110501029512
88.89484536082475
89.3573883161512
89.8446132596685
90.28205128205128
90.6812804453723
91.53522099447514
91.22983425414365
90.92444751381217
90.61906077348067
90.31367403314918
90.00828729281768
90.52400835073068
91.02821748107364
91.51900483759502
92.22252937111264
92.66083916083916
93.06810284920084
92.28366156797551
91.49922028675019
90.71477900552486
91.16943291839557
91.61752433936022
92.12508591065293
92.81881051175657
93.36016655100624
93.71458333333334
94.33960948396094
94.84070175438596
95.29465541490858
95.72573839662448
96.241330502477
96.78263937896966
97.49111584932481
98.09578270192995
98.41815582558971
99.04996431120628
99.55283968368082
100.15539568345324
100.71813546977421
101.17548948513416
101.91630276564774
102.63311451495258
102.94200743494423
103.60901699926092
104.21716417910449
104.65461254612546
105.17809239940388
105.78614008941878
106.21390778533635
107.1144578313253
107.42042042042041
107.97972972972974
108.68673780487805
108.9758854559156
109.65749235474007
110.17086193745233
110.66795366795373
108.58751902587528
104.64217487141808
104.75
105.12091988130564
105.50333086602517
105.84119850187267
106.2987208427389
106.84281437125748
107.19714070729873
107.69969742813919
108.47288006111535
108.95801526717557
109.5290964777948
109.97611710323574
110.54419677171407
111.05667701863354
111.56575875486382
112.29085222830336
112.74328593996842
113.82783018867923
114.3921875
114.8623417721519
115.41496062992155
152.48666666666668
152.48666666666668
152.48666666666668
152.4866666666676
113.25875796178343
106.50537634408624
102.2811447811448
98.84525357607282
98.84525357607282
98.84525357607282
98.84525357607299
90.5077519379845
90.49791666666667
90.9419525065963
91.94457831325303
92.56468797564688
93.08008817046289
93.60445082555634
94.15696022727275
94.74647887323954
92.55169971671376
87.804347826087
84.51795580110496
85.32709632709634
85.97581202487908
86.55396174863387
87.16221765913758
87.77129120879121
88.21969696969697
88.80301990391214
89.28796169630641
89.0955754217921
88.9031891472778
88.7108028727635
88.51841659824919
88.32603032373488
88.13364404922058
87.94125777470629
88.36820083682005
89.10422535211268
89.86633663366337
90.2963224893918
90.8005698005698
91.47798295454544
91.92988668555239
92.60271041369472
92.94479830148623
93.67116477272727
94.01357142857142
94.96291012838802
95.4586305278174
95.96482412060301
96.384011420414
97.06852248394006
97.69017094017093
98.23908375089476
98.9049676025918
99.35760634462872
100.27436823104694
100.90275761973874
101.59051094890512
102.11665443873807
102.6504005826657
103.28937728937728
103.56222222222232
98.53074670571004
92.65902578796556
91.11731843575419
91.57665260196904
92.1764705882353
92.67814476458187
93.32466619817288
93.7782485875706
94.38061797752809
94.94848270995061
95.56166314305852
96.27892122072393
96.78637331440737
97.35724533715927
97.98919308357353
97.664488017429
91.95761494252883
85.59788732394372
80.76625172890733
80.83759502418798
81.72570640937283
82.26849315068495
82.95681973954765
83.50989761092148
84.1247443762781
84.80766598220396
85.28434723171563
85.9673469387755
86.46930422919513
85.24148738459076
84.01367053998632
84.77762619372442
85.21243169398906
85.94137695978185
86.68116927260365
87.16757865937075
87.7886843899114
88.7627464309993
89.22933884297521
88.57894094541825
87.92854304786124
87.27814515030428
86.62774725274727
87.19535519125685
87.82328767123289
88.30511945392493
88.17002148906587
88.03492352420682
87.89982555934776
87.7647275944887
87.62962962962962
88.19545767377838
88.856159669649
89.30428769017982
90.00827015851138
90.94831150930395
91.49445214979195
92.07941988950276
92.06620292963069
92.05298596975864
92.03976900988658
92.02655205001453
92.01333509014248
92.00011813027042
91.98690117039837
91.9736842105263
92.50383275261322
92.99029126213594
93.51639916259597
94.10118632240057
94.72389628591452
95.29716312056738
95.81267605633802
95.75727466288163
91.92696629213492
88.769123783032
88.12112869924295
88.1024384428625
88.08374818648207
88.06505793010163
88.04636767372119
88.02767741734075
88.00898716096032
87.99029690457988
87.97160664819944
88.36914600550966
88.87318087318087
89.29799029799028
89.9117849758787
90.43556168159887
91.09874826147427
91.8990889978977
92.27729257641931
90.39411764705892
88.59885386819484
88.5
88.56063988095238
88.62127976190476
88.68191964285714
88.74255952380952
88.8031994047619
88.86383928571429
88.92447916666669
89.62793427230048
90.07121364092276
90.44078361531609
91.0606557377049
91.47547468354429
92.34687735139204
92.79302501895376
93.26217228464418
92.6269774721896
91.99178265973501
91.35658784728042
90.72139303482587
91.17765440666204
91.64384508990315
92.4588804422944
92.2431951652602
92.02750988822598
91.81182461119178
91.59613933415758
91.38045405712339
91.16476878008919
90.949083503055
91.4458904109589
92.17803547066848
92.55997258396161
93.12960436562074
93.60356652949235
91.35448275862063
88.169167803547
85.94880546075085
86.04267033723329
86.59233926128593
87.45504087193461
87.99315068493149
88.51276742581092
89.1106471816284
89.57152826238661
89.06199468020236
88.55246109801817
88.04292751583392
88.42595204513401
89.312101910828
89.81599433828734
90.2963224893918
90.87803138373752
91.35582386363637
91.81455064194006
92.41654778887303
92.92739036664273
93.59999999999997
94.20577617328519
94.7465703971119
95.20116194625996
95.82796486090774
96.2656477438137
96.92318946598391
97.40528634361232
98.01994091580502
97.9548482605478
93.76249094858798
94.07283321194464
94.48306332842412
94.99487554904832
95.42426470588236
95.90154298310065
96.3078618662748
96.78244837758109
97.36532738095241
97.98665678280207
98.49664929262843
99.0979228486647
99.53943452380952
100.11595273264402
100.52674591381873
101.10945644080414
100.40374531835187
93.8734455010972
90.86564996368918
91.1197954711468
91.65712187958883
92.01550960118169
92.68563092633116
93.12453669384729
93.5867952522255
94.06511976047898
94.9501488095238
95.40946656649135
95.9032738095238
96.42643764002986
96.98270676691729
97.44728915662654
98.04661654135339
98.54470938897168
99.16629213483145
99.8552036199095
100.35735735735736
100.69825625473851
100.15342173491274
99.60858721508703
99.06375269526126
98.51891817543549
97.97408365560977
97.429249135784
96.88441461595824
97.37313432835822
97.9634601043997
98.43656716417911
98.94331065759638
99.47943156320119
99.88629518072287
100.59066967644846
100.59066967644844
98.07758121503593
95.5644927536232
95.99122165325531
96.32771260997066
96.86196769456683
97.27192336035375
97.87749077490776
98.33333333333334
98.7410447761194
99.50185873605949
100.04903417533433
100.60626398210292
100.99035608308606
101.60986547085201
101.99401197604789
102.69571750563486
103.11675511751326
102.97859327217157
96.6713235294119
93.42044636429085
93.47901591895803
93.88962472406183
94.45487894350697
95.01482579688661
95.52335063009639
96.01726726726727
96.45733532934133
97.20736288504884
97.74380165289256
98.42867867867868
98.39924812030085
93.79095626389926
89.75327510917032
87.174981923355
87.9034220532319
88.57701149425287
89.10871183916606
89.72490706319701
90.28026412325755
90.74300441826216
91.29102844638948
91.7749077490775
92.43079200592155
92.77531411677751
93.65430267062311
92.55472263868069
89.00073152889536
88.34919472913617
89.07634730538922
89.40528301886792
89.95886312640238
90.56033182503768
91.07249626307919
91.78441754916793
92.33051498847041
92.75890826383625
93.23917995444191
93.73823975720791
94.23071104387293
94.72602739726028
95.23708206686933
95.72218016654051
96.51499250374809
96.97507552870093
97.46043707611153
98.09015777610819
98.6538750940557
99.15828957239307
99.69946605644543
100.27471698113209
100.74924471299096
101.59954751131221
102.24528301886792
102.66059225512527
103.27389984825493
103.87996941896023
104.37789799072652
100.93267776096809
96.80192165558014
94.45680819912155
94.14129078321861
93.8257733673156
93.51025595141266
93.19473853550971
92.87922111960671
92.56370370370382
90.83381712626996
90.68915294869021
90.54448877111045
90.3998245935307
90.25516041595094
90.11049623837118
89.96583206079143
89.82116788321167
90.10050983248362
90.54945054945057
91.13537117903928
91.63257852447043
92.57810218978102
92.88700147710489
93.49814951887492
93.9502228826151
92.94996265870054
91.14648295866562
90.7378959976349
90.32930903660417
89.9207220755734
89.51213511454262
89.10354815351195
88.9378612716763
89.23840579710145
89.75962236746551
90.19796954314722
90.75707034082666
91.24458874458878
92.10310021629414
92.59404502541759
93.0825488776249
93.62178072111845
94.18548387096774
94.59351988217969
95.07499999999999
95.6331621423331
96.1447562776957
96.86800894854588
97.35488721804512
97.90060240963857
98.36528301886779
96.03909774436079
93.12276785714289
90.89304029304026
91.71145374449338
92.1349147516679
92.89195230998507
93.49625187406298
93.92164179104475
94.53817365269458
94.95658682634729
95.53684210526313
95.14212612323485
94.74741014120661
94.35269415917838
93.95797817715015
93.56326219512192
94.00681302043904
94.61637604245641
95.05610310841553
95.7437452615618
96.12100456621005
96.71331316187593
97.22681992337164
98.1841704718417
98.48097412480956
95.50860134629784
92.52402402402413
88.85136129506986
86.73425054308473
86.7
86.71089961931477
86.72179923862954
86.7326988579443
86.74359847725907
86.75449809657384
86.76539771588861
86.77629733520337
86.46153846153848
86.56740492653415
86.67327139152982
86.77913785652551
86.88500432152118
86.99087078651678
85.34623358673116
85.84989576094512
86.30865051903118
86.95145631067965
87.4583911234397
88.06219765031096
88.92141863699584
89.22144358794674
88.2958682374881
87.37029288702928
87.94224077940152
88.4658774373259
89.04378040305767
89.50976290097628
90.05730258560448
91.01120448179273
91.40212014134272
91.85067232837935
92.45280340667136
92.95609065155804
93.56564939673524
92.59314775160601
90.24714285714288
89.34847409510292
90.19815340909088
90.65832737669768
91.42277580071175
91.81857142857143
92.4882058613295
92.81968390804593
93.54306049822065
93.95275590551182
94.55850681981337
95.52783803326105
95.98540145985402
96.55051244509514
97.12472647702407
97.84897360703815
98.38095238095241
98.98081180811812
99.57006603081436
100.20499632623068
101.08518518518508
99.91586001489213
97.54306569343044
94.83744557329464
91.34813753581648
88.31311706629049
86.50070323488046
86.19045944678857
85.88021565869667
85.56997187060477
85.25972808251288
84.94948429442098
84.63924050632912
84.61048951048951
85.10861948142957
85.68245125348187
86.25296995108317
86.99791086350979
87.91991643454037
88.3948646773074
88.99720865317516
89.61414565826328
90.1915336571825
90.78686233403215
90.6993196863529
90.61177703867364
90.5242343909944
90.43669174331514
90.3491490956359
90.26160644795664
90.1740638002774
90.6911764705882
90.44713638404698
90.2030962975058
89.9590562109646
90.74301675977654
91.18143754361483
91.82035087719294
92.47009148486984
92.986647926915
93.57556497175142
94.20099079971692
94.63128096249125
93.02068473609143
86.35463483146077
82.79353932584274
81.98941425546934
82.63291139240505
83.16950354609935
83.84820801124386
84.37853107344631
85.04198740377888
85.61914744933608
86.53347280334731
87.22230014025251
87.89144050104386
88.33075299085147
89.0583274771609
89.57352941176475
90.24912526242127
90.84065155807366
91.32303370786519
90.56674784981374
89.8104619917624
89.05417613371094
88.2978902756596
87.54160441760814
86.7853185595568
87.24479889042993
87.89067974772252
88.42887175893486
89.31446540880506
89.98877192982457
90.51093860268173
90.19436442234286
89.87779024200398
89.5612160616651
89.24464188132623
88.9280677009873
89.45585068198136
90.3612112472963
90.88150289017335
91.54857560262963
92.06488824801727
91.69440351626088
91.32391878450443
90.95343405274798
90.58294932099159
90.2124645892352
88.37769784172679
85.02207977207968
83.17550143266476
83.86542591266999
84.38948116560061
85.01921708185051
85.46104360257323
86.1615658362989
86.87012065294539
87.80549682875267
88.1423537702608
88.95258315640478
89.46208362863217
89.99435426958371
88.5274411974342
85.29894736842107
83.7480755773268
83.81341719077568
84.36312849162016
85.0063069376314
85.59680777238032
86.26513569937367
86.97340797760671
87.55246699096597
88.1804195804196
87.88943661971825
83.73128061581525
83.98642857142852
84.71894960965221
85.33238231098426
86.01549295774646
86.62402826855123
87.22150997150993
87.95325779036824
88.29278642149927
89.32267235252311
89.9585121602289
90.56774193548381
91.2625538020086
91.71489971346705
92.45689655172418
93.0343347639485
93.58029978586728
94.14337175792502
95.0507614213198
94.99927219796245
90.32037437005056
85.68851303735028
84.4048951048951
84.36240908123688
84.31992305757866
84.27743703392044
84.23495101026222
84.192464986604
84.14997896294577
84.10749293928754
84.06500691562928
84.71911663216008
85.37491385251553
86.00897790055251
86.62672176308536
87.21266345492086
88.13145216792839
88.79008947006196
89.32391454169533
89.96963423050386
90.59346768589296
91.12033195020751
91.85911602209944
92.50764951321275
91.70906535488393
87.15840220385675
87.20414434840248
87.24988649294819
87.2956286374939
87.34137078203963
87.38711292658536
87.43285507113109
87.47859721567681
87.52433936022248
88.54975643702159
89.0492264416315
89.706338028169
90.23876404494388
90.8518258426966
91.31007751937989
91.84936350777934
92.47940340909088
93.23994354269587
92.81267806267806
91.24210526315801
90.11376404494382
89.75216625404687
89.39056846314986
89.02897067225291
88.66737288135573
85.57182901191311
85.17468175388967
85.66428060128851
86.16154395997137
86.90186246418341
87.27999999999997
87.97140814867765
88.3583690987125
89.07532281205164
89.57936507936506
90.56978417266185
91.01943844492439
91.61577060931904
92.29136690647482
92.7496382054992
89.56967509025253
86.01493598861998
82.69871794871801
81.31653655074524
80.97448993099295
80.63244331124065
80.29039669148835
79.94835007173606
78.79388770433548
79.64393395549178
80.19700214132763
80.81520966595588
81.4140625
82.45480225988695
83.03706343549538
83.70592383638927
84.44310954063599
85.03656821378343
85.65633802816902
85.7783286118979
82.28693790149873
79.67492917847039
77.33832976445399
77.95836324479535
78.53037884203002
79.27741935483868
79.78111587982835
80.5275590551181
81.18404025880659
81.78540462427748
82.39496402877694
81.43593800284452
80.47691197691199
81.10377358490564
81.6779538904899
82.37175792507207
82.89416846652273
83.62875536480692
84.16762177650435
84.94623655913983
85.76999999999998
83.07764198418408
80.24262059035254
77.99423215573177
78.88736462093868
79.53134110787175
80.03843364757074
80.707229778096
81.65926986399427
82.35785714285714
82.96328293736497
83.64351523742027
84.20770877944324
84.89721627408994
85.5096222380613
86.11646297627601
86.80271622587566
87.878853046595
88.21033740129224
88.96829971181558
89.46521739130435
90.12877697841725
90.63675832127353
91.20516499282638
90.96581818181858
87.26931407942266
83.03408266860049
83.59797541576285
84.08550724637678
84.73007896625984
85.23640319071785
85.94207096307025
86.4815884476534
87.0743145743146
87.7628716461204
88.60970311368573
89.09743589743584
86.26219956300065
83.46366279069753
81.4945770065076
81.92465252377463
82.48755490483165
83.11682586333575
83.65795206971688
84.57369942196533
85.1907179115301
85.89565217391305
86.4380466472303
87.09479015918964
87.81336238198992
86.63088235294072
83.25912408759086
79.92994100294982
76.72606382978722
76.0111801242236
76.01118012422359
75.72769409038239
75.89134808853123
76.59047619047618
76.89529220779218
77.63551401869165
78.41145038167929
79.38970588235293
79.86710239651416
80.6289625360231
81.36564504632929
81.90184921763864
82.5926449787836
83.27433004231307
83.94275618374559
84.69354838709683
85.64845938375345
86.19747013352071
86.85283812193413
86.73765867418933
83.44926522043397
81.37640449438203
81.44950911640956
82.16491228070186
83.0682617874736
83.73333333333335
84.3728222996516
85.00701754385966
85.55160390516039
85.06956648890309
84.58752907264568
84.10549165638838
83.62345424013108
83.14141682387367
82.65937940761637
83.35834502103785
83.87035739313251
84.58041958041963
85.16350877192986
85.77466759972003
86.4887798036466
87.08738548273436
88.1114245416079
88.88896746817534
89.41101694915255
90.11527581329563
90.80071174377224
91.42785355348167
92.10078627591133
92.61388286334068
89.66954643628469
85.29787234042533
82.29608540925267
81.81658468025296
82.30508474576277
82.82599580712792
83.6269177126918
84.2640056022409
84.80112044817929
85.46545708304257
86.47790055248618
87.14175977653633
87.87168758716871
86.91456582633054
84.7718073970691
82.57232267037557
82.2273991655079
81.41472050735274
80.6020418491978
79.78936319104264
78.59708737864082
79.23291492329145
79.71855455177206
80.36706210746684
81.03571428571433
81.7017301038062
82.48163548163552
83.01047486033531
84.002084781098
84.74913614374566
85.31575294934078
86.06592643997226
86.79276773296249
87.41446453407514
88.12856150104233
88.87569444444443
89.48491228070179
90.3471933471933
91.22352941176473
91.70055710306406
92.5205574912892
93.13189113747387
93.71388499298746
94.59161931818176
93.61653599429883
86.28393351800554
86.58494475138127
87.15800415800413
88.05121107266439
88.56599861783002
89.27392510402217
89.97245179063361
90.55045233124565
91.1575673807879
92.17590027700828
92.81097984711607
93.59451862262824
94.10916724982508
94.7987332864177
91.44028268551301
85.42806770098741
79.72380291464287
76.25273972602736
77.28035470668488
77.83651226158042
78.63015551048011
79.4567567567567
80.18535930154462
80.90261920752187
81.54959785522783
82.37882822902793
83.07873485868095
84.10924932975877
83.63482749567027
83.16040566158176
82.68598382749337
83.52742044685169
84.36142953472688
85.01488497970229
85.78787878787875
86.52457912457908
87.62754409769332
88.25727826675694
88.256819234456
88.25636020215507
88.25590116985414
88.2554421375532
88.25498310525226
88.25452407295133
88.2540650406504
89.2314939434724
89.95350404312666
90.2077656675749
89.83844232515901
89.469118982743
89.09979564032699
88.73047229791098
88.36114895549497
87.99182561307907
88.98096532970771
89.55223880597009
90.22048846675716
90.92140921409214
91.34761904761899
91.04333048919221
90.73904193076544
90.43475337233866
90.13046481391189
89.82617625548505
89.52188769705828
89.2175991386315
88.91331058020478
89.38121170864531
90.09332425068123
90.82448979591834
91.3544648943423
92.40707964601779
89.94057377049194
87.6501694915255
86.49357674104124
87.05778382053029
87.68800539083554
88.22350543478262
88.86440677966107
89.41972789115653
90.41344195519343
91.10182063385037
91.63605442176868
92.21689189189192
91.44924554183808
89.68685478320708
88.27192336035364
87.29498069498072
86.58439609902474
86.50424328147096
87.04064470918013
87.42248603351959
87.89669421487599
88.37508650519032
89.02532511978097
89.4253578732106
90.0640326975477
90.35081743869205
89.44602903291093
88.54124062713015
89.10061182868799
89.45708446866485
89.27961646101471
89.10214845336463
88.9246804457145
88.74721243806442
88.56974443041435
88.39227642276423
88.3392114980213
88.28614657327836
88.23308164853543
88.18001672379249
88.1269517990496
88.6619047619048
89.14617486338796
89.7175989085948
89.54216715988821
89.36673541118162
89.19130366247504
89.01587191376848
88.84044016506186
89.32740943267265
88.84322671124198
88.35904398981131
87.87486126838064
87.39067854694997
87.98684210526312
88.39764052741157
89.0188153310105
89.53064066852369
90.10216934919526
90.58827634333568
91.2020761245675
91.76519916142547
92.79901960784309
93.31276297335205
93.9387755102041
94.36382828993666
94.43705799151303
90.81338028169012
86.96850944716607
84.03814147018034
84.73979238754328
85.37361878453044
86.0444136016655
86.76104972375697
87.33633217993076
87.97567755385683
88.43154968728288
89.13365650969524
89.67642956764303
90.6036287508723
91.18832522585126
91.81551362683433
92.48565430370888
92.92711983181493
93.65819209039546
94.14867762687629
94.8010021474588
95.43450250536864