86.85979971387697
86.56818181818181
86.54228855721394
86.30905233380481
86.23131170662906
85.93319268635724
85.75459688826025
85.68678977272727
85.3778866340098
85.08686440677967
84.99646892655367
84.7644128113879
84.53526093088857
84.30969101123596
84.18573446327683
83.92356687898089
83.64813511611541
83.48457223001402
85.18909348441926
87.817335243553
88.59068100358422
88.72049756352945
88.85031412347469
88.98013068341992
89.10994724336514
89.23976380331038
89.36958036325561
89.49939692320083
89.62921348314607
90.87853107344633
90.87508821453775
90.87014820042343
90.77738764044943
90.67647058823529
90.50454227812719
90.38892782060266
90.04961565338924
89.94293667362561
89.7239944521498
89.51900483759502
89.49102209944752
89.13007570543702
88.89944903581267
88.71300138312587
90.70518207282913
92.03053977272727
91.90694345025054
91.85064011379801
91.742413549753
91.52263083451203
91.1987270155587
90.96478873239437
90.8006993006993
90.49406009783368
90.26208829712684
89.79291174426685
89.66990291262135
89.4913614374568
89.19931271477664
88.83344899375433
88.73036831132731
88.25310344827587
87.73143650242886
87.5611610228058
86.9630662020906
86.32422171602124
85.14113389626056
85.14113389626056
85.14113389626056
85.14113389626056
85.14113389626056
85.14113389626056
85.14113389626056
85.14113389626056
85.14113389626056
85.14113389626056
85.14113389626056
85.14113389626056
85.14113389626056
85.14113389626056
85.14113389626056
85.14113389626056
85.14113389626056
85.14113389626056
85.14113389626056
85.14113389626056
85.14113389626056
85.14113389626056
85.14113389626056
85.14113389626056
85.14113389626056
85.14113389626056
85.14113389626056
85.14113389626056
85.14113389626056
85.14113389626056
85.14113389626056
85.14113389626056
85.14113389626056
85.14113389626056
85.14113389626056
85.14113389626056
85.14113389626056
85.14113389626056
85.14113389626056
85.14113389626056
85.14113389626056
85.14113389626056
85.14113389626056
85.14113389626056
85.14113389626056
85.14113389626056
85.14113389626056
85.14113389626056
85.14113389626056
85.14113389626056
85.14113389626056
85.14113389626056
85.14113389626056
85.14113389626056
85.14113389626056
85.37816882900802
85.61520376175548
85.5201438848921
85.2604748603352
85.05865921787709
84.80514961725818
84.6923076923077
84.68850507016286
84.68470244801803
84.6808998258732
84.67709720372837
84.61074270557029
84.34521452145216
83.9928292046936
83.62007874015748
83.50493096646943
83.23725490196078
83.04912734324498
82.69830949284786
82.50065359477124
82.2568093385214
82.06898774983881
81.94102564102565
81.63188593648736
81.53856124432923
82.44356955380579
84.5668202764977
84.5278545826933
84.4888888888889
84.40261437908497
84.05825242718447
83.98829648894669
83.96430889033095
83.70982433311646
83.67253750815395
83.59503592423253
83.52408854166667
83.45963541666667
83.33398310591294
83.28311688311689
83.18818948734588
83.028664495114
82.79843444227006
82.67167101827677
82.40962288686606
82.23506493506493
81.75520833333331
81.44509421702404
81.0032658393207
80.62148002619516
80.29384816753927
79.95871559633028
80.02229054573405
82.90446650124069
82.90446650124069
82.90446650124069
82.90446650124068
90.71507760532151
90.60909886506326
90.50312012480498
90.26943005181347
90.20303468208091
89.98838053740013
89.7072463768116
89.4570596797671
89.19115549215405
88.75142045454545
88.59342197340798
88.45885634588564
88.25345303867404
87.89617486338798
87.75728813559321
87.56228956228956
87.37566844919786
86.89966555183946
86.732
86.62591362126246
86.50266311584554
86.2142381902861
85.95193591455275
85.62034574468085
85.56724367509986
85.35258964143426
84.96323529411767
84.72969374167776
84.6183155080214
84.35477453580901
84.24420913302447
83.9734395750332
83.7752659574468
83.61716171617161
83.34719471947194
83.05165562913908
82.87641196013288
82.72310756972112
82.47587574355585
82.34065202927479
82.03509933774835
81.47975553857907
81.47975553857907
81.47975553857907
81.47975553857907
81.47975553857907
81.47975553857907
81.47975553857907
83.22428949262672
84.96882344667438
86.71335740072202
86.67213114754098
86.56815203145479
86.28975032851511
85.92424242424242
85.71419185282522
85.54700854700855
85.20288903479974
84.97509829619922
84.71879106438897
84.54931417374266
84.21442495126706
83.76892692560895
83.58650065530799
83.3235294117647
83.06792945787066
82.77109221713538
82.53307138179437
82.30648330058939
82.10592105263157
81.95409836065573
81.41157133464826
81.29566360052563
81.0909090909091
80.95726495726495
80.49901639344262
80.38032786885246
80.1130604288499
79.92801047120419
79.52352941176471
79.33636955107352
79.11734028683182
79.10338101430432
82.63636363636363
84.5430463576159
84.32718894009217
84.31582403151674
84.12047399605004
83.842277486911
83.61391989494419
83.30078125000001
83.06784083496412
82.91128506197
82.52910398953566
82.22302158273381
82.07893020221789
81.77314211212517
81.33573298429319
81.2020928711576
80.92136304062907
80.65840938722295
80.39921208141826
80.27486910994766
80.04489264801562
80.04489264801566
83.8027796161482
87.5191798941799
87.51254953764861
87.4983498349835
87.43072449070252
87.36309914642153
87.11336828309305
86.88517060367454
86.77792378449408
86.63296126066973
86.28777923784494
86.11950098489822
85.77406679764243
85.66863517060368
85.54718217562254
85.23856209150328
85.04721862871929
84.72994129158512
84.47997373604727
84.20638020833333
84.00713822193381
83.66426229508197
83.50065274151436
83.21725032425421
83.02535760728219
82.83637548891788
82.6533682145193
82.31616688396349
81.95697522816167
81.83170254403132
81.54973821989529
81.3257477243173
81.19507453013614
83.60503644797882
86.82047872340422
88.88461538461539
88.88461538461539
88.74900662251656
88.62840079628401
88.39029255319149
88.1
87.921698739217
87.68497683653212
87.52600394996709
87.33553500660503
86.80424684804248
86.62879788639367
86.46543778801842
86.1544021024967
85.83564356435643
85.70910290237467
85.51581027667984
85.16337285902503
84.83913328956007
84.58842866535173
84.35117493472585
84.06290956749672
83.79934210526316
83.62204724409449
83.39138943248534
83.09483322432963
83.39056356487549
85.81938911022576
86.51058201058203
86.62981522642062
86.74904844225921
86.8682816580978
86.98751487393639
87.10674808977498
87.22598130561357
87.34521452145215
87.37046802900461
87.29183135704875
86.9439683586025
86.77374670184696
86.58530183727034
86.45716154349248
86.09717662508207
85.75769482645711
85.56393442622951
85.48620236530883
84.89313984168865
84.71409749670619
84.61198945981553
84.4745538664904
84.14613368283094
83.75476660092045
83.64698162729657
83.52724885095205
83.11460379829731
82.73399339933994
82.61209730440498
85.12818791946313
87.9871794871795
89.4022911051213
89.62652453777395
89.8507579704266
90.07499140307924
90.29922483573189
90.52345826838454
90.74769170103718
90.97192513368984
91.30649526387009
91.22693602693603
91.14208754208755
90.9469442578912
90.77941176470588
90.41801075268818
90.09912926992632
90.02406417112302
89.71056149732621
89.44547872340425
89.18363273453093
88.92895086321381
88.74437086092715
88.43142476697737
88.23128342245991
87.86423841059604
87.69271523178807
87.43530192435301
87.173564753004
86.88896276595744
86.65162574651626
86.44466534128563
86.21428571428572
85.73368841544608
85.51689860834989
85.24391847468772
85.0511288180611
84.64271457085829
84.53978779840847
84.1023102310231
83.87533156498674
83.66578424884182
83.27796161482462
83.09451421017846
82.71636845593108
82.59827357237715
82.29715420251489
82.01719576719577
81.7074784910655
81.40290620871862
81.15399867812292
80.69200264375414
80.36887417218543
80.23568136932195
80.5974565500726
80.95923173082323
81.3210069115739
81.68278209232457
82.04455727307521
82.40633245382583
81.81025299600533
81.75663129973475
82.631860776439
85.56338028169012
87.29972936400542
87.26964933879947
87.23956931359353
86.94866666666667
86.80066889632107
86.48490945674045
86.22169811320754
85.85331547220363
85.7441705529647
85.48133333333337
85.07723304231027
84.81708137188971
84.59412550066756
84.39381720430109
83.83489932885905
83.62241494329554
83.46893787575152
83.05559276624247
82.86057371581055
82.58705803869248
82.26702269692925
81.89960106382979
81.70913942628417
81.196949602122
80.97343957503318
80.77118078719147
80.42192691029902
80.20888594164458
79.88710754843021
79.55882352941177
79.36526946107784
79.11741160773852
78.58807769591425
78.34414295168762
78.04313205043132
77.7238158772515
77.41982701264138
77.18538205980065
79.09261744966443
84.03165863730192
88.93065187239945
88.98961218836565
89.35200885986897
89.7144055313723
90.07680220287561
90.43919887437893
90.80159554588225
91.16399221738557
91.52638888888889
91.67732558139535
91.58335976039464
91.48939393939393
91.24570200573066
91.17569444444445
90.95637119113573
90.62922122674019
90.31345353675451
90.13592233009706
89.6106133700896
89.48242591316335
89.01308539944904
88.70398351648352
88.46922024623802
88.24038461538458
87.88243335611759
87.63599182004091
87.21649484536081
86.8463114754098
86.50272108843538
86.30496936691628
85.86092265943012
85.64566395663958
85.40313778990452
84.98372881355931
84.72399728076138
84.52070604209098
83.8641638225256
83.73637602179838
83.39673913043478
82.96319018404907
82.70143149284252
83.81301369863013
87.2191592005513
88.61776859504133
88.57584076870282
88.42788790157209
88.18325326012354
88.00411240575737
87.77762619372442
87.47450713800137
87.22761449077237
86.90650406504065
86.61439239646978
86.4438393464942
85.89117043121149
85.68063186813187
85.48362892223736
85.103825136612
84.93183367416498
84.57970027247956
84.42477876106193
83.97617426820965
83.8059904697073
83.4460285132383
83.04573378839592
82.81049761417859
82.60970608339028
82.30555555555554
82.02376103190767
81.65712338104974
81.56385869565219
81.08695652173913
80.7694406548431
80.61778682959945
80.33786539768866
80.12729748127975
79.76261937244203
79.54867256637169
79.26657645466847
78.98433242506815
78.56598639455783
78.31211916046038
77.97942386831275
77.64500683994528
77.47826086956525
77.11201629327903
76.74393530997304
76.45822102425876
76.22402159244263
75.72113436866982
75.52881355932203
75.23268325487558
74.96421336934503
74.69402985074628
74.72086720867219
79.32282385195322
83.91798759476228
86.58011049723757
86.66641901931649
87.69941277706147
88.73240653480644
89.76540029255142
90.79839405029651
91.8313878080415
92.13582677165354
92.10445205479452
92.07148530579826
91.8158871566444
91.60907127429806
91.4503546099291
91.21736111111113
91.07029634734664
90.58827586206897
90.36806031528442
90.15458276333788
89.83991825613077
89.34501718213059
89.09257998638532
88.75956284153006
88.3949694085656
88.16100543478262
87.83344663494222
87.47454175152751
87.26308633582596
86.90724441435339
86.59483344663491
86.23465211459751
85.7925925925926
85.68703828072535
85.3072248480756
84.9491525423729
84.625
84.40134680134679
83.93690637720488
83.48659517426273
83.25519089082383
82.83187035786631
82.54533243787779
82.24295302013422
81.81689189189188
81.61275167785232
81.23892617449667
80.70619946091642
80.52794612794614
80.16745124411568
79.80188679245282
79.45558546433375
79.08974358974359
78.78372881355932
78.38227334235452
78.16711772665764
77.63439404197698
77.33468286099865
77.45215633423186
81.96922024623791
85.5443383356071
85.5443383356071
85.4850543478261
85.38121170864537
85.06929347826087
83.61430575035062
83.61430575035062
83.61430575035062
83.61430575035062
83.61430575035062
83.61430575035062
83.61430575035062
83.61430575035047
87.48572430374634
91.35714285714286
91.3263537906137
91.06538196834137
90.86491935483872
90.64929859719439
90.27132303559438
90.01072386058982
89.76486486486488
89.28494260634704
89.00809170600132
88.70174262734588
88.20659488559892
88.08394895903294
87.6987951807229
87.41961307538358
87.11305518169581
86.76794097920859
86.54661301140175
86.0067476383266
85.73342263898192
85.52980576021434
85.24764468371464
84.87650200267024
84.5753516409913
84.34893048128339
83.92919757248819
83.63228399196248
83.0241610738255
82.82092555331994
82.47925033467203
82.23395721925135
81.7955764075067
81.59236947791169
84.00271370420614
87.12978142076503
87.18231665524331
87.0743519781719
86.86499321573947
86.60189573459715
86.3929299796057
86.05687203791467
85.742934051144
85.60863697705804
85.2301963439404
84.80229419703107
84.48008102633355
84.15410497981159
83.86568166554736
83.578734858681
83.20942760942759
82.87094594594595
82.7320703653586
82.5456989247312
82.11306702775897
81.8418541240627
81.49730976172175
81.49730976172175
81.49730976172175
81.49730976172175
81.49730976172175
81.49730976172175
81.49730976172168
85.636194479594
89.77507919746569
89.21184919210054
89.18227424749165
88.97924187725631
88.97924187725631
88.97924187725631
88.97924187725631
88.97924187725631
88.97924187725631
88.97924187725631
88.97924187725631
88.9792418772563
84.8791348600509
84.93764730713758
84.99615975422427
84.76338028169015
84.68783422459893
84.39749505603163
83.9486166007905
83.70365535248044
83.52308707124013
82.95247524752477
82.7562417871222
82.43960396039608
81.68811881188118
81.68811881188118
81.68811881188118
81.68811881188118
81.68811881188118
81.68811881188118
81.6881188118814
85.25925925925925
85.25925925925924
86.17321867321868
86.6835820895522
86.31211656441718
86.11103202846977
85.82397260273973
85.637037037037
85.38686131386862
85.00066312997347
84.91909814323606
84.643853820598
84.38302139037432
83.87842351369403
83.61333333333334
83.15013774104683
83.15013774104683
83.15013774104683
83.15013774104683
83.15013774104683
83.15013774104683
83.15013774104683
83.15013774104683
83.15013774104693
84.29022038567496
85.4303030303031
86.57038567493123
87.71046831955925
88.85055096418733
88.51946308724831
88.10399999999998
87.87259455872595
87.61977438619772
87.28428761651134
86.91989319092124
86.6452045606975
85.89198606271778
85.89198606271778
85.89198606271778
85.89198606271778
85.89198606271778
85.89198606271778
85.8919860627177
83.78061224489795
84.21914339419976
84.65767454350157
85.09620569280344
85.53473684210525
85.4481627296588
85.06147809025504
84.6975832789027
84.5277234181344
84.28599348534203
83.78272251308897
83.53615635179153
83.26024723487313
82.72988881621973
81.99213630406302
80.8058748403576
80.8058748403576
80.8058748403576
80.8058748403576
80.8058748403576
80.8058748403576
80.80587484035777
84.92415655598143
89.04243827160492
88.91172316384183
88.65901417960839
88.24765729585005
88.13014608233732
87.9339559706471
87.60278514588856
87.27266666666668
87.00863787375414
86.61365142478462
86.4162806088683
86.04876419505678
85.85752153744204
85.59313077939237
85.31812169312167
85.06706507304114
84.75331564986737
84.46887417218545
83.89449236894492
83.74321641297155
83.5346992729676
83.17545030020017
82.77837116154873
82.58632138114211
82.25050234427329
81.9077025232404
81.55133333333333
81.36127744510975
80.72049239681391
80.72049239681391
80.72049239681391
80.72049239681391
80.72049239681391
80.72049239681391
80.72049239681382
82.1984031242489
83.67631385168397
85.15422457911882
86.6321353065539
86.50608108108108
86.33244857332448
86.05361930294904
85.9166110740494
85.63485752153747
85.19732441471572
84.93895155938955
84.7037037037037
84.4503311258278
84.19003322259135
83.8418945963976
83.66422872340422
83.39136212624584
83.16321070234113
82.68266666666668
82.4814323607427
82.09230769230771
81.79854208084825
81.67923280423281
81.37333333333333
81.00200000000001
80.81619110816192
80.64290473017991
80.08149632598531
79.84024064171126
79.32054015636105
79.32054015636105
79.32054015636105
79.32054015636105
79.32054015636105
79.32054015636105
79.32054015636105
79.32054015636105
79.32054015636095
80.75243135633787
82.18432255631456
83.61621375629147
85.04810495626822
84.7383761276891
84.66734555329259
84.34563758389265
83.83791024782317
83.6671131949096
83.41379310344826
83.10629654705485
82.84153742414023
82.60939597315436
82.52719946272668
81.95469912102772
81.78600269179003
81.40549597855227
80.93063973063971
80.74395161290323
80.47545393409553
80.16218034993273
79.77027948193586
78.54706684856752
78.54706684856752
78.54706684856752
78.54706684856752
78.54706684856752
78.54706684856752
78.54706684856752
78.54706684856751
80.52205105395183
82.49703525933592
84.47201946472018
84.23094004441157
83.88159771754636
83.71157894736842
83.52008456659621
83.27986111111113
82.82508710801392
82.67503486750348
82.27227369921593
81.79971284996412
81.46704464918497
81.09135628952919
80.77211606510969
80.40365682137832
80.15211267605633
79.7127659574468
79.62745098039215
79.29177057356608
79.29177057356608
79.29177057356608
79.29177057356608
79.29177057356608
79.29177057356608
79.29177057356608
79.29177057356608
79.29177057356608
79.29177057356628
82.68116403242811
86.07055749128921
85.92638544251446
85.70900321543411
85.46603475513427
85.05519999999999
84.84758064516132
84.56885245901634
84.0769230769231
83.77593360995849
83.3
83.18357082984073
82.88679245283019
82.76868327402136
82.6
82.38229571984436
81.95589743589744
81.81535269709545
81.55859802847755
81.55859802847755
81.55859802847755
81.55859802847755
81.55859802847755
81.55859802847755
81.55859802847755
81.55859802847755
81.55859802847755
81.55859802847755
81.55859802847755
81.55859802847755
81.55859802847755
81.55859802847755
81.55859802847755
81.55859802847749
82.73955195010149
83.92050587172537
83.34661016949154
83.2770780856423
82.81727574750829
82.47449392712551
82.3060240963855
81.82973621103119
81.65503875968994
81.3987915407854
82.60622154779958
88.66287878787875
89.51349380014587
89.42101501072193
89.2459705676244
89.18881118881117
89.00631578947372
88.64290657439449
88.44896551724139
88.12327823691459
87.74475287745429
87.4928425357873
87.18767123287671
86.85529891304347
86.7048846675712
86.41440217391306
86.15358361774742
85.79782164737915
85.60554803788898
85.08600682593857
84.84438430311235
84.54508474576272
84.36541049798114
84.122972972973
83.68264686022962
83.24721984602225
83.24721984602225
83.24721984602225
83.24721984602225
83.24721984602225
83.24721984602229
85.54709277261554
87.84696569920845
87.74082031090454
87.63467492260065
87.21662852784135
87.01428571428573
86.66520146520148
86.41944847605225
85.99857244825125
85.74615384615385
85.47006194081212
84.93844049247605
84.67052416609937
84.51227830832198
84.10922659430116
83.5791268758527
83.2177747625509
82.84610169491526
82.71370420624152
82.41065407956842
82.15970350404314
84.47482993197264
88.06237148731998
90.41540577716644
90.53097345132744
90.46132971506105
90.23719676549865
90.13477088948784
89.88977955911821
89.67888074616923
89.36490993995994
89.11289245156979
88.68937875751504
88.41944074567243
88.09986684420772
87.77910844976714
87.5525965379494
87.32140490390987
86.96606786427145
86.61415220293728
86.4051896207585
85.89438502673795
85.65016722408029
85.34491978609628
85.03238598810316
84.58662207357858
84.43588039867109
84.21338634857523
83.7896138482024
83.49767132401871
85.30094466936589
87.56539509536785
87.60101375814627
87.62233169129715
87.87197684450749
88.12162199771782
88.37126715092836
90.45292207792208
90.53306451612903
90.47667185069986
90.26343679031038
89.97244973938945
89.69603524229075
89.42857142857144
89.08986340762044
88.77318116975749
88.50317572335922
88.23157894736846
87.82983193277312
87.68005540166206
87.32854209445588
87.01989026063097
86.67560137457042
86.46666666666664
86.12942779291552
85.76040955631402
85.2852326365475
84.83027834351662
84.40553306342781
84.17127444369521
83.9167794316644
83.4865047233468
83.17741935483869
83.00537634408602
82.54496644295301
82.42924528301887
81.84643114635907
81.51106427818756
81.51106427818756
81.51106427818756
81.51106427818756
81.51106427818756
81.51106427818756
81.51106427818756
81.51106427818756
81.5110642781874
84.8994397021188
88.28781512605042
87.82444852941177
87.60611205432934
87.29103885804915
86.97932618683001
86.76088560885609
86.43258832011537
86.19331911869227
85.8597864768683
85.61016949152543
85.26572438162543
84.98732394366198
84.78480113636363
84.44028268551239
84.0734463276836
83.75267284390588
83.35302491103204
83.07604017216642
82.73555555555555
82.40892193308548
82.15703703703701
81.91543026706233
81.50258684405026
81.25439882697947
80.88370370370376
80.43763837638375
80.22564102564104
79.95434462444769
79.50477590007348
79.43055555555566
82.69880418535104
85.36842105263167
87.74885145482392
88.42228961334344
88.39740655987794
88.20926640926638
87.89908256880736
87.70925784238716
87.51102661596963
87.10410334346506
86.91121143717078
86.73719879518069
86.0186706497386
85.92364170337737
85.56622998544395
85.16196673897323
84.95010845986985
84.69103942652328
84.35264663805435
84.23323823109831
87.63146394756018
89.30763582966226
89.29933969185623
89.00726744186045
88.72793053545584
88.61505065123015
88.21454545454549
88.01440922190204
87.72396576319545
87.42877492877494
86.94650499286735
86.75952045133994
86.41489361702133
85.91832386363637
85.75785714285712
85.40625
85.19914346895075
84.76630824372762
84.57215007215007
83.94481236203092
83.7610294117647
83.41897810218978
83.18301610541727
82.8349299926308
82.48240469208213
82.20190197512801
81.8242159008023
81.29963636363635
81.0413043478261
82.22222222222217
85.30255255255247
86.90443425076452
86.94372623574145
87.11820776306533
87.29268929038923
87.46717081771311
87.64165234503702
87.8161338723609
87.99061539968477
88.16509692700868
88.33957845433255
88.54486133768353
88.57604078164826
88.41382181515405
87.95620437956205
87.78672985781992
87.52623335943616
87.20463320463318
86.86217697729052
86.75252918287936
86.55417956656345
86.07824726134584
85.77760252365934
85.62003179650242
85.04595744680852
85.04595744680852
85.04595744680852
85.04595744680852
85.04595744680852
85.04595744680852
85.04595744680852
85.04595744680853
85.32825965938576
85.610561871963
85.89286408454029
86.17516629711753
85.84041548630785
85.62876830318692
85.3266129032258
85.00312012480498
84.69166666666666
84.4739545121057
83.91956521739132
83.66357804704205
83.4713286713287
83.17136958017892
83.03161512027509
86.47814018043027
90.32278481012668
91.26763485477179
91.24145006839944
91.13617886178861
91.01019021739125
90.62238705327036
90.22199730094465
90.0663983903421
89.72691029900331
89.6393878908849
89.88598155492008
90.13257521895525
90.37916888299037
90.62576254702554
90.87235621106072
91.1189498750959
91.36554353913107
91.61213720316624
91.30281229561808
91.08169934640523
90.70730117340293
90.23971260613979
90.04174820613179
89.69909208819718
89.5058441558441
89.12938881664502
88.89336801040326
90.78995433789942
93.46000000000004
94.40748162992651
94.28685258964146
94.07976268951882
93.73715810540364
93.34825543120473
93.08704318936879
92.83035122597744
92.48187211601845
92.20646437994719
91.80924092409242
91.48228346456693
91.24885095206827
91.03355263157891
90.66666666666669
90.30637738330046
90.06666666666666
89.73836065573767
89.40926892950392
88.96073298429314
88.58045602605864
88.2892833662064
87.86295081967216
87.52377850162867
87.22055953155495
86.80351333767078
86.51953125
86.21976592977899
85.60691003911342
85.48309492847852
84.92452830188677
84.65584415584414
84.50680492546985
84.06597671410088
83.81635301752112
83.55997392438076
83.14036222509702
83.34635416666697
86.76265614727163
88.65612648221344
88.60263157894735
88.37892670157066
88.04911591355602
87.7644762524398
87.49706840390877
87.07414698162734
86.5858257477243
86.34391191709847
85.90305790500975
85.61453601557429
85.38501971090676
85.04278523489933
85.04278523489933
85.04278523489938
83.6376811594203
83.63768115942048
85.72087743713064
87.80407371483994
87.60116569525394
87.31880733944956
87.01737871107895
86.79481792717087
86.73709566414311
86.37753721244928
86.00943396226415
85.70358090185675
85.44752475247526
85.2297120418848
84.81806282722516
84.55251141552515
84.20441271901359
83.80716612377853
83.39581972566953
83.11924821775767
82.71927554980596
82.57031756318861
82.10746460746464
81.78557504873294
81.5730994152047
81.21280724450196
80.9207792207792
80.28636660143502
82.73451910408448
85.77836411609499
86.01929474384566
85.97875166002655
85.7666009204471
85.55016393442622
85.32503276539973
85.05104712041884
84.66250820748525
84.40639269406392
83.99284785435634
83.7501630789302
83.44719687092567
83.1398828887443
82.76681907250162
82.53355048859936
82.93031679910752
83.32708310961567
83.72384942012383
84.12061573063198
84.51738204114025
84.91414835164835
84.69034090909088
84.36812008577562
84.03922967189732
83.74252370532486
86.82634730538939
89.09221466364323
89.1441241685144
89.00431034482762
88.81019830028328
88.55228070175437
88.37439109255399
87.97719419488601
87.65381968341364
87.21070693205218
86.9696342305038
86.735758407687
86.42079889807167
85.98963372494813
85.7427983539095
85.3347079037801
84.90934065934067
84.64065708418889
84.27583846680358
83.94841815680877
83.69993117687545
83.36664369400413
83.22444751381215
82.75418994413405
82.55555555555554
82.22152341020274
84.71438900940029
87.8998470948012
88.21369102682701
88.21369102682701
88.21369102682701
88.21369102682701
88.21369102682701
88.21369102682701
88.52780785599117
88.84192468515528
89.15604151431944
89.47015834348355
89.28541882109619
88.70090090090093
88.3532380151388
87.98193760262723
87.7806244995997
87.53576982892696
87.03092006033177
86.68
86.49479166666663
86.00370919881306
85.75625920471282
85.51405325443784
84.99189388356669
84.81931236283828
84.48662328271871
83.85693848354794
83.64996420901934
83.3373493975904
82.81940509915012
82.584388185654
82.26530612244898
82.00069589422407
81.69386331938631
81.41217150760724
80.91580400276052
80.47661623108667
80.34982817869411
79.93814432989689
79.52532561505063
78.90545454545455
78.90545454545455
78.90545454545455
78.90545454545455
78.90545454545455
78.90545454545455
78.90545454545455
78.90545454545463
81.52912032014683
84.15278609483858
86.77645186953063
86.66160520607377
86.47602739726028
85.99261249160509
85.80831099195711
85.45150501672242
85.28600133958469
84.87029569892474
84.67533333333336
84.4069379586391
84.03994673768307
83.75250166777857
83.28989361702128
83.07208994708992
82.70886075949369
82.48903654485048
82.19626168224295
81.79401993355486
83.83020134228173
87.8435374149658
90.26480599046971
90.26612355736592
90.16531165311653
89.9818181818182
89.71881321645316
89.45909398242054
89.17789757412402
88.97777777777782
88.65637583892612
88.21385339609952
88.03040540540536
87.70643431635389
87.89443477797707
88.08243523960019
88.2704357012233
88.45843616284648
88.6464366244696
88.83443708609275
88.25827814569539
87.95568783068785
87.70414201183428
87.31027667984188
87.07293035479631
86.76489849377862
86.43259162303661
86.00985545335087
85.88584474885845