46.09601113172542
46.001858736059475
45.891465677179966
45.800928074245945
45.603544776119406
45.58508158508158
45.458566108007446
45.44310264746865
45.289033457249076
45.193039443155456
45.031583836507195
44.963392029657086
44.74779377612633
44.655333022822546
44.64944134078212
44.55700325732899
44.32001857872736
44.204460966542754
44.07627906976744
44.065642458100555
45.500231803430694
46.618735362997654
46.60924369747899
46.57821229050279
46.56983240223464
46.54979157017138
46.45685279187818
46.21372639336711
46.15533088235294
46.01885924563017
45.96879601399966
45.91873278236915
45.803587856485734
45.7161913523459
45.57025171624714
45.385392742305925
45.3481855764814
45.18482758620689
45.106831728564885
45.09390746678882
44.73848301535598
44.67270194986072
44.531510658016686
44.46786870087841
44.15679925994449
44.11203319502074
44.063711911357345
44.014821676702184
44.000463821892396
43.776748494673456
43.708120649651974
43.58115671641791
43.5030303030303
43.30454967502321
43.22690515174451
43.14926062846581
42.95308871342313
42.726975222066386
42.66339869281046
42.52979821679962
42.38475923328659
42.18568755846586
42.04451733833177
41.721094856064184
41.67806267806267
41.55788470700334
41.39637922820391
41.36515513126491
41.28865485878411
41.210877862595424
40.94319809069212
40.85318029650885
40.76956313010082
40.67676767676768
40.61290322580645
40.43807228915662
40.43428021184401
40.26457831325301
40.1501210653753
40.0
39.88255195746737
39.80086998550024
39.63785610816031
39.59291606016497
39.46906965416464
39.3916015625
39.34442270058709
39.171974522293
39.03667481662592
38.82538910505836
38.7921321029626
38.674498286833085
38.63377515954835
38.43636363636364
38.39774531024531
38.35912698412699
38.14221780208851
38.0440594059406
37.973187686196624
37.82671300893743
37.82137481184145
37.74312431243125
37.77777777777777
39.13284132841329
41.821493624772316
41.821493624772316
41.821493624772316
41.8214936247723
53.607070707070704
55.097488921713435
55.55687203791469
55.456773550443486
55.356675062972286
55.710033605376864
55.2653937947494
55.16254752851711
54.779990516832626
54.73100233100233
54.72447552447552
54.6364896073903
54.435720844811755
54.19360648356596
54.05055432372505
53.970549450549456
53.6729094076655
53.59741379310344
53.45874730021599
53.47317176815761
53.487596236099236
53.47702127659575
53.36043010752688
53.108283002588436
53.085445103352534
53.06260720411663
52.76573875802998
52.56196213425129
52.46967741935484
52.22393162393162
52.146091413925674
51.905049633146305
51.580198875918725
51.411101474414565
51.04451166810718
51.03569892473118
51.00473933649289
50.6732929991357
50.547341115434506
50.52987012987013
50.409758203799655
50.27799394725464
50.139896373057
49.91404886561955
49.8280977312391
49.6438596491228
49.617235345581804
49.383230904302025
49.33172444054409
49.1441798941799
49.05200528867343
48.95929978118161
48.91140350877194
48.31522227211495
48.23741007194245
48.21360973411447
47.97135061391542
47.76665156320797
47.73432566531349
47.55229936880072
47.416177135110715
47.39079422382672
47.05624142661179
47.006974737862514
46.957708049113236
46.76947608200456
46.58244446302063
46.3954128440367
46.34903934126258
46.236346948141346
46.07957681692733
46.07533302710152
46.01235871601314
45.94938440492476
45.892955169258926
45.76979071883531
45.59871736142922
45.36709440879926
45.20101195952162
45.12425218591808
45.000459347726235
44.926165205353016
44.92066420664207
44.738968880631674
44.67905248490479
44.515151515151516
44.37291280148423
44.289962825278806
44.25719591457754
44.510427000688004
44.76365808679847
45.01688917290895
45.27012025901942
45.240931604313225
45.21174294960703
45.20119981541302
45.066481994459835
45.03002309468822
44.899490504863365
44.80619796484736
44.7086031452359
44.65738161559888
44.44666048237477
44.18047200370199
44.169671752196024
43.99257884972171
43.93546889507893
43.70744186046511
43.54944029850746
43.548643592142184
43.17940354147251
43.096638655462186
42.90158582089552
42.87068160597572
42.53549600376117
42.42058270676692
42.26488513830286
42.08886810102899
41.950980392156865
41.927468413664016
41.98642957416939
44.573165030388054
47.03611632270169
47.18987929433612
47.20110767950072
47.21233606466533
47.22356444982994
47.23479283499454
47.24602122015915
47.86495726495727
48.789315274642604
50.07896440129451
52.257220708446866
52.81325301204819
52.81931763575204
52.51427212178878
52.473927088140286
52.381918819188186
52.29972502291476
52.29157175398633
52.13458888378503
51.943361188486534
51.84558139534883
51.83249196879302
51.751266697374476
51.25476522547652
51.29948739215003
51.344209558823536
50.99394221808015
50.73785046728972
50.51841491841492
50.37674418604651
50.171816479400746
50.01772388059702
49.9612651134203
49.90480634624359
49.638287864534334
49.5448146410136
49.28356807511737
49.25070159027128
49.12668840242199
49.025304592314896
48.88138771683076
48.80722326454034
48.72412177985949
48.62470753392607
48.34995296331138
48.23232799245994
48.17397454031118
48.10476639924492
48.03490566037736
47.95529411764706
47.82729411764706
47.69938650306749
47.660047281323884
47.49833571088921
47.439523809523806
47.43878037160553
47.29498106060606
47.29085741354808
47.239563567362424
47.23215130023641
47.230550284629985
47.18376068376068
47.168602432141626
47.15344418052257
47.06549596582819
47.03459715639811
47.02915253742143
47.02370791844476
46.98532624723754
46.94694457603032
46.91382575757575
46.86242884250474
46.85179924242425
46.8221906116643
46.80522565320665
46.76872037914691
46.660976766239926
46.60199714693296
46.470644391408115
46.453460620525064
46.31999999999999
46.20322886989554
46.129277566539926
46.02087286527514
45.99457469021333
45.968276515151516
45.846372688477956
45.80738286796024
45.80738286796024
45.70146433632499
45.639924492685225
45.503787878787875
45.45294676806084
45.45294676806084
45.45294676806084
45.41452991452991
45.33396584440227
45.29065908013277
45.23663038334122
45.23663038334122
45.0875946969697
44.99810964083176
44.96600566572238
44.85734597156399
44.83806818181819
44.80341070582662
44.75842429995254
44.68108365019012
44.56550738446879
44.50190294957184
44.45835316515945
44.45164363982849
44.430476190476185
44.412481441245696
44.39448669201521
44.33777989518819
44.265810746552546
44.2117031398668
44.08079847908745
44.01992409867172
43.909219858156035
43.82686849574267
43.780141843971634
43.780141843971634
43.578347578347575
43.4819391634981
43.41844983357109
43.41056137012369
43.379162702188395
43.36558627264061
43.542992329244754
43.72039838584888
43.89780444245301
44.07521049905715
44.25261655566128
44.16262482168331
44.13390313390313
43.945153664302595
43.88488867835147
43.63969538315088
43.45831348261076
43.45059665871122
43.336350643163414
43.124170616113744
43.08131241084166
42.99619410085633
42.916785544460296
42.916785544460296
42.804389312977094
42.71072796934865
42.635581061692974
42.575119617224885
42.4763723150358
42.45454545454545
42.32313575525812
42.162613257033854
42.03476190476191
41.936424474187376
41.84139913751797
41.738712776176754
41.56677836285304
41.51701006229037
41.48538572113081
41.34132310642377
41.32854406130268
41.19236276849642
41.098753595397895
41.01960784313725
40.86187050359712
40.73234022104758
40.68578313253012
40.47406340057637
40.47406340057637
40.37428023032629
40.33670033670033
40.30654475457169
40.03024483917427
39.96538461538462
39.79448742746615
39.684083212385104
39.63491295938104
39.51909134847753
39.46902226524685
39.27672955974843
39.241998060135785
39.16433059449008
38.91028128031037
38.76387536514119
38.70350535540409
38.67039377734565
38.50973709834469
38.448711716091395
38.38543689320389
38.28759124087591
38.122498779892624
38.09068746952707
37.87487781036168
37.74743527112848
37.612981942410926
37.54158512720157
37.47481662591687
37.27326150832518
37.15680473372781
37.04277286135694
37.0
36.851358024691365
36.68226600985221
36.594488188976385
36.54156419085096
36.52266009852218
36.28316831683168
36.283168316831734
38.65658536585374
41.19243819680078
41.18151179585941
41.111325301204815
40.94511314395763
40.845261121856865
40.75410628019324
40.74673755437409
40.63386396526772
40.51086431675519
40.49830999517141
40.367149758454104
40.36552390149686
40.32478218780251
40.17935046049442
39.98933074684773
39.90939922480621
39.83059051306873
39.74963750604158
39.55140640155189
39.535783365570595
39.423597678916835
39.38442940038685
39.26676314520019
39.23574879227053
39.16940948693127
39.09218146718146
38.9733527131783
38.8883495145631
39.102278235579206
42.151179585941236
44.43247126436782
44.489999999999995
44.43424198947872
44.42032442748092
44.220525059665874
44.081428571428575
44.00285850404953
43.70706106870229
43.55550216242192
43.51386233269598
43.40364333652924
43.40364333652924
43.19203072491598
43.05374280230326
42.87205387205387
42.701105237866415
42.60192307692307
42.47685631629702
42.46502653159672
42.384131591678766
42.372709739633564
42.292612264606475
42.263513513513516
42.20762916465476
42.16094731754471
42.13691340106436
41.89070775156476
41.859420289855066
41.727316602316606
41.697101449275365
41.6903381642512
41.6903381642512
41.61957569913211
41.573282075925036
41.57600069130869
41.57871930669235
41.57418111753371
41.57418111753371
41.569571497351944
41.5297790585975
41.486071085494714
41.42052023121387
41.39354527938343
41.342815814850525
41.28406355320173
41.28406355320173
41.24699085219066
41.23566265060241
41.173326913818
41.10789980732177
41.003367003367
40.90738060781476
40.87614457831326
40.87614457831326
40.77686746987952
40.75818882466281
40.71930669234473
40.7009165460685
40.67631452001929
40.58954501452081
40.49055690072639
40.481319747695295
40.4078564500485
40.40783744557329
40.361835748792274
40.242350655658086
40.20999030067895
40.16593673965937
40.03616813294232
40.003428011753186
39.951446787641004
39.91532060695056
39.8115234375
39.75730994152046
39.71101364522417
39.676083779834386
39.603012633624886
39.51873479318735
39.48905109489051
39.44709897610922
39.404296875
39.38547758284601
39.38547758284601
39.38547758284601
39.358711566617856
39.32553606237816
39.33170668746951
39.33787731256086
39.33576721383264
39.333657115104415
39.32441594870893
39.31517478231345
39.305933615917965
39.29669244952248
39.287451283127
39.278210116731515
39.24355858045698
39.187834549878346
39.17907542579076
39.14209245742093
39.120546608101506
39.120546608101506
39.10146341463414
38.997057381069155
38.928851815505396
38.91208251473478
38.78271484375
38.73756097560975
38.72842515845929
38.65533980582525
38.622751579970824
38.56976178901313
38.50732421875
38.47556207233626
38.440384179586594
38.40520628683693
38.34887144259078
38.29180971064247
38.221347761928186
38.13135802469135
38.07164031620553
38.01580246913581
37.938271604938265
37.80681818181819
37.65268870251603
37.525381961557414
37.493359567142136
37.28966880869997
37.12363455809334
37.05847373637266
36.89413518886681
36.690133862171535
36.02985074626861
34.88276553106212
34.864296444667005
34.81553884711781
34.66198595787364
34.39880059970014
34.19088176352706
34.04954954954955
33.99197994987469
33.84186746987952
33.67035175879397
33.46612740141558
33.328960645812316
33.15702063412179
33.113968734241055
32.98335015136226
32.72309247094492
32.5665650406504
32.48119918699189
32.13401015228426
32.01878172588833
31.894201424211587
31.70456852791881
32.6316059517701
35.370975983648464
36.57508789552989
36.580742226680044
36.53493013972056
36.53493013972056
36.53493013972056
36.447709163346616
36.34832583708146
36.258551307847085
36.258551307847085
36.23517587939699
36.13366834170854
36.10473313192347
36.01872469635627
36.01113360323886
35.97308278313865
35.931910569105696
35.886859462201926
35.85313231118185
35.81940516016177
35.78567800914169
35.756743002544525
35.63149847094802
35.621882951653944
35.563580874872855
35.39663951120163
35.269406392694066
35.23407482305359
35.136756481952204
35.04781281790437
35.00050890585241
34.981660723382575
34.87020950434339
34.68211920529801
34.62035623409669
34.57150127226464
34.375
34.28123393316196
34.258762886597935
34.19711042311661
34.170103092783506
33.99015033696216
33.99015033696216
33.94958419958422
34.17521348896415
34.40084277834407
34.626472067723995
34.85210135710395
35.07773064648387
35.303359935863796
35.52898922524372
35.414432989690724
35.404115719651564
35.393798449612405
35.14905857740585
35.12767064995947
35.106282722513086
35.02568134171908
34.88060479666319
34.794563512807116
34.74333507579718
34.65078534031413
34.5651945320715
34.49580272822665
34.42693110647181
34.2753774076002
34.256249999999994
34.18756530825496
34.15882967607105
34.06918238993711
33.96180010465724
33.84751958224541
33.60218978102189
33.47826086956522
33.42190775681341
33.38405036726128
33.26153039832285
33.29462189041538
33.32771338250791
33.258149316508934
33.20969441517387
33.0925436277102
33.051797040169134
32.9873015873016
32.74317226890756
32.615953512942426
32.52692713833159
32.05160610847814
32.0
31.464378575143
31.427682737169505
31.351871101871097
31.158441558441552
31.106327800829888
30.706521739130437
30.506707946336434
30.46022727272728
30.414381789963784
30.31670951156812
30.138055842812832
30.009278350515473
29.861111111111114
29.695854922279807
29.52066115702479
29.500775995861346
29.283797729618158
29.231166150670788
29.23021210553543
29.086054950751674
28.928792569659436
28.80922757905651
28.65305067218202
28.58661825726142
28.519689119170977
28.374481327800822
28.272254034357104
28.11510416666667
27.943317732709318
27.781512605042025
27.54679284963197
27.512387981022698
28.455643044619592
33.451907576571784
36.047418335089574
36.09014675052411
36.08854166666667
35.97501301405518
35.93343733749349
35.78575116159007
35.66013408973697
35.622739018087856
35.622739018087856
35.446621970087676
35.40960743801652
35.29660144181257
35.210200927357036
35.167954662545085
35.150677942270505
35.133401221995925
35.102851323828915
35.07508878741754
34.886158475426285
34.86743371685843
34.77385685884701
36.53303747534528
39.9848780487805
41.75120076849184
41.8052757793765
41.83157389635316
41.82533589251439
41.71626794258373
41.502612826603325
41.502612826603325
41.4881404174573
41.42057847321006
41.356430944470816
41.27690848743481
41.1787072243346
41.1787072243346
41.08801141769743
40.84904761904761
40.715241280458685
40.599142040038146
40.47609942638623
40.42175572519085
40.28009478672986
40.22227488151658
40.18732261116368
40.060132575757564
39.90327169274539
39.72415435921867
39.70405727923628
39.54126679462571
39.46797323135755
39.456719273075066
39.250714966634874
39.12655800575263
38.9422709923664
38.81378650071805
38.76318312559923
38.591128254580525
38.491075735648806
38.3766859344894
38.360923965351304
38.168593448940214
39.23350987000481
41.30172413793103
41.38939321548017
41.37416267942584
41.27125119388728
41.07519157088123
40.88883564925732
40.638246628131014
40.617901828681426
40.46235521235519
40.30587668593449
40.09381044487428
40.02901353965183
39.81976744186046
39.79554263565892
39.728723404255305
39.48672139063254
39.41074020319303
39.34442836468884
39.17927710843372
38.82142857142857
38.7550724637681
38.61973875181424
38.49276061776061
38.33108108108108
38.289092664092664
38.029654837141464
37.89297820823245
37.762342691190725
37.49272550921435
37.443419135502666
37.37177615571778
37.17465753424658
37.152567237163794
36.873535156250014
36.76315789473682
36.58100832109642
36.371023005384245
36.131436978911225
36.035328753680076
35.94411764705882
35.784313725490165
35.5105963528832
35.467289719626166
35.291338582677184
35.113636363636374
34.97669800154779
34.83975963945919
34.799499999999995
34.632968127490045
34.45391131041356
34.229385307346334
34.150849150849155
34.070281124497996
33.93497983870968
33.849066128218055
33.3620253164557
33.3500506585613
33.30957230142566
33.27519181585677
33.180800000000005
33.50817527795948
34.39154929577467
35.681397738951546
38.46237731733915
38.46237731733915
38.46237731733915
38.46237731733915
38.46237731733915
38.46237731733915
38.46237731733915
38.46237731733915
38.46237731733915
38.46237731733915
38.46237731733915
38.46237731733915
38.46237731733915
38.46237731733915
38.46237731733915
38.46237731733915
38.46237731733915
38.46237731733915
38.46237731733915
38.46237731733915
38.46237731733915
38.46237731733915
38.46237731733915
38.46237731733915
38.46237731733915
38.46237731733915
38.46237731733915
38.46237731733915
38.462377317337086
142.50666666666666
143.01418439716315
143.5
144.625
145.75
146.875
148.0
148.0
148.0
148.0
148.0
147.99999999999997
147.83333333333331
147.66666666666663
147.5
146.5
146.5
146.5
146.5
146.5
146.5
146.5
146.5
146.5
146.5
53.669201520912566
53.490340386384545
53.411712511091395
53.199159663865544
52.60901639344263
52.52335435056746
52.437692307692316
52.17326362957431
52.024028268551206
51.39163498098861
50.95787009947338
50.82211275314728
50.316501821967734
50.013561024610766
49.900338655055634
49.569328760411565
49.46400394477318
49.44411908247929
49.183414634146345
49.147612447760494
49.11181026137464
48.94303797468356
48.82521908471276
48.723703344643724
48.54744525547446
48.439496611810256
48.31787109375
48.10986328125
48.018137254901944
47.88072054527751
47.88066244520218
47.62800769971126
47.559318602378454
47.490629505045646
47.40978886756237
47.29961649089165
47.20801526717557
47.20647002854426
47.01133144475921
47.010890151515156
46.80707547169811
46.872641509433834
50.655898876404535
53.579069767441865
53.617031177291764
53.66436936004801
53.71170754280426
53.77706126209121
53.7214756450251
53.665890027958994
53.875057630244356
53.77156242856756
53.668067226890756
53.68362109192721
53.69162790697675
53.712943583118005
53.734259259259275
53.65016196205461
53.58668515950069
53.41589648798521
53.28260869565217
53.23928077455048
53.19220183486239
53.1803127874885
53.15476738830033
53.07756232686981
52.97369635440701
52.94748856717159
52.92128077993616
52.89507299270073
52.84404924760602
52.803912647861694
52.63298595378342
52.634654310825916
52.6363226678684
52.50045126353791
52.42573363431151
52.26315789473682
51.954566106315326
52.170698924731184
52.306838365896965
53.70183281180152
53.75302013422821
53.65137201979307
53.637837837837836
53.538565629228685
53.50702310829182
53.4019030357952
53.3502722323049
53.353367408669456
53.356462585033995
53.26136363636364
53.22849303569208
53.195622435020525
53.196814389236586
53.19800634345265
53.04920273348519
53.00045392646392
52.949114039073166
52.85421412300683
52.832733195804686
52.811252268602544
52.66395296246043
52.65250790781744
52.546112115732384
52.461296129612975
52.34493670886076
52.261538461538464
52.211407876867355
52.15126811594203
52.04794210764362
51.84124830393489
51.72949705482556
51.622393472348136
51.5534420289855
51.37319494584838
51.30556813037572
51.11313868613139
51.051564793475166
50.98999090081892
50.96387552276313
50.93776014470734
50.91164476665156
50.776018099547514
50.7099409895597
50.826654660063014
51.52909090909091
51.60720802919708
51.61355550411303
51.61990297902898
51.62625045394493
51.63259792886089
51.55105391036467
51.46950989186847
51.38796587337225
51.3810592459605
50.96889089269614
50.85419470614626
50.798206278026896
50.48899865289627
50.248534055029324
50.02939846223427
49.8207333635129
49.77691311998909
49.73309287646529
49.6541929666366
49.86209964412808
50.368303571428555
50.53396311291044
51.1427925892454
51.564356435643504
52.31952662721892
52.82788374205268
53.19616788321173
55.03086135421465
55.030989824236826
54.70574817518248
54.64076782449726
54.56384439359266
54.192272309107636
54.02445777572683
53.902450300508576
53.6537037037037
53.59759481961147
53.58021266759131
53.65361584523261
53.76726935558645
54.304347826086996
56.58159963014327
57.397031539888644
58.08037383177572
58.253864168618264
58.186145146088606
58.073136427566794
58.00610328638497
57.99436355096287
57.871830985915494
57.699765807962535
57.555243445692895
57.31790269248937
57.26375176304654
57.40112994350282
57.54083570750208
62.12547892720295
63.811158798283486
67.43231649189693
71.01866028708139
71.91992281717319
72.26254826254825
72.77378134925306
73.28501443595775
73.79624752266255
74.30748060936736
74.81871369607217
75.32994678277737
81.09706439393939
81.15101462954223
81.26416861826698
81.30430711610487
81.30683403068343
81.12633534602878
80.79839849269902
80.68314500941617
80.50541176470585
80.18356807511736
80.13561708118255
79.99718706047821
79.84784644194758
79.63584905660377
79.56509433962265
79.47737983034875
79.32203389830508
79.24552309142314
78.80681818181819
78.72796208530804
78.5443279313632
78.4369947693771
78.23399571563755
78.03099666189797
77.84750593824228
77.78416268803491
77.72081943782757
77.3777564717162
77.235549132948
77.09161041465768
76.90295972828724
76.82007759456835
76.62781774580336
76.57245681381957
76.46072796934865
76.39645254074787
75.90869774147046
75.7519120458891
75.6113243761996
75.38580395943988
75.37758537758538
75.18054211035818
75.0822906641001
74.92109038737448
74.61977916466634
74.50744834214322
74.25481695568402
74.12554321583775
73.86541244573084
73.68753032508491
73.66843629343629
73.44084983099953
73.30483091787437
73.11030126336249
72.9786304031083
72.68029197080293
72.59951219512195
72.46419873356064
72.29853658536585
72.2864812103465
72.11415972562469
71.86634146341464
71.59141882008777
71.41914997557402
71.41016949152544
71.2609329446064
71.05784313725488
70.8644150758688
70.63088235294117
70.49801582160029
70.36514929025941
70.11900097943193
70.0720235178834
69.85813148788924
69.53058180009945
69.51066997518609
69.35561097256857
69.26709935097352
69.14699999999999
68.86274509803921
68.76281407035174
68.56221889055472
68.48445336008024
68.22172172172174
68.10174563591022
67.87812187812187
67.84415584415586
67.55499748869912
67.34995014955132
67.02306920762287
66.93226292022078
66.82589061716006
66.72121212121212
66.64129883307965
66.40222334512379
66.19594936708862
66.04316912138142
65.9033570701933
65.64020356234099
65.54614992350844
65.18181818181819
65.0
64.78855975485189
64.66922683051715
64.5452664252457
64.32100052110474
64.11059190031153
64.01627780792188
64.25961538461539
64.25961538461539
64.25961538461524
72.58219800181632
75.19105382865791
77.44310575635882
78.61752265861028
78.49321266968325
78.41456736035047
78.20313315926894
78.10539845758353
77.91647243501353
77.72754641244356
77.62107843137255
77.47421686746986
77.25059326056004
76.95273748245202
76.75091922532005
76.5491009681881
76.38479157123226
76.04604051565377
75.77182448036952
75.70995869664984
75.59631936655646
75.48268003646308
75.00965517241377
74.8656579550665
74.68144044321332
74.47245564892626
74.13699906803353
74.08584686774941
73.8061653432975
73.63222170032878
73.33774208786019
73.04622641509434
72.8413597733711
72.53019495958154
72.33939684059357
72.18085618085621
71.94548962855765
71.5124938755512
71.46078431372547
71.19134284308905
70.83850000000001
70.73817819810853
70.39488208730558
70.15376884422113
70.00251004016064
69.92323130958357
69.67624810892585
69.43951612903226
69.15712113532692
68.92366412213741
68.81087951194712
68.54984740590032
68.29928131416838
68.15396419437343
68.00256147540983
67.90292758089367
67.653470437018
67.46604938271605
67.17425025853154
67.10480123902943
67.00567888487353
66.73503383654344
66.58626114315678
66.36263736263737
66.12925170068029
66.07240293809025
65.85841636077612
65.55855855855856
65.32716701902748
65.25888594164456
65.07376185458378
64.86055143160127
64.63160704751736
64.53418803418805
64.27783725910064
63.95628997867806
63.815888352120226
63.60963724959396
63.361231101511876
63.294753921038364
63.06681034482756
62.77051835853132
62.44814410480349
62.35573770491803
62.25178277564453
61.881226053639864
61.58508287292818
61.39216767788196
61.294150110375256
61.160466407551326
60.83715724678234
60.59286112660345
60.519574944071564
60.059523809523796
59.93601359003401
59.651646447140365
59.55496688741721
60.15229563269877
60.15229563269877
60.15229563269877
60.15229563269877
60.15229563269877
60.15229563269877
60.15229563269877
60.15229563269877
60.15229563269877
60.15229563269877
60.15229563269877
60.15229563269877
60.15229563269877
60.15229563269895
84.0
84.0
84.0
84.0
84.0
84.0
84.0
84.0
84.0
84.0
84.0
84.0
84.0
84.0
84.0
84.0
84.0
84.0
84.0
84.0
84.0
84.0
84.0
84.0
84.0
84.0
84.0
85.80671043034272
87.14103343465044
87.06600317670335
86.99097291875637
85.91466922339407
85.44189315838798
85.2354809437386
84.67795844625107
83.79963319578175
83.76194852941177
83.55048409405256
83.49893225203766
83.44738041002277
83.4341573033708
83.11375899280574
83.02129472759054
82.92883046237534
82.69289914066033
82.57155756207675
82.40665766981556
82.19764812302125
82.11075949367091
81.81619654231118
81.75067996373525
81.42915717539864
81.33438202247191
81.19034731619303
80.94168564920278
80.61942015646571
80.42332531986852
80.22723048327137
80.07717340771734
79.84776536312847
79.65414928140936
79.64394993045903
79.28405392840534
78.90480634624362
78.70618317061832
78.69852262234531
78.37465181058496
78.06284916201119
77.9778597785978
77.7907834101382
77.4699352451434
77.30797602581833
77.10709146118506
76.90620689655172
76.81642955484165
76.65272727272729
76.58952164009122
75.88737681839513
75.65011600928074
75.01475487862922
74.88548539114043
74.64831514000946
74.24054820415881
73.91745730550286
73.70251065845571
73.66998106060612
73.2571562646645
73.11915887850466
72.91511194029852
72.58695652173913
71.9738095238095
71.86354961832058
71.57218225419666
71.35161135161133
71.17185256103397
70.94961612284067
70.75467177767132
70.36707021791767
70.14258188824664
69.87445678416225
69.5301204819277
69.4137264378927
69.25422909618175
69.12055715658022
68.79749879749878
68.64365041042976
68.35432692307694
68.07514450867052
67.87457790641577
67.52730787820201
67.34879227053142
67.2337536372454
66.66924564796906
66.57991308546593
66.31800580832532
65.95978682170545
65.77352085354028
65.56935717738037
65.30198739699466
65.0356968215159
64.80945419103313
64.58516349438753
64.26608187134502
63.99705593719335
63.698777506112464
63.53036238981389
63.34840294840291
63.01379990142925
62.702609551944875
62.44329388560158
62.166996047430814
62.007897334649556
61.81327389796934
61.27733598409543
61.1474677259186
61.00546176762663
60.780876494023886
60.646207584830336
60.24975024975025
60.21689155422291
60.73566136700049
61.25443117977818
61.77320099255587
61.45301681503463
61.238545816733065
61.217629482071715
61.122438780609684
61.00150150150151
60.85298544907175
60.744315310763014
60.744315310763014