99.66321525885559
100.17612419700214
100.10076756094026
100.02541092487837
99.9500542888165
99.96760278721676
99.98515128561702
100.00269978401728
100.08148947652455
99.40229257641921
97.99460334592553
97.97357065803668
97.95361380798275
98.03546480386889
98.07242489270386
98.07300053676866
98.08448954452373
98.09597855227882
98.1193797929215
98.1427810335642
98.16338477913783
98.21289238956892
98.2624
98.3196371398079
98.38280832888415
98.40758547008548
98.45673076923077
98.47030497592294
98.5032154340836
98.50776647027317
98.62387267904509
98.60711060225714
98.59034852546917
98.77979690005344
98.80478067700744
98.82976445396146
99.0621983914209
99.1936864633494
99.23799359658484
99.40224959828602
99.40332975295382
99.46716899892357
99.48918918918919
99.53434288804759
99.55989159891598
99.5514466426283
99.54300168634063
99.60842237586424
99.60842237586424
99.60842237586424
99.60842237586424
99.60842237586424
99.60842237586424
99.60842237586424
99.60842237586424
99.60842237586424
99.60842237586424
99.60842237586424
99.60842237586424
99.60842237586424
99.60842237586424
99.60842237586424
99.60842237586424
99.60842237586424
99.60842237586424
99.60842237586424
99.60842237586424
99.60842237586424
99.60842237586424
99.60842237586424
99.60842237586424
99.60842237586424
99.60842237586424
99.60842237586424
99.60842237586424
99.60842237586424
99.60842237586424
99.60842237586424
99.60842237586424
99.60842237586424
99.60842237586424
99.60842237586424
99.60842237586424
99.60842237586424
99.60842237586424
99.60842237586424
99.60842237586424
99.60842237586424
99.60842237586424
99.60842237586424
99.60842237586424
99.60842237586424
99.60842237586424
99.60842237586424
99.60842237586424
99.60842237586424
99.60842237586424
99.60842237586424
99.60842237586424
99.60842237586424
99.60842237586424
99.60842237586424
99.60842237586424
99.60842237586424
99.60842237586424
99.60842237586424
99.60842237586424
99.60842237586424
99.60842237586424
99.60842237586424
99.60842237586424
99.60842237586424
99.60842237586424
99.60842237586424
99.60842237586424
99.60842237586424
99.60842237586424
99.60842237586424
99.60842237586424
99.60842237586424
99.60842237586424
99.60842237586424
99.60842237586424
99.60842237586424
99.6084223758644
73.0965283657917
72.54503616042078
72.45782431646306
72.42543859649123
72.35938330675172
72.31149245969839
72.247565351102
72.28485153497735
72.34734734734735
72.41482080584325
72.48229426433915
72.82277227722773
73.00897308075773
73.17533432392274
73.50819672131148
73.80192016169782
74.10888108379328
74.28447837150127
74.52313167259787
74.78378378378379
75.00670794633643
75.23048716605552
75.68892421833598
75.92494600431965
75.94731064763995
76.110183639399
76.43084803642573
76.47641938858324
76.52199074074075
76.81340265742345
76.86573263280793
76.92360169567438
76.98147075854082
77.03341013824885
77.29331046312178
77.60284090909093
77.62575246136753
77.64866401364412
77.76744186046511
77.81792399319342
77.86966420034149
77.89371273980524
77.91776127926899
78.06041426927503
78.17076023391813
78.20619158878505
78.30529411764707
78.3710821507026
78.43687018375815
78.44239904988123
78.475
78.48900772430184
78.61913250148544
78.85953377166766
79.10554245283019
79.16568742655699
79.23636363636363
79.4798833819242
79.51694517528266
79.55400696864112
79.57531865585167
79.69534883720931
79.81680280046675
80.08807985907222
80.23090586145648
80.23418095801301
80.26353361094587
80.30012501442816
80.33671641791045
80.50239234449761
80.52220248667851
80.57458233890215
80.71017964071856
80.96139927623645
80.97587454764778
80.9903498190591
81.08168168168169
81.31019915509958
81.34263738759213
81.3750756200847
81.51717188322772
81.65926814637072
81.70598461340145
81.75270108043219
81.80711977098532
81.86153846153846
81.79693377306356
81.73232908458864
81.57330290929835
81.50228050171037
81.40901408450705
81.32571109871724
81.31984691088026
81.23654159869494
81.30159522478841
81.36664885088189
81.28465998945704
81.26717557251908
81.25197569557943
81.23677581863979
80.22408536585365
80.15384615384616
80.21639180409795
80.38919186911254
80.56547619047619
80.80664352999504
80.92545365375184
81.09751340809362
81.25875486381322
81.48751200768491
81.75704057279236
81.91193181818181
82.01983002832861
82.1096926713948
82.75591296121098
83.02144522144522
83.05802526906879
83.24137931034483
83.2911707387782
83.34096216721159
83.36997193638915
83.37231057062675
83.37231057062675
83.3698478813771
83.36738519212746
83.37985948477751
83.4797580269893
83.47926574366623
83.47877346034315
83.47828117702008
83.5450723960766
83.56262502459276
83.58017765310893
83.63295880149813
83.72261072261072
83.77943229409027
83.85747554727527
83.93895619757689
84.00607476635514
84.06676381871543
84.12745287107573
84.18814192343604
84.15651205502621
84.1248821866164
84.22769953051643
84.37821411874708
84.38050609184631
85.19927040583676
85.25366300366301
85.2538327554821
85.2540025073012
85.2541722591203
85.25434201093938
85.25451176275848
85.25468151457758
85.25485126639668
85.25502101821579
85.48187732342008
85.61240671641791
86.0134011090573
85.8219077108375
85.6304143126177
85.69009433962265
85.28266947900897
84.8752446183953
85.0617042115573
86.41248817407758
86.87601723312589
86.88834450907734
86.9006717850288
87.85780885780886
88.03649350803445
88.21517815826006
88.29404511424579
88.37291207023151
88.45177902621722
88.53624245428509
88.62070588235294
88.64316138192144
88.71658767772512
88.72649976381672
89.44131238447318
89.4539690879864
89.46662579149961
89.47928249501281
89.49193919852603
89.54030400736987
89.6643709825528
90.34970707525913
90.43376578625845
90.51782449725776
90.52428860766483
90.5307527180719
90.53721682847896
90.72407407407407
90.73911028730306
91.13003663003663
91.2536496350365
91.35377574370709
91.83804744525546
91.6859826520232
91.53391785879096
91.65161290322581
91.69280442804428
91.80185185185185
91.90279069767442
92.09242144177449
92.24248033317909
92.4299628942486
92.43911937815878
92.44827586206897
92.59179869524696
92.59010019627978
92.58840169731259
92.69610636277302
93.09488022545796
93.30097993467102
93.34410112359551
93.40187353629976
93.41566069453025
93.42944785276073
93.44275242994331
93.45605700712589
93.6875589066918
93.7289896128423
93.86299435028249
94.35677689799721
94.37003177299488
94.38328664799253
94.47945845004668
94.47945845004668
94.54171069943129
94.60396294881589
94.66621519820049
94.7284674475851
94.7907196969697
94.82472761724301
94.93444180522566
95.08627769769892
95.23811359017218
95.38994948264545
95.5417853751187
95.5417853751187
95.5417853751187
95.5417853751187
95.92697961119013
95.84609641795731
95.76521322472449
95.76521322472449
95.76521322472449
95.76521322472449
96.04137098017834
96.31752873563218
96.33175812081946
96.34598750600674
96.46522781774581
96.52174434365551
96.57826086956521
96.61810963168634
96.65795839380745
96.6699712864524
96.68198417909736
96.69399707174232
96.79833578071464
96.83970843089786
96.88108108108108
97.01379310344828
97.59745347698333
97.63002854248971
97.66260360799609
97.66260360799609
97.66173442458482
97.66086524117355
97.63367034306705
97.60647544496057
97.57928054685406
97.55208564874756
97.52489075064106
97.49769585253456
97.55914854899261
97.62060124545067
97.68205394190872
97.68910547998905
97.69615701806939
97.70320855614973
97.87229208033172
98.04137560451372
98.14622172917402
98.25106785383431
98.35591397849463
98.23256522628867
98.10921647408271
97.98586772187676
98.11646586345381
98.2037037037037
98.60653295191037
99.00936220011702
99.06242568370988
99.0225595864568
98.98269348920373
98.94282739195066
98.90296129469758
98.86309519744451
98.82322910019144
98.8738238524213
98.92441860465118
98.9061437285551
98.88786885245901
98.9438202247191
99.2331571994716
99.35507733691998
99.40765614506381
99.47058823529412
99.59594594594594
99.756146179402
99.8627844712182
99.89652870493993
99.9593307508603
100.02213279678068
100.24949152542374
100.32045713098961
100.39142273655548
100.46562287270251
100.48173207036535
100.48173207036535
100.48173207036535
100.48173207036535
100.48173207036535
100.48173207036535
100.48173207036535
100.48173207036535
100.48173207036535
100.48173207036535
100.48173207036535
100.48173207036535
100.48173207036535
100.48173207036535
100.48173207036535
100.48173207036535
100.48173207036535
100.48173207036535
100.48173207036535
100.48173207036535
100.48173207036535
100.48173207036535
100.48173207036535
100.48173207036535
100.48173207036535
100.48173207036535
100.48173207036535
100.48173207036535
100.48173207036535
100.48173207036535
100.48173207036535
100.48173207036535
100.48173207036535
100.48173207036535
100.48173207036535
100.48173207036535
100.48173207036535
100.48173207036535
100.48173207036535
100.48173207036535
100.48173207036535
100.48173207036535
100.48173207036535
100.48173207036535
100.48173207036535
100.48173207036535
100.48173207036535
100.48173207036535
100.48173207036535
100.48173207036535
100.48173207036535
100.48173207036535
100.48173207036535
100.48173207036535
100.48173207036535
100.48173207036535
100.48173207036535
100.48173207036535
100.48173207036535
100.48173207036535
100.48173207036535
100.48173207036535
100.48173207036535
100.48173207036535
100.48173207036507
91.19147344801797
90.50589101620034
89.51951738821859
89.20062695758236
88.88173652694604
86.7228096676738
84.81024096385545
83.94452347083927
82.74336870026528
82.39085989176189
82.212324929972
82.00209095661262
81.51762902401637
81.32790224032587
81.30482347091004
80.02858601327205
78.7805255023184
78.74162436548225
78.60463943519919
78.51746506986028
78.42523596621957
78.36254381572358
78.34570776422186
78.32887171272014
78.31203566121843
78.3078070611636
78.32114832741034
78.33448959365708
78.34476550954784
78.35504142543859
78.36531734132933
78.3785
78.4232116058029
78.72758964143426
78.79689844922461
79.27670144063586
79.27149877489096
79.26629610914604
79.55689828801611
79.53976705145273
79.52263581488934
79.78232323232324
79.83037134260539
79.87841945288754
79.90415821501014
80.01630157921548
80.16793893129771
80.40915953699044
80.43331655762456
80.47029204431017
80.49043303121853
80.5497223624432
80.62594649167087
80.83366834170855
80.89994972347914
80.89994972347914
81.06015037593986
81.21214312003785
81.36413586413586
81.456009464326
81.54788306451613
81.73604826546003
81.76262626262626
81.81951466127401
81.95824217912185
82.0969696969697
82.24734982332156
82.25618999494694
82.26909458775923
82.3567813765182
82.85483055134041
82.95610494450051
82.96944051682979
82.98277608915907
83.16871801939061
83.35465994962217
83.30055871975036
83.24645748987854
83.24380284073472
83.24114819159088
83.23849354244706
83.23583889330324
83.2331842441594
83.23052959501558
83.30649350649351
83.3729079497908
83.76979166666666
83.9087610160705
83.97437012381926
84.03997923156801
84.03997923156801
84.06402915148361
84.13667188315075
84.2470036477332
84.27505219206681
84.31901519119958
84.70707596253902
84.86206896551724
84.918410041841
84.99372384937239
85.03000237707967
85.06628090478695
85.06628090478695
85.15271195365982
85.15947368421052
85.2055730809674
85.28374801482266
86.2212480660134
86.24470831182241
86.35194672131148
86.37846153846154
86.49100257069409
86.5305912596401
86.57585139318886
86.69385647909138
86.87370062370063
86.93173527879104
86.93340270551509
87.13750238634928
87.34160206718346
87.41665595587152
87.49170984455958
87.49636174636174
87.49765747006768
87.57902727212893
87.66039707419017
87.89791666666666
88.00104712041886
87.82861635220115
86.15918580375781
86.04116727462218
85.9090909090909
86.18980759230368
86.57718120805369
86.71139896373057
86.6139326235276
86.51646628332462
86.64973821989528
86.76172904586188
86.7581073896863
86.06555491661874
85.93447293447294
85.93447293447294
85.93447293447294
85.93447293447294
85.93447293447294
85.93447293447294
85.93447293447294
85.93447293447294
85.93447293447294
85.93447293447298
83.86759581881533
83.90302867863844
83.93846153846152
83.86830985915492
84.47001934235976
84.8341493268054
85.2635173591349
85.39891304347826
85.52313668575759
85.64736032803691
85.84957941613062
86.12565445026178
86.24467327573929
86.36369210121681
86.48271092669432
86.61464936689583
86.74658780709736
86.68535262206149
86.51071591427262
85.62172284644194
85.98794063079777
86.46196150320807
86.46312414109025
86.49085086916743
86.56327089995432
86.57672927164452
86.585969738652
86.585969738652
86.60700734870377
86.62804495875555
86.64908256880734
86.66593892614871
86.68279528349008
86.69965164083146
86.71650799817283
86.7333643555142
86.88563458856346
87.17177344475395
87.1860643367937
87.20035522883346
87.21464612087323
87.22893701291298
87.24322790495273
87.25751879699249
87.16005385084333
87.06258890469417
87.17335243553009
87.22745059635014
87.28154875717017
87.37223823246877
87.45358899575245
87.53493975903615
87.53837369778776
87.54180763653937
87.55776760666451
87.57372757678965
87.58968754691479
87.60564751703993
87.36907686025694
87.13250620347395
87.60735294117647
87.67970660146699
87.45318330572601
87.22666000998503
87.22666000998504
87.73270750988141
87.4668080709427
87.20090863200404
87.20526437822548
87.20962012444693
87.21397587066836
87.2183316168898
87.45318158303155
87.54033092037228
87.53772789597632
87.53512487158034
87.53252184718436
87.52991882278837
87.5273157983924
87.52471277399641
87.52210974960043
87.62540021344716
87.89376693766938
87.95132504056247
88.0319264069264
88.45551982851018
88.59859913793105
88.97041420118343
88.94943429884404
88.92845439650465
89.08164383561643
89.78440860215053
89.85151907623586
89.9186295503212
90.0133689839572
90.01801135282003
90.02265372168284
90.14030335861322
90.21141031465885
90.28251727070446
90.35362422675007
90.4247311827957
90.65954035275254
90.73232595790608
90.67339189461569
90.6144578313253
90.72261580381472
90.80427631578948
90.82855567805953
91.07003891050584
91.09946256005554
91.12888620960524
91.15830985915493
91.24440676885307
91.33050367855117
89.76517754868269
88.98894706224549
88.93492155723416
88.94483159117306
89.061260210035
89.18219097832454
89.20691676436108
89.2692987625221
89.28857479387514
89.5020479812756
89.54921851597268
89.59638905066976
89.61792670863724
89.63946436660473
89.6610020245722
89.68253968253968
89.68393172454385
89.89233469865418
89.89829598142214
89.9042572641901
89.91021854695806
89.99632467660778
90.08243080625752
90.22549609140108
90.4013157894737
90.35183472032527
90.30235365117682
90.68452739313666
90.84610778443114
90.88470757705679
90.92330736968245
90.8445365677241
90.76576576576576
90.82971227246037
91.42422535211267
91.69026548672565
91.79237488247242
91.89448427821917
91.99659367396593
92.14580335731415
92.26694717157551
92.12476370510397
92.06117647058824
92.06117647058824
92.06117647058824
92.06117647058824
92.06117647058824
92.06117647058824
92.06117647058824
92.06117647058824
92.06117647058824
92.06117647058824
92.06117647058824
92.06117647058824
92.06117647058824
92.06117647058824
92.06117647058824
92.06117647058824
92.06117647058824
92.06117647058824
92.06117647058824
92.06117647058818
92.91360891778913
92.91360891778913
92.91360891778913
93.20262664165104
93.25773195876289
93.25773195876289
93.25773195876289
93.25773195876289
93.25773195876289
93.25773195876289
93.25773195876289
93.25773195876289
93.25773195876289
93.25773195876289
93.25773195876289
93.25773195876289
93.25773195876289
93.25773195876289
93.25773195876289
93.25773195876289
93.25773195876289
93.25773195876289
93.25773195876289
93.25773195876289
93.25773195876289
93.25773195876289
93.25773195876289
93.25773195876289
93.25773195876289
93.25773195876289
93.25773195876289
93.25773195876289
93.25773195876289
93.25773195876289
93.25773195876289
93.25773195876289
93.25773195876289
93.25773195876289
93.25773195876536
148.20992366412213
148.20992366412213
148.20992366412247
141.64107996512394
135.0722362661263
128.50339256712778
121.93454886813015
115.36570516913162
108.79686147013399
102.22801777113636
95.659174072138
95.659174072138
95.659174072138
95.659174072138
95.659174072138
95.659174072138
95.659174072138
95.659174072138
95.659174072138
95.659174072138
95.659174072138
95.659174072138
95.659174072138
95.659174072138
95.659174072138
95.659174072138
95.659174072138
95.659174072138
95.659174072138
95.659174072138
95.659174072138
95.659174072138
95.659174072138
95.659174072138
95.659174072138
95.659174072138
95.659174072138
95.659174072138
95.659174072138
95.659174072138
95.659174072138
95.659174072138
95.659174072138
95.659174072138
95.659174072138
95.659174072138
95.659174072138
95.659174072138
95.659174072138
95.659174072138
95.659174072138
95.659174072138
95.65917407213806
97.73033707865169
97.73033707865169
97.73033707865169
97.7303370786517
98.01390319258496
98.01390319258496
98.01390319258496
98.28221178925403
98.28221178925403
98.28221178925403
98.28221178925403
98.28221178925403
98.28221178925403
98.282211789254
98.80496828752644
98.80496828752644
98.80496828752644
98.80496828752644
98.80496828752644
98.80496828752644
98.80496828752644
98.80496828752644
98.80496828752644
98.80496828752644
98.80496828752644
98.80496828752644
98.80496828752644
98.80496828752644
98.80496828752644
98.80496828752644
98.80496828752644
98.80496828752644
98.80496828752644
98.80496828752644
98.80496828752644
98.80496828752644
98.80496828752644
98.80496828752644
98.80496828752644
98.80496828752644
98.80496828752644
98.80496828752644
98.80496828752644
98.80496828752644
98.80496828752644
98.80496828752644
98.80496828752644
98.80496828752644
98.80496828752644
98.80496828752644
98.80496828752644
98.80496828752644
98.80496828752644
98.80496828752644
98.80496828752644
98.80496828752644
98.80496828752644
98.80496828752644
98.80496828752644
98.80496828752644
98.80496828752644
98.80496828752644
98.80496828752644
98.80496828752644
98.80496828752644
98.80496828752644
98.80496828752644
98.80496828752644
98.80496828752644
98.80496828752644
98.80496828752644
98.80496828752644
98.80496828752644
98.80496828752644
98.80496828752644
98.80496828752644
98.80496828752644
98.80496828752644
98.80496828752644
98.80496828752644
98.80496828752644
98.80496828752644
98.80496828752644
98.80496828752644
98.80496828752644
98.80496828752644
98.80496828752644
98.80496828752644
98.80496828752644
98.80496828752644
98.80496828752644
98.80496828752644
98.80496828752644
98.80496828752644
98.80496828752644
98.80496828752644
98.80496828752644
98.80496828752644
98.80496828752644
98.80496828752644
98.80496828752644
98.80496828752644
98.80496828752644
98.80496828752644
98.80496828752666
94.93871706758364
85.57563272513244
84.561351511559
84.40155131264916
84.30368194339457
84.20581257413997
84.28437910998056
84.36294564582116
84.34089586969168
84.48358733880423
84.99823736780257
85.22922804949911
85.23938679245282
85.58274231678487
85.59252669039148
85.86186186186187
85.95672791938352
86.00119688809096
86.18876941457586
86.51143200962696
86.63389626055488
86.86807228915663
87.01626105388908
87.1644498186215
87.37462235649546
87.37787182587667
87.44614443084458
87.96419902912622
88.02781136638453
88.12929029857688
88.23076923076923
88.42019582123112
88.60962241169305
88.65890998162891
88.81746031746032
88.82463592233012
89.23956442831216
89.26458208057727
89.3536511768256
89.62139423076923
89.78164367126574
89.90789473684211
90.05357142857143
90.16320292112131
90.27283441367119
90.31209818819404
90.30882259333302
90.30554699847198
90.30227140361094
90.35540069686411
90.39436701509872
90.43333333333334
90.43521662763467
90.437099921936
90.43898321623732
90.44086651053864
90.44220275468726
90.44353899883586
90.55491070979258
90.66628242074928
90.7183367411009
90.77039106145251
90.78500551267916
91.22870915907873
91.26864029382509
91.30857142857144
91.51272912423626
91.69448659585228
91.62882356969261
91.56316054353296
91.6885
91.77556109725685
91.78329917904131
91.79103726082577
91.86589068825911
91.88342625443487
92.01988781234064
92.4155712841254
92.26183277321024
92.10809426229508
92.47834946510443
92.73065173116089
92.74094617882804
92.7512406264952
92.76153507416237
92.77182952182952
92.7904002490414
92.80897097625329
92.98202133517923
93.15507169410515
93.16548847099381
93.17590524788247
93.18632202477113
93.1896551724138
93.19034836332509
93.19104155423638
93.27234341041526
93.35364526659413
93.45230263157895
93.5049504950495
93.58062740781509
93.61218836565097
93.62249443207126
93.66201896263246
93.76323119777159
93.81744149174294
93.87165178571429
93.92689732142856
94.32433920704845
94.39622641509433
94.39966555183946
94.45561139028476
94.58415002158173
94.7126886528787
94.72359921335064
94.73450977382258
94.74542033429452
94.75633089476646
94.80777903043969
94.87219730941705
94.88975034010178
94.90730337078652
94.96676056338028
94.97349125775521
95.10736368746487
95.09518382001701
95.08300395256917
95.21097285067873
95.43139469226426
95.54581225407533
95.63105615523845
95.71630005640158
95.83909348441927
95.95457126632596
95.97556840362662
95.9965655409273
96.02815066247973
96.05973578403217
96.10832749168927
96.15691919934635
96.20551090700344
96.35331412103747
96.51845444059977
96.56978085351787
96.62993039443154
96.96699478865084
97.01050087864598
97.05400696864112
97.24048442906575
97.31757245248993
97.3946604759141
97.37443796629428
97.35421545667447
97.40058479532163
97.50850439882697
97.70418385385975
97.75709192692987
97.81
97.86507046388726
97.92014092777453
97.97416324133881
98.06411764705882
98.11874521406196
98.1733727810651
98.175601624676
98.1778304682869
98.20286396181385
98.24597014925374
98.26646706586826
98.3200475907197
95.93301997649826
95.27427898763978
95.23758865248227
95.21486809185684
95.1921475312314
95.20259680571145
95.2130460801915
95.21359900622019
95.21415193224888
95.21470485827757
95.21525778430626
95.21581071033495
95.21636363636364
95.20557913887204
95.28517851499169
95.36477789111132
95.44437726723096
95.5034477920614
95.56251831689183
95.62158884172226
95.65797453001818
95.85279805352798
96.00911854103344
96.15239829993928
96.35407854984894
96.37462235649548
96.42891712038718
96.44754247604077
96.46616783169435
96.48479318734793
96.48299033002682
96.48118747270571
96.47938461538462
96.51640866873065
96.53598014888337
96.62088253573648
96.81597005614472
96.87064676616916
96.87732965267705
96.88401253918495
96.88386673470876
96.88372093023256
97.05517241379312
97.59863945578232
97.67532467532467
97.67532467532467
97.73387096774195
97.75985913377787
97.78584729981378
97.84462399005594
97.91421734994702
97.98381070983811
98.02423865755128
98.1694290976059
98.19691565242036
98.22440220723482
98.3058608058608
98.35830937603554
98.41075794621027
98.56146788990827
98.82986536107711
98.81798146102636
98.80609756097562
98.86780905752754
98.99141104294478
99.29451219512195
99.30122699386503
99.34916718075263
99.34916718075263
99.34916718075263
99.3491671807526
99.93867638129933
99.93867638129933
99.93867638129933
99.93867638129933
99.93867638129933
100.36160188457009
100.36160188457009
100.36160188457006
99.53734524545098
98.71308860633212
97.88883196721312
97.97874493927128
98.31154036651807
98.3332665966702
98.35499282682233
98.37671905697445
98.28916256157635
98.28916256157635
98.28916256157635
98.28916256157635
98.28916256157635
98.28916256157635
98.28916256157635
98.28916256157635
98.28916256157635
98.28916256157635
98.28916256157635
98.28916256157635
98.28916256157635
98.28916256157635
98.28916256157635
98.28916256157635
98.28916256157635
98.28916256157635
98.28916256157635
98.28916256157635
98.28916256157635
98.28916256157635
98.28916256157635
98.28916256157635
98.28916256157635
98.28916256157635
98.28916256157635
98.28916256157635
98.28916256157635
98.28916256157635
98.28916256157635
98.28916256157635
98.28916256157635
98.28916256157635
98.28916256157635
98.28916256157635
98.28916256157635
98.28916256157635
98.28916256157635
98.28916256157635
98.28916256157635
98.28916256157635
98.28916256157635
98.28916256157635
98.28916256157635
98.28916256157635
98.28916256157635
98.28916256157635
98.28916256157635
98.28916256157635
98.28916256157635
98.28916256157635
98.28916256157635
98.28916256157635
98.28916256157635
98.28916256157635
98.28916256157635
98.28916256157635
98.28916256157635
98.28916256157635
98.28916256157635
98.28916256157635
98.28916256157635
98.28916256157635
98.28916256157635
98.28916256157635
98.28916256157635
98.28916256157635
98.28916256157635
98.28916256157635
98.28916256157635
98.28916256157635
98.28916256157635
98.28916256157635
98.28916256157635
98.28916256157635
98.28916256157635
98.28916256157635
98.28916256157635
98.28916256157635
98.28916256157635
98.28916256157635
98.28916256157635
98.28916256157635
98.28916256157635
98.28916256157635
98.28916256157635
98.28916256157635
98.28916256157635
98.28916256157635
98.28916256157635
98.28916256157635
98.28916256157635
98.28916256157635
98.28916256157635
98.28916256157635
98.28916256157635
98.28916256157635
98.28916256157635
98.28916256157635
98.28916256157635
98.28916256157635
98.28916256157635
98.28916256157635
98.28916256157635
98.28916256157635
98.28916256157635
98.28916256157635
98.28916256157635
98.28916256157635
98.28916256157635
98.28916256157635
98.28916256157635
98.28916256157635
98.28916256157635
98.28916256157635
98.28916256157635
98.28916256157635
98.28916256157635
98.28916256157635
98.28916256157635
98.28916256157635
98.28916256157635
98.28916256157635
98.28916256157635
98.28916256157635
98.28916256157635
98.28916256157635
98.28916256157635
98.28916256157635
98.28916256157635
98.28916256157635
98.28916256157635
98.28916256157635
98.28916256157635
98.28916256157635
98.28916256157635
98.28916256157635
98.28916256157635
98.28916256157635
98.28916256157635
98.28916256157635
98.28916256157635
98.28916256157635
98.28916256157635
98.28916256157635
98.28916256157635
98.28916256157635
98.28916256157635
98.28916256157635
98.28916256157635
98.28916256157635
98.28916256157635
98.28916256157635
98.28916256157635
98.28916256157635
98.28916256157635
98.28916256157635
98.28916256157635
98.28916256157635
98.28916256157635
98.28916256157635
98.28916256157635
98.28916256157635
98.28916256157635
98.28916256157635
98.28916256157635
98.28916256157635
98.28916256157635
98.28916256157635
98.28916256157635
98.28916256157635
98.28916256157635
98.28916256157635
98.28916256157635
98.28916256157635
98.28916256157635
98.28916256157635
98.28916256157635
98.28916256157635
98.28916256157635
98.28916256157635
98.28916256157635
98.28916256157635
98.28916256157635
98.28916256157635
98.28916256157635
98.28916256157635
98.28916256157635
98.28916256157635
98.28916256157635
98.28916256157635
98.28916256157635
98.28916256157635
98.28916256157635
98.28916256157635
98.28916256157635
98.28916256157635
98.28916256157635
98.28916256157635
98.28916256157635
98.28916256157635
98.28916256157635
98.28916256157635
98.28916256157635