102.31696905016008
102.32444422815533
102.33191940615058
102.37340425531914
102.37835999460783
102.38331573389652
102.50213219616205
102.63453389830508
102.73885350318471
102.8381256656017
102.90116896918173
103.05957446808512
103.11652542372882
103.24653148345784
103.28846153846155
103.33798283261802
103.36791443850268
103.41604278074865
103.51170212765958
103.68577494692144
103.97842502696872
103.97957653918029
103.98072805139186
104.2038626609442
104.2207931404073
104.2381974248927
104.30042918454936
104.34294871794872
104.58099352051836
104.65517241379311
104.88540540540541
104.98501070663812
105.0469583778015
105.11758474576271
105.24813631522898
105.35690077564024
105.4656652360515
105.5048335123523
105.5048335123523
104.99973435274268
104.49463519313305
104.52462526766595
104.56776947705443
104.82023681377825
104.84317937701397
104.9764453961456
104.99358288770054
105.01604278074866
105.13333333333333
105.20150053590568
105.35085836909872
105.41031149301827
105.47261009667025
105.5377969762419
105.6594827586207
105.67599569429494
105.76338329764454
105.64339419978518
103.75051975051974
103.7673935617861
103.86965589155369
103.98333333333333
104.18518518518519
104.23507140615192
104.28495762711864
104.38019169329073
104.38019169329073
104.38019169329073
104.39088983050848
104.28270042194092
102.09420289855072
102.09420289855072
102.09420289855072
102.0936524453694
102.18561001042752
102.20811654526534
102.26959247648904
102.36842105263159
102.40654699049631
102.41914651112117
102.43174603174603
102.43159554075868
102.43144504977131
102.43129455878396
102.43114406779661
102.05968586387431
99.90731204943357
99.76758409785933
99.51934826883911
98.17409766454352
96.89492753623188
95.77972972972972
95.39434724091521
95.04889975550122
95.07370239578833
95.09850503607544
95.12330767636254
95.14811031664965
95.00804828973843
95.10160965794769
96.21313131313131
96.24193548387098
96.23323323323324
96.02579365079364
95.99006951340616
95.9613478691774
95.90523198420533
95.81262327416174
95.81262327416174
95.81262327416174
95.63358231070433
95.45454134724692
95.2755003837895
95.0964594203321
94.91741845687469
94.73837749341729
94.55933652995986
94.38029556650247
92.1608527131783
92.27361246348588
92.34761441090555
92.53391472868218
92.56756756756756
92.85077519379846
92.86363636363636
92.96914175506268
93.10907335907336
93.17555771096022
91.45677799607074
87.27013752455798
84.51382268827454
84.71841851494696
84.88111217641419
85.18320610687023
85.32569245463229
85.6472275334608
85.86468330134358
86.01921229586935
86.16988416988417
85.97286821705427
84.44888178913737
81.5
81.5
81.5
81.5
81.5
81.5
81.5
81.5
81.5
81.5
81.5
81.5
89.97720797720798
91.15748031496064
91.54338394793928
93.86309523809524
94.78599605522682
95.05756097560976
95.3698224852071
95.54778325123152
95.67190569744598
95.83705140640156
95.95058139534882
93.83042635658916
91.73592233009708
92.00966183574879
92.05944391179291
92.15510597302504
92.44840887174541
92.67144221585482
92.71961722488038
92.88888888888889
92.97325692454632
93.09637404580153
93.35576923076923
93.52884615384616
93.66343355965083
93.84704743465635
93.93030009680541
92.75938402309913
90.65250965250965
90.65250965250965
90.65250965250965
90.753861003861
90.94044188280499
91.06092843326886
91.40425531914893
91.51926782273603
91.71387283236994
91.82575024201356
91.90997095837366
92.01353965183752
92.3035019455253
92.3692458374143
92.48387096774195
91.81510416666663
88.88153310104529
88.88153310104529
88.88153310104529
88.88153310104529
88.88153310104529
88.88153310104529
88.88153310104529
88.88153310104529
88.88153310104529
89.2057245080501
89.44524669073405
91.36230366492146
93.63473053892216
93.98231827111984
94.24358974358974
94.44137931034483
94.85170731707318
94.96274509803922
95.12121212121212
95.21212121212122
95.33659491193738
95.33659491193738
95.59509803921569
95.74559686888453
95.73627450980392
95.73627450980392
95.73627450980392
95.73627450980392
95.73627450980392
95.73627450980392
95.73627450980392
95.73627450980392
95.73627450980392
95.73627450980392
95.73627450980392
95.73627450980392
95.73627450980392
95.73627450980392
95.73627450980392
95.73627450980392
95.73627450980393
88.52413793103449
88.52413793103449
90.71097372488408
90.72215422276622
90.88638920134983
91.14453961456103
91.3208722741433
91.43267326732673
91.48043052837573
91.66828793774319
91.748046875
92.11925708699903
92.21819960861056
92.38076545632974
92.42955665024631
92.48633257403185
89.65934065934066
89.65934065934066
89.65934065934066
89.65934065934066
89.65934065934066
89.65934065934066
89.65934065934066
89.65934065934066
89.65934065934066
89.65934065934066
89.65934065934066
89.65934065934066
89.65934065934064
88.72289156626506
89.24521072796935
89.4915773353752
89.51314554953899
89.5347137637028
89.80484988452656
89.98772321428571
90.09385474860335
90.32134831460674
90.47782705099779
90.48651564185545
90.64488935721812
90.86652977412732
91.0241935483871
91.05194805194805
91.28871128871128
91.33002973240826
89.84532019704432
88.48151848151848
88.81437125748504
88.9572564612326
89.2072072072072
89.43725099601593
89.60908193484698
89.73564356435644
89.83858267716535
90.1767578125
90.3228035538006
90.42193675889328
90.60766961651917
90.63716814159292
90.33966851360695
90.042168885621
89.74466925763504
89.44716962964907
89.14967000166311
88.85217037367715
88.5546707456912
88.25717111770524
88.30959446092977
88.51032448377582
88.63663075416258
88.78473581213308
88.90490196078431
89.03228962818004
89.29330708661418
89.33333333333333
89.43830207305035
89.54302670623146
89.64039408866995
89.8491124260355
90.0
90.20472440944881
90.32216748768472
90.45183714001986
90.54220456802383
90.72709359605912
90.87647058823529
90.92625368731564
91.14074803149606
90.57894736842104
88.39941118743866
88.51226692836114
88.66699029126214
88.75121951219512
88.85645004849661
88.8894277400582
89.00779727095517
89.02323330106486
89.2704280155642
89.36971484759096
89.36971484759096
89.71988246816846
89.79960899315738
89.8837890625
89.97955209347614
90.13773035887488
90.2490234375
90.3692458374143
90.57101167315174
90.67867575462512
90.73398058252427
90.8415937803693
90.8639455782313
91.10495626822157
91.21206225680933
91.33529411764705
91.43235294117648
91.6099706744868
91.71039844509232
91.78773125608569
91.90944498539436
91.9447138700291
92.21114369501467
92.29727095516569
92.44574780058652
92.44574780058652
92.70251937984496
92.85463414634147
92.9931906614786
93.16878048780488
93.25048923679061
93.41986234021633
93.44926108374385
93.73891625615764
93.80530973451327
94.1385068762279
92.88878048780487
92.32941176470588
92.41372549019607
92.45935357492654
92.5181194906954
92.5181194906954
92.5181194906954
92.76487804878049
92.87781036168133
92.95126705653021
93.00097370983447
93.20472440944881
93.3030303030303
93.4499017681729
93.4499017681729
93.49165848871442
93.65853658536585
93.74240940254653
93.85574092247302
93.92405063291139
94.005859375
94.20706575073595
93.6022945683979
92.99752338605984
92.39275220372184
92.6140350877193
92.72524271844661
92.92233009708738
93.00387596899225
93.05043646944713
93.26822157434403
93.3762278978389
93.43914313534567
93.52878048780488
93.74246841593781
93.85131195335276
93.85131195335276
93.9757045675413
94.26934378060724
94.34205426356588
94.37548638132296
94.62790697674419
94.66343355965083
94.75728155339806
94.92054263565892
95.04669260700389
95.32069970845481
95.33657587548637
95.49167482859941
95.70576735092865
95.36524032442591
95.0247132979232
94.68418627142046
94.34365924491772
94.39092664092664
94.56304138594803
94.70067372473532
94.7869481765835
94.875
95.03076923076924
95.16570881226053
95.43743937924346
95.5824493731919
95.7274490785645
95.79844206426485
96.03872216844144
96.07350096711798
96.28210116731518
96.3671875
96.50097276264592
96.61478599221789
96.74393792434529
96.1945788964182
95.2447216890595
95.49709302325581
95.50778210116732
95.72674418604652
95.85139022051774
95.86781609195403
96.07025986525505
96.14450867052022
96.42048780487805
96.46491228070175
96.494140625
96.7105517909003
96.80582524271844
96.83671497584541
96.85328185328186
97.03478260869565
97.13500482160077
97.30754352030948
97.35356454720616
97.59766763848395
97.70986460348163
97.83009708737865
97.99419167473378
98.10348162475822
98.15236258437801
98.20251937984496
98.40425531914894
98.44898148338861
98.49370764762827
98.66146341463414
98.8239299610895
98.94385285575993
99.02030947775629
99.10211946050097
99.17324350336862
99.26789168278529
99.46771037181996
99.57941176470587
98.68878048780482
97.49188156638013
97.51387559808612
97.89337175792508
97.92418426103646
98.01725790987535
98.09933142311365
98.17788461538461
98.25215723873441
98.32504780114724
98.44026974951831
98.48508180943215
98.79863813229572
99.00387596899225
99.00387596899225
99.03391472868216
99.22599418040737
99.31171345595354
99.31171345595351
98.00290135396517
96.66540642722117
96.81470869149953
96.9299424184261
97.04385128693994
97.18076923076923
97.18791946308724
97.35096153846155
97.45953757225433
97.5090909090909
97.58597502401537
97.79482262703739
97.81748318924112
97.97109826589596
98.12343297974928
98.1853986551393
98.27681992337165
98.30518234165066
98.36599423631124
98.45155038759685
97.46414728682169
95.75238095238095
95.78190476190476
95.8720152817574
96.06826923076923
96.12320916905443
96.27185398655139
96.29971181556196
96.43942307692308
96.67596153846154
96.81686046511628
96.96592015579358
97.14065510597302
96.94191674733781
95.56216216216217
95.56216216216217
95.56216216216217
95.56216216216217
95.56216216216217
95.56216216216217
95.56216216216217
95.56216216216217
95.56216216216217
95.56216216216217
92.51461988304095
93.25974025974028
94.45393634840872
95.32467532467535
96.20486111111111
96.40560949298813
96.58496395468589
96.78456913827655
97.0593471810089
97.22254901960784
97.33072407045009
97.53976143141153
97.66566566566567
97.74774774774775
97.80278884462152
97.96336633663367
98.10557768924303
98.05049504950489
94.80116959064321
91.26971762414803
90.69178743961352
90.77799227799228
90.9720885466795
90.98362235067438
91.18094321462945
91.45797101449276
91.67732558139535
91.71677982541222
91.97784200385354
88.85522531160109
86.92692307692306
87.37730358874879
87.47490347490347
87.64181994191675
87.86455331412104
87.9604247104247
88.09961685823755
88.31848983543078
88.59533073929961
88.61224489795919
88.78752436647173
88.9328793774319
89.00387596899225
89.08543689320388
89.26346718903037
89.37156862745098
89.47192118226602
89.79391560353288
89.84433497536946
89.96742349457058
89.9730586353294
89.9786937760882
89.984328916847
89.98996405760582
89.99559919836463
90.00123433912343
90.00686947988224
90.2256157635468
90.36614173228347
90.44685039370079
90.52941176470588
90.64320625610948
90.75828460038986
90.9079333986288
91.20530451866405
91.23720472440942
90.93712190085824
90.6370390773071
90.33695625375591
90.03687343020474
89.73679060665361
89.79158512720157
89.82450980392156
90.26790971540726
90.30844793713163
90.4201762977473
90.44965786901271
90.63060428849903
90.71232876712328
90.81463414634146
90.98540856031128
91.08966861598441
91.41020608439646
91.42311459353574
91.54456415279138
91.68359375
91.7570731707317
91.92621359223301
92.01170731707317
92.31098153547134
91.38053097345141
89.0889748549323
89.28140214216164
89.52292682926829
89.6621359223301
89.75751697381183
89.83736689254599
90.00480307396734
90.1108968177435
90.29332042594385
90.56644034917555
90.70793036750483
90.77019230769231
90.92781520692974
90.94412331406551
90.96718146718146
91.18497109826589
91.16843118383053
89.16042267050912
89.34106280193237
89.50241080038573
89.64728682170542
89.74492753623188
89.79190751445087
89.96425120772948
90.0909090909091
90.19301648884579
90.38252427184466
90.60617760617761
90.71428571428571
90.87705711519845
90.92374517374519
90.74124707798178
90.55874898221839
90.37625088645498
90.19375279069158
90.01125469492817
89.82875659916478
89.64625850340136
89.7216796875
89.79397473275024
89.8857421875
90.06782945736434
90.15242718446602
90.29463414634145
90.62001943634597
90.69825918762089
90.72065955383123
90.53550934946053
90.35035914508984
90.16520894071914
90.40864440078586
90.56504854368931
90.70445736434108
90.84869059165858
90.84869059165858
91.0885214007782
91.17818889970789
91.3782991202346
91.44716242661448
91.59219512195122
91.65204678362574
91.7734375
91.98542274052478
92.04398826979472
92.32419196865818
92.35386119257086
92.03517558927831
91.71648998598573
91.39780438269318
91.07911877940063
90.76043317610805
90.44174757281553
90.60038986354776
90.76953125
90.83544303797468
90.91918208373905
91.06976744186046
91.1284046692607
91.36774827925271
91.40980392156862
91.70490196078431
91.79512195121951
91.81756097560975
91.852140077821
92.02912621359224
92.16423712342079
92.33333333333333
92.44716242661448
92.56109481915934
92.78895463510848
92.85068762278979
91.7349753694582
89.6513671875
89.02536585365854
89.11557296767874
89.34019607843138
89.54223968565816
89.70352250489236
89.93805309734513
90.03996101364523
90.16682926829269
90.30314960629921
90.56317335945151
90.66764418377322
90.74459724950873
89.43811394891941
88.1925343811395
88.19784524975515
88.32086614173228
88.50932286555447
88.75366568914956
88.80407371483996
88.98931000971817
89.10894941634241
89.17756097560975
89.39687194525904
89.56809338521401
89.6977648202138
89.70999030067895
89.88206627680312
90.16197866149369
90.05490196078426
88.31290322580662
85.37190082644628
85.37190082644628
85.37190082644628
85.37190082644628
85.37190082644628
85.37190082644628
85.37190082644628
85.37190082644628
85.37190082644628
85.37190082644628
85.37190082644628
85.37190082644628
85.37190082644611
90.3011235955056
91.16809605488851
91.60190217391305
91.78290993071593
92.015923566879
92.3045267489712
92.49492900608519
92.566
92.61
92.8605817452357
93.07793522267207
93.24543610547667
93.3397761953205
92.27327935222661
90.26294416243655
89.76954314720813
89.77733199598796
89.96258847320526
90.20362903225806
90.3180894308943
90.41306532663316
90.52594099694812
90.71486349848331
90.8567103935419
89.96963562753035
88.79435483870964
87.93724696356279
87.70567075369115
87.47409454381949
87.24251833394783
87.0109421240762
86.77936591420456
86.5477897043329
86.31621349446122
86.16177957532861
86.21897073662967
86.32364729458918
86.4446680080483
86.59415911379658
86.84754262788366
87.0
87.25531914893617
87.08811318716926
86.92090722540232
86.75370126363538
86.58649530186847
86.41928934010153
86.51417004048584
86.58341759352882
86.70251256281406
86.59240896088126
86.48230535894844
86.53985872855701
86.57459677419355
86.798
89.07963709677415
92.24266936299296
94.24226804123714
95.72793354101765
96.27586206896558
98.15828877005345
99.08244111349035
99.48390557939913
99.67024704618689
99.749731471536
100.03636363636363
100.43675675675675
100.61521972132905
100.94462540716611
101.0542888165038
101.25350593311758
101.34297963558413
101.5065075921909
101.5005370569279
98.20996818663843
94.37895812053117
94.20242914979758
94.05294705294705
94.33028455284553
94.3472081218274
94.5694022289767
94.8170731707317
94.9989847715736
95.08341810783317
95.20930232558139
95.2920892494929
95.72680937818552
95.05810397553523
91.9317718940938
89.53016815034619
89.71018793273986
89.81521739130434
90.07608695652173
90.17857142857143
90.40769990128332
90.59467455621302
90.72386587771203
90.9064039408867
91.08596837944664
91.25343811394892
91.35004916420846
91.3834808259587
91.42941176470595
88.49560117302053
87.77162293488824
87.7631067961165
87.86750483558994
87.97972972972973
88.21165048543689
88.33850630455868
88.4645286686103
88.63821532492726
88.83397683397683
88.99036608863199
89.14603481624758
89.22502424830262
89.22502424830259
89.0009596928985
86.11911623439005
83.98567335243553
84.08079847908745
84.10857142857142
84.2776717557252
84.51140684410646
84.64862298195632
84.75071090047393
84.93282876064333
85.05451127819549
84.59659090909099
81.96408317580335
80.13251879699249
80.18164794007491
80.39740018570103
80.70046511627908
80.89597000937206
81.17039106145252
81.2983271375465
81.68499534016776
81.82446311858075
82.06784386617119
84.60467289719622
86.75352775164629
87.0910798122066
87.4892221180881
87.61734213006598
87.7754911131899
87.89897100093545
87.96622889305816
88.08426966292134
88.41049671977507
88.5625
88.66822867853796
88.79702048417133
88.87325256290751
86.65663217309498
85.70046511627908
85.95242537313433
85.97665732959851
86.09851301115242
86.23589269195189
86.25414364640883
86.30339138405132
86.36506469500924
86.39722222222223
86.44486675908811
86.492511295954
86.54015583281989
86.58780036968577
86.69513314967844
84.61432506887058
83.33514986376022
83.52762430939227
83.57483930211203
83.80662983425414
83.87557182067704
84.10064043915828
84.25206232813932
84.42
84.44990892531877
84.73253676470588
84.84360625574978
84.90313653136533
85.14364640883979
85.2346471127406
85.44190301921317
85.55169258920402
85.75788497217069
85.90277777777777
85.96033210332104
86.06861848124429
86.25709057639524
86.39357798165136
86.6549815498155
86.76062846580407
86.36954503249763
83.93726937269372
83.50551470588235
83.62005519779208
83.76286764705883
83.88663594470046
83.93566176470586
84.33211678832117
84.5625
84.62959558823529
84.83440662373505
85.01838235294119
85.25296803652968
85.34061930783241
85.59580291970804
85.77959927140255
85.98337950138504
86.1599634369287
86.33787465940054
86.45852324521422
85.56497695852545
83.84229717411122
84.06940639269406
84.2235401459854
84.30072463768116
84.60162601626017
84.74567000911577
84.85766423357666
85.19381255686989
85.42948717948718
85.6098901098901
85.52701465201464
85.44413919413918
85.36126373626372
85.27838827838826
85.1955128205128
85.11263736263737
85.45866666666666
86.11530398322851
86.2734962406015
86.57209302325582
86.7072945521699
86.87511563367252
87.13246268656718
87.4410399257196
87.56598513011153
87.734375
87.84059314179797
87.97026022304834
87.69410664172119
86.01017576318225
85.21663619744061
85.68059424326833
85.71335807050093
85.85277777777776
86.09814814814816
86.22949308755761
86.4753488372093
86.63813953488372
86.71069767441861
86.92565055762081
87.07328385899814
87.23818350324376
87.4860594795539
87.66078066914498
87.76980428704567
87.8339552238806
88.0213953488372
88.10841121495326
88.36812674743709
88.52096924510718
88.58022388059702
88.59290382819796
88.30468888522046
88.01647394224295
87.72825899926545
87.44004405628795
87.15182911331044
86.86361417033294
86.57539922735543
86.28718428437793
86.4765478424015
86.6559849198869
86.73509933774834
86.87535145267104
86.90704225352113
87.04166666666669
87.33872502378686
87.48151658767773
87.51182592242195
87.67233238904628
87.8650943396226
86.02537593984971
84.35906976744187
84.63147973609802
84.72097378277154
84.91519105312209
85.01862197392924
85.23880597014926
85.49438202247191
85.60393258426967
85.83208255159475
85.90926099158092
86.0065481758653
86.2310570626754
86.50280898876404
86.69488372093024
86.75093283582089
86.87325256290774
87.74368568755847
87.80074487895718
87.88515406162465
87.9888164026095
88.13935969868174
88.51366635249764
88.57384760112888
88.78751164958061
88.87709497206704
88.96910112359551
89.02894491129786
89.16431924882629
89.265595463138
89.42897196261683
89.65789473684208
87.5136663524977
85.99906191369604
86.37734082397004
86.47511737089202
86.60298229263746
86.76880222841226
86.90764925373135
87.02883720930231
87.2785046728972
87.41330834114339
87.55649717514125
87.65979381443299
87.9214953271028
87.93837535014005
88.04115996258186
88.21266540642722
88.50519357884797
88.59433962264153
88.49905482041595
85.87406015037595
85.81478016838166
85.91940018744143
85.9784442361762
86.03561387066541
86.21280602636534
86.57249766136576
86.74042950513538
86.76145930776427
86.94106641721235
86.97006548175864
87.21825023518346
87.43679245283019
87.45231350330499
87.71872060206961
87.87288135593221
87.9773156899811
88.04725897920605
87.43826578699338
86.86161251504211
86.14847161572061
84.53186274509804
84.60998151571164
84.83812010443864
85.06832298136646
85.14201762977473
85.1759697256386
85.37664783427493
85.61084681255947
85.72658467360455
85.66318625983712
85.5997878460697
85.53638943230229
85.47299101853486
85.40959260476744
85.34619419100002
85.2827957772326
85.21939736346516
85.44739336492891
85.52521408182685
85.4162655658733
85.30731704991976
85.19836853396622
85.08942001801267
84.98047150205912
84.87152298610557
84.76257447015203
84.65362595419847
84.8646329837941
84.98851674641148
85.10209923664121
85.4632282712512
85.5790987535954
85.595009596929
85.87667304015297
85.94157088122606
86.1472275334608
86.32080924855492
86.52702702702703
86.88740458015268
86.93708293612964
87.11923076923077
87.27988338192421
87.51390220517737
87.61057692307693
87.80956937799043
87.90334928229663
88.10928433268859
88.22868217054264
88.38109161793372
88.5230166503428
88.68563162970099
87.85024154589382
86.30135658914729
86.37777777777778
86.48399612027157
86.67763794772509
86.86750483558993
87.06460945033751
87.24195121951219
87.27166504381694
87.47419668938656
87.61844660194174
87.6963249516441
87.91634615384615
88.09756097560975
88.3069403714565
88.310546875
88.02045209027489
87.73035730554977
87.44026252082466
87.15016773609949
86.86007295137438
86.56997816664926
86.27988338192421
86.50634146341463
86.57434402332362
86.7589199614272
86.89913544668588
87.0
87.01642512077296
87.26218323586744
86.98293848840467
86.7036937409419
86.42444899347913
86.14520424601636
85.86595949855352
85.9449806949807
86.18647342995169
86.32657004830918
86.51348747591523
86.56853281853282
86.68203650336227
85.83236994219646
84.29622458857696
84.18497109826589
84.30917874396135
84.48180076628353
84.59692898272553
84.6685878962536
84.90134099616859
84.99904122722914
85.10384615384615
85.21510516252391
85.51780558229066
85.62247838616715
85.68034351145039
85.75334608030593
85.75334608030607
83.84900284900277
82.89704480457578
82.9639126305793
83.10561370123692
83.26944971537002
83.34150943396224
83.59508041627247
83.7502356267672
83.879848628193
83.93074003795067
84.2970946579194
84.35680751173709
84.6109022556391
84.6907894736842
84.79036827195468
84.86710650329877
84.97266729500471
85.09304511278195
85.10516431924884
85.42404473438957
85.55347091932458
85.71910112359551
85.74108818011257
85.89055191768007
85.95864661654136
85.98590225563908
86.28478057889822
86.38721804511283
85.9091402996338
85.43106255415489
84.95298480867598
84.47490706319701
84.70571696344892
84.82429906542056
84.8400374181478
84.95864661654136
84.99905926622768
85.38188608776844
85.45522388059702
85.55347091932458
85.75731822474032
85.7924882629108
85.8639774859287
86.01605288007555
86.17436380772855
86.34301780693534
86.57088846880907
86.62108262108262
86.79793233082707
86.84774436090225
86.94039735099338
87.06818181818181
87.21280602636534
86.6350710900474
84.76886792452831
84.74670433145009
84.73937677053824
84.81903864278982
84.95256166982922
85.08996212121212
85.32109227871939
85.44706994328922
85.59262759924385
85.75803402646503
85.86874409820585
85.9734597156398
86.0731939163498
86.27126654064273
86.26792452830205
84.2467166979362
84.13414634146342
84.11920529801324
84.34803001876173
84.40319548872179
84.69114877589453
84.81981132075472
84.87901701323251
84.9441816461684
85.0547686496695
85.21280602636534
85.40810556079171
85.60076045627376
85.7566037735849
85.90273843248349
85.44995233555755
83.89140698772427
83.93649289099525
83.93649289099525
84.02735849056603
84.28178368121442
84.51238095238095
84.61655566127497
84.76045627376428
84.9322033898305
84.96219281663517
85.02469135802471
85.28326996197718
85.34407582938388
84.82745471877979
83.44634377967711
83.54632282712512
83.71741198858228
83.89343482397716
83.93155893536121
84.06077872744541
84.23180076628353
84.46080305927342
84.59480269489896
84.76240458015268
84.84637404580153
85.0
85.04588910133843
85.10556621881
85.37224880382774
85.51254826254825
85.84608030592744
86.98166023166027
87.58333333333333
87.68992248062015
87.73648648648648
87.84830917874396
88.09082125603865
88.15169082125604
88.33398247322299
88.5188770571152
88.59708737864071
87.66678693256358
86.73648648648648
86.77176015473887
86.95173745173746
87.04038461538461
87.11400966183572
87.37184466019417
87.55125725338492
87.56935014548982
87.71345595353341
87.91190706679573
88.01253616200579
88.10679611650485
88.23099415204683
87.6614936954411
86.12704523580368
86.33204259438529
86.5375
86.66216216216216
86.8075072184793
86.93442622950819
86.99419167473378
87.12693798449612
87.2429268292683
87.45261121856866
87.56866537717602
87.66731328806983
87.79516908212577
86.38039215686285
85.09248554913296
85.4412331406551
85.45708775313405
85.57777777777778
85.6907514450867
85.90582524271845
86.00968054211035
86.29182879377431
86.35624394966118
86.38454106280193
86.55609284332688
86.6036644165863
86.8096618357488
86.92753623188406
86.9593417231365
87.2470703125
87.29089128305583
87.5004878048781
87.19388306686898
86.88727832885985
86.58067359085078
86.27406885284165
85.96746411483254
86.05222437137331
86.15324927255091
86.3167641325536
86.56686046511628
86.66248794599807
86.75822050290135
86.87849566055931
86.98939247830279
87.12162162162163
87.17971014492753
87.50576923076923
87.64065510597302
87.74252651880424
87.84459459459458
88.0182516810759
88.07892204042348
88.10662824207492
88.3078412391094
88.45235803657363
88.64903846153857
87.62092130518249
86.13723608445298
86.13314176245211
86.23326959847037
86.43916349809886
86.52571428571429
86.68672397325692
86.81273764258555
86.87072243346006
87.0421052631579
87.1434034416826
87.21904761904761
87.19348659003845
85.14708691499523
85.14708691499523
85.17557251908397
85.32258064516128
85.51668255481411
85.66125954198473
85.77851711026616
85.93916349809886
86.02287893231647
86.22001888574127
86.23629489603036
84.6673040152964
83.25638599810786
83.30492424242425
83.44814462416747
83.63904761904763
83.80095238095238
83.85768863419293
83.99050332383666
84.15421455938697
84.28530534351142
84.6139846743295
84.72753346080306
84.81669865642995
84.86455331412104
85.00765550239234
85.12428298279158
85.28544061302682
85.47545717035611
85.59441233140655
85.81731684110369
85.74713740458037
83.75215311004784
83.75215311004784
83.81399808245446
83.88708133971292
84.08986615678776
84.12631578947367
84.34699714013345
84.54170661553212
84.75623800383877
84.81417624521073
84.90403071017275
85.03753609239654
85.13513513513516
85.42788461538461
85.56798457087757
84.31645569620254