80.71967871485944
81.01703163017032
79.19099249374479
78.55489864864865
77.68782161234991
77.38151260504202
77.53494176372712
77.64897959183673
78.00080450522928
78.33931484502448
78.72496025437202
78.98726114649682
79.22106943335993
79.54552652414885
79.6935736677116
79.59247648902823
76.4059097978227
74.20874904067537
74.07033639143731
74.43441358024691
74.6723076923077
75.04012345679013
75.1990811638591
75.60556844547564
75.8360153256705
76.2982998454405
76.5707656612529
76.97844495765973
77.44945567651634
77.64996144949885
77.96710022953329
75.71329746348962
73.9448275862069
73.94198473282442
74.03453568687644
74.34509202453988
74.85758039816233
75.0137614678899
75.46590038314176
75.72085889570552
76.10839694656488
76.4483024691358
76.66074188562597
76.98079877112136
76.22958397534667
73.67468944099379
73.67468944099379
73.88674884437596
74.02007722007723
74.49341595662277
74.70523846755277
74.94153846153846
75.08128834355828
75.45813953488373
75.74569640062597
75.9829457364341
76.12121212121212
76.35239567233384
76.60342146189736
76.86209613869188
77.31909750201451
76.07887817703768
75.6865234375
73.56201117318437
71.92289442467377
70.89950372208438
69.95915678524374
68.40129032258065
67.17204301075269
66.14571092831963
66.16817920516701
66.19064748201438
65.76315789473682
65.78061159549416
65.79806529625151
65.56294536817101
65.48938679245283
65.32102908277405
65.21621621621621
65.14087550180265
65.0655347873891
64.99019407297553
64.91485335856197
65.27383177570094
65.3531047265987
65.54296160877514
65.82808280828083
66.06122448979592
66.30078465562336
66.85416666666667
67.25758889852558
67.60510114335972
68.1006233303651
68.56031128404669
68.99171597633136
68.99171597633136
68.99171597633136
68.99171597633136
68.99171597633136
68.99171597633136
68.99171597633136
68.99171597633136
68.99171597633136
68.99171597633136
68.32463325570433
67.65755053507729
68.06976744186046
68.50666666666666
64.56746765249534
59.83634719710665
55.42941673710902
51.94224422442244
51.75544794188862
52.15094339622641
52.72307692307692
53.49878345498783
54.369618196588135
54.75686591276252
55.45425361155698
55.802429149797575
56.064412238325275
56.642628205128204
57.02006420545746
57.45403677058353
57.901743264659274
58.528808208366215
58.892380204241945
59.36078431372549
59.90730557737628
60.2234375
60.77176470588235
61.21126760563381
61.7361002349256
62.16302652106084
62.895591647331784
63.283179012345684
63.67365967365967
64.07384615384615
64.62122385747483
65.19263238679969
66.14973262032086
68.10490045941808
68.56602316602317
69.07230769230769
69.62074303405572
70.0696784073507
70.5877803557618
70.95278637770897
71.31990704879938
71.85725249424405
72.22987616099071
72.70872274143302
73.28859581070597
73.69976544175137
74.11682242990656
72.17762128325512
69.19066147859922
66.66536661466459
66.9937984496124
67.14307931570762
67.60728117738188
68.10625
68.45672333848532
68.75795190069822
69.20813771517997
69.52913385826771
69.62785208497246
67.00466562986003
64.89898198903683
63.64622641509433
63.992924528301884
64.24414976599064
64.73675889328064
65.00860719874804
65.3890625
65.7733644859813
66.1153546375682
66.59486780715396
67.17569659442725
67.56211180124224
68.03421461897356
68.37372947615324
68.70211102423768
68.75238853503186
65.88797364085667
64.21013289036546
62.837209302325576
63.21179401993355
63.54799015586546
63.839546191247976
64.05988515176374
64.48163265306123
64.96685529506871
65.17632850241546
65.617004048583
65.95222672064777
66.59886547811993
67.07073954983923
67.50647249190939
67.60323886639678
67.24411106581083
66.88498326522488
66.52585546463892
66.16672766405297
65.807599863467
65.44847206288105
65.08934426229509
65.55537190082644
65.96636587366694
66.26935749588138
66.6417419884963
67.07219031993438
67.49754901960785
67.71767594108022
67.34550874128958
66.97334154149894
66.6011743417083
66.22900714191766
65.85683994212702
65.48467274233637
65.76775271512113
66.12396694214875
66.46274834437087
67.05848434925865
67.33305785123967
67.8150912106136
68.10973597359737
66.81863979848868
64.18425460636513
62.26460481099653
61.27667269439422
60.79492003762935
60.71757925072046
60.86039886039886
61.40909090909091
61.694786729857825
62.05023255813954
62.49906015037594
62.939252336448604
63.404096834264436
63.73510540788267
64.3482224247949
64.6754068716094
65.16755793226382
65.52641002685766
65.7338065661047
66.43673110720562
66.69082969432314
67.09655172413792
67.68225108225108
67.80449826989616
65.530315969257
63.11845493562237
60.825862068965506
60.05694564279552
60.03905329538702
60.02116094797852
60.003268600570024
59.98537625316153
59.967483905753035
59.94959155834454
59.931699210936046
59.9138068635275
56.981057616416706
54.29731861198741
52.722610722610725
52.74942174248264
53.51508120649652
53.774746687451284
54.35993740219092
54.73410852713178
55.208688906128785
55.58326878388846
56.050426687354545
56.55161787365178
56.48461538461538
52.582494190549966
52.344211344211345
52.66354410616705
53.10876369327073
53.46999220576774
53.841860465116284
54.316074188562595
54.69517884914464
55.106449106449105
55.696290571870165
56.14918414918415
56.50731331793688
56.83833718244804
57.38520801232666
57.73502304147465
57.65805471124622
55.56835637480799
55.056966897613535
55.77084957131723
56.18350038550501
56.59984579799537
56.90663580246914
57.45019305019305
57.81495759444873
58.254992319508446
58.656465187452184
59.221538461538444
60.12076923076923
60.46813725490196
59.9930966469428
59.8977135980746
59.10960591133005
58.52062430323301
58.049898167006106
57.93981481481481
58.001730103806224
58.38529886914378
58.7182320441989
59.08602150537635
59.5327743902439
59.91830559757942
60.17466266866566
60.60542168674699
60.86224869694712
61.6078869047619
62.02678571428571
62.451228592702904
62.51381628080651
59.99850857568981
57.82539682539681
56.81444866920154
57.46343341031563
57.87109375
58.45736434108527
58.72389791183295
59.13713405238829
59.58109146810146
59.891006097560975
60.40045941807044
60.667175572519085
61.20976353928299
61.54801829268294
62.28015267175573
62.54359363153904
62.97730711043873
62.78062805317592
62.58394899591312
62.387269938650306
62.64580152671756
63.12537993920972
63.565648854961836
64.24042879019908
64.56551724137933
65.13030069390902
65.49533437013997
65.94842186297151
66.51457840819543
66.7059294871795
65.69608659450455
63.54783393501805
61.56205852674066
60.31536113936929
59.704196519959055
59.77986179664363
59.913793103448256
60.56794751640112
60.75409836065573
61.24202127659575
61.59445407279031
62.1558550968829
62.4911838790932
62.793874172185426
63.18166804293972
63.54746317512274
63.97596153846153
64.35961383748995
64.74278846153847
65.12145110410094
65.68053375196233
66.1110242376857
66.51022012578616
66.49370078740162
63.57698412698403
60.89236947791164
58.4666666666667
57.81803542673107
58.195024077046554
58.70906200317967
59.306836248012715
59.55634920634921
59.84243863816312
60.43346613545816
60.709856915739266
61.09377462568952
61.61648177496039
62.33017377567141
62.66324110671937
63.07120253164556
62.92019357386475
62.76918461608394
62.61817565830313
62.46716670052231
62.3161577427415
62.16514878496069
62.01413982717989
62.5070977917981
62.8006329113924
63.132341425215344
63.70023603461841
64.12175962293793
64.60252365930599
65.01808176100629
65.18402505873141
64.6861944059595
64.18836375318756
63.69053310041565
63.19270244764374
62.6948717948718
63.044877222692634
63.533219761499154
63.946826758147495
64.44722719141325
64.22696411251212
64.2158273381295
64.11086226203807
63.76202860858257
63.484802431610944
63.484802431610944
63.484802431610944
63.484802431610944
63.484802431610944
63.48480243161089
61.26490066225168
60.7521126760563
59.478474784747846
58.82831661092531
59.260343087790105
59.66260543580131
59.70770593445528
60.0945945945946
60.4483870967742
60.838095238095235
61.25859375
61.606274509803924
62.00464396284829
62.37636080870918
62.71140418929403
63.0215550423402
60.62627052384664
56.4984227129338
54.639225181598064
54.89164598842018
55.27370156636438
55.51269451269451
56.09039087947883
56.38548387096775
56.67233009708738
57.09054805401112
57.633679169992035
58.1687898089172
58.48544453186469
58.961447678992926
59.3375196232339
59.751974723538694
60.3307210031348
60.567610062893095
61.17425431711146
61.49724626278521
61.991386061080675
62.46389324960754
62.41208791208783
58.94178628389159
55.73214285714289
53.71701244813278
53.31684828164293
53.84267782426778
54.25020712510354
54.66749379652606
55.20709570957095
55.48389760528488
55.96491228070175
56.32475083056478
56.70689655172413
57.2157506152584
57.8014888337469
58.299251870324184
58.62531223980017
59.111111111111114
59.576856649395495
60.35079513564078
60.35378323108384
60.357476976438775
60.36117072179371
60.36486446714865
60.368558212503586
60.37225195785852
60.37594570321346
60.3796394485684
60.595041322314046
60.905566600397606
61.54854368932038
61.81826831588961
62.47981651376146
62.71974522292993
62.9265890778872
63.46501328609389
63.68766637089618
64.03580786026203
64.50786713286713
64.74628171478565
65.24371205550739
65.79895561357705
66.45635263612792
66.78100263852252
63.69901168014371
61.306363636363585
59.86944444444447
60.52161654135338
60.57855126999061
61.32777777777778
61.66543778801844
62.349999999999994
62.63777372262774
63.11906893464638
63.56057866184449
63.88461538461539
64.28584310189359
64.68177697189483
65.23613595706621
65.99111900532858
66.39732142857142
66.78385650224216
67.09831709477407
64.7199638663053
61.95660036166362
60.62119815668203
61.13315217391306
61.57823741007195
62.03504043126685
62.497741644083106
62.759459459459435
63.370170709793356
63.60089686098655
64.12822796081923
64.6041108132261
65.14008810572687
65.65580985915494
66.11898512685914
66.49420160570921
66.85446428571427
67.32318710832584
66.94843462246786
64.44519883608143
62.74655355249206
61.874117647058824
60.30422919508868
59.49708454810491
58.51370851370851
58.64647887323943
58.730458221024264
59.2531806615776
59.57142857142857
59.68928571428572
60.06704545454545
60.52643419572553
61.25520262869661
61.59150326797385
62.01720430107525
62.470205850487545
62.64567769477054
63.31903765690376
63.56976744186045
64.07650273224044
64.58690476190475
65.13190954773866
64.92914744810449
64.7263853484703
64.52362324883612
64.32086114920193
64.11809904956775
63.91533694993356
63.712574850299404
64.19378427787933
64.54489436619718
64.95238095238095
64.88399661303993
60.68452380952385
56.72628951747083
53.41875505254643
50.27128082736681
48.73906125696101
49.36671924290221
49.89126984126983
50.43533123028391
50.974663499604105
51.483896307934
51.86786551993748
52.45035183737295
52.89149102263855
53.4352574102964
54.136186770428026
54.585780525502315
54.96541122213682
55.572964669738866
56.051380368098165
56.56978527607362
56.54224270353302
53.544753086419746
52.66045066045065
52.51392719174409
52.36740372303751
52.22088025433095
52.07435678562439
51.92783331691781
51.78130984821125
51.634786379504675
51.48826291079814
50.743126472898666
51.16945107398567
51.60125588697019
52.1521568627451
52.60546875
53.03346303501945
53.518259518259526
53.90866873065016
54.41530054644818
52.58974358974365
50.39778129952447
48.2971887550201
47.75713121434393
48.12973408541498
48.53926282051282
49.0040225261464
49.464228934817186
49.87380952380954
50.65533596837945
50.884948778565786
48.145543744889665
46.08388704318941
45.006745362563265
45.49832495812396
45.8250414593698
46.11203319502073
46.64446294754373
47.39901880621423
47.799835255354196
48.06650246305418
47.86553288949585
47.6645633159375
47.463593742379175
47.26262416882082
47.061654595262496
46.86068502170414
46.65971544814579
46.458745874587464
47.00974817221771
47.77886178861786
48.75853852263697
49.75
50.982632541133455
51.54794520547944
52.22821576763488
53.345957011258974
54.11425682507583
54.34648700673728
54.82717190388172
55.34601769911504
55.6805084745763
56.152823920265774
56.596774193548384
56.976152623211476
57.609794628751956
58.265832681782655
58.601568627451
59.21428571428572
59.67080745341616
59.99614197530866
60.427682737169505
60.75832687838886
61.52221356196412
62.01010101010101
62.42272024729522
63.00927357032458
63.42286609240409
64.02327514546965
63.60314341846754
62.78371501272265
62.78371501272265
62.78371501272265
62.78371501272265
62.783715012722496
59.32195845697328
58.83224967490247
59.2405498281787
59.519013360739976
59.764097744360896
60.00087796312556
60.51393442622951
60.77944664031622
61.25923016496466
61.60015710919089
61.91790461297887
61.51155378486055
57.965189873417785
54.60348929421093
51.71383147853736
51.73517786561263
52.151539068666125
52.559875583203734
52.968553459119505
53.56186770428013
54.07855459544385
54.59703819173808
55.113636363636374
55.55183164458299
56.31680867544539
56.329976762199806
55.96366693367548
55.597357105151104
55.231047276626725
54.864737448102346
54.498427619578024
54.132117791053645
53.765807962529266
54.522885958107054
54.85581395348834
55.469088098918064
55.85947204968943
56.43508500772799
56.81182795698925
57.38307692307694
57.76964560862871
58.5728604471858
59.62957074721783
60.23009623797026
60.783992285438785
61.203761755485914
61.649619151251386
62.23340471092077
62.151150177142256
62.06889564336376
62.690999999999974
63.31792452830189
63.61473880597015
64.22735507246375
64.63938848920861
65.05286343612335
65.52310374891022
65.84455958549222
66.40593220338997
62.92275042444817
59.978795589482615
56.74789915966403
53.69425675675666
51.02216538789435
49.267226890756305
49.18589211618257
49.42225859247134
49.89811010682001
50.688353413654625
51.07481898632341
51.6950636942675
52.28298887122418
52.68799368088469
53.367507886435334
53.752170481452254
54.35298742138366
54.68260188087777
55.50858034321374
55.860156250000045
53.964884277733404
52.963302752293544
52.26325247079967
51.47363184079603
51.06097560975611
50.95682613768963
50.822541966426854
50.77623261694055
50.30465296993668
49.83307332293293
49.60553633217995
50.051993067590985
50.44462279293748
52.31476323119779
52.81353767560665
53.45334928229664
54.07557502738223
54.60399159663865
55.010040160642575
55.590775269872424
55.81826923076926
56.32399626517275
56.70418604651161
57.364802933088896
57.68584474885847
58.33634719710676
55.84086799276679
53.761992619926104
51.49429657794667
49.820485744456164
49.09773539928483
47.68811188811196
45.970486111111086
45.42750929368026
44.720779220779235
45.00969075397285
45.29860228716649
45.68631813125694
45.902464065708415
46.23091603053433
46.64940962761125
47.0262467191601
47.540983606557404
48.15416666666664
48.72217642209398
49.12860676009893
49.48423605497169
49.86882591093121
49.3628831814417
46.76720475785896
46.17970765262248
46.972128378378386
47.42233417296387
47.83040935672511
48.28787878787875
48.87064676616916
49.24371859296485
49.838576158940384
50.31459731543623
50.96566164154103
51.992063492063494
53.27125119388734
54.60590094836675
55.783687943262294
57.30390920554851
58.54838709677415
59.48944099378883
59.8721624850657
60.6022988505747
61.43379978471475
61.637966804979214
62.440440440440454
62.73515092502436
63.368968779564796
63.82870370370371
64.0045662100456
61.17197452229311
58.238751147842095
57.12443233424159
57.48692515779982
57.81305903398925
58.31065353625786
58.752457551385135
59.237756010685644
59.615724381625455
60.021182700794384
60.56953055801591
61.09338168631007
61.59890610756611
61.92697176241478
61.64693446088796
61.503217503217456
60.6304347826087
60.6304347826087
60.6304347826087
60.63043478260852
57.217798594847864
56.08450704225356
53.92132867132864
52.603550295857985
50.23066841415448
47.64130434782601
45.14479638009061
43.48236514522819
42.413518886679924
42.12811059907834
42.23124999999999
42.62379702537186
43.16044142614601
43.50465707027939
43.96992481203006
44.583541147132166
45.02064409578861
45.50980392156862
46.11745513866231
44.3937653814603
42.240134340889995
41.64957983193278
42.043369474562155
42.44648829431435
42.913549459684134
43.344086021505404
44.12264922322157
44.48766447368422
45.04726976365117
45.558272208638925
46.0953545232274
46.55941794664511
47.05906148867314
47.59032258064519
48.20207667731631
48.93117088607596
51.46045418950666
52.28492935635791
52.98829039812642
53.625096824167315
54.080378250591025
54.74531250000001
55.18602825745677
55.816835541699106
56.53858024691357
56.956318252730114
57.50851393188856
58.062401263823176
55.84718923198761
51.411283728536546
47.56134453781513
47.686877076411974
47.973311092577205
48.70933113129644
49.060681629260216
49.66884709730175
50.111201962387554
50.622549019607845
50.93366093366092
51.53382233088831
51.93446601941747
52.43898443898445
53.10843373493975
53.69435483870967
54.12048192771084
54.615200000000016
55.08406725380303
55.49602543720192
56.06004803843075
56.5208169677926
57.00635424940424
57.72712933753928
60.66009463722412
63.73037272006343
64.42643587726201
65.03238546603473
65.60347551342807
66.31205673758859
66.99045346062053
67.42958300550742
68.38177533385704
68.76747839748623
69.32915360501568
69.93015873015872
70.40734949179046
70.85220125786162
71.36764705882354
70.92241379310326
68.13725490196066
63.59512578616341
60.64710485133014
59.55804953560374
59.920930232558135
60.36838006230528
60.80527540729247
61.32814930015553
61.741258741258775
62.49845201238389
62.87153846153848
63.42790697674417
63.95293209876536
62.758114374033994
60.40632228218965
58.4684615384615
57.27580893682588
57.495772482705604
58.01612903225805
58.41153846153844
58.834615384615404
59.38367658276127
59.801079414032415
60.38820826952525
60.76367781155011
61.42791762013729
61.72469325153372
62.4579226686883
59.61915708812239
56.760215882806506
55.70310077519383
56.0828814872192
56.61145510835911
57.117145073700556
57.62874711760185
58.05645784996136
58.90615384615387
59.4223076923077
59.865340474368736
60.45230769230773
60.807164634146375
61.35862068965514
61.798780487804834
62.391271056661566
62.47938931297722
58.31013147718477
55.172628304821046
52.305379746835456
52.10920436817473
52.23088923556941
52.711956521739125
53.22074882995321
53.65034965034965
54.28982128982125
54.8954650269024
55.39005439005439
55.854054054054075
56.41312741312743
56.814584949573316
57.325366229761016
57.80875576036868
58.317204301075265
58.05100936189643
57.7848144227176
57.51861948353883
57.25242454436
56.986229605181165
56.72003466600239
56.45383972682356
56.187644787644786
56.623266563944526
57.13713405238832
57.74235474006116
58.360030511060245
58.65293668954996
59.25987841945289
57.46083650190121
54.87682832948417
53.127244340359084
53.41162790697672
54.11033950617281
54.573619631901806
55.11827956989248
55.51694915254234
56.04892966360853
56.57251908396944
57.048128342246
57.501901140684424
57.816793893129784
58.54407294832822
59.0968962906889
59.5552193645991
59.710068130204434
59.245400041921016
58.7807319536376
58.316063865354124
57.85139577707071
57.38672768878723
58.033282904689884
58.48939393939395
58.883509833585435
59.46917293233082
59.76643990929699
60.428355957767735
60.76730038022811
61.26172465960667
61.71233913701735
59.15893536121666
57.0470766894457
56.0503432494279
56.61567732115674
57.060259344012195
57.38069908814589
57.90674753601212
58.368783473603685
58.825821237585956
59.526515151515184
59.99170437405735
60.52203647416417
60.949886104783616
61.45874337623013
61.83800151400453
62.23795180722891
62.64469696969695
63.12424698795178
63.90113207547165
62.65378787878808
59.60396039603938
56.733741392502
53.95645412130625
51.89633671083402
50.16679841897235
49.67752184273235
50.07478122513919
50.68181818181819
51.14545454545453
51.65939204988308
52.27130570758402
52.60886469673409
53.0399061032864
53.5124031007752
53.8360402165506
54.47762345679007
55.22307692307692
55.66230769230765
56.25133689839572
56.64503816793899
55.69687738004575
55.1394122079879
54.682094081942296
53.76812688821752
53.45665171898355
53.8125
54.3462976813762
54.72197309417038
55.276483846731765
55.55913173652698
56.09580838323353
56.49775112443777
56.32581921966772
56.15388731489767
55.981955410127625
55.81002350535758
55.63809160058753
55.46615969581751
55.843630816170844
56.311550151975666
56.63608794541324
55.62155963302757
52.39754412893308
50.610806577917
50.21428571428571
50.28328173374615
50.76863354037266
51.22127987663839
51.6821345707657
52.18952234206472
52.5803981623277
53.36168582375478
53.72748091603057
54.270928462709264
54.628506444275956
55.032600454890144
53.11814024390242
51.05882352941171
49.34433962264151
49.30618637431479
49.7292817679558
50.16031128404671
50.63791763791767
51.216988416988386
51.657935285053895
52.169608595548766
52.595110771581346
53.08269525267997
53.596491228070136
54.547256097560876
56.60152091254747
57.37065052950072
57.80015197568389
58.43204252088077
58.89304412864624
59.481537302185416
59.93023255813955
60.3780303030303
61.485283018867904
63.47388342165027
64.54732824427481
65.31908396946562
65.78843226788433
66.31482889733843
66.85421412300684
67.42089093701998
68.59527439024396
71.52748091603053
72.19495412844037
72.71932515337426
73.29294478527606
73.73567608861731
74.40229885057471
74.73833205814844
75.35023041474653
76.12933025404158
76.57757296466974
77.02870442203255
77.61302681992333
78.16887159533076
78.51278079008523
79.05992217898836
79.55873261205562
80.04609375000018
77.68157286044698
75.55538694992401
73.27693474962052
70.88736681887349
68.75057208237968
66.65929878048769
65.55589353612169
65.2707616977172
64.98562985931272
64.70049802090824
64.41536618250376
64.13023434409928
63.84510250569474
63.60272934040938
63.83902809415338
64.31990881458967
64.5499243570348
64.99924414210125
65.59592145015108
66.06207418622256
66.52754716981133
66.8768060836502
67.39421613394217
67.68669201520925
65.36160370084781
61.835521235521355
58.51050583657593
57.544816835541695
57.74469756480755
58.30322073841319
58.56985871271587
58.9567610062893
59.56708268330732
59.95383411580599
60.48786217697727
60.84465261514447
61.577223088923574
61.86004691164976
62.512480499219976
62.903755868544636
63.457878315132575
63.82302270947537
64.46750195771341
64.83855799373043
65.40763834762276
66.01161890007745
66.19483568075157
62.808510638297776
59.537668517050406
55.78330658105938
54.558232931726934
55.010594947025254
55.39919678714858
55.77163461538464
56.5376
56.889952153110016
57.50318979266348
57.793953858393024
58.4025356576862
58.77081681205391
59.32301587301589
59.66139240506334
60.427444794952635
59.765490196078645
57.75413711583906
55.66719118804099
54.271936758893276
53.66613672496021
54.13392141138735
54.45239968528716
54.831513260530414
55.577916992952225
55.95892575039488
56.544383346425775
56.79639780736102
57.449805447470794
57.85511811023616
58.41770186335407
57.394200626959446
55.16927899686516
53.562845849802386
54.00872323552733
54.39527559055119
54.737214791502765
55.301024428684
55.68346456692916
56.23612197028933
56.775605942142306
57.249018067556904
57.784374999999955
58.363211223694464
58.77457098283931
58.71023988235794
58.64590878187656
58.58157768139519
58.51724658091382
58.45291548043244
58.38858437995107
58.3242532794697
58.25992217898829
58.72170542635661
59.20697674418602
59.54031007751939
60.04849884526561
59.59907120743037
57.907350689127156
57.465795541890884
57.71990740740739
58.16794478527606
58.605405405405406
59.04334365325076
59.495772482705604
59.75038402457757
59.74420997268768
59.738035920797785
59.73186186890789
59.725687817018
59.719513765128106
59.71333971323821
59.70716566134832
59.70099160945841
60.025133282558954
59.725313364178874
59.425493445798736
59.125673527418655
58.825853609038575
58.526033690658494
58.824961948249666
59.34272658035036
59.70950570342205
60.015885022692885
60.44988523335883
60.80305343511452
61.435483870967744
61.83829138062549
62.37118902439033
62.12927190250389
61.88735478061744
61.645437658731
61.40352053684455
61.16160341495811
60.91968629307166
60.677769171185105
61.07352941176475
61.56356589147288
61.94777265745006
62.372200772200756
62.74114021571643
63.2112135176651
63.64092664092664
64.2012288786483
64.78927203065132
62.62877030162417
60.81761496492595
59.51551312649167
58.69596774193553
58.02665589660744
58.11387329591014
58.60509554140128
59.11066559743381
59.66375892149085
59.98734177215192
60.51828298887122
60.74860779634048
61.343307086614175
61.713043478260886
62.134328358208904
62.60126083530338
62.912804399057336
63.703525641025635
62.38725901089697
61.160979877515274
59.89897100093549
58.70769230769224
57.73203883495148
56.8757338551859
56.63393708293613
56.69540768509842
57.34115523465704
57.653474054529454
58.03061224489795
58.44767441860466
58.68518518518522
59.16934189406095
59.59780047132756
59.87054263565892
60.41621200311772
60.71870170015461
61.40838509316768
61.70224284609435
62.114639814097586
62.62567255956958
62.92829606784892
63.42480620155038
62.5947204968943
60.261037955073334
56.73010920436809
54.791536050156765
54.60329929300866
54.94865718799372
55.47630331753555
55.857030636292166
56.398595943837734
56.764521193092605
57.550940438871464
57.89172467130709
58.357420357420324
58.834237025561606
58.58069498069517
56.51249999999982
54.789308176100576
55.27464788732391
55.66825019794135
56.346394984326025
56.79688715953307
57.29485179407175
57.73577552611067
58.13122529644272
58.690419635787805
58.95830055074748
59.52913752913753
59.86630179827989
60.6498838109992
61.25195007800312
61.68302180685362
62.225705329153584
62.642745709828375
63.040278853601876
63.69727626459144
64.19781078967947
64.64028213166148
65.45794392523362
65.86363636363637
65.65313471441112
65.44263306518593
65.23213141596068
65.02162976673549
64.81112811751024
64.6006264682851
65.02429467084642
65.58736349453977
66.28459119496853
66.6416139240506
67.30110935023772
67.28594122319282
64.83715415019765
63.48920863309331
61.49796582587487
59.68959587274276
57.585520361990916
56.94683776351971
57.06543778801847
57.51838235294116
57.904936014625264
58.44595821980016
58.77124773960213
59.209764918625694
59.53428317008024
60.35154185022026
60.72695346795433
61.16989436619724
61.62705984388555
61.87586805555554
62.5297670405522
62.866438356164394
63.37606837606836
63.66294067067929
63.321286475965735
62.97963228125218
62.63797808653857
62.29632389182501
61.954669697111456
61.61301550239784
61.27136130768429
60.92970711297073
61.55481171548115
62.0099750623441
62.47039199332778
62.852376980817326
63.30794701986758
63.75950413223143
64.04609053497938
64.5924092409241
65.03289473684208
65.65118174409145
63.75267050123239
60.986122448979586
57.89991659716429
56.936188077246015
57.39497907949794
57.78206202849958
58.29000000000002
58.66500415627593
59.434710743801645
59.81306865177828
60.34847233691164
60.74384236453204
61.27901234567901
61.67299752270844
62.1084828711256
62.56990131578948
63.0459866220736
63.263112639724824
63.10852026305594
62.95392788638702
62.799335509718134
62.64474313304922
62.4901507563803
62.335558379711415
62.1809660030425
62.026373626373584
62.543103448275815
63.09253417455312
63.39330543933056
63.77563451776649
63.994017946161534
64.61886051080552
64.96902226524685
65.47449470644851