105.634131368938
105.62584200857319
105.62254901960785
105.56733698964047
105.18437118437119
105.14763902355814
105.1109068627451
105.05009163103237
104.97643043090079
104.90276923076922
104.84103512014786
104.7830591102986
104.76800976800976
104.87020109689215
104.87515225334957
105.20511259890444
105.25548780487804
105.6377427184466
106.15863331299573
106.1693105552166
106.17998779743746
106.21049420378279
106.3477466504263
106.3477466504263
106.40451494813911
106.54617253948967
106.5831295843521
106.58521068977012
106.58729179518815
106.69926199261992
106.75461254612546
106.809963099631
106.85661310259579
107.08436724565757
107.09435753587226
107.10434782608695
107.16023944549464
107.21613106490233
107.28108140546703
107.34603174603174
107.49775784753363
107.73566878980893
107.92253066494513
108.06804925469864
108.37148463047744
108.73399339933994
108.90119363395226
109.10823373173972
109.49600532623168
109.68239202657807
109.79973386560212
110.05101373446698
110.08655737704919
110.15913555992142
110.28637566137566
110.3375
110.3953947368421
110.66797900262466
110.75296442687747
110.94086727989487
110.97043363994743
111.07086614173228
111.18469656992085
111.40447957839262
111.51055408970976
111.65708556149733
111.90837178642056
112.10786224821312
112.16321243523316
112.32727272727273
112.40903141361257
112.51871306631648
112.71701846965699
112.72015915119363
112.95400788436268
113.06106369008535
113.15918097754293
113.23502304147465
113.45394300861497
113.5548128342246
113.76142473118279
114.0927284856571
114.16778523489933
114.33512064343164
114.46323529411765
114.45526629570747
114.4472972972973
114.66916269571138
114.78512960436562
114.84714673913044
115.00613496932516
115.25235531628533
115.34638757596218
115.43324250681198
115.1673189278246
114.90139534883721
113.94624999999999
113.94624999999999
113.94624999999999
113.94624999999999
113.94624999999999
113.94624999999999
113.94624999999999
113.94624999999999
113.94624999999999
113.94624999999999
113.94624999999999
113.94624999999999
113.94624999999999
113.94624999999999
113.94624999999999
113.94624999999999
113.94624999999999
113.94624999999999
113.94624999999999
112.46162280701753
109.9517896274653
110.24102269894787
110.53025577043044
110.4585676428069
110.38687951518335
110.31519138755979
109.97982195845697
109.69822485207101
109.18694885361552
108.30251609128146
107.95313415348565
107.43082311733801
106.94376098418279
106.36272780717226
106.12727272727273
105.64018968583284
105.41784037558685
105.24514991181658
104.69614243323443
104.66368515205724
104.39451728247914
104.31589769449401
104.23727810650888
104.22398589065256
104.19917257683215
104.18360071301248
104.06022659511032
104.28622754491019
104.37189582071471
104.66808510638299
104.76513317191284
104.94124847001224
105.23248605083694
105.40926640926641
105.63558765594222
105.67603654251582
105.72723109924624
105.77842565597669
105.41609822646657
105.41609822646657
105.41609822646657
105.41609822646657
105.41609822646657
105.41609822646657
105.41609822646657
105.41609822646657
105.41609822646657
105.41609822646657
105.41609822646657
105.41609822646657
105.41609822646657
105.41609822646657
105.41609822646657
105.4160982264666
109.20840336134454
109.56468797564688
109.63605423517326
109.70742049469965
109.74389392882065
109.98821898821899
110.21507607192254
110.35534377127297
110.6577319587629
110.73921080696766
110.82068965517242
110.89993050729673
111.06517168885775
111.08888888888889
111.49742457689477
111.86163051608078
112.36280487804878
112.68656716417911
113.15943491422806
113.30987394957984
113.44989561586638
113.60693641618496
113.69543147208122
114.11698113207547
114.52965806001396
114.70248488918737
114.94137022397892
115.10823689584751
115.29183673469387
115.66391184573003
115.98353909465021
116.10635359116023
116.10635359116023
115.60973936899859
113.59875690607737
109.78571428571422
107.08096885813148
105.78592592592594
105.16927083333334
104.51696832579185
104.51696832579185
104.5
104.5
104.5
104.5
104.5
104.5
104.5
104.5
104.5
104.5
104.5
104.5
104.5
104.5
104.5
104.5
104.5
104.5
104.5
84.75620767494357
84.76552351103778
84.774839347132
84.78415518322623
84.79347101932045
84.80487890551598
84.8162867917115
84.82769467790703
84.83910256410255
84.22456008044242
83.61001759678228
82.99547511312215
82.58634274458306
82.51424870466322
82.53081874304728
82.54738878143134
82.55751633986928
82.61938841899804
82.74330502939256
82.83189940436797
82.83805134957208
82.97172912557528
83.07283464566929
83.06343533484265
83.05403602401601
83.14836992681305
83.18456375838926
83.37029569892474
83.44398907103825
83.54275862068971
85.86238532110093
87.44428364688856
87.48770958901204
87.53113553113553
87.76698319941563
87.94821298322393
88.18813314037627
88.5003663003663
88.53221083455344
88.83882783882784
88.84069514844316
88.9971098265896
89.09368191721133
89.27854545454545
89.37477997364954
89.47101449275362
89.83081353491721
89.89592147334096
89.96102941176471
90.21102941176471
90.34485294117647
90.41623994147768
90.67127272727272
90.92547033285094
91.14296081277213
91.45951704545455
91.47991391678623
91.53553481694185
91.66210374639769
91.84176300578035
91.98488120950324
92.14838709677419
92.27424023154848
92.39985590778097
92.47037572254335
92.62706983441325
93.2420749279539
93.30901287553648
93.43185078909613
93.51465332380272
93.68857142857142
94.03131672597864
94.19477769936485
94.5034965034965
94.70396108408617
94.80793763288447
95.22298692360633
95.61171662125341
95.58971795974952
95.56771929824562
95.75246826516221
95.80731364275668
95.93450704225351
96.04761904761905
96.17946927374302
96.22146070255984
96.26345213137665
96.61785216178521
96.6463472441722
96.67484232655922
96.72849083215797
96.79207920792079
97.1616932685635
97.39705882352942
97.61347517730496
97.64381625441696
97.70091347416766
97.75801069391837
97.81510791366907
97.84164859002169
98.13140794223827
98.22925764192141
98.17261471230881
94.9081041968162
94.40658554044381
94.44755747126437
94.46586059743954
94.5132237312366
94.87919942816298
95.02633451957296
95.05131860299359
95.14767025089606
95.20617816091954
95.35836909871244
95.506446991404
95.73944687045123
95.76384839650143
95.1900289017342
92.0914205344585
92.08934151283094
92.08726249120338
92.22237860661507
92.26586741889986
92.32415254237289
92.35360678925035
92.41737891737891
92.66906993511175
92.76934201012293
93.09142857142857
93.15240833932423
93.1126255380201
91.29466192170818
91.55977496483825
91.65651558073654
91.79800142755175
91.94293865905848
92.02903682719547
92.21549295774648
92.47582340574633
92.74283717679944
93.18661971830986
93.3221052631579
93.65114662960389
93.94125777470629
94.07814661134162
93.6171983056708
93.15625
93.32008086253369
93.39071956960323
93.46179624664879
93.57679409792085
93.82130815913689
93.9524456521739
94.12059620596206
94.2560975609756
94.34383561643835
94.44613259668509
94.58126721763085
94.71979454416618
94.85832187070152
95.13347309573724
95.2087139845397
95.40589887640449
95.5411681914145
95.62905500705219
96.03271692745378
96.12571428571428
96.34142857142857
96.46970776906629
96.70919458303635
96.7420749279539
97.07533759772566
96.99364509723148
96.91195259673728
96.83026009624308
96.7485675957489
96.66687509525471
96.58518259476051
96.50349009426631
96.42179759377211
96.43283582089552
96.47918136908962
96.41133479052667
96.34348821196372
96.27564163340075
96.2077950548378
96.13994847627485
96.07210189771189
96.00425531914894
95.98801767404625
95.97178002894356
96.01586157173756
96.17503586800574
96.31811697574892
96.36458216075825
96.41104734576757
96.60114777618364
96.65701881331404
96.67220216606498
96.6463963963964
96.47027840481564
96.25338345864662
95.91275167785236
95.95823319405248
96.00371471025261
96.22754050073638
96.46030589949017
96.57277335264301
96.63367052023122
96.96092619392185
96.97699496764918
97.11038489469863
97.24152847873108
97.27570435912602
97.30988023952098
97.2373540856031
96.27482678983836
95.89747513389442
95.8957382039574
95.7864225781846
95.86675626263727
95.94708994708995
95.9577995478523
96.07239819004525
96.18004501125282
96.19616033435639
96.21227565745997
96.22839098056353
96.24450630366711
96.26062162677067
96.27673694987425
96.29285227297783
96.30896759608139
96.45914937658597
96.60933115709055
96.75951293759513
97.0060606060606
97.0636846095527
97.2149961744453
97.79434250764527
98.25226586102718
98.51566080977847
98.57830404889228
98.57830404889228
98.55365584124003
98.52900763358778
98.57175748273215
98.5255731995563
98.47938891638047
98.43320463320464
98.45749613601237
98.58588235294118
98.63038371182459
98.82839313572543
99.45418950665623
99.55160068218187
99.6490118577075
100.14196078431372
100.44479495268138
100.95219435736678
101.44920634920635
101.64223107569721
101.93081761006289
101.97250589159466
101.97310126582278
102.01980982567353
102.02062573433881
102.02144164300407
102.02225755166933
102.09456264775415
102.03399209486156
99.56560000000002
98.82629482071712
99.17310789049918
99.70233306516494
99.70353982300885
99.70474658085277
100.33012048192771
100.57282343368593
100.76588897827835
100.9911003236246
101.30737704918033
101.36267318663407
101.37326813365934
101.5
101.60588716271464
101.69699499165276
101.54063301967506
99.75911789652247
98.94264339152119
98.85881370091897
98.83375104427736
98.84531772575251
99.21550255536627
99.2962962962963
99.54498714652956
99.69368600682594
99.91285956006769
100.14003436426117
100.49786507258753
100.64013547840813
100.77268871925361
100.91047297297297
101.0666666666666
99.88468468468466
98.70270270270271
98.80370682392586
98.81871838111299
98.83677854539519
98.85483870967741
99.10136286201022
99.20051635111875
99.25213675213675
99.10369615667628
98.95525556121582
98.80681496575535
98.6583743702949
98.50993377483444
98.60616153205662
98.65008431703204
98.86406117247242
98.16123642439436
97.40905349794238
97.36363636363637
97.31980115990058
97.63311148086522
97.64119601328903
97.78678929765886
97.86644407345577
98.12201154163232
98.21130221130221
98.33360455655004
98.4907033144705
98.89271417133708
99.18327974276528
99.24757281553397
99.32419354838709
99.3931762794476
99.50443769000998
99.61569910057236
99.79170056956875
99.86029411764706
100.11677631578948
100.253300330033
100.31182000760143
100.37033968516985
100.5904298459043
100.82395055513605
101.05747126436782
101.14100486223663
101.16720516962823
97.60586319218237
92.89867498051444
91.70470316114114
91.31316729081766
90.92163142049421
90.53009555017076
90.1385596798473
89.74702380952385
88.0064331665476
86.22486033519556
84.7905084745762
83.03943850267387
81.17958913187545
79.83135704874826
78.08076165462901
77.9520997375328
78.00455729166667
78.10688524590164
78.14868421052631
78.42530984996739
78.57553956834532
78.67213114754098
78.93485342019544
79.10013089005236
79.32768729641694
79.51524983776768
79.85078534031413
79.90610636900854
80.15238718116416
80.38456507521256
80.5074821080026
80.79645436638214
81.07504937458854
81.25602605863196
82.2659297789337
84.63594771241833
85.48264571054358
86.05967213114752
87.55360623781678
88.27705345501955
88.59131025118802
89.81646894626658
91.50074074074075
93.25077399380802
95.29497568881698
97.11979609175876
98.7493356953056
100.50541516245494
102.4390467461044
104.46570397111918
105.95014111006586
105.95014111006586
105.95014111006594
107.95848708487085
107.95848708487085
107.95848708487085
107.95848708487074
105.61592300962366
101.99742268041234
101.19685690653431
101.10731707317075
100.91395457829681
100.72059208342286
100.5272295885489
100.33386709367505
96.36653696498047
93.27492447129909
93.30418535127055
93.31763826606876
93.34599862021386
93.37435897435897
93.41855368882396
93.61306901615272
93.66226138032306
93.80448950036205
93.71748554913302
90.13323883770386
87.44853963838665
87.42163661581138
87.39241379310343
87.30131845841784
87.21022312373225
87.11912778904664
87.02803245436104
86.93693711967545
86.84584178498972
81.81584158415842
81.65410052910053
81.56373193166885
81.66887856668879
81.79696769940672
81.9009247027741
82.12383488681758
82.25365205843293
82.49736147757255
82.80570291777188
82.936
83.15522984676882
83.31254147312542
83.61942257217848
83.71813403416557
83.87729658792648
83.37824182333645
82.87918705874642
82.38013229415634
81.88107752956635
81.9629384513567
82.30451866404715
82.48796356538712
82.70351105331599
82.86809616634179
83.0606258148631
82.65467625899282
79.9986962190352
78.82580222658808
78.78067885117497
78.41262112266418
78.04456339415333
77.67650566564248
77.30844793713163
75.64586070959263
75.12691029900333
75.0621617402019
74.99741318140047
74.93266462259905
74.86791606379761
74.80316750499617
74.73841894619474
74.67367038739326
73.72769028871392
73.85695538057743
73.85732984293193
74.05689993459777
74.37540876389797
74.47777777777777
74.4807063440157
74.6629653821032
74.70013037809647
74.9954456733899
78.46360655737703
80.58808120497702
83.38699080157676
85.71920529801332
88.40438247011957
91.10680907877168
93.31135282121
95.62602739726026
97.86842105263167
100.97005571030644
101.50390902629715
102.61099365750528
103.2332628611698
104.02549575070822
104.63468372423597
104.91012838801711
105.19148936170212
105.29328621908127
105.32607167955024
105.11388125362612
104.901690827702
104.68950040177788
104.47730997585379
104.26511954992968
104.35855728429986
104.20538243626066
103.5630725863284
103.5324400564175
103.46426043878273
103.52036516853933
103.52073085031623
103.59646643109541
103.63404881838458
103.67163120567376
103.69617563739376
103.73516949152543
103.72375343847975
103.71233738543405
103.70092133238838
103.93924231593996
104.09980713794137
104.26037195994274
103.89436117059245
103.55319148936167
103.07790368271958
102.3909090909091
102.30266853932585
102.13372863586011
101.96478873239437
101.0181818181818
100.56119610570238
100.26583159359777
100.18892733564007
97.47246770904144
96.07191316146543
94.84362416107388
94.23304231027535
94.12449799196787
93.77852348993292
92.64276139410185
92.00066666666665
91.89088489687292
91.8682634730539
91.48346560846562
90.89714664897144
90.39525691699603
90.26170072511536
90.2571050892267
90.22811671087533
90.24928262984399
90.27044854881268
89.90526315789474
89.89262187088273
89.96447368421053
90.00396825396825
90.07651715039577
90.09288537549406
90.10649577334756
90.12010617120106
90.1974817760106
90.42276964047937
90.71881188118812
91.18405315614618
91.40080699394754
91.618254497002
91.8065159574468
91.92276964047936
92.01866666666666
92.3239812959252
92.64304812834223
93.50336021505376
93.58914209115281
93.79959785522789
94.10094212651413
94.26312247644684
94.40963855421687
94.51344086021506
94.67897918065815
94.637276310651
94.59557344064386
94.79533333333333
94.82876254180601
95.20858484238767
95.34913217623497
95.4892761394102
95.7124833997344
96.03135423615744
96.1436205744823
96.32821881254169
96.50802139037432
96.65459423205903
96.7901815736382
97.0229419703104
97.22623828647926
97.53386988598257
97.86824324324324
97.9469387755102
98.07250341997263
98.46122448979591
98.56152277362338
98.80122532334921
98.96261046906866
99.16184573002755
99.5385144429161
99.92747559274756
99.98739495798318
100.11994421199442
100.35644937586684
100.61403508771929
101.04825174825174
101.27576601671309
101.27656579873329
101.52459793856835
101.77263007840344
102.22887323943661
102.29922915206728
102.50071530758225
102.828530259366
102.97090909090909
103.23270893371759
103.40853217642803
104.15400993612491
104.41713881019831
104.48373408769453
106.18829008649368
106.68944923689449
106.75713337757134
100.77597173144886
97.6671214188267
96.78186775732775
95.9339863110763
95.08610486482473
94.2382234185734
91.221707478491
89.25678358702845
89.24884792626727
89.31135770234987
89.51965923984272
89.62098360655737
89.81847755367599
90.05098039215686
90.23122142390595
90.45526315789473
90.57825802226589
90.81017612524462
91.03263707571801
91.18966644865925
91.36852331606218
91.58850424559111
91.6144987159169
91.64049318624268
91.92889463477698
92.080078125
92.24983818770227
92.37345478204293
92.75177763413058
92.97665369649803
93.27799479166667
93.48595689092096
93.80013020833333
93.892578125
94.11688311688312
94.24493794905291
94.53917050691244
94.75196850393701
94.86125654450264
94.7457238556396
94.63019116677653
94.72834645669292
94.96926095487247
95.07727570399476
95.26003949967082
95.51155115511551
95.71183079973562
96.01048492791611
96.21104536489152
96.38547854785479
96.56972111553785
96.64494680851064
97.02047556142668
97.20687376074025
97.39628893306826
97.48298865910607
97.8916060806345
98.08928571428572
98.31191432396253
98.55630026809652
98.73982655103401
98.94705093833781
99.20202702702704
99.48376184032476
99.6031054099583
99.72244897959189
99.1841032608695
97.96205059920106
98.11914323962517
98.30696416497634
98.39851652056642
98.45658073270013
98.58967391304347
98.80477815699658
99.06835269993161
99.45404663923182
99.54689655172413
99.6519944979367
99.32873880082707
97.55953991880915
96.87299465240642
96.96018893387314
97.01952861952861
97.05854643337818
97.36369816451393
97.47393364928911
97.54539295392954
97.710027100271
97.86434901158827
98.22560975609755
98.30863358259688
98.51826792963465
98.64246947082768
98.72770592239618
98.93223819301846
99.25255275697754
99.26312201772325
99.33287950987065
99.29101659989132
99.24915368991199
99.29742547425474
99.52403520649966
99.68360433604335
99.41168478260875
98.09606404269513
98.09606404269513
98.06346025384101
98.17912457912458
98.24005394470667
98.39539607312119
98.62762356127286
98.70943652410048
98.98778833107191
99.17074829931973
99.29303278688525
99.38832315003401
96.55088195386679
92.52284946236568
89.04350736278411
84.60704787234044
82.63838383838379
81.36283783783779
80.3572895277207
79.68446269678303
79.88752556237219
79.95364689843217
80.1837431693989
80.65387251542154
80.93702422145327
81.2831615120275
81.61908030199041
81.85675119945165
82.39453924914676
83.38896457765668
83.88614540466392
84.07766323024055
84.53029271613343
85.5238419618529
86.32081911262799
86.57472826086956
86.92974079126873
87.28581126951798
87.56801093643196
88.60108917631044
88.99523485364193
89.30088495575217
89.92612859097127
90.02870813397135
90.95699658703074
91.80680272108839
92.49726402188782
92.90667574931881
93.06903622693096
93.36152796725784
93.47742818057455
93.61296928327647
93.9625850340136
94.17715458276334
94.50068870523415
94.76849315068493
94.75864224318562
94.74879133568629
94.73894042818696
94.72908952068764
94.71923861318831
94.83617747440273
94.87158469945355
94.87158469945355
94.88243335611757
94.97470950102529
94.96630736968496
94.95790523834461
94.94950310700428
94.94110097566394
94.9326988443236
94.94289598912303
94.82499022889394
94.70708446866485
94.78512834733446
94.86317222600408
94.94121667805877
95.17866847826087
95.12020262447643
95.061736770692
95.27477785372523
95.3443072702332
95.44344827586207
95.53571428571429
95.65360824742268
95.84975878704341
96.00483425414365
96.1581881533101
96.38525730180807
96.53723034098817
96.72141372141371
96.92243767313019
97.05849582172704
97.43354210160055
97.58304378040305
97.33171776825026
97.08039175609741
96.82906574394464
96.87642098386044
96.92377622377623
97.21284019539428
97.44992947813822
97.52434721242061
97.6610644257703
97.75438596491227
97.79151943462898
97.98661971830987
98.15857142857143
98.1659513590844
98.16660557278064
98.16725978647688
98.33286219081272
98.48045486851458
99.14445219818563
99.26468506723285
99.34369005134691
99.422695035461
99.64509246088193
100.09604519774011
100.14427350009572
100.19250180245133
100.2389891696751
100.23373084120517
100.22847251273524
100.2232141842653
100.21795585579538
100.21269752732545
100.20743919885552
100.58505338078291
100.68458274398868
100.74911410347272
101.2679459843639
101.4143567874911
102.10342465753425
102.21064341174885
102.31786216596345
102.7350069735007
102.91237830319889
102.97572857937335
103.03907885554779
103.06584212300541
103.09260539046304
103.11379310344827
103.16904932950192
103.22430555555557
103.1836698328707
103.14303411018585
103.10239838750098
103.0617626648161
103.07805146562578
103.09434026643545
103.11062906724513
103.2201303403331
103.30397111913356
103.40663302090843
103.55266955266956
103.70758122743683
103.82946298984035
103.94501466275659
104.2906548933039
104.45434462444774
104.86158401184309
105.11799850634804
105.49072011878248
105.50264150943394
105.95685087055261
106.33333333333334
106.53881629515757
106.57153905645782
107.1105015673981
107.34431372549022
107.6901115856179
108.03590944574552
108.17377567140599
108.19676437891287
108.21975308641976
108.55947497949138
108.67131147540984
108.70612244897956
109.02532679738562
109.17075163398692
109.19401778496362
109.19303806590158
109.19205834683953
109.1503486091791
109.10863887151868
109.06692913385825
109.34816549570648
109.41277258566979
109.42459396751741
109.64992272024733
109.11485451761109
107.39787395596068
105.53127354935945
105.51228592702904
105.38826185101561
102.60074626865662
99.29992576095037
96.01465201465203
95.29762760603882
95.4279569892473
95.43185078909613
95.49679715302491
95.68198133524766
95.97492836676217
95.98414985590779
96.01946647440519
96.08303249097472
95.94749674986662
95.81196100875852
95.67642526765042
95.54088952654234
96.00575125808771
96.24783861671466
96.56290438533429
96.75991348233597
96.83381294964028
97.03386167146971
97.52745664739882
97.86988304093568
98.0102564102564
98.21265636497424
98.58418740849194
98.63116995058029
98.67815249266863
98.7060984570169
98.90650109569029
98.96625091709461
99.29046563192904
99.43417159763317
100.03882783882784
100.0419734904271
100.30872483221475
100.6245353159851
101.18814055636892
101.71037037037036
101.98816568047337
102.16826568265674
103.34924078091109
103.74175035868006
104.49747292418772
104.89548022598865
105.52380952380952
105.61177295024527
105.68615170494081
106.0488644184446
106.0654596100278
104.85894736842101
102.69209237228836
102.25223983459682
102.318962168862
102.38568450312718
102.4334672515636
102.48125
102.60803324099723
102.68011126564673
102.84055944055945
102.97138869504536
103.02092050209205
103.06740792216817
103.24489795918367
103.58918539325842
103.64486638537272
103.69371912491178
103.91365888181176
103.98221906116646
104.33928571428572
104.47368421052632
104.56706884315099
102.99079971691481
96.87646652864078
91.33333333333348
89.63186077643908
89.72635814889335
89.84517426273459
89.95384615384614
90.1850101282917
90.34557823129252
90.51672354948803
90.70943652410048
90.97968855788761
91.1619047619048
91.44663494221618
91.59196185286103
91.66233766233768
91.94121667805877
92.28180574555404
92.54869684499315
92.58694158075599
92.92222986923616
95.59411362080755
97.8777932960893
99.94077134986219
102.4308659217877
104.82948986722567
106.95544554455444
107.83737517831673
108.71977240398292
109.4427266338721
110.08714285714285
110.46685472496472
111.14255167498217
111.14255167498217
111.14255167498217
111.14255167498217
111.14255167498217
111.14255167498217
111.14255167498217
111.14255167498217
111.14255167498217
111.14255167498217
111.14255167498217
111.14255167498217
111.14255167498217
111.14255167498217
111.14255167498217
111.14255167498217
111.14255167498217
111.14255167498217
111.14255167498217
111.14255167498217
111.14255167498217
111.14255167498217
111.14255167498217
111.14255167498217
111.14255167498217
111.14255167498217
111.14255167498231
107.54287598944575
105.10187110187121
104.2452830188679
103.2337931034483
102.23233695652175
101.08013468013473
99.83422103861494
97.80039138943243
96.38311688311683
95.12144702842374
94.44230769230774
93.765794511806
93.48852040816325
92.84056122448982
92.5946462715105
92.35582431572247
92.26161680458307
92.39782886334609
92.84437299035369
93.43039591315453
93.51604621309372
93.68653846153848
94.00512491992322
94.89088575096275
95.46852693056456
95.72416020671835
95.98303979125899
96.2064935064935
96.43608046722909
96.65813648293965
96.92388451443571
97.11837802485286
97.41937581274382
97.67315175097276
97.8046875
97.9665792922674
98.25933202357564
98.35709614126881
98.72504957038996
98.93346640053227
99.12333333333333
99.34381270903009
99.77217741935485
99.87070707070707
100.02976995940458
100.35743243243243
100.3955525606469
100.65040650406502
100.98435374149659
101.12770270270272
101.37815699658705
101.70628415300547
102.0158511371468
102.16311080523056
102.2967032967033
102.52819807427784
102.884561891516
103.06035573800176
103.23614958448753
103.40454858718124
104.04921394395079
104.09327846364886
104.38377641445129
104.76255088195376
105.64314247669773
105.53736429484988
105.43158611300214
106.59132720105129
107.07180156657964
107.00566822515029
106.93953488372094
107.06556291390729
107.25466666666671
108.11248374512354
108.30189914865753
109.10000000000002
108.88824662813022
102.44088176352705
102.7016695507055
102.96245733788396
103.20748299319729
103.25120440467998
103.29834254143645
103.83573883161512
103.92275862068965
104.11813186813187
104.19530710835056
104.78472222222223
105.14324880054832
105.2789256198347
105.48512110726644
105.57773109243698
105.64816099930601
106.2892223738063
106.98478835978835
107.0307773320681
107.07676630434781
107.43825008497498
107.7997338656021
108.35496688741722
108.43246839654026
108.51040967092007
108.88282828282831
109.30856005308561
109.62652082921835
109.94448160535117
109.96720214190094
110.2165783740212
110.46595460614151
110.97011952191235
111.0187040748163
111.27718832891247
111.3640375478123
111.45088676671219
112.12250332889482
112.67041694242224
112.62682602921646
112.62682602921646
112.62682602921646
112.62682602921646
112.62682602921646
112.62682602921632
106.79930555555552
106.1686577652846
106.10021023125438
106.2981843575419
106.3061934585943
106.45511482254697
106.51366503153469
106.71699438202245
107.0
107.10452586206898
107.20905172413791
107.49538679914833
107.61039886039885
108.04960460100648
108.10714285714283
108.40593342981187
108.47322720694646
108.56945454545462
109.51249107780157
109.75020431644165
109.98791755508174
110.0142857142855
105.30117820323994
99.91537376586746
99.65793201133144
99.67207554630176
99.6862190812721
100.00213219616205
100.13719943422913
100.36830835117775
100.56509298998569
100.58381088825217
100.90544412607449
101.06714801444042
101.32225433526011
101.39187227866472
101.66642651296831
101.87045123726347
102.15507246376811
102.30327272727271
102.61680176860722
102.65615835777123
102.91409691629957
103.21907600596126
103.34643916913947
103.43217197924389
103.71333333333334
103.92181682799702
104.15789473684211
104.35479041916165
104.64884929472902
104.84041759880688
105.19473684210527
105.46716981132073
105.72251308900523
105.81790820165537
106.23234624145786
106.46555639666917
106.87381345714937
107.2820705176294
107.41663766845325
107.5512048192771
107.44212962962956
104.13976833976812
102.76850393700806
100.8232558139535
100.84158146734826
100.85990712074303
100.99923780487802
101.353705118411
101.46425884123403
101.86235119047619
101.98213571340646
102.10192023633678
102.2566371681416
102.59865971705136
102.78598061148396
102.87321418633901
102.96044776119403