76.48785714285714
76.60573476702508
77.33189033189034
77.16031631919482
76.80344332855093
76.7790530846485
76.71816881258941
76.7127337522992
76.70729869200899
76.70186363171878
76.69642857142857
76.60028653295129
76.51077586206897
76.47735442127966
76.48167792851493
76.48600143575018
76.38924731182796
76.21423436376708
75.68857142857142
75.5958512160229
75.38538681948424
75.0519943019943
74.71356783919597
74.54584527220631
74.38693467336684
74.06299212598425
73.69357142857143
73.3961318051576
73.09878310665712
72.68714285714286
72.47067238912733
72.18544935805991
71.8045486851457
71.61478322672353
71.28022759601707
70.93732193732194
70.56475583864119
70.18484419263456
69.78474697077691
69.51353276353277
69.3105151729005
68.94613749114103
68.61347517730496
68.42112776588151
68.17372881355932
67.47974413646055
67.14911660777385
66.77037562012757
66.47804532577904
66.2226173541963
65.71765546819157
65.40793201133144
65.31156848828957
64.7196261682243
64.48283261802575
64.38467048710602
63.832967032967034
63.76042456406368
65.00240577385726
66.28985507246377
67.16333333333333
68.04047976011994
68.04047976011994
68.04047976011994
68.04047976011994
68.04047976011994
68.04047976011994
68.04047976011994
68.04047976011994
68.04047976011994
68.04047976011994
68.04047976011994
68.04047976011994
68.04047976011994
68.04047976011994
68.04047976011994
68.04047976011994
68.04047976011994
68.04047976011998
76.5
76.5
76.5
76.57482517482518
76.72949002217295
76.89393939393938
77.00461161836706
77.11528384279475
76.94352736750652
76.7753108348135
76.30305755395683
76.04241281809614
74.94089834515367
74.94089834515367
74.94089834515367
74.94089834515367
74.94089834515367
74.94089834515367
74.94089834515367
74.94089834515367
74.94089834515367
74.94089834515367
74.94089834515367
74.94089834515367
74.94089834515364
78.50982349835891
82.07874865156418
81.52822966507178
81.48899755501222
81.33209785025946
81.00416377515614
80.82235528942114
80.21973684210526
79.89033095392602
79.68243681140635
79.16198563030699
78.80693717277487
78.33421226104153
77.97295514511873
77.82640264026402
77.5813648293963
77.12920237310482
76.85119047619048
76.5625
76.18815789473685
76.86529528865299
84.69535519125685
88.01296043656208
91.08418891170432
91.02074688796681
90.9799585348998
90.7009735744089
90.34004163775157
90.05470914127426
89.76790633608815
89.33838731909029
89.08884297520662
88.81438356164385
88.49147920927064
88.10920329670331
87.71214188267395
87.42934782608695
87.18972602739726
86.52832764505119
86.46232876712327
85.96666666666667
85.68553888130968
85.43228454172366
85.14129692832765
84.76954452753229
84.48271186440678
84.2498298162015
83.64300341296928
83.50441876274643
83.15353260869566
82.8896411645227
82.56046195652173
82.32566012186865
82.03520649966147
81.85994587280109
81.39701897018972
81.01819407008087
80.83153638814017
81.04777927321669
83.74676650782845
83.74676650782845
83.5
83.30628803245436
83.0485502360081
82.87491548343476
82.41909275558567
82.1023569023569
81.9055967633176
81.67702702702702
81.3835246455098
81.1016835016835
80.95903290799194
80.9731543624161
83.31722260040846
82.80800542740842
82.76200135226503
82.3768606224628
82.07104557640751
81.944032366824
81.625
81.38631790744466
81.09498327759198
80.87658438959306
80.43758389261745
80.19892833221701
79.95655080213903
79.95040214477211
80.89713916121514
81.84387617765816
81.56795131845843
81.239652870494
81.01472556894242
80.67205387205388
80.28859060402685
80.13542361574383
79.93391188251002
79.69515477792733
79.29205921938089
79.09731543624162
79.20193750393071
79.30655957161981
79.23568575233023
79.02479892761394
78.73074346952444
78.43779421654338
78.18389261744966
77.98262032085562
77.83545150501672
77.62642521797451
77.91247236672615
78.1985195154778
78.12466487935657
77.93158953722333
77.53423728813561
77.1923076923077
77.03573836817262
76.74396782841822
76.30707070707072
75.96024258760107
75.72300469483568
75.2072192513369
75.06917394224311
74.79161028416779
74.30779569892474
74.03778677462888
73.81186783546866
73.35570469798658
72.85302013422819
72.54368279569893
72.19798657718121
71.8428093645485
71.49062918340027
71.13712374581941
70.8890374331551
70.39454424484364
70.11283783783784
69.4881836596894
69.16452268111036
68.94935854152601
68.51417004048582
69.43469511280807
70.35522018513032
71.27574525745257
71.21847606203642
70.97025016903314
70.4205862304022
70.15003394433128
69.8680649526387
69.68864717878995
69.27340569877884
69.0198494182067
68.78936605316972
68.34907597535934
68.17241379310343
67.77348066298345
67.36995827538247
67.54583333333335
69.97446514837819
69.17854671280277
69.0321917808219
68.77754962354551
68.41505524861878
68.23060941828255
67.79792387543253
67.49687282835302
67.28481894150417
67.01673640167365
66.76917712691773
66.27482517482518
66.11041229909156
65.87718073970692
65.3059649122807
65.21011946591707
64.78742937853107
64.40631730078967
64.37799401197606
66.12760180995474
66.83597883597884
66.83597883597884
66.83597883597884
66.83597883597884
66.83597883597884
66.83597883597884
66.83597883597884
66.83597883597884
66.83597883597884
66.83597883597884
65.82953270531686
64.82308657465495
64.3086913086913
64.02183803457689
63.42046431642305
63.13835956917981
62.44911147011308
62.15039370078742
61.612355212355226
61.25494672754945
60.71331828442439
60.13810930576072
59.74685418208736
59.31609613983976
59.04545454545453
58.47356828193833
58.19912790697674
57.9024745269287
61.881838074398274
68.39059158945122
71.10886252616888
70.97730398899587
70.78415300546447
70.26250856751201
70.0273224043716
69.8323108384458
69.39590443686006
69.22930800542741
70.50817438692093
76.41433447098976
76.42477876106194
76.30101694915254
76.09575185434929
75.69721656483368
75.46562287270254
75.16767676767678
74.96127717391306
74.5825968728756
74.17571234735414
73.99662162162161
73.67871759890858
73.3206779661017
73.11050847457628
72.76682528891912
72.40425531914894
72.149863760218
71.81476418318522
71.28424657534246
71.09848484848484
70.80013689253936
70.45048143053646
70.20068728522338
69.87474332648873
69.48240165631472
69.09677419354838
68.69103448275862
68.22390109890108
68.0363761153054
67.69352617079889
67.31473829201101
66.9910775566232
66.84301521438451
66.84715388352069
66.85129255265689
66.85543122179308
66.85956989092928
66.86370856006548
66.86784722920166
66.87198589833785
66.87612456747405
66.42551724137931
66.13633217993079
65.91988950276243
65.37412095639944
65.15977575332866
64.99374130737135
65.60851779358919
66.22329427980704
66.0576527110501
65.91678129298487
65.42076124567473
65.24116424116423
64.90770298403885
64.51927119831814
64.19060967063768
64.00139275766017
64.1628043469732
64.32421593628624
64.48562752559927
64.6470391149123
64.80845070422535
64.32678821879382
64.0506329113924
63.90684544812984
63.41472045293702
63.351485148514854
62.9484463276836
62.634354953670694
62.33711048158642
61.25939050318922
60.62697274031564
60.38555956678701
59.977793696275086
59.54780733285406
59.15732758620689
58.94691535150645
58.53503649635036
58.269539810080346
59.28550619082307
60.95848246241947
60.990222404082466
61.021962345745465
61.05370228740846
61.08544222907146
61.11718217073446
61.14892211239746
61.180662054060456
61.21240199572344
62.0206847360913
61.87803138373752
61.64295977011494
61.512508934953544
61.28060128847531
61.41879992273693
61.556998556998565
61.280802292263616
60.92981186685961
60.62227074235808
60.33117350611951
60.15429403202329
59.925253991291726
59.61086637298091
59.66197164802892
59.71307692307692
59.85881428783162
60.00455165258633
60.15028901734104
60.15028901734104
60.15028901734104
60.15028901734104
60.15028901734104
60.15028901734104
60.15028901734104
60.15028901734104
60.132231404958674
60.138085593450505
60.14393978194234
60.149793970434175
60.155648158926006
60.16150234741784
60.06750675067505
59.76058772687986
59.816120906801004
59.92351973684208
60.843121480289625
61.25668861208152
61.67025574387338
62.08382287566525
62.49739000745717
64.37794117647059
67.070351758794
70.44028268551256
75.54896551724141
78.25943719972543
80.10540725530458
80.09388125807897
80.08235526085335
80.07082926362774
80.05930326640213
80.0477772691765
80.03625127195089
80.02472527472526
79.60756013745703
79.40027229407761
79.10422343324251
78.83321941216678
78.52054794520546
78.33423913043478
77.9822767552829
77.6
77.3104866346813
76.94693314955202
76.54364261168385
76.30482758620688
76.0384087791495
75.63793103448276
75.39256198347107
75.07991803278685
75.8555099229485
76.63110181311018
76.39278278972935
76.31111111111113
75.79428172942818
75.50000000000001
75.29688581314878
74.93857832988266
74.56606397774686
74.24104683195594
73.82782369146005
73.50347222222223
73.10699588477365
72.62534626038781
72.72363886974495
75.53583855254003
75.4170714781402
75.07905686546462
74.52875952875951
74.3344803854095
73.98695054945057
73.5686680469289
73.34456671251718
73.01446280991735
72.72633744855968
72.69780219780222
73.53795068567797
74.37809917355372
74.27291523087524
73.7775496235455
73.5480769230769
73.26789366053168
72.90840738209158
72.76422206991091
72.45610425240056
72.08973487423522
72.42985037227119
72.76996587030715
72.38477366255145
72.14683888511217
71.90822569680489
71.63333333333333
71.3561736770692
71.17015530047266
71.02643358243972
70.88271186440679
70.6607869742198
70.29172320217097
69.98580121703856
69.72892784895483
69.66004463606622
69.59116142317761
69.522278210289
69.4533949974004
69.3845117845118
69.13270777479892
69.79107505070994
70.2832097100472
70.52040133779265
70.63053018551562
70.74065903323859
70.85078788096156
70.96091672868454
71.07104557640751
71.0645904718212
71.05813536723488
71.05168026264856
71.04522515806225
71.03877005347593
71.18047138047137
71.47778589103888
71.77510040160644
72.34785522788206
73.12784471218207
73.27683997299123
73.39986513823331
73.75763747454175
73.87780040733196
74.3654753877276
74.81842818428186
75.20259208731241
75.13129251700678
74.9708672086721
74.8251700680272
74.3586440677966
74.2703804347826
74.03197278911566
73.80135593220339
73.55313351498637
73.21994535519127
72.99109589041095
72.7153635116598
72.43430905377807
72.14305270362766
71.89405331510596
71.54768392370573
71.19522184300342
70.87593728698025
70.4334239130435
70.202868852459
69.96518771331057
69.55956432947585
69.42944785276073
69.34792064769184
69.26639344262296
69.18992511912865
68.92706203135654
68.59065934065936
68.23449216087253
68.18418597114665
68.13387978142077
67.95494880546073
67.64774281805745
67.29965870307169
67.24450453047649
67.1893503578813
67.1341961852861
66.91729323308272
66.67101648351648
66.87523243079944
67.07944837808239
67.28366432536535
67.48788027264831
67.69209621993127
67.23440712816998
66.94528043775648
67.48777089288097
68.0302613480055
67.76616231086658
67.60857538035961
68.09730848861284
69.45277777777778
69.80514961725817
70.27377646608761
70.74240331491717
72.34225352112674
73.66411149825785
74.67809657102868
75.60406447091805
77.1910112359551
78.75511644318976
81.1638537271449
83.5598018400567
86.0611071171819
87.50144927536235
88.39626704953338
88.57132616487455
88.73126801152739
89.34485241180705
89.44934876989869
89.7088848430149
89.96842091613111
90.22795698924732
90.29782851557046
90.36770004189358
90.43757156821673
90.50744309453987
90.577314620863
90.64718614718615
90.64548736462092
90.25163161711384
90.02669552669555
89.8928057553957
89.50611951043916
89.25827338129494
88.97039711191334
88.80716845878135
88.32480454868517
88.0505338078292
84.77026074700494
84.62981105668302
84.1057827926657
83.61285814116002
83.41263157894736
82.91031073446328
82.62911126662004
81.68181818181824
80.13061797752806
79.48569434752267
79.007601935038
78.5759888965996
78.25418994413405
77.36592178770945
76.61511546536039
76.41023842917252
75.87482614742697
75.59902029391185
74.78087927424986
74.50279720279718
74.1453529000699
73.59274755927476
73.34100418410043
72.82693649685973
72.52649930264994
72.11402902557018
71.65622825330547
71.98140598301734
72.3065837127292
72.63176144244105
72.5290456431535
72.0900962861073
71.85231193926847
71.48311509303929
71.12636612021856
70.9383561643836
70.27868852459017
70.08321964529331
70.13936097892588
72.30404941660947
72.16825613079018
71.8165760869565
71.65667574931882
71.21462423832094
70.99459824442943
70.40884353741498
70.12516914749662
69.8897158322057
69.67162162162163
69.1696065128901
69.39306183473506
69.61651715658
69.83997247842494
70.0634278002699
69.98520511096166
69.58751696065127
69.19431279620854
69.3074833689392
69.42065394166987
69.53382451440052
69.22311827956992
68.93270524899054
68.40513166779203
68.21677852348995
68.64859196444769
69.0804054054054
68.85781671159032
68.53504043126685
68.20889487870622
68.00538358008076
68.00405679513187
68.51325009300217
69.02244339087247
69.53163668874282
70.04082998661312
69.86577181208054
69.67625418060197
69.12096774193549
68.71978392977712
67.56102494942684
67.22416107382548
66.87970430107526
66.47158322056833
66.07531943510423
65.8794373744139
65.45625841184386
65.13471849865954
64.7991940899933
64.39391891891891
64.36400361400362
64.33408830908832
64.30417300417301
64.2742576992577
64.2443423943424
64.21442708942709
64.18451178451178
64.00871313672923
63.57528696826466
63.13670033670036
62.76871207012812
62.455713319810684
62.31525503388907
62.17479674796749
61.840108401084024
61.58423913043478
61.28610169491526
60.84235453315296
61.77668030506402
62.711006076975025
62.42420122365738
62.371525423728826
62.03921568627451
61.998802557506124
61.95838942873773
61.91797629996934
61.87756317120095
61.83715004243256
61.796736913664176
61.60546075085324
61.69318953551736
61.78091832018147
61.86864710484559
61.9563758895097
62.04410467417382
62.131833458837946
62.219562243502054
61.91917808219175
62.154526139222796
62.38987419625384
62.62522225328486
62.86057031031588
63.09591836734694
62.81849315068493
62.7972602739726
62.88635182866433
62.97544338335604
62.71594798083504
62.541895604395606
62.5586017820425
63.23098012337218
63.573498964803306
63.44574175824175
63.17156527682843
63.072404371584696
63.017064846416396
62.973824519428135
62.930584192439866
62.91964285714286
62.92130110795176
62.922959358760664
62.924617609569566
62.92627586037847
62.92793411118737
62.608635097493035
62.73148788927335
63.01313061506565
63.18615916955018
63.29861111111112
63.26181597464527
63.22502083817943
63.18822570171359
63.15143056524772
63.39733707077785
63.44553759662685
63.496129486277255
64.0974930362117
64.12840195394277
64.28943661971832
64.55250176180408
64.53531577644185
64.51812979107962
64.50094380571737
64.48375782035514
64.46657183499289
64.52133712660029
64.39630681818181
64.2587064676617
64.25092610540372
64.24314574314576
64.28646079846081
64.32977585377586
64.37309090909088
64.07580174927114
64.03950256035114
63.9696037875502
63.89970501474926
63.70217554388597
63.392911010558066
63.14549653579678
62.81438515081207
62.813952482165945
62.81351981351982
62.76037058179916
62.7072213500785
62.536949685534594
62.47664291369756
62.375594294770224
62.00321285140561
61.80095923261388
61.364951768488766
61.16224899598393
60.9919224555735
60.769230769230774
60.58847077662131
60.490491283676704
60.296974522293
59.935148118494794
59.655608214849906
59.56828885400313
59.38389366692729
59.16669032201929
58.94948697711129
58.81064162754308
58.027472527472554
57.791139240506325
57.834782608695605
58.945011783189315
58.98737174427782
58.9882999513328
58.98922815838778
58.99015636544276
58.99108457249773
58.99201277955271
59.1861958266453
59.89968152866243
60.50946372239747
61.15826771653542
61.853239656518326
62.161890007746024
63.754211332312366
64.96747352496232
68.04441154700226
70.07873436350258
71.13221329437545
72.3311499272198
72.6695589298626
72.51626898047722
72.40172166427547
72.27213822894169
71.99711399711401
71.6592219020173
71.525824964132
71.33595988538679
70.98398835516741
70.64565217391305
70.59291395516992
70.56179993787376
70.53068592057764
70.29475982532756
69.65267727930535
69.64441705038811
69.63615682147086
69.62789659255361
69.61963636363635
69.46965317919074
69.11833455076697
68.87950937950939
68.9273467805842
68.97518418165902
69.0230215827338
68.71778257739382
68.56164383561645
68.55099563731622
68.54034743901599
68.52969924071576
68.51905104241553
68.27573794096472
68.33866204906923
68.40158615717377
68.22527075812275
68.11976911976912
68.04046242774567
67.97247433977732
67.904486251809
67.68853640951696
67.56326825741144
67.36903039073809
66.90843023255817
66.64523121387282
66.40965618141917
65.94521548575604
65.827761627907
66.0726399380411
66.31751824817513
65.7756737072105
65.42930029154519
65.08235294117645
64.740058910162
64.785785195094
64.83151148002598
64.87723776495797
64.92296404988997
64.72205882352944
64.21502209131074
63.75867158671586
63.80882101077153
63.85897043482721
63.909119858882875
63.95926928293854
64.00941870699421
64.0595681310499
63.83988139362492
64.31025617737009
64.78063096111521
64.62168141592917
64.36990363232024
63.89578713968959
63.746676514032515
63.495138369483925
63.61562964107249
63.73612091266105
63.85661218424963
63.674814814814795
63.386397608370686
63.15263157894742
62.60328113348248
62.313343328335804
61.75243081525801
61.505626406601664
61.160945842868045
60.348254931714735
60.04736440030558
59.41507996953544
58.963678516228754
59.5025447795868
60.04141104294479
59.634220532319375
59.30198776758408
58.95552147239266
58.32823259372606
57.89016018306637
57.4815668202765
57.07137315748639
57.41029958183918
57.749226006191975
57.31211656441718
57.172149961744424
57.51475155279513
58.9672006102212
59.698722764838465
59.918106686701776
60.64115898959881
61.95129151291508
63.102994886778674
63.46506550218339
64.34643377001453
65.0159304851557
65.42124277456648
65.46350364963503
65.52528901734104
65.55515239477504
65.46528274874731
65.41618911174783
64.99928366762177
64.76585014409221
64.63581107493212
64.50577200577202
64.43031609195401
64.03661162957644
63.744757772957314
63.37132616487452
62.68645908761766
62.23602033405956
61.8075526506899
61.22813411078715
60.84210526315786
60.557917888563054
60.21198830409355
59.785923753665685
59.66323529411761
59.27609178386382
58.83839881393624
58.49333333333334
57.91901931649329
57.484621155288835
57.19999999999999
57.42389728096674
57.64779456193352
57.871691842900304
58.09558912386706
58.31948640483381
57.8140243902439
57.386727688787175
56.98525989138864
56.40795631825273
56.11379579111457
55.7772511848342
56.079386087186265
56.38152098953833
56.683655891890396
56.98579079424246
57.287925696594414
56.87636932707355
56.70445660672402
57.19688715953305
57.94348508634218
58.20533239255738
58.46717969877264
58.72902700498784
58.990874311203044
59.25272161741833
59.44022580996585
59.627730002513374
59.815234195060896
60.00273838760842
60.19024258015594
60.37774677270346
60.56525096525097
60.561200923787524
60.527672479150866
60.494696969696975
59.750573833205806
59.64692307692309
59.40092165898619
59.045906656465206
58.657120743034056
58.54327666151468
58.48219814241486
58.19565217391306
57.814553990610335
57.66300940438873
57.38805970149252
57.27659574468083
56.920382165605076
56.75917065390746
56.48650793650796
56.2312
56.061438965238494
55.71615008156607
55.6013018714402
55.58353708231459
55.55535329379315
55.5271695052717
55.47251845775226
55.44562551103843
55.428921568627445
55.39183673469388
55.34398034398035
55.30742388721112
55.27086743044191
55.198686371100194
54.995057660626
54.723793677204654
54.68019884009948
54.15371900826446
54.1362510322048
53.94671107410494
53.71573604060913
53.65195246179968
53.57264231096008
53.30624465355004
53.158567774936046
52.90093936806147
52.603256212510715
52.54385608552997
52.48445595854922
52.457918735918625
52.43138151328803
52.40484429065744
52.3892211099534
52.37359792924937
52.27256944444444
52.21932114882505
52.202836427430896
52.18635170603676
51.85776614310646
51.74803836094159
51.74803836094159
51.71965065502184
51.6159230096238
51.640350877192986
51.75592625109745
51.78352322524103
52.102005231037495
52.127869805289166
52.153734379540836
52.17959895379251
52.11471103327496
52.080701754385984
51.760907504363004
51.760907504363004
51.75807860262009
51.74185386668326
51.72562913074643
51.709404394809596
51.693179658872765
51.676954922935934
51.6607301869991
51.64037395089548
51.62001771479186
51.54666666666667
51.50899641577061
51.47132616487454
51.07985480943739
50.704504504504484
50.584462511291804
50.346014492753625
49.84800741427247
49.83518518518518
49.801299907149485
49.60146923783287
49.60146923783287
49.61085556577737
49.79316712834718
49.926851851851836
50.22018348623851
50.87717690192483
51.310469314079455
51.89435989256941
52.21145374449338
52.86062717770028
53.89261168384883
55.494505494505574
56.762684124386396
58.64188649080734
61.380510440835224
63.64599092284425
66.09954751131227
68.48435171385995
70.26064610866365
71.63296703296703
72.5108695652174
72.69126074498567
72.64722617354198
72.17974322396572
71.63326226012805
70.63766048502134
70.1330014224751
69.94370161857853
69.5468085106383
69.43857142857141
69.25910064239827
68.93954480796589
68.62228654124458
68.57673466847174
68.5311827956989
68.36011477761838
68.75687002341078
69.15362526920313
68.81236520488858
69.02947519769947
69.36868686868686
69.45467730239304
69.55587808417997
69.56486880466474
69.34760522496373
69.2857142857143
69.19546120058567
69.05054945054945
68.74342105263156
68.32210834553439
68.07137546468402
68.01559020044544
67.7282204020849
67.49813571961221
67.16579536967885
66.90929368029742
66.49185185185183
66.09774436090231
65.54450261780107
65.10300751879697
64.67066766691676
64.11010558069381
63.758414360508596
63.14973664409331
62.69568508705527
62.066716641679136
61.640179910044935
60.76589379207178
60.341573033707846
59.8340874811463
59.21021021021022
58.669440242057476
58.30936329588019
57.682611996962805
57.23136049192931
56.718085106383
56.182167563412804
55.717754172989316
55.27657935285049
54.71604938271605
55.51044083526722
64.02518518518536
70.23473837209258
74.27443881245472
75.65564342199878
77.7827956989247
78.07631389488841
78.38021148886247
78.68410908283653
78.98800667681064
79.2919042707847
79.59580186475876
79.89969945873281
80.20359705270687
80.50749464668093
79.76545842217485
79.59421312632321
79.25856044723969
78.8642756680731
78.6382681564246
78.27871148459383
77.86741102581993
77.47091412742384
76.9965301873699
76.60027662517291
76.4206896551724
75.98964803312629
75.66185567010314
75.13837764144512
74.71615120274919
74.32605729877218
73.99249146757677
73.32511978097187
72.95824777549626
72.55358361774745
72.2016293279022
71.68563685636855
71.35738597685497
70.94623655913983
70.53674983142275
69.90033444816049
69.4474212993972
69.0260347129506
68.56099195710453
68.10000000000002
67.78495339547271
67.27139037433153
67.16058394160609
71.6880108991827
76.47769389155792
78.5090152565881
79.35540069686408
80.42294159042928
80.47689075630252
80.4205528746152
80.36421499292788
80.12943895713806
79.8946629213483
79.77392510402217
79.51422623178348
79.24930939226522
78.94820441988952
78.70816044260027
78.46339779005524
78.12859097127222
77.89788972089855
77.66620879120876
77.0115489130435
76.82174206617151
76.48915989159889
76.06734006734007
75.86195286195289
75.28466175485602
75.07009345794393
74.71199999999999
74.3665551839465
73.88420348058901
73.56693440428376
72.95146276595744
72.7322730284957
72.72187762561536
72.71148222273501
72.70108681985468
72.69069141697435
72.68029601409401
72.66990061121366
72.65950520833337
72.09348255431206
71.91666666666663
71.55098039215682
71.07908496732023
70.76662320730122
70.3908794788274
69.95552648790056
69.29784454604834
69.08028720626635
68.83366077275704
68.96856581532415
69.1034708578913
68.87320261437912
68.48565840938727
68.095953002611
67.75814863102994
67.08127438231469
66.80506822612085
66.29247730220493
65.95909090909089
65.65322055953152
65.146484375
64.7574967405476
64.189453125
63.670803396472934
63.16862745098041
62.9686888454014
63.898417235516945
64.82814562563271
65.75787401574803
65.53185955786739
65.08018252933508
65.0801825293347
69.52514696276944
70.74015748031479
72.35540983606558
72.44480946123524
72.37377049180327
72.18271119842831
71.93272370999347
71.78478543563074
71.376953125
70.90956408588158
69.80104712041884
69.35909090909092
68.95166557805356
68.59545454545452
68.40378343118073
67.91758598312782
67.58020698576973
67.23426346528231
66.62960568842925
66.32276843467014
65.83495145631059
66.65268676277856
69.37109375
71.49018324607329
71.84200131665574
72.10746011360658
72.37291891055742
72.63837770750825
72.90383650445904
73.16929530140987
73.4347540983606
74.32423651721898
74.39632990338629
74.46842328955358
74.54051667572088
74.61261006188818
74.68470344805547
74.75679683422278
74.82889022039008
74.90098360655736
75.32036914963749
74.79002624671915
74.59921156373196
74.21049180327867
73.9285241561879
73.41372549019604
73.10204081632651
72.67057291666669
72.3536345776032
72.01047806155862
71.63981663392269
71.27200529450693
70.95562913907287
70.7219672131148
71.80557551100333
72.88918380889186
72.54904542462145
72.18562874251495
71.9367088607595
71.57585751978888
71.19707057256994
70.91976127320959
70.35719019218027
70.07758620689651
69.6121773659828
69.37566137566138
69.45670486001612
69.53774834437081
69.14029255319147
68.97333333333336
68.57989347536613
68.06590450571622
67.83244325767691
67.326
67.54551495016631
69.18254497001999
69.18435013262604
68.85268745852687
68.77116402116405
68.29177718832887
67.96675531914894
67.70367892976594
67.2341982701264
67.0367401469606
66.731869594145
66.27815013404825
66.04255319148936
66.01736806947224
65.09377093101142
64.8698859825621
64.39115874079039
64.11992005329779
63.85981308411215
63.389932885906035
63.072
63.11984021304943
65.87139986604154
66.0582376300423
66.24507539404306
66.43191315804381
66.61875092204457
66.80558868604533
66.99242645004608
67.17926421404682
67.14609739826551
66.79041916167665
66.55371352785141
66.09006622516557
65.9377895433488
65.51646903820819
65.18770654329148
65.05496688741721
64.82970297029703
64.28968253968253
64.04095112285336
63.86264100862638
63.24799999999999
63.54460719041299
66.04026402640261
65.1845238095238
65.02976190476187
64.8443113772455
64.63563829787233
64.17066666666665
63.98139534883717
63.47340425531917
63.191078561917436
62.96754966887417
63.07594936708847
64.87143803843605
65.83543463835429
66.44653665097513
66.66618639806961
66.88583614516409
67.10548589225863
67.3251356393531
67.54478538644759
67.76443513354212
67.9840848806366
68.0602250165453
67.82341269841271
67.55519268451997
67.06649111257406
66.89986824769437
66.55167873601056
66.29960317460313
65.96176664469345
65.69781312127236
65.22548365577052
64.99867461895292
64.69461077844312