120.00596760443307
120.12650602409639
120.28436426116838
120.27795236557114
120.2715404699739
120.39809193408499
120.46826758147513
120.8846487424111
120.89965397923876
121.18370883882149
121.37608318890815
121.81653746770026
122.07935153583617
122.53852596314908
122.80801335559266
123.15652879156528
123.72764227642276
124.1312893081761
124.6396255850234
125.28582375478928
125.43031226199543
125.917225950783
126.43100890207715
126.73897324656544
127.56303116147308
127.56303116147308
127.56303116147308
127.56303116147308
127.56303116147308
127.56303116147308
127.56303116147308
127.56303116147308
127.56303116147308
127.56303116147308
127.56303116147308
127.56303116147308
127.56303116147308
127.56303116147308
127.56303116147308
127.56303116147308
127.56303116147308
127.56303116147308
127.56303116147308
127.56303116147308
127.56303116147308
127.56303116147308
127.56303116147308
127.56303116147308
127.56303116147308
127.56303116147308
127.56303116147308
127.56303116147308
127.56303116147308
127.56303116147308
127.56303116147308
127.56303116147308
127.56303116147308
127.56303116147308
127.56303116147308
127.56303116147308
127.56303116147308
127.56303116147308
127.56303116147308
127.56303116147308
127.56303116147308
127.56303116147308
127.56303116147308
114.16639566395665
113.24267100977198
113.0550755939525
112.27361036157582
111.42145178764898
111.42156926731846
111.42168674698794
111.55264593562467
111.81996726677578
112.4409534127844
112.89924160346695
113.25299890948746
113.73830250272036
114.83851931330472
115.35618639528656
115.76981132075471
116.84718498659518
117.14169381107492
118.03719447396386
118.03275109170306
114.27789815817982
107.13714602998334
107.43690409422322
107.77227171492206
107.96765197992192
108.12471783295712
108.4367231638418
108.98993851313583
109.65989847715736
110.14237288135593
109.9003961516695
107.07159090909087
104.95696489241223
105.15670800450958
105.46887268648345
105.71652661064425
105.92038396386222
106.26077224398433
106.80200780814278
107.69577308120134
108.50307778399552
109.08584169453735
106.18781442146451
102.51633237822352
99.52350917431193
97.28180262407301
97.45480713874497
98.21040594625501
99.54514480408858
100.46922642574816
101.22247317899492
101.90782122905028
102.59230340211936
103.37242912729295
104.05019305019306
104.87892129884425
105.60900604063701
105.3854060867524
105.16180613286777
104.93820617898314
104.71460622509852
104.4910062712139
104.26740631732928
104.04380636344465
103.82020640956003
104.73775843307943
106.13742531233027
107.28463611859839
107.16582984520268
107.04702357180699
106.92821729841128
106.80941102501558
106.69060475161987
107.58762886597938
108.87432578209277
108.8991596476956
108.92399351329844
108.94882737890129
108.97366124450411
108.99849511010696
109.0233289757098
109.04816284131263
109.07299670691548
109.4520925110132
109.68470458310327
109.38615202686314
109.08759947062302
108.7890469143829
108.49049435814277
108.19194180190263
108.64929971988795
108.71636771300449
109.04059462550029
109.32745878339966
109.39087759815243
109.80955120828538
110.18239722061378
110.25176056338029
110.47813238770686
110.84961515689758
109.97130902570234
108.74603174603175
108.82105263157895
108.96079578700994
109.12188044109112
109.16400691432369
109.20613338755628
109.24825986078886
109.52397660818713
109.79401408450704
110.11300765155974
110.28605061801059
110.48720999405117
110.68875739644972
110.33811780936833
109.98747822228694
109.63683863520556
109.28619904812417
108.93555946104277
109.24258600237248
109.50858496151568
109.8593471810089
110.15407495538369
110.2084826762246
110.82416267942584
111.18110709987965
111.78245192307692
112.20302114803626
112.98160637645617
113.05864197530866
111.51462352209086
109.86142322097379
109.797237915882
109.76086711603533
109.72449631618866
109.688125516342
109.65175471649533
109.61538391664867
109.579013116802
108.24782067247821
108.33042937149969
108.62205700123916
108.90479153702552
109.24624060150376
109.5919796308084
109.59497810058974
109.59797657037109
109.60097504015243
109.60397350993378
109.5996015936255
109.3542361574383
109.26662234042553
109.23380093520373
108.90402684563759
108.1527027027027
108.13921984707127
108.12573699143984
108.1122541358084
108.09877128017698
108.08528842454555
108.07180556891412
108.05832271328268
108.04483985765125
108.03640256959315
108.04478120024159
108.05315983089002
108.06153846153845
107.05590496156535
107.07674140811831
107.09757785467127
107.43900758097863
107.81058495821728
108.21125781792912
108.29564277859008
108.38002773925103
108.75473020322355
108.76858345021037
108.69504628202117
108.62150911383195
108.54797194564274
108.47443477745352
108.40089760926432
108.32736044107511
108.40549828178695
107.84199726402187
107.27489768076398
107.27489768076397
106.78839223660839
106.30188679245282
105.81830327321309
105.59961003348721
105.38091679376132
105.16222355403542
104.94353031430953
104.72483707458363
104.53560606060606
104.16602316602317
103.89584964761158
103.76588989607583
103.63593014454008
103.50597039300433
103.37601064146858
103.24605088993283
103.11609113839708
102.98613138686132
102.90116279069767
102.90842168890863
102.9156805871196
102.92293948533056
102.9301983835415
101.10921248142648
100.07772020725389
99.83271650629163
100.15695067264573
100.61950856291884
100.90657698056802
101.38387573964496
102.16812865497076
103.60661764705883
104.07163531114327
104.58515283842794
104.95592485549133
105.56443484521239
106.0791519434629
106.42937456078707
106.67721518987341
107.01474719101124
106.83031262803947
106.64587806506769
106.46144350209592
106.27700893912414
106.09257437615236
105.90813981318058
105.72370525020881
105.53927068723704
105.781206171108
106.06474313863477
106.5730659025788
106.66906474820144
106.093983240374
105.51890173254657
104.9438202247191
104.96907940969783
105.76739283204498
106.14206128133705
106.63172606568833
106.95566502463055
107.49718309859155
107.91701534170153
108.62857142857143
108.95781466113417
109.29098360655738
109.83130904183537
110.3319810682894
110.64474576271186
111.1748818365969
111.7437961099933
112.41835357624831
112.98457411133467
112.32443257676903
109.75462962962962
110.0006468305304
110.56077170418007
110.98721227621483
111.50354153251772
111.88652482269504
112.08786885245902
112.56344510190661
110.86271958360442
108.92018469656995
108.18766756032173
107.62648913805185
106.37590187590189
105.09467455621302
104.04531946508172
103.4100666173205
103.55753526354863
104.05642167780252
104.43777777777777
104.92342007434945
105.0156366344006
105.37039764359352
105.73989713445997
106.10154525386314
106.53574060427414
106.70471281296024
107.1048798252003
107.65214233841687
108.35039653929344
108.69683908045977
109.25628140703517
109.89152298850576
110.53352559480894
111.04160688665709
111.66212338593974
112.0631808278867
112.74163027656476
113.52616279069767
113.74671532846708
111.02080344332853
108.89850958126328
108.3954961294863
107.93597137167416
107.47644661386201
107.01692185604986
106.55739709823771
106.09787234042551
104.67771509167842
104.60326090255842
104.52880671343841
104.45435252431841
104.3798983351984
104.3054441460784
104.2309899569584
104.23550465282749
104.39526542324248
104.83165467625899
105.23750905141202
105.63388370423547
106.05627705627705
106.3691420331651
106.63721940622739
106.5887267267299
106.54023404723243
106.49174136773495
106.44324868823747
106.39475600873999
106.82489146164978
107.19640287769784
107.52562225475842
108.12219812002891
108.73741794310723
109.41827266238401
109.61306532663318
110.23833097595474
110.71985815602837
110.94176136363637
111.45415778251599
111.95399858457183
112.42156862745098
112.81104033970274
113.5500354861604
113.90664780763791
114.66878083157152
115.07938718662953
115.28710801393729
115.69944211994421
116.24424284717375
116.61871988988298
117.5458839406208
118.95930620413608
119.1282916948008
120.62158647594279
120.73119686069327
120.49572649572656
114.04815303430087
110.28242811501597
110.83719474013776
111.51595424443107
112.2668269230769
113.51115023474179
113.94299011052937
114.94358974358974
115.22542372881355
115.87655016910935
116.16638370118847
117.41264559068219
118.4775956284153
118.47759562841532
120.32510729613733
120.32510729613733
120.32510729613733
120.32510729613733
120.32510729613728
118.15666489644173
110.49836244541484
109.17570498915401
109.58147138964577
110.35912486659552
110.94548369855693
111.6851558372953
112.36526315789473
112.9137296159916
113.63077731092437
114.44277576385292
115.08668407310705
115.8909560723514
116.85663265306123
116.85663265306123
116.85663265306123
116.85663265306123
116.85663265306123
116.85663265306123
116.85663265306123
116.85663265306123
116.85663265306123
116.85663265306123
116.85663265306123
116.85663265306123
116.85663265306123
116.85663265306123
116.85663265306123
116.85663265306123
116.85663265306123
116.85663265306123
116.85663265306123
116.85663265306123
116.85663265306123
116.85663265306123
116.8566326530613
113.42900302114822
108.22677261613671
103.3749260792431
102.10302677532013
102.42298980747452
102.77765363128492
103.06451612903226
103.45185995623632
103.89753424657533
104.52176278563655
105.03709765411895
105.94287268770404
106.7037037037037
107.32398921832885
108.33050397877983
108.90351812366737
110.41628264208907
111.21015228426396
111.78080082135523
112.37365453613529
113.40920586747598
114.57913130304543
114.6168699186992
115.34684684684686
116.00744047619048
116.00744047619048
116.00744047619048
116.00744047619048
116.00744047619048
116.00744047619048
116.00744047619048
116.00744047619048
116.00744047619048
115.55535673291354
115.10327298963662
114.6511892463597
114.19910550308276
113.74702175980585
113.29493801652893
113.68139293139293
114.15892672858618
114.78242894056848
115.28593508500774
115.87816210635003
117.32060301507538
117.32060301507538
117.32060301507538
117.32060301507538
117.32060301507538
117.32060301507538
117.32060301507538
117.32060301507538
117.32060301507538
117.32060301507538
117.32060301507533
115.95676500508625
109.06204986149584
109.48735244519392
110.05207166853302
110.68347338935575
111.17272219116825
111.7734682405846
112.37257079400334
112.9412751677852
114.26046255506606
115.31928687196111
115.85276409414337
117.5906976744186
118.59938837920492
119.58392315470172
120.37147177419354
121.62456661713719
122.13399503722087
123.01560140915953
123.01560140915953
123.01560140915953
123.01560140915953
123.01560140915953
123.01560140915953
123.01560140915953
123.01560140915953
123.01560140915953
123.01560140915953
123.01560140915953
123.01560140915953
123.01560140915953
123.01560140915953
123.01560140915953
123.01560140915953
123.01560140915953
123.01560140915953
123.0156014091599
113.69754464285734
107.46814562002282
105.34711211778028
106.31126202603281
107.03924914675764
107.76757369614512
108.39177001127393
109.40609137055839
110.076179647527
110.69784580498867
111.24659863945578
111.86177474402729
112.66439522998297
113.21291053227634
113.83739376770541
114.48942252715835
115.48175182481751
116.0336322869955
116.5795132993776
118.89865563598758
118.97133923918707
119.55776267642443
120.5453125
121.14859228362877
122.31390593047036
123.889898989899
124.39508700102351
125.19142419601837
125.66045548654256
123.5917220235051
116.02901785714266
111.22785515320331
110.91024930747923
110.9492322429416
110.98821517840398
111.02719811386636
111.06618104932873
111.10516398479112
111.14414692025349
111.18312985571583
108.94370122630991
109.24723451327435
109.78818283166106
110.59900166389352
111.11538461538458
111.73859844271414
112.10678531701888
112.73704735376043
113.19899665551839
113.77752934600335
114.2810239287702
114.90111111111105
115.97931805477921
115.86475869809192
112.48898927159803
110.19466515323495
110.16421214413967
110.13375913504439
110.1033061259491
110.07285311685382
110.04240010775855
110.01194709866327
109.98149408956799
109.95104108047269
109.00167597765363
109.48308374930673
110.06152125279641
110.54238227146811
111.17249029395452
111.72651473040582
112.71054099274957
113.24705882352941
114.02277777777778
114.64935790061418
115.33948545861298
115.89044158747902
116.56646102075155
117.2076105204253
119.33474576271186
120.25951016154244
121.03734439834022
122.02874743326493
123.02554931016863
123.65815022994383
124.29830855971295
124.98664612223934
125.69325784868755
125.07075853082267
124.4482592129578
123.82575989509292
123.20326057722804
122.58076125936316
121.95826194149834
121.33576262363351
121.7209668943773
121.7209668943773
121.7209668943773
121.7209668943773
121.7209668943773
121.7209668943773
121.7209668943773
121.7209668943773
121.7209668943773
121.7209668943773
121.72096689437728
121.34059421987746
120.96022154537769
120.57984887087787
120.1994761963781
119.81910352187833
120.72072072072072
120.72072072072072
120.72072072072072
120.72072072072072
120.72072072072072
120.72072072072072
120.72072072072069
126.0319264069264
126.39234972677596
126.86493787142086
126.8649378714208
123.69131081649812
120.51768376157497
117.34405670665217
116.71516508114155
111.96649630891534
107.70279520821441
104.65762711864409
103.99214365881033
104.46085011185681
105.03529411764703
105.56966983771684
106.44593088071349
107.003359462486
107.74253521126761
108.22768361581922
108.22983852914153
108.23199344246385
108.23414835578616
108.23630326910848
108.23845818243079
108.24061309575312
108.24276800907546
108.79977116704805
108.67046101309052
107.3730921424534
106.1266178953292
106.12988643455519
106.13315497378117
106.13642351300714
106.13969205223313
106.14296059145911
106.14622913068513
105.51915380217267
106.01335656213706
106.5740848343986
107.17177559282823
107.78343949044586
108.91286785920369
109.55977011494252
110.30240549828181
110.9965675057208
111.66151202749143
112.4346833998859
113.273606370876
113.99025229357801
114.84165720771853
115.85126760563384
116.49915206331264
117.26936026936028
118.04946599213042
118.97065337763013
119.8679347826087
120.45997807017545
121.57906098219098
122.77619047619044
123.86532343584304
124.32381465517244
125.34561965811966
125.8547516198704
126.65113759479956
126.8715953307393
127.89131622064446
128.50356946732563
129.11754966887383
121.6409574468089
112.55059355568119
105.51137656427773
102.1778277996624
103.02575844304522
103.9791314156796
104.72291196388261
105.28660260033917
106.09244644870353
107.1358024691358
107.63214487832482
107.29461446205153
106.95708404577823
106.61955362950494
106.28202321323164
105.94449279695829
105.60696238068505
106.16125419932814
107.1076836791924
107.94506726457399
108.20940649496079
108.11228330647737
108.01516011799394
107.9180369295105
107.82091374102708
107.72379055254366
107.62666736406024
107.5295441755768
106.95861678004536
106.54940034266133
106.46197827329902
106.46114285714282
105.33952408589676
104.2166768107121
103.49869791666667
103.39448924731181
103.29716981132076
103.2600267379679
103.24329411764705
103.2265614973262
103.20982887700535
103.1930962566845
103.1763636363637
101.6942296252231
102.52469494479953
102.87890847072197
103.47592385218366
103.90994997220679
104.4906490649065
105.2188864628821
105.61153846153843
106.2938620315046
106.87676438653637
107.91906572514938
108.61969532100107
109.22985397512167
109.73373101952279
109.41712627372488
109.10052152792696
108.78391678212904
108.46731203633112
108.1507072905332
109.13680781758956
109.66903331512833
110.1915477497256
110.90984057174273
111.38559556786703
110.79312257348874
107.82184873949586
106.94969596462136
107.70386740331492
108.58732782369145
109.15002757859907
109.94975151849803
110.44933920704847
111.14238410596022
112.02799121844127
112.27790178571422
113.07138873396548
114.31399132321042
115.06084070796464
116.84607274644179
117.61704366123092
118.375
119.35106937923842
119.99684708355232
121.12285268089533
121.60274696249337
122.29458179905316
123.5225974025974
124.29368421052632
124.2936842105263
125.63877118644068
125.63877118644052
124.8386437009317
124.03851621542287
123.23838872991405
122.43826124440523
121.6381337588964
120.83800627338746
120.03787878787875
120.84081196581195
121.40656973613352
122.363393810032
123.20095693779905
123.59795479009688
124.54402173913047
125.375
125.33424358274169
119.16712479384296
113.24829545454546
113.62781748213304
113.66704161979749
114.56215005599103
115.25923883066741
116.49429657794678
117.67631296891747
118.01360914534564
119.04229934924078
119.3670473083198
120.3065217391304
121.17433676231724
121.81685575364668
122.36896364622896
123.4912087912088
124.12472406181016
124.12472406181018
125.2607242339833
125.62289562289563
125.62289562289561
127.33482642777156
127.33482642777156
127.33482642777156
127.33482642777156
127.33482642777153
129.75605434140584
128.08270676691723
127.39348943460868
126.1030507193168
124.81261200402469
123.5221732887328
122.23173457344092
120.94129585814903
119.65085714285715
115.70525127046858
110.87340301974427
107.97341040462427
108.14985590778099
108.72103746397696
109.08463768115939
109.88697647733795
110.74841681059297
111.35631517960599
112.17725173210158
112.824942791762
113.26985040276179
113.78801843317979
114.48414985590779
115.10687463893703
115.6396085204376
117.43127434613245
117.9485746226942
118.71762090050026
119.19063733784549
120.05452501405284
120.4652498564044
121.36711711711712
121.80046003450252
122.63522727272732
123.65780542986425
124.10005717552883
123.45252276246867
122.80498834940852
122.15745393634847
123.17345814977972
123.61034672537153
124.30044101433293
124.7765363128492
122.1073788546255
116.80586283185858
111.66836445953595
110.59441340782121
111.2283950617284
111.83869148336157
112.53203342618383
113.09949972206778
114.19029017857144
115.12603648424545
115.90523415977964
116.76692563817983
117.5454042081949
118.3691011235955
118.87656427758816
117.80194063926956
115.03701561596301
114.82142857142856
115.10302677532013
115.6564132327336
116.11641443539003
116.6466821885914
117.25783972125441
118.05275229357801
118.56854838709683
119.32623705408514
120.19066820276498
120.06472558834011
119.93878297391524
119.81284035949037
119.6868977450655
119.56095513064062
119.43501251621575
119.30906990179085
120.10793832095942
121.16877152698044
122.61186440677966
123.20721236405262
123.7098657326328
124.10473372781064
124.9204545454545
122.97750148016576
120.06304728546411
120.06963136337039
120.2798138452589
121.38272311212813
121.885031303358
122.25545350172217
122.96814562002277
123.29344729344734
123.9572162007986
124.49105597230232
125.27320185614849
125.81264775413729
122.05896088733243
117.73371757925088
115.07146908678385
115.7980769230769
116.58637873754151
117.15080690038963
118.3781877373847
118.59098405717427
118.59098405717418
120.31382113821138
120.31382113821138
120.31382113821138
120.31382113821138
120.31382113821138
120.31382113821138
120.31382113821138
120.31382113821141
120.15368144190282
119.99354174559423
119.83340204928564
119.67326235297708
119.51312265666846
119.84631803628602
120.16766467065868
120.16766467065868
120.16766467065868
120.16766467065868
120.16766467065868
120.16766467065868
120.16766467065868
120.16766467065868
120.16766467065872
119.74947296715533
119.33128126365187
118.91308956014836
119.83611691022963
120.4432291666667
120.93427230046947
120.93427230046947
120.93427230046947
120.93427230046947
120.93427230046947
120.93427230046947
120.93427230046947
120.93427230046947
120.93427230046947
120.93427230046947
120.93427230046947
120.93427230046947
120.93427230046927
113.74303730951124
107.20695364238418
100.44353518821617
97.27884089666486
96.49537792278409
97.25475285171103
98.0572354211663
98.53625541125541
99.56933911159263
100.5184182015168
101.0718530524041
102.04972972972973
102.6735357917571
103.44577006507598
104.18250539956807
104.68406889128096
105.23907177549916
105.93488876831259
106.6442880346508
107.3591130340725
108.34888768312533
108.89717083786724
109.38236884802598
109.08761433848605
108.79285982894618
108.49810531940625
108.20335080986638
107.90859630032651
108.49783315276272
109.36816459122906
109.97063621533448
110.56941431670282
111.17145957677701
111.85084376701144
112.38806787082649
113.09814612868047
113.6925601750547
113.6883977900552
111.54986225895323
110.47603305785123
110.1661247472448
109.85621643663836
109.54630812603193
109.23639981542544
108.92649150481901
108.61658319421258
107.75583982202448
108.2300785634119
108.7678970917226
109.44227551589518
109.97535014005604
110.32532140860815
110.96454698930785
111.39103641456586
110.66551259875803
109.93998878295008
110.35742078932742
110.95973154362417
111.46458449525937
112.27620632279536
112.64653243847874
113.67331536388139
114.15995647442878
115.38163481953279
116.69495884773664
117.5099337748344
118.38827098078868
118.38827098078877
120.02004008016033
120.02004008016033
120.02004008016033
120.02004008016033
120.02004008016033
120.02004008016033
120.02004008016033
120.02004008016033
120.02004008016033
120.02004008016033
120.02004008016033
120.02004008016033
120.02004008016033
120.02004008016047
108.14197183098622
102.95022624434387
101.64636871508378
102.57614781634936
103.27169597277361
103.9699376063528
104.5
105.27990970654628
106.02977528089889
106.99436936936934
107.79425028184892
108.2551136363636
109.0768795929904
109.83954802259882
110.59346846846847
111.24607623318389
112.00672645739917
112.71261160714289
113.75139043381535
113.1412680756398
110.13147632311973
109.4674094707521
110.00891364902509
110.60898876404497
111.22209883398114
111.95824053452111
112.92073170731703
113.55083798882686
114.28802228412258
114.93180547792053
115.96145374449338
117.03645266594128
117.652950730915
118.59460916442049
119.62300319488816
120.5273311897106
121.06196120689674
117.4268360022088
113.164592760181
113.11898016997168
112.75754972737519
112.3961192847787
112.03468884218222
111.67325839958573
111.31182795698919
110.25169683257923
110.90039171796309
111.33521444695259
112.00618672665917
112.44107744107743
112.87436619718312
113.45735129068464
113.95326576576576
114.87297146054846
115.45087029758565
115.8927159796724
117.07823691460055
117.40982691233944
118.71973827699014
119.29912663755465
120.04203056768563
120.64207650273227
121.35290918977705
120.7484734756365
120.14403776149584
119.53960204735529
118.93516633321474
118.33073061907419
118.75279642058172
119.78454842219804
120.30071862907675
121.37602179836517
122.34792004321991
122.92826086956529
123.911316648531
124.41218441273327
124.95980176211458
125.65894039735099
126.27444444444444
126.19523017193569
116.66930022573342
110.44999999999982
105.31126202603264
101.63279056709712
102.11618725324308
102.86089385474861
103.52559163456249
104.17477876106193
104.93805309734512
106.02487562189049
106.87935805201994
107.59400998336105
108.19137168141594
108.89699331848556
109.42429284525792
110.1222345132743
110.81031613976711
111.82092893116953
112.37165178571422
113.22438752783967
113.82455156950664
114.77153974430234
115.95939361126148
116.84536637931035
117.67094017094018
118.56968085106382
120.16100365917407
120.90747516989023
120.9074751698904
122.76776519052521
123.53192584963955
123.53192584963955
123.53192584963955
123.53192584963955
123.53192584963955
123.53192584963955
123.53192584963972
125.5307775377969
124.65336577352741
123.7759540092577
122.898542244988
122.0211304807184
122.65378507146639
122.86673831273583
115.4463495575219
111.31795441912175
111.19313779745437
111.69042316258356
112.37898789878989
112.93255942509677
113.41402337228715
114.07982261640802
114.69845644983457
116.18693090519548
116.76943844492439
117.72882258923812
118.2377885131508
118.94114470842328
119.71002132196162
120.09066523605156
121.34281200631915
121.78905419766215
122.91808510638299
123.38676707907473
124.10085836909877
124.8424437299035
124.31394072447893
120.28967813540476
116.56326987681973
116.08305462653288
116.77041942604853
117.58071505958833
118.04741144414174
118.95408435664706
119.6542948038176
120.49188056574121
120.96484784889822
121.73413111342352
121.73413111342352
121.73413111342352
121.73413111342352
121.73413111342352
121.73413111342359
120.97941952506608
115.14316239316258
113.28732545649837
113.77897574123995
114.79558591697321
115.66473988439304
116.16226215644815
117.03759791122718
117.5028601144046
118.2298910223144
119.23324808184145
119.80245649948824
120.24446731857961
117.6730969760174
110.45534729878727
110.96792035398232
111.35453539823015
112.25176726481783
112.47537354731594
113.87060702875402
114.25959978366689
115.04598930481279
116.1919456066945
116.69255663430431
117.99372056514915
118.31671087533152
119.0447368421053
119.45990440785977
118.07441113490358
115.39542483660125
114.83478735005453
114.87139689578714
115.7079596412556
115.8508474576272
116.88627665390925
117.2944106253459
117.75400773908245
118.94060475161987
119.15431415929197
117.41334828939989
115.03585434173658
114.46947443384124
113.9030945259459
113.33671461805056
112.77033471015523
112.20395480225989
109.59154929577471
109.28555304740402
109.14518122450147
109.00480940159892
108.8644375786964
108.72406575579384
108.5836939328913
108.44332210998869
107.56291759465478
107.54689503932866
107.53087248400254
107.51484992867643
107.49882737335031
107.48280481802419
107.46678226269808
107.45075970737196
107.99261783077793
108.46018202502842
108.99374288964736
109.28064146620852
109.77599080987932
110.26042261564817
111.0888382687927
111.4174757281553
112.07595659623075
112.94117647058818
113.48916761687565
114.23700742432891
114.73219373219376
115.34136546184732
116.34098737083809
117.2203682393556
117.78154205607484
118.67074592074596
119.45734184561809
119.20116618075781
116.83775811209443
115.81674473067915
115.81850366996058
115.82026260924201
115.82202154852344
115.82378048780492
114.60171568627447
113.4690753214942
113.45527950310559
113.42254070841027
113.38980191371496
113.35706311901964
113.32432432432438
111.92345078979343
112.34070531978483
112.6611275964392
113.06559332140728
113.50897129186603
113.93194029850747
114.48803827751192
115.06227758007117
115.90490430622009
116.28228228228227
116.85885885885887
116.5873028952297
116.31574693160059
116.04419096797142
115.7726350043423
115.50107904071314
115.22952307708402
114.95796711345491
114.68641114982574
115.27947096032199
116.05625717566011
116.54330254041565
117.02382335851257
117.99134948096889
118.48105625717562
119.12708453133973
120.11423650975894
120.94290559638216
121.46020761245677
122.19278466741832
122.66930917327295
123.33218390804598
123.7216200798631
124.14875072632191
124.52947976878636
123.1170743826292
121.70466899647226
120.29226361031522
120.94889267461667
121.65951439864483
121.80626780626778
122.40569800569801
123.23486547085201
123.9301285634433
124.65526905829597
125.31473214285714
125.56355455568064
126.37639198218267
126.99154453213077
127.82212340188994
127.82212340188994
128.92044817927172
128.92044817927172
128.92044817927308
115.0279569892482
104.09580498866126
96.5217877094974
91.72555555555556
91.93149915777644
92.79287305122489
93.55047406581139
94.65645879732733
95.40389972144851
96.02345058626463
96.5840707964602
97.32632743362831
97.89723756906074
98.65325248070565
99.27716794731066
99.82078064870802
100.87164015359303
101.59912376779846
102.31192161132276
103.10491803278694
103.70867430441899
104.47766884531586
105.15279299014242
105.87149917627676
106.6684782608695
107.67833698030631
108.46407021393304
109.12760131434834
109.79079956188389
110.49019607843138
111.05582922824306
112.03999999999996
112.52357723577234
113.42309739222992
114.36634717784875
114.96632816675583
115.8437826541275
116.5870801033592
117.2174358974359
117.63257965056528
118.47521716913639
119.05987717502558
119.71181262729124
120.7202832574608
120.7202832574608
120.7202832574608
120.7202832574608
120.7202832574608
120.7202832574608
120.7202832574608
120.7202832574608
120.7202832574608
120.7202832574608
120.7202832574608
120.72028325746123
115.75419847328158
107.10700496414756
101.40602739726023
100.82785087719299
101.6516483516483
102.10335349092907
103.13388429752058
103.93278236914603
104.51045104510445
105.11288546255514
105.88370817334066
106.46246575342468
107.04590707964599
107.84606866002218
109.01421541826134