133.79862475442044
133.41182266009852
133.3974358974359
132.99902056807053
132.8607843137255
132.6003879728419
132.38197845249755
132.21200387221685
131.91698841698843
131.734496124031
131.4613880742913
131.38888888888889
131.27961165048544
131.09824902723736
130.98628795298725
130.68493150684932
130.48938223938225
130.2840579710145
130.10628019323673
129.9067055393586
129.7858527131783
129.8617026578073
129.9375526024363
130.01340254706534
130.08925249169437
130.16510243632337
130.2409523809524
130.13117870722434
129.86148007590134
129.6796577946768
129.53270142180094
129.45325779036827
129.33081285444234
129.11374407582937
128.9830028328612
128.7275307473983
128.53632887189292
128.22483537158985
128.11614730878188
127.911320754717
127.65752128666037
127.53708920187793
127.29411764705883
127.23164918970448
127.02935606060606
126.96320754716982
126.8169014084507
126.73501872659176
126.45437616387339
126.1407269338304
126.0
125.9349670122526
125.88461538461539
125.70150659133711
125.48918156161807
125.27009345794391
125.20880956744068
125.14752567693745
125.00465983224603
124.75578168362628
124.7288765088208
124.68802228412255
128.4735322425409
131.1044061302682
133.48295454545456
135.12667946257199
136.72375690607734
138.06401384083046
138.06401384083046
138.06401384083046
138.06401384083046
138.47732893652102
138.09429280397023
137.88467874794068
137.44144144144144
137.22058823529412
136.83951612903226
136.89288634505314
136.89288634505314
136.89288634505314
136.89288634505314
136.89288634505314
136.89288634505314
136.89288634505314
136.89288634505314
136.89288634505314
136.89288634505314
136.89288634505314
136.89288634505314
136.89288634505314
136.89288634505314
136.89288634505314
136.89288634505314
136.89288634505314
136.89288634505314
136.89288634505314
136.89288634505314
136.89288634505314
136.89288634505314
136.89288634505314
136.89288634505314
136.89288634505314
136.89288634505314
136.89288634505314
136.89288634505314
136.89288634505314
136.89288634505317
131.9191176470588
130.8158109209454
130.73529308921115
130.65477525747687
130.5742574257426
129.93344289235824
129.47829716193655
129.1692946058091
128.98931799506985
128.710156895128
128.52155536770923
128.6729398460168
128.82432432432432
128.86028795987372
128.8962515954231
128.93221523097247
128.96817886652187
129.00414250207126
128.84488448844886
128.5927750410509
128.17326732673268
128.05906148867314
127.2943615257048
126.61046511627907
126.16434995911692
125.87931034482759
125.2039312039312
125.0890522875817
124.58823529411765
124.50877192982456
124.33609958506224
124.2748098914594
124.21352019785655
124.15402986257946
124.09453952730237
123.96633303398808
123.83812654067378
123.74995757927998
123.66178861788617
123.60404858299594
123.26320064987814
122.90057518488086
122.72213114754098
122.56178861788617
121.85024549918165
121.61180038116976
121.37335526315789
121.16936790923826
120.68185584092794
120.49587458745874
120.12737799834574
119.73460898502495
119.52399030055184
119.31337161607875
119.24225122349102
119.13566206336316
121.53574363188167
123.24878444084278
123.12266450040619
122.957928802589
122.91559485530547
122.6244019138756
122.25305126118795
122.14527845036318
122.00047016617043
121.85566188197768
121.47364152473642
121.23072815473215
120.98781478472787
120.8913043478261
120.67611336032388
120.43786008230452
120.2441200324412
120.09574468085106
119.79720853858785
119.77732128184059
119.58333333333334
119.53700657894736
119.48318293683346
118.96271748135874
118.84075907590758
118.74378109452736
119.36111111111109
121.67234387672343
121.66443514644351
121.46882793017457
121.36280991735538
121.35861500412202
121.15789473684211
121.04593929450367
120.72794723825226
120.64526748971193
120.4303380049464
120.15224625623962
119.73556485355647
119.56799336650083
119.51360263808738
119.20764119601328
119.07431874483896
118.99585062240664
118.78322259136212
118.61691542288555
118.51747088186355
118.39504132231406
118.22746071133167
117.99917830731304
117.89244663382595
120.40381426202322
122.74356846473029
122.93996094402601
123.13635342332175
123.33274590261749
123.52913838191321
123.72553086120894
123.92192334050468
124.11831581980042
124.31470829909614
124.61966156325545
124.66477732793521
124.58899676375404
124.42261427425822
124.10243902439024
123.96035598705501
123.94251968503937
123.33927125506074
123.18438003220612
122.80995106035888
122.7558991049634
122.54472199838841
121.95823095823096
121.82116488925348
121.60493827160494
121.07514450867052
120.65583333333332
120.61290322580643
120.38538205980066
120.21153846153845
120.06776859504131
119.77178423236515
119.6108821104699
119.46970954356846
119.23192019950125
118.98845836768342
118.76155115511551
118.48866498740554
118.37709030100334
118.43083333333334
120.51959966638866
120.61314475873544
120.51457119067443
120.34422110552765
120.18713932399011
119.85145228215768
119.6827242524917
119.62375415282392
119.43391521197007
119.21547420965058
119.11867219917015
118.6744574290484
118.50878661087866
118.46494156928213
118.08220338983051
117.96205733558179
117.89597315436242
117.89315525876462
118.1771234801116
118.4610917014586
118.7450599228056
119.02902814415258
119.31299636549957
119.59696458684655
119.52364864864865
119.4358108108108
119.0965283657917
118.89864864864865
118.63973063973063
118.48768054375532
118.14602903501282
117.96757679180888
117.64888123924268
117.41810344827587
117.38946459412782
117.08198121263877
117.00427715996578
116.72984562607203
116.4457935819601
116.28732638888889
115.98961937716263
115.85034602076124
115.6349480968858
115.49527896995707
115.36055603822763
115.1768826619965
114.95017482517483
114.6098852603707
114.34697508896798
114.29192546583852
114.11749116607774
113.94290811775201
113.75947136563877
113.44910714285714
113.42124212421243
113.24156305506216
112.96309630963097
112.70889487870619
112.53610108303249
112.31294964028777
112.14350180505414
114.19582955575709
116.3957219251337
116.70442477876104
116.93604864682426
117.16767251488749
117.39929638295071
117.63092025101393
117.86254411907716
118.09416798714038
118.32579185520362
118.63480613165012
118.56110615521855
118.2885662431942
118.21660649819496
118.08146821844227
117.81508078994614
117.66187050359713
117.56435643564356
117.23146473779386
117.13296903460837
116.88566243194192
117.41905642923223
118.69007490636704
118.5270018621974
118.43258426966293
118.19775070290537
117.95595126522963
117.70188679245283
117.5874060150376
117.38920454545455
117.19092627599244
116.9175355450237
116.76981852913084
116.66635249764374
116.4320987654321
116.24928366762175
115.98942307692306
115.73608445297505
115.63793103448276
115.49036608863199
115.12282398452612
115.08050436469448
114.86442307692309
114.70514064015518
114.50485436893203
114.43536711478782
110.43177144623132
106.4281757776746
102.4245801091181
98.42098444056137
94.41738877200487
90.41379310344826
93.17447916666667
93.17447916666667
93.17447916666667
93.17447916666667
93.17447916666667
93.17447916666667
93.17447916666667
93.17447916666667
93.17447916666667
93.17447916666667
93.17447916666667
93.17447916666667
93.17447916666667
93.17447916666667
93.17447916666667
93.17447916666667
93.17447916666667
93.17447916666667
93.17447916666667
93.17447916666667
93.17447916666667
93.17447916666667
93.17447916666667
93.17447916666667
93.17447916666667
93.17447916666606
134.49655172413793
132.0571847507331
130.51158106747232
130.14044444444446
130.00973451327434
129.789566755084
129.39526730937774
129.30642361111111
128.93425605536333
128.77331052181356
128.3696599825632
128.3575129533679
128.13766233766233
127.78314310798945
127.36652360515018
126.96516567544607
126.71686746987953
126.40467937608318
126.1614853195164
125.88374125874122
125.5181255526083
125.31533101045295
124.8866432337434
124.81762114537446
124.25866666666667
124.13704686118476
123.70209059233449
123.45526315789476
123.0709849157054
122.96663740122915
122.64788732394368
122.40389725420725
122.1614629794826
121.81964285714287
121.43978590544157
121.13059033989265
120.75924256086566
120.67753623188406
120.4315129811996
120.0
119.97477477477477
119.67895683453236
119.11211573236889
118.98831985624439
119.3390254502129
119.68973104418141
120.04043663814993
120.39114223211844
120.74184782608694
120.41644083107498
120.21480144404336
119.84712230215828
119.67506750675065
119.19529837251356
119.12949640287769
118.81042228212038
118.5108108108108
118.33987511150761
117.98925693822738
117.85472370766485
117.35650623885918
117.59119361631993
117.82588099378067
118.06056837124142
118.29525574870216
118.5299431261629
118.76463050362365
118.9993178810844
119.23400525854512
118.83025505716799
118.64607237422771
118.51007887817704
118.2473867595819
120.38434476693055
122.07664884135471
122.07643145459693
122.07621406783915
122.07599668108135
122.07577929432357
122.07556190756578
122.07534452080799
122.0751271340502
122.07490974729242
122.71339285714285
122.57908847184987
122.42768959435625
122.0339892665474
121.74162257495593
121.6037234042553
121.31822222222223
121.14968999114262
120.77280701754387
120.63171806167401
120.39911894273126
120.53777254633837
120.67642614994548
120.81507975355258
120.95373335715968
121.09238696076679
121.23104056437387
120.83538732394365
120.64814814814815
120.35206321334505
120.23672758920804
119.69569041336851
119.57382847038019
119.34995625546807
119.20983318700615
119.3377525102461
119.46567183348606
119.593591156726
119.72151047996596
119.84942980320591
119.97734912644586
120.10526844968581
120.23318777292576
120.01051709027166
119.68010517090272
119.56157205240174
119.38642297650131
119.1486367634125
119.38183880123415
119.61504083905581
119.84824287687745
120.0814449146991
120.31464695252076
120.5478489903424
120.38726790450929
120.13093145869948
120.30496453900707
121.5908683974933
121.90248226950354
121.78514588859417
121.4991134751773
121.34581105169343
121.04884547069274
121.01249999999999
120.67911111111111
120.55455365193868
120.5860644462146
120.61757524049055
120.6490860347665
120.68059682904244
120.71210762331839
120.40794223826714
120.24304932735427
119.8799283154122
119.79910313901348
119.43501805054152
119.26528776978421
118.82499999999999
118.72117962466487
118.30817610062894
118.13612099644126
117.9595070422535
117.56366874443455
117.34790365744874
116.92844522968198
116.73220640569394
116.58985765124555
116.2716711349419
116.2235084594835
115.89342806394316
115.75199291408325
115.45470692717583
115.34252669039145
114.98230088495575
114.89408649602825
114.48665480427047
114.43911111111112
114.37076648841355
114.21985815602841
115.6176735798017
117.97994530537831
117.93660714285716
117.78571428571428
117.53571428571428
117.427304964539
117.3162544169611
117.07104795737123
116.83468104222811
104.54611474219314
105.49334319526588
116.29049773755654
115.97043010752688
115.80851063829789
115.50315599639316
115.46306306306306
115.41553748870822
115.05305755395683
114.93428063943162
114.6153846153846
114.57833482542523
114.2273135669362
114.12096774193549
114.01705565529623
113.80745341614903
113.55882352941178
113.40608228980318
111.94660815363045
110.48713401745772
109.02765988128499
107.56818574511226
106.10871160893953
104.6492374727668
110.56908286392945
116.48892825509301
116.39768683274025
116.05197132616487
115.87477477477478
115.75044722719144
115.42383512544802
104.95205992509364
109.86795821366786
114.78385650224214
114.58717253839205
114.36290322580643
114.08952551477171
114.02331838565021
113.51767905711695
113.41538461538465
113.14751131221719
113.04414414414413
112.92176258992805
112.60846084608463
112.49189189189192
112.23021582733813
112.09828674481514
111.64434389140274
111.38108108108108
111.3114311431143
111.25247971145174
111.14208144796379
110.64891696750902
110.48778280542987
110.34653465346534
110.26630920464703
109.8585496866607
109.75022381378693
109.5403445149592
109.37443744374437
109.27697841726618
109.13913824057448
108.87027027027028
108.65405405405406
108.59099099099097
108.1481818181818
107.91237579042456
107.73846153846154
107.60924750679965
107.32541133455209
107.18016378525931
106.93109700815955
106.5754290876242
106.38043478260869
106.06187443130119
105.89080982711556
105.60162601626016
105.39855072463769
105.31368993653672
105.13047445255478
104.67211625794735
104.4262443438914
104.40760869565219
104.07974335472048
104.4072399154573
104.73473647619409
105.0622330369309
105.38972959766772
105.71722615840454
106.04472271914133
105.87320143884892
105.62118491921004
105.24775583482945
105.11510791366908
104.96917497733455
104.76126126126127
104.47282608695653
104.33664259927798
104.06672760511883
103.97267759562845
103.6712204007286
104.08582844384011
104.50043648695157
104.91504453006308
105.32965257317454
105.74426061628606
106.15886865939751
106.57347670250897
106.37813620071682
106.08385933273217
105.89794091316026
105.76752440106478
105.66039426523298
105.51254480286738
105.3187889581478
105.17201426024954
105.07423971377463
104.76139410187668
104.609472743521
104.3599274705349
104.32556053811659
104.23942394239424
103.97219730941703
103.68336314847943
103.5225631768953
103.39982030548069
103.27598566308245
103.04843049327351
102.80107047279215
102.66367713004485
102.46936936936935
102.36600719424462
102.22123104371097
102.12891674127127
101.94841628959274
101.77130044843051
101.48905109489051
101.40633484162896
101.28351449275362
101.0508166969147
101.02813067150632
100.6944696282865
100.61045987376013
100.4274120829576
100.23956442831215
99.9926873857404
99.78136531365314
99.70875576036866
99.79313543599255
102.9011786038077
106.03561887800538
108.58001768346594
109.10294117647058
109.00429553264604
108.7461273666093
108.49183147033534
108.31655290102391
108.16151202749143
107.97103918228282
107.74256584536957
107.46877673224978
107.26893617021278
107.05892255892257
106.71843003412968
106.41630901287553
106.26392459297341
105.98884120171674
106.23524305555566
108.40740740740739
108.89810017271157
108.82702237521514
108.65584970111016
108.32846087704212
108.06175972927241
107.81446808510638
107.69100169779287
107.45648464163823
107.3029787234043
107.06255283178359
106.92869269949063
106.54436860068256
106.27264957264958
105.99237288135595
105.79063829787233
105.62681468830061
105.33591065292097
105.14665523156089
105.01107325383305
104.7933673469388
104.34497444633735
106.60104076322637
108.24783362218372
108.06185567010309
107.85004284490145
107.68622448979592
107.6032423208191
107.28266438941077
107.09974204643163
106.86197916666663
107.91330998248691
109.96251089799478
110.35391304347826
110.19601040763226
110.04069264069264
109.78993055555554
109.55631986242474
109.244579358196
108.8523890784983
108.64594127806566
108.44368013757526
108.14187446259672
107.8308631211857
107.69237435008665
107.53103448275863
107.28249566724438
107.07605877268799
106.62882096069868
106.48925193465175
106.26352530541016
106.02782608695654
105.78979238754326
105.6695576756288
105.55719237435005
105.15511265164645
105.03993055555554
104.70945359930616
104.59501289767843
104.34137931034482
104.10834049871023
103.98632478632476
103.72208013640238
103.63714531384352
103.36089577950042
103.21514629948365
102.87008547008547
102.9691516709513
106.14856646394446
108.67325881341358
108.62382176520994
108.58989726027397
108.15099223468508
108.0292347377472
107.87510692899912
107.59676044330777
107.38665526090676
107.14163822525597
106.99486740804105
106.73424190800682
106.5784982935154
106.30749354005167
106.13760683760682
105.84369602763385
105.71182053494388
105.49007765314926
105.62564749576023
105.76121733837121
105.89678718098219
106.03235702359316
106.16792686620414
106.30349670881512
106.4390665514261
106.31537793223285
106.16434782608692
105.93576388888889
105.90742358078603
106.16919630771113
106.43096903463626
106.69274176156136
106.95451448848647
107.21628721541157
106.8664921465969
106.67891513560807
106.49694323144104
106.24473684210523
105.9649430324277
105.79491673970202
105.61267605633805
105.28877005347593
105.45238770524213
105.61600535700833
105.77962300877456
105.94324066054077
106.10685831230697
106.2704759640732
106.4340936158394
106.59771126760563
106.15575221238939
105.93002657218776
105.69753086419752
105.4260407440213
105.20619469026549
105.10545129579984
104.8911504424779
104.77288732394368
104.43699731903484
104.30423042304227
103.99908759124088
103.83769161406673
103.56079854809437
103.74224664862356
103.92369474915273
104.1051428496819
104.28659095021106
104.46803905074023
104.6494871512694
104.83093525179856
104.68520179372194
104.41507720254313
104.31444241316274
103.96818181818182
103.88090909090909
103.63736263736268
105.54664179104475
107.57710064635273
107.36380424746076
107.11262488646685
106.88989169675091
106.55122393472348
106.44141689373299
106.26636363636365
106.01270417422865
105.77132486388382
105.42346471127405
105.28230980751604
105.11457378551785
104.89888682745823
104.68732394366191
105.63943661971825
107.31912878787878
107.41431261770245
107.32483474976391
106.92537313432837
106.8419083255379
106.5979284369115
106.3289224952741
106.24761904761905
106.09143968871592
105.71470301850047
105.5986328125
105.39631782945736
105.52097560975608
107.40272373540856
107.52734375000001
107.41982507288628
107.11089494163423
106.88487804878048
106.53073170731706
106.44897959183672
106.34423076923076
106.01656920077971
105.72393822393823
105.53134040501448
105.56964457252639
107.49029126213591
107.87878787878785
107.68694798822378
107.52580331061347
107.36275460717752
106.90649606299215
106.74231912784938
106.52912142152024
106.41182266009855
106.23359840954274
106.0
105.6939182452642
105.5955955955956
105.499
105.26443768996961
105.00713557594293
104.76064908722105
106.34643226473622
107.89414182939362
107.90226337448559
107.56459816887082
107.47861507128312
107.22583926754834
106.86262626262624
106.55344655344655
106.4172517552658
106.21921921921921
106.13272543059776
105.93788187372706
105.72036474164133
105.42799188640976
105.03064351378958
104.96823770491801
104.56663275686674
104.42288049029622
104.15885947046843
104.02451481103168
103.95884773662556
103.50816326530614
103.39245667686032
103.09053069719042
103.00103305785123
102.99165797705945
102.85414480587633
105.90084388185642
109.74394099051642
113.70081967213127
116.48946840521563
116.95586760280844
116.48409542743539
116.35054617676269
116.0494559841741
115.79804878048782
115.43562439496608
115.21621621621671
99.76735598227515
107.06835382610916
114.36935166994112
113.89892051030424
113.71526418786692
113.40936254980261
96.8601756954613
104.6880718796674
112.5159680638723
112.30608175473583
112.03592814371254
111.7842157842158
111.31658291457285
111.11144578313252
110.87299999999999
110.54091816367264
110.26853707414827
110.09879032258061
109.89756592292088
109.50300000000001
109.27517447657027
108.91767068273089
108.59262948207171
108.51888667992046
108.16483516483515
107.98390342052312
107.80000000000001
107.58717434869743
107.32932932932933
107.31405782652035
107.78064605775751
108.2472342889946
108.7138225202317
109.18041075146886
109.64699898270601
109.50458715596329
109.28073770491801
109.00407747196738
108.70672097759675
108.46075433231397
108.15843621399173
107.93904958677683
107.6200204290092
107.46256410256413
107.311408016444
107.1044467425026
106.85119667013532
106.32463465553235
106.25964546402503
106.00839454354673
105.69728601252609
105.50890052356021
105.38164754953075
105.14826498422713
104.78980891719746
104.63665254237287
104.87517655367233
105.11370056497177
105.3522245762712
105.59074858757063
105.82927259887006
106.06779661016947
105.76890308839188
105.59018143009607
105.49946294307193
105.28525296017223
105.27461706783379
107.08333333333326
108.83481152993352
109.6258205689278
109.61872909698997
109.45061043285239
109.30033003300332
109.05686695278973
108.52329360780064
108.35389610389609
108.19999999999999
107.83583690987126
107.57373519913887
107.52345415778254
107.33477789815817
106.96871628910463
106.6641221374046
106.47478070175438
106.34758771929825
106.10178970917227
106.28742665126344
106.4730635933546
106.65870053544577
106.84433747753695
107.02997441962813
107.21561136171931
107.40124830381046
107.58688524590161
107.39096916299559
108.56988082340195
110.27176220806794
110.395101171459
110.3051742344245
110.05241090146751
109.72268907563023
109.40252897787144
109.28933474128826
108.90985324947587
108.67748691099476
108.54936974789916
108.3565400843882
108.14724576271192
107.66206163655687
107.4360341151386
107.71503215809551
107.99403020105237
108.27302824400923
108.55202628696605
108.48461538461538
108.2232044198895
107.93565976008722
107.65082872928178
107.43013100436681
107.44118481443581
107.4522386245048
107.4632924345738
107.4743462446428
107.48540005471179
107.49645386478079
107.50750767484979
107.51856148491879
107.39140534262486
107.13732394366197
107.11829268292684
107.50625581255815
107.89421894218941
107.59453032104636
107.57660818713452
107.25717566016073
107.20045819014894
106.74915635545557
106.57952069716777
106.50160427807486
106.3457051961824
106.07905982905983
105.9989247311828
105.62955032119913
105.50749464668095
105.45182012847965
104.98579234972681
104.79801324503308
104.52993348115302
104.29471316085488
104.05929304446977
105.52784222737819
106.51533018867924
106.54191263282172
106.36854741896764
105.77261306532662
105.68368617683686
105.56756943743247
105.45145269802805
105.33533595862363
105.21921921921924
105.06896551724094
100.32532553653164
95.58168555582324
90.83804557511394
86.09440559440554
95.3317877774407
104.56916996047431
104.6420107228114
104.71485148514853
104.57654075546816
90.30516431924843
97.1277887711949
103.95041322314049
103.85333161157024
103.75625
103.7510460251046
103.7820539001685
103.81306177523243
103.84406965029633
103.87507752536024
103.90608540042416
103.93709327548822
93.5008183306054
98.60489494210833
103.70897155361047
103.41409691629957
103.14942528735632
103.13667425968109
103.10633484162895
103.58983408748111
104.07333333333332
104.01555555555555
103.95777777777779
103.92272727272729
103.81081081081084
103.22602739726028
103.23688757250402
103.24774774774778
102.78026905829597
102.78026905829597
102.43518518518516
102.07582938388623
101.90843373493976
101.89047619047619
101.83213429256591
101.6580026301539
101.48387096774194
101.54590570719574
105.4849884526559
105.48498845265567
109.12527472527472
108.84815618221262
108.58279569892471
108.32196162046904
107.92407809110631
107.56182212581348
107.29094827586209
106.69803063457334
106.3790849673203
105.98241758241761
105.39080459770115
105.42960709187889
105.46840958605662
104.91973969631235
104.88195991091311
104.27555555555557
104.17551963048496
103.98657718120805
104.0044843049327
105.91150442477874
108.48117154811712
109.02395209580834
108.52173913043475
108.09109311740892
108.07400000000001
107.7669322709163
107.18163265306123
107.11836734693884
106.4930139720559
106.15421489677846
105.815415821501
105.35974872707709
104.90408163265306
104.57949790794976
104.40748440748445
104.21698049294793
104.0264765784114
104.02917454418578
104.03187250996007
106.10240963855449
110.03853564547217
111.00188323917138
111.16847248002651
111.33506172088164
111.50165096173677
111.6682402025919
111.834829443447
113.41975308641975
113.2076124567474
113.09621993127143
112.75752508361205
112.35750421585158
112.13452188006482
111.82629107981221
111.82439024390249
111.2813008130081
110.83173076923077
110.64904222342602
110.46635367762127
110.10565476190476
109.79039301310041
109.53212921390548
109.27386541471047
109.19554848966612
109.05627009646304
108.80511182108626
108.29534510433393
107.7833876221498
107.57704918032789
107.17760022041608
106.77815126050419
106.97217675941101
109.31040268456354
111.83118971061094
111.83796296296296
112.07314007321273
112.30831718346249
112.54349429371231
112.77867140396208
113.01384851421184
113.24902562446167
113.48420273471143
113.71937984496117
115.33993902439025
115.3541984732824
114.8012422360249
114.48837209302326
114.12591508052708
113.86518518518517
113.61479198767336
113.22488755622186
112.89301634472508
112.7593423019432
112.50306748466255
111.96946564885491
111.6390168970814
111.57345971563984
111.13302034428796
111.04725609756099
110.75541795665629
110.26373626373623
110.09409888357254
110.53267973856191
112.65718562874258
113.3
113.29581529581526
112.86513629842182
112.65606936416185
112.41944847605225
112.02556818181819
111.79741379310344
111.73661971830984
111.24966442953018
110.82970550576186
110.69532457463717
110.56094364351245
110.8249244251572
111.08890520680197
111.35288598844673
111.61686677009149
111.88084755173625
112.14482833338101
112.40880911502578
112.67278989667045
112.18589025755878
112.1534988713318
111.79841449603555
96.21434599156055
103.60208249804236
110.98981900452486
110.79090909090905
110.19296254256506
112.45034642032351
114.2860385925085
114.13812154696132
113.92480359147027
113.78659217877089
113.37984496124028
113.11534154535275
112.65990990990991
112.33594624860018
111.91963260619974
111.80412371134014
111.30960451977398
110.96987253765934
110.79234338747096
110.67172897196258
110.08771929824559
109.71566265060244
109.41242236024846
109.08939213349225
109.0329799764429
108.74092009685228
108.25
107.74109589041097
107.58574590178276
107.43039591315448
106.79464285714283
106.68158567774935
106.01775956284155
106.81155433287495
110.62623413258098
113.61286407766991
113.76207302709065
113.30092592592592
113.13854748603353
112.94894561598221
112.38520971302427
112.11335578002246
111.91600454029515
111.67082860385926
111.19592298980746
111.14609286523216
110.91176470588232
110.6044943820225
110.90322716666248
111.20195995130246
111.50069273594238
111.79942552058236
112.09815830522234
112.39689108986232
112.69562387450225
112.99435665914223
112.7453917050691
112.16433566433567
112.12441860465117
111.69858156028371
111.51990349819062
111.13301088270862
110.99876998769992
110.75780274656677
110.43970767356882
109.95989974937345
109.81899871630299
109.36409608091026
108.96291560102304
108.63648648648649
108.66711409395975
111.43972602739723
114.01536491677336
114.73504273504273
115.0258772584209
115.31671178179903
115.60754630517721
115.89838082855539
116.18921535193351
116.48004987531169
117.22565320665083
117.13089622641508
116.68257756563241
116.35548172757478
115.99563318777297
115.7106430155211
115.5350678733032
115.10869565217388
114.73952434881085
114.52013422818789
114.06451612903226
113.88100436681225
113.39301310043675
112.95037756202805
112.7072649572649
112.27094668117525
111.83190578158457
111.63390928725704
111.47532188841205
113.36117136659414
115.20270270270271
115.10488058151611
114.73657024793388
114.59733606557376
114.32831325301208
113.98165137614677
113.76161616161619
113.5454545454545
113.17581300813015
112.78243105209401
112.3347022587269
112.04761904761904
111.76976976976977
111.66024340770787
111.20020020020021
111.05894105894109
110.93593593593596
110.33094994892747
110.04627766599594
109.67408906882588
109.22920892494926
108.982982982983
108.78846153846155
108.64747474747475
108.4253578732106
107.89452332657197
107.76737160120842
107.56477732793519
107.1786802030457
106.94918699186991
106.6886597938144
106.40290758047769
106.15987460815052
105.85327783558793
105.72262773722628
106.56407563025186
109.57354497354498
109.87530066260678
110.17705635166857
110.47881204073036
110.78056772979215
111.08232341885395
111.38407910791574
111.68583479697753
111.98759048603915
116.45854657113614
117.33163784333672
117.18970736629666
117.01864573110896
116.69444444444446
116.31490621915106
116.08652900688298
115.80193236714979
115.57270029673589
115.11252446183951
115.0
114.7783203125
115.03718000560735
115.29603969871465
115.55489939182195
115.8137590849293
116.0726187780366
116.3314784711439
116.5903381642512
116.26007677543186
116.04844961240309
115.837343599615
115.27024390243903
115.11747572815534
114.9073170731707
114.44302554027502
114.1540755467197
113.82464929859725
113.42261904761904
113.14399205561071
112.99005964214712
112.71255060728743
112.1574167507568
111.9602851323829
111.96548223350237
114.08366935483872