70.4080396475771
70.33964824980634
70.2712568520356
70.20286545426485
70.13447405649411
70.06608265872336
69.99769126095262
69.92929986318188
69.86090846541113
69.79251706764039
69.72412566986964
69.6557342720989
69.58734287432814
69.5189514765574
69.45056007878667
69.38216868101591
69.31377728324517
69.24538588547442
69.17699448770368
69.10860308993293
69.04021169216219
68.97182029439145
68.9034288966207
68.83503749884996
68.7666461010792
68.69825470330846
68.62986330553773
68.56147190776697
68.49308050999623
68.42468911222548
68.35629771445474
68.28790631668399
68.21951491891325
68.15112352114251
68.08273212337176
68.01434072560102
67.94594932783026
67.87755793005952
67.80916653228877
67.74077513451803
67.67238373674729
67.60399233897654
67.5356009412058
67.46720954343505
67.39881814566431
67.33042674789355
67.26203535012282
67.19364395235208
67.12525255458132
67.05686115681058
66.98846975903983
66.92007836126909
66.85168696349834
66.7832955657276
66.71490416795686
66.6465127701861
66.57812137241537
66.50972997464461
66.44133857687387
66.37294717910312
66.30455578133238
66.23616438356164
68.01925720166143
69.80235001976122
71.58544283786101
73.36853565596081
73.30565905044948
73.24278244493813
73.1799058394268
73.11702923391546
73.05415262840413
72.99127602289279
72.92839941738146
72.86552281187012
72.80264620635879
72.73976960084745
72.6768929953361
72.61401638982477
72.55113978431343
72.4882631788021
72.42538657329077
72.36250996777943
72.2996333622681
72.23675675675676
72.20874263385019
72.18072851094364
72.15271438803707
72.12470026513051
72.09668614222394
72.06867201931738
72.04065789641082
72.01264377350425
71.9846296505977
71.95661552769113
71.92860140478456
71.900587281878
71.87257315897143
71.84455903606488
71.81654491315831
71.78853079025174
71.76051666734519
71.73250254443862
71.70448842153206
71.6764742986255
71.64846017571894
71.62044605281237
71.5924319299058
71.56441780699924
71.53640368409268
71.50838956118612
71.48037543827955
71.45236131537298
71.42434719246643
71.39633306955986
71.3683189466533
71.34030482374673
71.31229070084018
71.28427657793361
71.25626245502704
71.22824833212049
71.20023420921392
71.17222008630736
71.1442059634008
71.11619184049422
71.08817771758767
71.0601635946811
71.03214947177455
71.00413534886798
70.9761212259614
70.94810710305485
70.92009298014828
70.89207885724173
70.86406473433516
70.8360506114286
70.80803648852203
70.78002236561547
70.75200824270891
70.72399411980234
70.69597999689579
70.66796587398922
70.63995175108266
70.6119376281761
70.58392350526952
70.55590938236297
70.5278952594564
70.49988113654985
70.47186701364328
70.44385289073671
70.41583876783015
70.38782464492358
70.35981052201703
70.33179639911046
70.30378227620389
70.27576815329734
70.24775403039077
70.21973990748421
70.19172578457764
70.16371166167109
70.13569753876452
70.10768341585795
70.0796692929514
70.05165517004482
70.02364104713827
69.9956269242317
69.96761280132513
69.93959867841858
69.91158455551201
69.88357043260545
69.85555630969888
69.82754218679233
69.79952806388576
69.77151394097919
69.74349981807264
69.71548569516607
69.68747157225951
69.65945744935294
69.63144332644637
69.60342920353982
69.5585018232334
69.51357444292698
69.46864706262056
69.42371968231414
69.37879230200772
69.33386492170132
69.2889375413949
69.24401016108848
69.19908278078206
69.15415540047564
69.10922802016923
69.06430063986281
69.0193732595564
68.97444587924998
68.92951849894357
68.88459111863715
68.83966373833073
68.79473635802431
68.74980897771789
68.70488159741147
68.65995421710505
68.61502683679865
68.57009945649223
68.52517207618581
68.48024469587939
68.43531731557297
68.39038993526655
68.34546255496014
68.30053517465373
68.25560779434731
68.2106804140409
68.16575303373448
68.12082565342806
68.07589827312164
68.03097089281522
67.98604351250881
67.9411161322024
67.89618875189598
67.85126137158956
67.80633399128314
67.76140661097672
67.7164792306703
67.67155185036388
67.62662447005746
67.58169708975106
67.53676970944464
67.49184232913822
67.4469149488318
67.40198756852539
67.35706018821897
67.31213280791255
67.26720542760614
67.22227804729972
67.1773506669933
67.13242328668689
67.08749590638047
67.04256852607405
66.99764114576763
66.95271376546121
66.90778638515481
66.86285900484839
66.81793162454197
66.77300424423555
66.72807686392913
66.68314948362271
66.6382221033163
66.59329472300988
66.54836734270347
66.50343996239705
66.45851258209063
66.41358520178422
66.3686578214778
66.32373044117138
66.27880306086496
66.23387568055855
66.18894830025214
66.14402091994572
66.0990935396393
66.05416615933288
66.00923877902646
65.96431139872004
65.91938401841362
65.8744566381072
65.8295292578008
65.78460187749438
65.73967449718796
65.69474711688154
65.64981973657513
65.6048923562687
65.55996497596229
65.51503759565588
65.47011021534946
65.42518283504305
65.38025545473663
65.33532807443021
65.29040069412379
65.24547331381737
65.20054593351097
65.15561855320455
65.11069117289813
65.06576379259171
65.02083641228529
64.97590903197887
64.93098165167245
64.88605427136604
64.84112689105962
64.79619951075321
64.7512721304468
64.70634475014037
67.48424582139785
70.26214689265537
70.18844510006431
70.11474330747326
70.04104151488221
69.96733972229116
69.8936379297001
69.81993613710905
69.746234344518
69.67253255192695
69.5988307593359
69.52512896674486
69.45142717415379
69.37772538156275
69.3040235889717
69.23032179638065
69.1566200037896
69.08291821119855
69.0092164186075
68.93551462601644
68.86181283342539
68.78811104083434
68.71440924824329
68.64070745565223
68.56700566306118
68.49330387047013
68.41960207787908
68.34590028528802
68.27219849269697
68.19849670010592
68.12479490751488
68.05109311492382
67.97739132233278
67.90368952974171
67.82998773715067
67.75628594455962
67.68258415196857
67.60888235937752
67.53518056678647
67.46147877419541
67.38777698160436
67.31407518901331
67.24037339642226
67.1666716038312
67.09296981124015
67.0192680186491
66.94556622605805
66.871864433467
66.79816264087594
66.7244608482849
66.65075905569384
66.5770572631028
66.50335547051174
66.4296536779207
66.35595188532965
66.2822500927386
66.20854830014754
66.13484650755649
66.06114471496544
65.98744292237438
69.06132238471582
72.13520184705703
75.2090813093981
75.20908130939802
75.25247700112918
75.29587269286034
75.3392683845915
75.38266407632267
75.42605976805382
75.46945545978498
75.51285115151614
75.55624684324731
75.59964253497847
75.64303822670962
75.68643391844078
75.72982961017195
75.77322530190311
75.81662099363427
75.86001668536542
75.90341237709659
75.93174575622585
75.9600791353551
75.98841251448435
75.87819690647389
75.76798129846341
75.65776569045295
75.54755008244248
75.43733447443202
75.32711886642156
75.2169032584111
75.10668765040062
74.99647204239015
74.88625643437967
74.77604082636921
74.66582521835875
74.55560961034828
74.44539400233782
74.33517839432736
74.22496278631688
74.11474717830642
74.00453157029594
73.89431596228548
73.78410035427501
73.67388474626455
73.56366913825408
73.45345353024362
73.34323792223314
73.23302231422268
73.1228067062122
73.01259109820174
72.90237549019128
72.79215988218081
72.68194427417035
72.57172866615988
72.46151305814941
72.35129745013894
72.24108184212848
72.130866234118
72.02065062610754
71.91043501809708
71.80021941008661
71.69000380207615
71.57978819406569
71.46957258605521
71.35935697804474
71.24914137003427
71.1389257620238
71.02871015401334
70.91849454600288
70.80827893799241
70.69806332998195
70.58784772197147
70.47763211396101
70.36741650595053
70.25720089794007
70.1469852899296
70.03676968191914
69.92655407390868
69.81633846589821
69.70612285788773
69.59590724987727
69.4856916418668
69.37547603385633
69.26526042584587
69.1550448178354
69.04482920982494
68.93461360181448
68.824397993804
68.71418238579353
68.60396677778306
68.4937511697726
68.38353556176213
68.27331995375167
68.1631043457412
68.05288873773074
67.94267312972028
67.8324575217098
67.72224191369934
67.61202630568886
67.5018106976784
67.39159508966793
67.28137948165747
67.171163873647
67.06094826563654
66.95073265762606
66.8405170496156
66.73030144160512
66.62008583359466
66.5098702255842
66.39965461757373
66.28943900956327
66.1792234015528
66.06900779354233
65.95879218553186
65.84857657752138
65.73836096951092
65.62814536150046
65.51792975349
65.40771414547953
65.29749853746907
65.18728292945859
65.07706732144813
64.96685171343765
64.85663610542719
64.74642049741672
64.63620488940626
65.59220176310629
66.54819863680632
64.38363319791051
66.12501379848845
67.86639439906651
67.78822878070827
67.71006316235004
67.6318975439918
67.55373192563357
67.47556630727533
67.39740068891709
67.31923507055885
67.2410694522006
67.16290383384236
67.08473821548414
67.0065725971259
66.92840697876767
66.85024136040943
66.77207574205119
66.69391012369294
66.6157445053347
66.53757888697646
68.1175531007625
69.6975273145486
69.59464482576387
69.49176233697915
69.38887984819442
69.28599735940969
69.18311487062496
69.08023238184023
68.97734989305552
68.87446740427079
68.77158491548607
68.66870242670134
68.56581993791661
68.46293744913189
68.36005496034716
68.25717247156243
68.15428998277771
68.051407493993
67.94852500520827
67.84564251642354
67.74276002763881
67.63987753885408
67.53699505006935
67.43411256128464
67.3312300724999
67.22834758371519
67.12546509493046
67.02258260614573
66.919700117361
66.81681762857627
66.71393513979156
66.61105265100683
66.50817016222211
66.40528767343739
66.30240518465266
66.19952269586793
66.0966402070832
65.99375771829848
65.89087522951375
65.78799274072904
65.68511025194431
65.58222776315958
65.47934527437485
65.37646278559012
65.27358029680539
65.17069780802068
65.06781531923596
64.96493283045123
64.8620503416665
64.75916785288177
64.65628536409704
64.55340287531232
64.4505203865276
64.34763789774287
64.24475540895816
64.14187292017343
64.0389904313887
63.936107942603975
63.833225453819246
63.730342965034524
63.627460476249794
63.52457798746507
63.42169549868034
63.31881300989562
63.21593052111089
63.11304803232617
63.01016554354145
62.90728305475672
62.804400565971996
62.701518077187266
62.598635588402544
63.7679041816358
64.93717277486908
64.56268062023909
64.18818846560907
63.81369631097908
63.439204156349064
63.06471200171907
62.690219847089054
62.31572769245906
61.94123553782907
61.56674338319908
62.728511248866084
63.89027911453309
61.28292121909146
62.46228793037301
63.64165464165467
63.03526366713436
62.42887269261405
61.82248171809374
61.21609074357343
60.60969976905312
60.712752079148665
60.81580438924421
60.918856699339756
61.0219090094353
61.12496131953084
61.22801362962638
61.331065939721924
61.434118249817466
61.53717055991301
61.64022287000855
61.7432751801041
61.84632749019964
61.94937980029518
62.052432110390725
62.15548442048627
62.25853673058181
62.36158904067735
62.4646413507729
62.56769366086844
62.670745970963985
62.77379828105953
62.87685059115507
62.97990290125061
63.08295521134615
63.186007521441695
63.289059831537244
63.392112141632786
63.49516445172833
63.59821676182387
63.70126907191941
63.804321382014955
63.9073736921105
64.01042600220605
64.1134783123016
64.21653062239713
64.31958293249266
64.42263524258821
64.52568755268376
64.6287398627793
64.73179217287485
64.83484448297038
64.93789679306593
65.04094910316147
65.14400141325702
65.24705372335256
65.3501060334481
65.45315834354365
65.55621065363918
65.65926296373473
65.76231527383027
65.86536758392582
65.96841989402137
66.0714722041169
66.17452451421245
66.27757682430799
66.38062913440353
66.48368144449907
66.58673375459462
66.68978606469017
66.7928383747857
66.89589068488125
66.99894299497679
67.10199530507234
67.20504761516787
67.30809992526342
67.41115223535897
67.5142045454545
69.64319271348268
71.77218088151116
71.66510499051027
71.55802909950938
71.45095320850851
71.34387731750762
71.23680142650673
71.12972553550584
71.02264964450495
70.91557375350406
70.80849786250319
70.7014219715023
70.59434608050141
70.48727018950052
70.38019429849963
70.27311840749874
70.16604251649787
70.05896662549698
69.95189073449609
69.8448148434952
69.73773895249431
69.63066306149344
69.52358717049255
69.41651127949166
69.30943538849077
69.20235949748988
69.09528360648899
68.98820771548812
68.88113182448723
68.77405593348634
68.66698004248545
68.55990415148456
68.45282826048367
68.3457523694828
68.2386764784819
68.13160058748102
68.02452469648013
67.91744880547924
67.81037291447835
67.70329702347748
67.59622113247659
67.4891452414757
67.38206935047481
67.27499345947392
67.16791756847304
67.06084167747215
66.95376578647127
66.84668989547038
67.46518064753235
68.08367139959435
67.93119542629869
67.77871945300302
67.62624347970736
67.4737675064117
67.32129153311604
67.16881555982037
67.01633958652471
66.86386361322906
66.71138763993339
66.55891166663773
66.40643569334208
66.25395972004641
66.10148374675074
65.94900777345508
65.79653180015943
65.64405582686376
65.4915798535681
65.33910388027243
65.18662790697675
65.89121814510514
66.59580838323359
64.79953783939919
65.31509555811357
65.83065327682795
66.34621099554235
66.14342828585707
66.14574205917975
66.14805583250245
64.32712456344586
65.05347740903198
65.7798302546181
65.50446787691794
65.22910549921778
64.95374312151762
64.67838074381746
64.4030183661173
64.12765598841713
63.852293610717
63.576931233016836
63.301568855316646
64.1991951856046
65.09682151589243
64.67461156396621
64.25240161203999
63.83019166011377
63.40798170818755
62.98577175626133
62.56356180433511
63.46655272756436
64.36954365079373
63.35991802422734
62.35029239766084
62.945904502731025
63.54151660780116
64.13712871287132
63.889435020835066
63.641741328798844
63.39404763676259
63.14635394472634
62.89866025269012
62.65096656065387
62.40327286861765
62.1555791765814
61.907885484545176
61.660191792508925
61.4124981004727
61.16480440843645
60.9171107164002
62.08134079127103
63.24557086614186
61.909893653059044
60.57421643997634
61.60040245263724
62.626588465298255
60.19940652818991
60.82776064943346
61.45611477067706
62.084468891920665
62.712823013164325
62.4443632363309
62.175903459497476
61.90744368266405
61.946197076881845
61.98495047109964
62.02370386531743
62.06245725953522
62.101210653753014
62.01050853165495
61.9198064095569
61.82910428745883
61.73840216536077
61.64770004326272
61.55699792116465
61.466295799066586
61.375593676968535
61.28489155487047
61.194189432772404
61.10348731067435
61.01278518857629
60.92208306647822
60.83138094438017
60.740678822282106
60.64997670018404
60.55927457808599
60.468572455987925
60.37787033388986
60.28716821179181
60.19646608969374
60.10576396759568
60.01506184549763
59.92435972339956
59.833657601301496
59.742955479203445
59.65225335710538
59.56155123500733
59.470849112909264
59.3801469908112
59.28944486871315
59.19874274661508
59.30945338006104
59.42016401350702
59.0
59.264832535885176
59.529665071770324
59.37576260400216
59.221860136234
59.06795766846582
58.914055200697646
58.7601527329295
58.60625026516132
58.452347797393145
58.298445329625
58.14454286185682
57.99064039408867
57.99678970038791
58.002939006687136
58.009088312986364
58.0152376192856
58.02138692558483
58.027536231884056
57.96635812013386
57.90518000838367
57.84400189663347
57.85717303695417
57.87034417727486
57.756163718204874
57.6419832591349
57.52780280006492
57.41362234099495
57.29944188192498
57.18526142285499
57.07108096378502
56.95690050471505
56.842720045645066
56.728539586575096
56.614359127505125
56.50017866843514
56.38599820936517
56.2718177502952
56.157637291225214
56.04345683215524
55.92927637308526
55.81509591401529
55.70091545494532
55.58673499587533
55.47255453680536
55.35837407773539
55.244193618665406
55.130013159595435
55.015832700525465
54.90165224145548
54.78747178238551
54.67329132331555
54.73858270766262
54.80387409200969
54.643645414268406
54.48341673652712
54.32318805878583
54.1629593810444
56.149595319671334
58.136231258298494
60.12286719692543
62.10950313555236
61.77733411494603
61.4451650943397
62.22618993809647
63.00721478185312
63.78823962560989
64.56926446936666
65.35028931312343
66.13131415688008
66.91233900063685
67.6933638443936
67.56354275015603
67.43372165591846
67.30390056168089
67.17407946744332
67.04425837320575
66.91443727896817
66.7846161847306
66.65479509049302
66.52497399625545
66.39515290201788
66.26533180778031
66.13551071354274
66.00568961930517
65.8758685250676
65.74604743083003
65.61622633659246
65.48640524235489
65.35658414811732
65.22676305387975
65.09694195964218
64.96712086540461
64.83729977116704
64.70747867692947
64.5776575826919
64.44783648845433
64.31801539421676
64.18819429997919
64.05837320574162
63.92855211150405
63.798731017266476
63.668909923028906
63.539088828791336
63.40926773455375
63.27944664031618
63.14962554607861
63.01980445184104
62.88998335760347
62.7601622633659
62.63034116912833
62.50052007489076
62.37069898065319
62.24087788641562
62.11105679217805
61.98123569794048
61.85141460370291
61.721593509465336
61.591772415227766
61.461951320990195
61.332130226752625
61.202309132515055
61.072488038277484
60.942666944039914
60.81284584980234
60.68302475556477
60.55320366132719
61.6172090412897
62.68121442125238
62.15931215051245
61.63740987977252
61.11550760903265
60.59360533829272
60.07170306755279
59.54980079681275
60.23957284238429
60.929344887955835
61.61911693352749
58.89022298456257
59.89965694682678
60.90909090909099
59.595475420102275
58.28185993111356
59.039578155958225
59.79729638080289
60.5550146056475
60.206673969490396
59.858333333333334
59.86891088703066
59.879488440727954
59.701962410872966
59.52443638101795
59.34691035116296
59.169384321307945
58.99185829145293
58.81433226159794
58.63680623174294
58.70731889515511
58.7778315585673
58.25451344692203
57.73119533527688
58.83667546503011
59.94215559478357
61.0476357245368
62.153115854290036
63.258595984043495
64.36407611379673
65.46955624355007
65.13393753160148
64.79831881965282
64.46270010770417
64.12708139575557
63.79146268380691
63.45584397185826
63.1202252599096
62.78460654796095
63.55031405301031
64.31602155805977
64.21579890375337
64.11557624944696
64.01535359514057
63.91513094083416
64.21514779994004
64.51516465904592
64.8151815181518
63.915161882320945
63.015142246490086
62.11512261065923
61.21510297482837
62.585588870591664
63.95607476635519
63.082319534102
62.20856430184881
61.334809069595735
60.46105383734243
62.06649713737761
63.671940437412786
62.389574487372556
61.10720853733255
59.82484258729255
61.482759100217436
63.14067561314209
62.14265530423404
61.14463499532599
60.14661468641816
59.14859437751011
61.03220887228781
62.91582336706537
62.71809324560405
62.52036312414276
62.32263300268147
62.12490288122015
61.92717275975886
61.72944263829757
61.53171251683625
61.33398239537496
61.13625227391364
60.93852215245235
60.74079203099106
60.54306190952974
60.34533178806845
60.14760166660716
59.94987154514584
59.75214142368455
59.55441130222326
59.35668118076194
59.15895105930065
58.96122093783933
58.76349081637804
58.56576069491675
58.36803057345543
58.17030045199414
57.97257033053285
57.77484020907153
57.57711008761024
57.379379966148946
57.18164984468763
56.983919723226336
56.78618960176502
56.588459480303726
56.390729358842435
56.192999237381116
55.995269115919825
55.797538994458534
55.599808872997215
55.402078751535925
55.204348630074634
55.006618508613315
54.808888387152024
54.611158265690705
54.413428144229414
54.215698022768265
59.48826375792851
64.76082949308756
64.5343045818646
64.30777967064171
64.72112893500122
65.13447819936073
65.54782746372024
65.96117672807975
66.37452599243932
66.78787525679883
67.20122452115834
67.6145737855179
66.5365084553257
65.4584431251335
64.3803777949413
63.30231246474909
65.16615623237453
67.03000000000009
66.11864788732396
65.20729577464795
64.29594366197193
63.384591549295806
62.47323943661968
64.22162894340204
65.97001845018451
65.83129223512174
65.69256602005899
65.55383980499624
65.41511358993347
65.27638737487072
65.13766115980798
64.99893494474523
64.86020872968245
64.72148251461971
64.58275629955696
64.44403008449419
64.30530386943144
64.1665776543687
64.02785143930592
63.88912522424317
63.75039900918043
63.61167279411765
63.79325586886131
63.974838943604965
64.15642201834862
64.09026742409696
64.02411282984531
64.03782890451842
64.05154497919152
64.06526105386463
64.07897712853774
64.09269320321084
64.10640927788396
64.12012535255707
64.13384142723018
64.1475575019033
64.16127357657639
64.1749896512495
64.18870572592262
64.20242180059572
64.21613787526883
64.22985394994194
64.24357002461505
64.25728609928815
64.27100217396126
64.28471824863438
64.29843432330749
64.31215039798059
64.3258664726537
64.33958254732681
64.35329862199993
64.36701469667302
64.38073077134614
64.39444684601925
64.40816292069235
64.42187899536546
64.43559507003857
64.44931114471169
64.4630272193848
64.4767432940579
64.49045936873101
64.50417544340412
64.51789151807722
64.53160759275033
64.54532366742345
64.55903974209656
64.57275581676966
64.58647189144277
64.60018796611588
64.61390404078898
64.6276201154621
64.6413361901352
64.65505226480832
65.92258495593364
67.19011764705874
66.11284011542034
65.03556258378217
63.958285052143765
65.51033389567783
67.06238273921201
66.8430344174439
66.6236860956758
66.40433777390774
66.18498945213963
65.96564113037152
65.74629280860347
65.52694448683536
65.30759616506725
65.0882478432992
64.86889952153109
65.03966303090772
65.21042654028436
65.1086599150496
65.00689328981483
64.90512666458007
64.8033600393453
64.70159341411055
64.59982678887577
64.49806016364101
64.39629353840625
64.2945269131715
64.19276028793672
64.09099366270196
63.9892270374672
63.88746041223244
63.78569378699767
63.68392716176291
63.58216053652815
63.48039391129339
63.37862728605862
63.27686066082386
63.1750940355891
63.07332741035434
62.971560785119564
62.869794159884805
65.25985246260552
67.6499107653267
70.03996906804741
72.43002737076813
74.82008567348879
74.44733427184383
74.07458287019887
73.7018314685539
73.32908006690894
72.95632866526398
72.58357726361902
72.21082586197406
71.8380744603291
71.46532305868413
72.26863939932821
73.0719557399724
73.87527208061647
74.67858842126054
75.48190476190473
75.29361409946347
75.10532343702218
74.91703277458092
74.72874211213966
74.54045144969837
74.3521607872571
74.16387012481584
73.97557946237455
73.7872887999333
73.59899813749203
73.41070747505074
73.22241681260948
73.89254676634255
74.5626767200754
74.49079754601227
74.5068473711369
74.52289719626151
74.19924468452251
73.87559217278351
73.55193966104451
73.22828714930552
72.90463463756652
72.58098212582752
72.25732961408852
71.93367710234952
71.61002459061052
71.28637207887152
70.96271956713252
70.63906705539353
71.65136464724128
72.66366223908915
72.44435811946306
72.22505399983692
72.00574988021083
72.01215623472703
72.01856258924323
71.87086567051301
71.72316875178282
71.5754718330526
71.42777491432241
71.2800779955922
71.132381076862
70.98468415813178
70.8369872394016
70.68929032067138
70.54159340194118
70.39389648321097
70.24619956448078
70.09850264575056
69.95080572702037
69.80310880829016
69.80640109713048
69.8096933859708
69.81298567481113
69.81627796365144
69.81957025249176
69.82286254133209
69.51294557387303
69.20302860641397
68.89311163895488
69.08573235356045
69.27835306816601
69.47097378277161
69.31585977642919
69.16074577008678
69.00563176374436
68.85051775740195
68.69540375105956
68.54028974471714
68.38517573837473
68.23006173203231
68.0749477256899
67.91983371934748
67.76471971300506
67.60960570666265
67.45449170032023
67.29937769397782
67.1442636876354
66.98914968129299
66.83403567495057
66.67892166860815
66.52380766226574
66.36869365592332
66.21357964958091
66.05846564323849
65.90335163689608
65.74823763055366
65.59312362421124
65.43800961786883
65.28289561152641
65.127781605184
64.97266759884158
64.81755359249917
64.66243958615675
64.50732557981434
64.35221157347192
64.1970975671295
64.04198356078709
63.88686955444467
63.73175554810226
63.57664154175984
63.421527535417425
63.26641352907501
63.11129952273262
62.95618551639021
62.80107151004779
62.645957503705375
62.49084349736296
62.335729491020544
62.18061548467813
62.02550147833571
61.8703874719933
61.71527346565088
61.560159459308466
61.40504545296605
61.249931446623634
61.09481744028122
60.9397034339388
60.78458942759639
60.62947542125397
60.474361414911556
60.31924740856914
60.164133402226724
60.00901939588431
59.85390538954189
59.69879138319948
59.54367737685706
59.388563370514646
59.23344936417223
59.078335357829815
58.9232213514874
58.76810734514498
58.61299333880257
58.45787933246015
58.302765326117736
58.14765131977532
57.99253731343288
59.8763287013212
61.76012008920907
63.64391147709739
65.52770286498526
67.41149425287358
67.2651034860111
67.11871271914862
66.97232195228611
66.82593118542363
66.67954041856112
66.53314965169864
66.38675888483613
66.24036811797365
66.09397735111116
65.94758658424865
65.80119581738617
65.65480505052366
65.50841428366118
65.36202351679867
65.21563274993619
65.06924198307371
64.9228512162112
64.77646044934872
64.63006968248621
64.48367891562373
64.33728814876122
64.19089738189874
64.04450661503625
63.898115848173745
63.751725081311264
63.605334314448754
63.45894354758627
63.31255278072376
63.16616201386128
63.0197712469988
62.87338048013629
62.72698971327381
62.5805989464113
62.43420817954882
62.28781741268631
62.14142664582383
61.995035878961346
61.848645112098836
61.702254345236355
61.555863578373845
61.409472811511364
61.263082044648854
61.11669127778637
60.97030051092389
60.82390974406138
60.6775189771989
60.53112821033639
60.38473744347391
60.2383466766114
60.09195590974892
59.94556514288644
59.79917437602393
59.652783609161446
59.506392842298936
59.360002075436455
59.213611308573945
59.067220541711464
58.92082977484898
58.77443900798647
58.62804824112399
58.48165747426148
58.335266707399
58.18887594053649
58.04248517367401
57.89609440681153
57.74970363994902
57.60331287308654
57.45692210622403
57.310531339361546
57.164140572499036
57.017749805636555
56.871359038774074
56.724968271911564
56.57857750504908
56.43218673818657
56.28579597132409
56.13940520446204
58.71124286961731
61.283080534773035
63.85491819992876
66.42675586508403
68.99859353023913
68.67861919502616
68.35864485981307
68.51127569701734
68.66390653422158
68.81653737142585
68.96916820863012
69.1217990458344
69.27442988303866
69.42706072024293
69.57969155744718
69.73232239465145
69.88495323185572
70.03758406905999
70.19021490626432
69.9596469960826
69.72907908590093
69.49851117571922
69.26794326553755
69.03737535535583
68.80680744517417
68.57623953499245
68.34567162481073
68.11510371462907
67.88453580444735
67.65396789426569
67.42339998408397
67.19283207390231
66.96226416372059
66.73169625353887
66.50112834335721
66.27056043317549
66.03999252299383
65.80942461281211
65.57885670263045
65.34828879244873
65.11772088226707
64.88715297208535
64.65658506190363
64.42601715172196
64.19544924154025
65.48768238707703
66.77991553261381
65.18686918821822
63.593822843822636
66.48564814814814