76.12914572864321
77.90040241448692
77.46633531494807
77.03226821540923
76.59820111587038
76.16413401633153
75.7300669167927
75.29599981725384
74.86193271771499
74.42786561817616
73.9937985186373
73.55973141909847
73.12566431955962
72.69159722002077
72.25753012048193
72.46841865592044
72.67930719135896
72.89019572679747
73.10108426223599
73.31197279767449
73.522861333113
73.73374986855151
73.94463840399004
73.46850249624202
72.99236658849401
72.516230680746
72.040094772998
71.56395886524999
71.08782295750197
70.61168704975397
70.13555114200597
72.00570376450023
73.87585638699451
75.74600900948879
77.61616163198306
79.48631425447734
81.35646687697161
81.46128463394973
81.56610239092785
81.67092014790597
81.77573790488408
81.8805556618622
81.98537341884033
82.09019117581845
82.19500893279657
82.29982668977469
82.21636821152974
82.13290973328479
82.04945125503984
81.96599277679489
81.88253429854994
81.79907582030499
81.71561734206004
81.63215886381509
81.54870038557014
81.4652419073252
81.38178342908024
81.2983249508353
81.21486647259034
81.1314079943454
81.04794951610045
80.9644910378555
80.88103255961055
80.7975740813656
80.71411560312065
80.6306571248757
80.54719864663075
80.4637401683858
80.38028169014083
79.81387347185422
79.24746525356761
78.68105703528099
78.11464881699438
77.54824059870776
76.98183238042114
76.41542416213451
75.8490159438479
75.28260772556129
74.71619950727467
74.14979128898804
73.58338307070143
73.01697485241482
72.4505666341282
71.88415841584157
74.74428409873951
77.60440978163749
80.46453546453546
79.93424128688213
79.4039471092288
78.87365293157546
78.34335875392213
77.8130645762688
77.28277039861547
76.75247622096214
76.2221820433088
75.69188786565547
75.16159368800214
74.63129951034881
74.10100533269548
73.57071115504215
73.04041697738882
72.51012279973548
71.97982862208215
71.44953444442882
70.91924026677549
70.38894608912216
69.85865191146883
73.30882595573439
76.75899999999999
76.26800334840112
75.77700669680226
75.2860100452034
74.79501339360453
74.30401674200567
73.81302009040681
73.32202343880795
72.8310267872091
72.34003013561019
74.76302760920382
77.18602508279739
79.60902255639098
79.0934761060532
78.57792965571545
78.06238320537769
77.54683675503992
77.03129030470217
76.5157438543644
76.00019740402664
75.48465095368887
74.9691045033511
74.45355805301335
73.93801160267559
73.42246515233782
72.90691870200006
72.3913722516623
71.87582580132454
71.36027935098677
70.84473290064909
73.21400831951479
75.58328373838043
77.95255915724613
80.32183457611177
82.69110999497742
82.11290940812606
81.5347088212747
80.95650823442335
80.37830764757199
79.80010706072063
79.22190647386928
78.64370588701792
78.06550530016656
77.48730471331521
76.90910412646384
76.33090353961249
75.75270295276114
75.17450236590977
74.59630177905842
74.01810119220707
73.4399006053557
72.86170001850435
72.283499431653
71.70529884480163
71.12709825795028
70.54889767109893
69.97069708424756
69.39249649739621
68.81429591054486
68.23609532369349
67.65789473684211
67.93998413118223
68.22207352552235
68.50416291986247
68.78625231420259
69.0683417085427
68.51590093933886
67.96346017013504
67.41101940093121
66.85857863172737
66.30613786252354
65.75369709331972
67.96034444369025
70.16699179406078
72.37363914443131
74.58028649480184
76.78693384517237
78.9935811955429
81.20022854591343
83.40687589628396
85.6135232466545
87.82017059702503
90.02681794739557
89.42474024479023
88.8226625421849
88.22058483957957
87.61850713697423
87.0164294343689
86.41435173176357
85.81227402915823
85.2101963265529
84.60811862394756
84.00604092134223
83.4039632187369
82.80188551613156
82.19980781352623
81.5977301109209
80.99565240831556
80.39357470571024
79.7914970031049
79.18941930049957
78.58734159789424
77.9852638952889
77.38318619268357
76.78110849007822
76.1790307874729
75.57695308486757
74.97487538226224
74.37279767965688
73.77071997705156
73.16864227444623
72.5665645718409
71.96448686923557
71.36240916663024
70.76033146402489
70.15825376141956
69.55617605881423
68.9540983562089
68.35202065360357
67.74994295099822
67.14786524839289
66.54578754578756
69.90724928224927
73.26871101871102
72.73843688410616
72.20816274950133
71.67788861489649
71.14761448029164
70.6173403456868
70.08706621108196
69.55679207647711
69.02651794187227
68.49624380726743
67.9659696726626
67.43569553805776
69.56130907558077
71.68692261310366
73.81253615062667
75.93814968814971
75.358382110815
74.77861453348032
74.19884695614564
73.61907937881094
73.03931180147626
72.45954422414155
71.87977664680687
71.30000906947217
70.72024149213749
70.14047391480281
69.5607063374681
68.98093876013343
68.40117118279872
67.82140360546404
67.24163602812934
66.66186845079466
66.08210087345998
65.50233329612527
64.9225657187906
64.34279814145589
67.49754091983004
70.6522836982042
73.80702647657841
73.27358057488252
72.74013467318665
72.20668877149075
71.67324286979485
71.13979696809895
70.60635106640308
70.07290516470718
69.53945926301128
69.00601336131541
68.47256745961951
67.93912155792361
67.40567565622771
66.87222975453184
66.33878385283595
68.96242114366783
71.5860584344997
74.20969572533158
76.83333301616346
79.45697030699546
78.86173733958725
78.26650437217904
77.67127140477086
77.07603843736266
76.48080546995445
75.88557250254624
75.29033953513803
74.69510656772985
74.09987360032164
73.50464063291344
72.90940766550523
74.63200594833211
76.35460423115899
78.07720251398587
79.79980079681275
79.18811373199134
78.57642666716993
77.96473960234849
77.35305253752708
76.74136547270567
76.12967840788423
75.51799134306282
74.90630427824138
74.29461721341997
73.68293014859856
73.07124308377712
72.45955601895571
71.84786895413427
71.23618188931286
70.62449482449145
70.01280775967001
69.4011206948486
68.78943363002716
68.17774656520575
67.56605950038434
66.9543724355629
66.34268537074149
68.04320639295452
69.74372741516754
71.44424843738045
73.14476945959348
72.59618917710614
72.0476088946188
71.49902861213147
70.95044832964413
70.40186804715682
69.85328776466949
69.30470748218215
68.75612719969482
68.20754691720748
67.65896663472014
67.1103863522327
70.01282231194091
72.91525827164912
75.81769423135734
78.72013019106555
81.62256615077382
81.06383742172807
80.50510869268234
79.94637996363662
79.38765123459086
78.82892250554514
78.27019377649941
77.71146504745369
77.15273631840796
78.29288113006396
79.43302594171996
80.57317075337596
81.71331556503196
82.85346037668796
83.99360518834396
85.13374999999996
84.53182963760767
83.92990927521538
83.32798891282309
82.7260685504308
82.1241481880385
81.52222782564621
80.92030746325392
80.31838710086163
79.71646673846931
79.11454637607699
81.18391180532524
83.2532772345736
85.32264266382185
87.3920080930703
86.71914636412066
86.04628463517105
85.37342290622144
84.7005611772718
84.02769944832218
83.35483771937254
82.68197599042293
82.00911426147331
81.3362525325237
80.66339080357403
79.99052907462442
79.3176673456748
78.6448056167252
77.97194388777575
81.04412492841016
84.11630596904456
87.18848700967908
86.57259381255011
85.95670061542114
85.34080741829217
84.7249142211632
84.10902102403426
83.4931278269053
82.87723462977632
82.26134143264736
81.64544823551839
81.02955503838942
80.41366184126045
79.79776864413148
79.18187544700251
78.56598224987357
77.9500890527446
77.33419585561563
76.71830265848678
79.06685053265517
81.41539840682356
83.76394628099177
83.12231802826608
82.48068977554033
81.83906152281463
81.19743327008894
80.55580501736324
79.91417676463755
79.27254851191185
78.63092025918615
77.98929200646046
77.34766375373476
76.70603550100901
76.06440724828332
75.42277899555762
74.78115074283193
74.13952249010623
73.49789423738054
72.8562659846549
74.31110859440048
75.76595120414618
77.22079381389187
78.67563642363757
80.13047903338315
81.58532164312885
83.04016425287455
84.49500686262024
85.94984947236583
87.40469208211147
86.74732572692847
86.08995937174546
85.43259301656246
84.77522666137946
84.11786030619646
83.4604939510134
82.8031275958304
82.1457612406474
81.4883948854644
80.8310285302814
80.1736621750984
79.5162958199154
78.85892946473246
81.40688745387934
83.95484544302599
86.50280343217287
89.05076142131975
88.39445924960904
87.73815707789834
87.08185490618757
86.42555273447687
85.76925056276616
85.11294839105545
84.45664621934475
83.80034404763398
83.14404187592328
82.48773970421257
81.83143753250187
81.1751353607911
80.5188331890804
79.86253101736975
81.58188834993825
83.30124568250687
85.02060301507538
84.32738455216736
83.63416608925934
82.94094762635132
82.2477291634433
81.55451070053527
80.86129223762725
80.16807377471923
79.47485531181115
78.78163684890313
78.08841838599511
77.39519992308709
76.70198146017907
76.00876299727105
75.31554453436303
74.622326071455
73.92910760854699
73.23588914563891
72.54267068273089
74.66210841389284
76.78154614505456
78.90098387621651
81.02042160737813
80.28567756669281
79.55093352600744
78.81618948532213
78.08144544463676
77.34670140395144
76.61195736326613
75.87721332258076
75.14246928189544
74.40772524121007
73.67298120052476
72.93823715983939
72.20349311915407
71.46874907846876
70.73400503778339
71.83096911043344
72.92793318308361
74.02489725573378
75.12186132838394
76.21882540103411
77.31578947368422
76.67671974808815
76.03765002249213
75.39858029689611
74.75951057130004
74.12044084570402
73.48137112010795
72.84230139451194
72.20323166891592
71.56416194331985
70.92509221772383
70.28602249212776
69.64695276653174
69.00788304093572
68.36881331533965
67.72974358974375
68.9561819927344
70.18262039572505
71.4090587987157
72.63549720170636
73.86193560469701
75.08837400768766
76.31481241067831
77.54125081366897
78.76768921665962
79.99412761965038
81.22056602264104
82.44700442563169
83.67344282862234
84.899881231613
86.12631963460365
87.3527580375943
88.57919644058495
89.8056348435756
91.03207324656626
92.25851164955691
93.48495005254767
94.71138845553827
94.0968738094216
93.48235916330498
92.86784451718836
92.25332987107168
91.63881522495507
91.02430057883839
90.40978593272172
90.6730211074269
90.93625628213206
91.19949145683722
91.46272663154241
91.72596180624757
91.98919698095276
92.25243215565791
91.48903536513637
90.72563857461483
89.9622417840933
89.19884499357181
88.43544820305027
87.67205141252873
86.90865462200719
86.14525783148571
85.38186104096417
84.61846425044263
83.85506745992109
83.09167066939955
82.32827387887806
81.56487708835652
80.80148029783498
80.03808350731344
79.27468671679185
82.31018971376648
85.3456927107411
88.38119570771585
87.73899030256598
87.09678489741611
86.45457949226619
85.81237408711632
85.17016868196646
84.52796327681654
83.88575787166667
83.2435524665168
82.60134706136688
81.95914165621701
81.31693625106715
80.67473084591722
80.03252544076736
79.39032003561749
78.74811463046763
80.36526418038363
81.98241373029964
83.59956328021576
85.21671283013188
86.83386238004789
88.4510119299639
90.06816147988002
91.6853110297962
90.94325958441516
90.20120813903412
89.45915669365309
88.7171052482721
87.97505380289107
87.23300235751003
86.49095091212905
85.74889946674801
85.00684802136698
84.264796575986
83.52274513060496
82.78069368522392
82.03864223984294
81.2965907944619
80.55453934908087
79.81248790369983
79.07043645831885
78.32838501293782
77.58633356755678
76.8442821221758
76.10223067679476
75.36017923141372
74.61812778603235
77.03677409063835
79.45542039524435
81.87406669985074
81.23142830944965
80.58878991904857
79.94615152864748
79.30351313824639
78.6608747478453
78.01823635744421
77.37559796704312
76.73295957664203
76.09032118624094
75.44768279583985
74.80504440543876
74.16240601503773
76.60614794562184
79.04988987620595
81.49363180678984
83.93737373737366
83.27313114063867
82.60888854390362
81.94464594716862
81.28040335043357
80.61616075369852
79.95191815696353
79.28767556022848
78.62343296349349
77.95919036675843
77.29494777002338
76.63070517328839
75.96646257655334
75.30221997981835
76.95135965184181
78.60049932386528
80.24963899588897
81.89877866791244
83.5479183399359
85.19705801195937
86.84619768398306
88.49533735600664
87.86098609311426
87.22663483022188
86.5922835673295
85.95793230443718
85.32358104154474
85.73141161663557
86.13924219172634
86.54707276681717
86.95490334190794
87.36273391699876
87.77056449208959
88.17839506718036
88.58622564227119
88.99405621736196
89.40188679245273
88.59098407029364
87.78008134813444
86.96917862597536
86.15827590381627
85.34737318165719
84.5364704594981
83.72556773733902
82.91466501517993
82.10376229302085
81.29285957086176
80.48195684870268
79.67105412654348
78.8601514043844
78.04924868222531
77.23834596006623
76.42744323790726
79.43680083001686
82.44615842212602
85.45551601423483
84.70957543067198
83.96363484710912
83.21769426354626
82.47175367998341
81.72581309642055
80.9798725128577
80.23393192929484
79.48799134573187
78.74205076216901
77.99611017860616
77.2501695950433
76.50422901148045
75.75828842791759
75.01234784435474
74.26640726079188
73.52046667722902
72.77452609366617
72.02858551010331
73.8414305511526
75.65427559220188
77.46712063325117
79.27996567430046
81.09281071534974
82.90565575639903
84.7185007974482
83.90791008149847
83.09731936554886
82.28672864959924
81.47613793364951
80.6655472176999
79.85495650175017
79.04436578580055
78.23377506985082
77.4231843539012
76.61259363795148
75.80200292200186
74.99141220605225
74.18082149010252
73.3702307741529
72.55964005820317
71.74904934225356
70.93845862630383
70.12786791035421
69.31727719440448
68.50668647845487
70.4460213196387
72.38535616082277
74.3246910020066
76.26402584319044
78.20336068437427
80.14269552555811
82.08203036674217
84.02136520792601
85.96070004910985
87.90003489029368
89.83936973147752
91.77870457266158
93.71803941384542
92.93165080951496
92.14526220518462
91.35887360085428
90.57248499652383
89.78609639219349
88.99970778786314
88.21331918353269
87.42693057920235
86.64054197487201
85.85415337054155
85.06776476621121
84.28137616188087
83.49498755755042
82.70859895322008
81.92221034888973
81.13582174455928
80.34943314022894
79.56304453589848
78.77665593156814
77.9902673272378
77.20387872290735
76.417490118577
78.77227066474893
81.12705121092108
83.481831757093
82.78933088615543
82.09683001521785
81.40432914428027
80.71182827334269
80.01932740240511
79.32682653146753
78.63432566052995
77.94182478959237
77.24932391865468
76.5568230477171
75.86432217677952
75.17182130584206
78.29303389542383
81.41424648500515
84.53545907458647
87.65667166416802
86.84826413121198
86.03985659825582
85.23144906529978
84.42304153234375
83.6146339993877
82.80622646643167
81.99781893347563
81.18941140051959
80.38100386756355
79.57259633460751
78.76418880165147
77.95578126869543
77.1473737357394
76.33896620278324
78.4595102232297
80.58005424367616
82.70059826412262
84.82114228456908
84.04872085100521
83.27629941744146
82.50387798387771
81.73145655031385
80.9590351167501
80.18661368318635
79.4141922496226
81.51789274870293
83.62159324778304
85.72529374686337
87.82899424594348
89.93269474502358
92.03639524410391
94.14009574318402
96.24379624226435
98.34749674134446
100.45119724042479
102.55489773950478
101.7290136715477
100.90312960359051
100.07724553563332
99.25136146767613
98.42547739971894
97.59959333176175
96.77370926380468
95.94782519584749
95.1219411278903
94.2960570599331
93.47017299197591
92.64428892401872
91.81840485606165
90.99252078810446
90.16663672014727
89.34075265219008
88.51486858423289
87.6889845162757
86.86310044831862
86.03721638036143
85.21133231240424
87.50996681316269
89.80860131392137
92.10723581467994
91.3129137022064
90.51859158973286
89.72426947725933
88.92994736478579
88.13562525231225
87.34130313983871
86.54698102736518
85.75265891489164
84.9583368024181
84.16401468994457
83.36969257747103
82.57537046499738
84.08291254393703
85.59045462287668
87.09799670181633
88.60553878075598
90.11308085969563
91.62062293863528
93.12816501757493
94.63570709651458
96.14324917545423
97.65079125439365
99.1583333333333
98.2497022636718
97.34107119401028
96.43244012434866
95.52380905468715
94.61517798502564
93.70654691536402
92.7979158457025
91.889284776041
90.98065370637948
90.07202263671786
89.16339156705635
88.25476049739484
87.34612942773322
86.43749835807171
85.5288672884102
84.62023621874869
83.71160514908706
82.80297407942555
81.89434300976404
80.98571194010242
80.07708087044091
79.1684498007794
78.25981873111778
80.4833940585113
82.70696938590481
84.93054471329833
87.15412004069174
86.29046755902345
85.42681507735517
84.56316259568689
83.69951011401861
82.83585763235021
81.97220515068193
81.10855266901365
80.24490018734537
79.38124770567708
78.5175952240088
77.65394274234063
79.55277707316486
81.45161140398909
83.35044573481332
85.24928006563732
87.14811439646155
89.04694872728578
90.94578305811001
92.84461738893401
94.74345171975824
96.64228605058247
98.54112038140659
97.66152063044967
96.78192087949287
95.90232112853596
95.02272137757905
94.14312162662225
93.26352187566533
92.38392212470853
91.50432237375162
90.6247226227947
89.7451228718379
88.865523120881
87.9859233699242
87.10632361896728
86.22672386801048
85.34712411705323
87.75799358146469
90.16886304587615
92.57973251028807
91.69227535132757
90.80481819236718
89.91736103340668
89.02990387444618
88.14244671548579
87.25498955652529
86.36753239756479
85.4800752386044
84.5926180796439
83.7051609206834
82.81770376172301
81.93024660276251
81.04278944380201
80.15533228484162
79.26787512588135
81.67807580304088
84.08827648020088
86.49847715736053
85.64930626319426
84.800135369028
83.95096447486185
83.10179358069558
82.25262268652932
81.40345179236306
80.5542808981968
79.70511000403053
78.85593910986438
78.00676821569812
77.15759732153185
76.30842642736559
75.45925553319876
78.80218797959742
82.14512042599563
85.48805287239452
84.70572752767384
83.92340218295317
83.1410768382325
82.3587514935117
81.57642614879103
80.79410080407035
80.01177545934968
79.229450114629
78.44712476990833
77.66479942518754
76.88247408046686
76.10014873574607
76.72334503805655
77.34654134036703
77.9697376426775
78.59293394498798
79.21613024729845
79.83932654960893
80.4625228519194
82.56549443468566
84.66846601745192
86.77143760021818
88.87440918298444
87.9710112959151
87.06761340884577
86.16421552177644
85.26081763470711
84.35741974763778
83.45402186056845
82.55062397349911
81.64722608642978
80.74382819936045
79.84043031229112
78.93703242522179
78.03363453815246
80.63139374992397
83.22915296169504
85.8269121734661
88.42467138523762
87.5510551024596
86.67743881968158
85.80382253690357
84.93020625412544
84.05658997134742
83.1829736885694
82.30935740579139
81.43574112301337
80.56212484023524
79.68850855745723
80.4589170689934
81.22932558052946
81.99973409206552
82.7701426036017
83.54055111513787
84.31095962667393
85.08136813821
85.85177664974617
89.411737381477
92.9716981132076
92.07648370781612
91.18126930242454
90.28605489703295
89.39084049164148
88.49562608625001
87.60041168085843
86.70519727546684
85.80998287007537
84.9147684646839
84.01955405929232
83.12433965390073
82.22912524850926
85.6462554000459
89.063385551583
92.48051570312009
95.89764585465707
94.99969686773568
94.10174788081429
93.2037988938929
92.3058499069715
91.40790092005011
90.50995193312872
89.61200294620733
88.71405395928593
87.81610497236454
86.91815598544304
86.02020699852164
88.4723971595231
90.92458732052455
93.37677748152555
95.828967642527
94.91294760709252
93.99692757165792
93.08090753622344
92.16488750078895
91.24886746535435
90.33284742991987
89.41682739448527
88.50080735905078
87.5847873236163
86.6687672881817
85.75274725274721
88.01798840523543
90.2832295577241
92.54847071021254
91.61841750756776
90.68836430492308
89.7583111022783
88.82825789963351
87.89820469698884
86.96815149434406
86.03809829169927
85.10804508905449
84.17799188640925
86.08162284771629
87.98525380902379
89.88888477033083
91.79251573163788
93.69614669294492
95.59977765425242
94.64394272153345
93.68810778881425
92.73227285609528
91.77643792337608
90.82060299065711
89.86476805793814
88.90893312521894
87.95309819249997
86.99726325978077
86.0414283270618
85.08559339434282
84.12975846162362
83.17392352890465
82.21808859618545
81.26225366346648
82.45118514712271
83.64011663077872
84.82904811443495
86.01797959809096
87.2069110817472
88.39584256540343
89.58477404905943
90.77370553271567
91.96263701637167
93.1515685000279
94.34049998368391
95.52943146734015
96.71836295099627
95.83428295456702
94.95020295813765
94.0661229617084
93.18204296527915
92.2979629688499
91.41388297242065
90.5298029759914
89.64572297956204
88.76164298313279
87.87756298670354
86.99348299027429
86.10940299384504
85.22532299741579
88.46359809997239
91.70187320252853
94.94014830508468
94.05760825845948
93.17506821183429
92.29252816520909
91.4099881185839
90.5274480719587
89.6449080253335
88.76236797870831
87.87982793208312
86.99728788545781
86.11474783883273
85.23220779220765
85.93817628029785
86.64414476838795
87.35011325647815
88.05608174456836
88.76205023265857
89.46801872074889
88.55298739143018
87.63795606211124
86.72292473279253
85.8078934034736
84.89286207415489
83.97783074483596
83.06279941551702
82.14776808619808
85.50358922254327
88.85941035888845
92.2152314952341
95.57105263157905
94.6540066401999
93.73696064882074
92.81991465744159
91.90286866606243
90.98582267468328
90.0687766833039
89.15173069192474
88.23468470054559
87.31763870916643
86.40059271778728
85.48354672640812
84.56650073502874
83.64945474364958
82.73240875227043
81.81536276089128
80.89831676951212
79.98127077813297
79.06422478675358
81.21053364776617
83.35684250877875
85.50315136979134
87.64946023080392
89.79576909181651
91.9420779528291
94.08838681384168
96.23469567485427
98.38100453586685
100.52731339687944
102.6736222578918
101.78686070358663
100.90009914928169
100.01333759497675
99.12657604067158
98.23981448636641
97.35305293206147
96.46629137775653
95.57952982345137
94.6927682691462
93.80600671484126
92.91924516053632
92.03248360623115
91.14572205192599
90.25896049762105
89.3721989433161
88.48543738901094
87.59867583470577
86.71191428040083
85.8251527260959
84.93839117179073
84.05162961748556
83.16486806318062
82.27810650887568
83.79825965889313
85.31841280891058
86.83856595892803
88.35871910894525
89.8788722589627
91.39902540898015
92.9191785589976
94.43933170901505
95.95948485903227
97.47963800904995
96.51835763891359
95.55707726877745
94.59579689864131
93.63451652850495
92.67323615836881
91.71195578823267
90.75067541809631
89.78939504796017
88.82811467782403
87.8668343076879
86.90555393755153
85.9442735674154
84.98299319727903
87.858670485738
90.73434777419743
93.61002506265686
92.74950044593606
91.88897582921527
91.02845121249447
90.1679265957739
89.30740197905311
88.44687736233232
87.58635274561175
86.72582812889095
85.86530351217016
85.00477889544936
84.14425427872857
87.20087735201241
90.25750042529626
93.3141234985801
96.37074657186395
95.48167834337164
94.59261011487911
93.7035418863868
92.8144736578945
91.92540542940196
91.03633720090966
90.14726897241735
89.25820074392482
88.36913251543251
87.4800642869402
86.59099605844767
85.70192782995491
87.67242097265807
89.64291411536124
91.61340725806463
90.75322037477872
89.89303349149282
89.03284660820714
88.17265972492123
87.31247284163533
86.45228595834942
85.59209907506374
84.73191219177784
83.87172530849193
83.01153842520625
82.15135154192035
81.29116465863444
84.68782227192696
88.08447988521948
91.481137498512
94.87779511180452
93.94338007207693
93.00896503234958
92.074549992622
91.14013495289441
90.20571991316683
89.27130487343925
88.3368898337119
87.40247479398431
86.46805975425673
85.53364471452915
84.59922967480156
83.66481463507421
82.73039959534663
85.4043101131765
88.07822063100684
90.75213114883672
93.4260416666666
92.4824716727519
91.53890167883719
90.59533168492226
89.65176169100755
88.70819169709284
87.76462170317814
86.82105170926343
85.87748171534872
84.93391172143401
83.99034172751931
83.0467717336046
85.0588026970704
87.07083366053621
89.08286462400201
91.09489558746782
93.10692655093362
95.11895751439943
97.13098847786523
96.24554762353205
95.36010676919909
94.47466591486614
93.58922506053318
92.70378420620023
91.81834335186727
90.93290249753431
90.04746164320136
89.1620207888684
88.27657993453522
87.39113908020227
86.50569822586931
85.62025737153635
84.7348165172034
83.84937566287044
82.96393480853749
82.07849395420453
81.19305309987158
80.3076122455384
79.42217139120544
78.53673053687248
77.65128968253975
80.72829120980623
83.8052927370727
86.88229426433912
86.84855451099969
86.81481475766026
86.78107500432084
86.74733525098142
86.71359549764199
86.67985574430256
86.64611599096312
86.61237623762327
89.22925117060413
91.84612610358454
94.4630010365654
97.07987596954626
99.69675090252713
98.77991415611291
97.86307740969869
96.94624066328447
96.02940391687025
95.11256717045626
94.19573042404204
93.27889367762782
92.3620569312136
91.44522018479938
90.52838343838516
89.61154669197094
88.69470994555672
87.7778731991425
86.86103645272829
85.94419970631407
88.90966726944771
91.87513483258044
94.84060239571409
97.80606995884773
96.97902360974808
96.15197726064866
95.32493091154925
94.4978845624496
93.67083821335018
92.84379186425076
92.01674551515111
91.1896991660517
90.36265281695228
89.53560646785263
88.70856011875321
90.91436582549886
93.12017153224497
95.32597723899062
97.53178294573644
97.53178294573627
99.22428174235392
98.36313446953682
97.50198719671948
96.64083992390215
95.77969265108482
94.91854537826771
94.05739810545037
93.19625083263304
92.33510355981593
91.4739562869986
90.61280901418127
89.75166174136416
88.89051446854683
88.02936719572949
87.16821992291216
86.30707265009505
85.44592537727772
84.58477810446038
83.72363083164305
84.78225987934707
85.84088892705108
86.89951797475533
87.95814702245934
89.01677607016336
90.07540511786738
91.13403416557162
90.15210744565911
89.1701807257466
88.1882540058341
87.20632728592182
86.22440056600931
85.2424738460968
84.26054712618452
83.27862040627201
82.2966936863595
81.314766966447
80.33284024653472
79.35091352662221
78.3689868067097
77.38706008679719
76.405133366884
80.3783363339362
84.3515393009884
88.32474226804129
87.51441588118541
86.70408949432954
85.89376310747366
85.08343672061778
84.2731103337619
83.46278394690603
82.65245756005015
81.84213117319428
81.0318047863384
80.22147839948252
79.41115201262664
78.60082562577077
77.79049923891489
76.98017285205879
80.85480909253874
84.7294453330187
88.60408157349866
92.47871781397794
91.59555076495849
90.71238371593881
89.82921666691914
88.94604961789969
88.06288256888001
87.17971551986034
86.29654847084089
85.41338142182121
84.53021437280177
83.64704732378209
82.76388027476241
81.88071322574297
80.99754617672329
80.11437912770361
79.23121207868417
78.34804502966449
77.46487798064481
76.58171093162537
75.69854388260569
74.81537683358601
78.1934914458543
81.5716060581226
84.949720670391
84.28297934679415
83.61623802319717