106.93478260869566
107.23405563659594
107.53332866449622
107.83260169239652
108.1318747202968
108.43114774819709
108.73042077609738
109.02969380399766
109.32896683189794
109.62823985979824
109.92751288769853
110.22678591559881
110.5260589434991
110.82533197139938
109.09825662047093
107.37118126954249
105.64410591861404
103.91703056768559
104.21292716637954
104.50882376507352
104.80472036376747
105.10061696246143
105.3965135611554
105.69241015984936
105.98830675854332
106.28420335723729
106.58009995593125
106.8759965546252
107.17189315331917
107.46778975201313
107.7636863507071
108.05958294940106
108.35547954809502
108.65137614678899
108.65071403393446
108.65005192107995
109.12014763646214
109.59024335184432
110.06033906722651
110.5304347826087
110.43019502783919
110.32995527306969
110.22971551830017
110.12947576353066
110.02923600876116
109.92899625399166
109.82875649922214
109.72851674445263
109.62827698968313
109.52803723491363
109.42779748014411
109.3275577253746
109.2273179706051
109.12707821583558
109.02683846106608
108.92659870629657
108.82635895152707
108.72611919675755
108.62587944198805
108.52563968721854
108.42539993244904
108.32516017767952
108.22492042291002
108.12468066814051
108.024440913371
107.92420115860149
107.82396140383199
107.72372164906248
107.62348189429296
107.52324213952346
107.42300238475396
107.32276262998445
107.22252287521493
107.12228312044543
107.02204336567593
106.92180361090641
106.8215638561369
106.7213241013674
106.6210843465979
106.52084459182838
106.42060483705887
106.32036508228937
106.22012532751987
106.11988557275035
106.01964581798084
105.91940606321134
105.81916630844182
105.71892655367232
106.0287718609728
106.33861716827329
106.64846247557377
106.95830778287424
107.26815309017474
107.57799839747521
107.88784370477569
107.52757234809536
107.16730099141502
106.80702963473468
107.1680424739005
107.52905531306635
107.89006815223217
108.25108099139801
108.61209383056385
108.97310666972969
109.33411950889553
109.69513234806136
110.0561451872272
110.41715802639304
110.77817086555888
111.1391837047247
111.50019654389055
111.86120938305638
112.22222222222223
112.21110336277702
112.19998450333182
112.1888656438866
112.1777467844414
112.16662792499619
112.15550906555097
109.01763934199073
105.87976961843052
105.9099375167403
105.94010541505008
105.97027331335985
106.00044121166964
106.03060910997942
106.06077700828921
106.09094490659899
106.12111280490878
106.15128070321855
106.18144860152833
106.21161649983812
106.2417843981479
106.27195229645768
106.30212019476745
106.33228809307724
106.36245599138702
106.39262388969681
106.42279178800659
106.45295968631638
106.48312758462615
106.51329548293593
106.54346338124572
106.92899066620245
107.3145179511592
107.70004523611595
108.08557252107269
108.47109980602943
108.85662709098617
109.2421543759429
109.62768166089965
109.49032743657004
109.35297321224041
109.2156189879108
109.07826476358119
108.94091053925158
108.80355631492195
108.66620209059235
109.17430058711702
109.6823990836417
110.19049758016637
110.69859607669105
111.20669457321571
111.71479306974038
112.22289156626508
111.23408390883242
110.24527625139979
109.25646859396716
108.26766093653453
107.27885327910187
106.29004562166924
105.30123796423659
105.6801868401638
106.059135716091
106.43808459201821
106.81703346794542
107.19598234387263
107.57493121979982
107.95388009572703
108.33282897165424
108.71177784758144
109.09072672350865
109.46967559943585
107.32808935595381
105.18650311247177
103.04491686898973
100.90333062550772
101.19886930316287
101.49440798081802
101.78994665847317
102.08548533612831
102.38102401378346
102.6765626914386
102.97210136909375
103.2676400467489
103.56317872440405
103.8587174020592
104.15425607971434
104.44979475736949
104.74533343502463
105.04087211267978
105.33641079033492
105.63194946799007
105.92748814564521
106.22302682330036
106.5185655009555
106.81410417861065
107.1096428562658
107.40518153392094
107.70072021157608
107.99625888923123
108.29179756688637
108.58733624454152
106.34944258075711
104.11154891697277
101.87365525318836
99.63576158940398
100.00775176074846
100.37974193209293
100.7517321034374
101.12372227478188
101.49571244612636
101.86770261747084
102.23969278881532
102.6116829601598
102.98367313150428
103.35566330284875
103.72765347419322
104.0996436455377
104.47163381688217
104.84362398822665
105.21561415957113
105.58760433091561
105.95959450226009
106.33158467360457
106.70357484494903
107.07556501629351
107.44755518763799
107.81954535898247
108.19153553032695
108.56352570167142
108.93551587301593
108.16415568654651
107.39279550007711
106.62143531360769
105.85007512713827
105.07871494066887
104.30735475419945
103.53599456773006
102.76463438126063
101.99327419479121
101.22191400832179
101.61660575678596
102.01129750525014
102.40598925371431
102.8006810021785
103.19537275064266
103.18276240801947
103.17015206539627
103.15754172277308
103.14493138014988
103.13232103752668
103.11971069490349
103.10710035228028
103.0944900096571
103.0818796670339
103.0692693244107
103.0566589817875
103.04404863916432
103.03143829654111
103.01882795391792
103.00621761129472
102.99360726867152
102.98099692604833
102.96838658342513
102.95577624080194
102.94316589817873
102.93055555555554
103.1417906446857
103.35302573381584
103.56426082294598
103.77549591207614
103.9867310012063
100.98065296251511
101.00046919107714
101.02028541963918
101.04010164820123
101.05991787676327
101.0797341053253
101.09955033388734
101.11936656244937
101.13918279101141
101.15899901957344
101.17881524813549
101.19863147669753
101.21844770525956
101.2382639338216
101.25808016238364
101.27789639094567
101.2977126195077
101.31752884806974
101.33734507663179
101.35716130519383
101.37697753375586
101.3967937623179
101.41660999087993
101.43642621944197
101.45624244800402
101.47605867656605
101.49587490512809
101.51569113369013
101.53550736225216
101.5553235908142
101.80787273006538
102.06042186931657
102.31297100856776
102.56552014781894
102.81806928707013
103.07061842632132
103.3231675655725
103.57571670482369
103.82826584407488
104.08081498332606
104.33336412257725
104.58591326182844
104.83846240107962
105.09101154033081
105.343560679582
105.59610981883317
105.84865895808436
106.10120809733554
106.35375723658673
106.60630637583792
106.8588555150891
107.11140465434029
107.36395379359148
107.61650293284266
107.86905207209385
108.12160121134504
108.37415035059622
108.62669948984741
108.8792486290986
109.13179776834978
109.38434690760096
109.63689604685214
105.44472539568892
101.25255474452557
101.49577848159544
101.7390022186653
101.98222595573519
102.22544969280506
102.46867342987494
102.71189716694481
102.95512090401469
103.19834464108456
103.44156837815443
103.68479211522431
103.92801585229418
104.17123958936406
104.41446332643393
104.6576870635038
104.90091080057368
105.14413453764355
105.38735827471343
105.6305820117833
105.87380574885317
106.11702948592306
106.36025322299292
106.6034769600628
106.84670069713268
107.08992443420254
107.33314817127243
107.5763719083423
107.81959564541216
104.87191128863878
101.92422693186563
98.97654257509225
96.0288582183187
96.4427752335344
96.85669224875011
97.27060926396584
97.68452627918154
98.09844329439724
98.51236030961297
98.92627732482867
99.34019434004438
99.75411135526008
100.16802837047581
100.58194538569151
100.99586240090721
101.40977941612292
101.82369643133865
102.23761344655435
102.65153046177005
103.06544747698578
103.47936449220148
103.89328150741719
104.30719852263289
104.72111553784862
102.57433728549267
100.42755903313673
98.28078078078082
98.71128012608946
99.14177947139811
99.57227881670676
100.0027781620154
100.43327750732408
100.86377685263272
101.29427619794137
101.72477554325002
102.15527488855867
101.53017206263928
100.90506923671984
100.27996641080045
99.65486358488101
99.02976075896163
98.40465793304222
98.86628864027293
99.32791934750364
99.78955005473438
100.25118076196509
100.7128114691958
101.17444217642651
101.63607288365722
102.09770359088796
102.55933429811867
102.25657434284454
101.95381438757045
101.65105443229635
101.34829447702222
101.0455345217481
100.74277456647397
101.19110126325333
101.63942796003269
102.08775465681205
102.53608135359141
102.98440805037077
103.43273474715014
103.8810614439295
104.32938814070886
104.77771483748822
105.22604153426755
105.67436823104694
105.39343793290762
105.11250763476829
104.83157733662895
104.55064703848963
104.2697167403503
103.98878644221098
103.70785614407166
103.42692584593232
103.85871795004599
104.29051005415965
104.72230215827346
103.72666815358104
102.73103414888863
101.73540014419612
102.25248093205445
102.76956171991282
103.28664250777118
103.80372329562954
104.3208040834879
104.83788487134626
105.35496565920462
105.87204644706298
106.38912723492135
106.90620802277971
107.42328881063804
107.9403695984964
108.45745038635476
108.97453117421313
109.49161196207149
108.93569861032813
108.37978525858472
107.82387190684136
108.166152699799
108.50843349275664
108.85071428571428
105.37044944600757
101.89018460630064
98.40991976659373
98.92000225953765
99.43008475248155
99.94016724542547
100.45024973836937
100.96033223131326
101.47041472425718
101.98049721720108
102.49057971014497
101.56899253403606
100.64740535792708
99.72581818181817
100.24125322327328
100.75668826472841
101.27212330618354
101.78755834763868
102.30299338909379
102.81842843054892
103.33386347200405
103.84929851345919
104.36473355491432
104.88016859636946
105.39560363782459
105.91103867927973
106.42647372073486
106.94190876219
107.45734380364507
107.97277884510021
108.48821388655534
109.00364892801048
109.51908396946556
106.36632944663461
103.21357492380366
100.06082040097294
96.908065878142
93.75531135531133
94.23650599841073
94.71770064151013
95.19889528460953
95.68008992770893
96.16128457080833
96.64247921390776
97.12367385700716
97.60486850010656
98.08606314320596
98.56725778630536
99.04845242940476
99.52964707250419
100.01084171560359
100.49203635870299
100.97323100180239
101.45442564490179
101.93562028800119
102.41681493110059
102.89800957419999
103.37920421729939
103.86039886039879
103.14444750788829
102.42849615537784
101.71254480286746
102.25996434620805
102.8073838895487
103.3548034328893
103.90222297622995
104.4496425195706
104.9970620629112
105.54448160625185
106.09190114959245
106.6393206929331
107.18674023627369
107.7341597796144
105.18386856567531
102.63357735173622
100.08328613779713
97.53299492385793
98.1135456571468
98.69409639043562
99.27464712372444
99.85519785701331
100.43574859030213
101.016299323591
101.59685005687982
102.17740079016869
102.7579515234575
103.33850225674632
103.9190529900352
104.49960372332401
105.08015445661289
105.6607051899017
106.24125592319052
106.8218066564794
107.40235738976821
107.98290812305709
108.56345885634596
107.1916429593598
105.81982706237352
104.44801116538724
104.96007734096531
105.47214351654344
105.98420969212151
106.49627586769964
107.00834204327771
107.52040821885583
108.0324743944339
108.54454057001203
109.0566067455901
109.56867292116823
110.0807390967463
110.59280527232437
111.10487144790253
110.7221071597412
110.33934287157984
109.95657858341849
109.57381429525714
110.14742669113434
110.72103908701155
111.2946514828887
111.8682638787659
112.44187627464294
109.77449264908546
107.10710902352821
104.43972539797073
101.77234177241348
99.104958146856
96.43757452129876
93.77019089574151
94.32177589901596
94.87336090229041
95.42494590556481
95.97653090883927
96.52811591211366
97.07970091538812
97.63128591866251
98.18287092193697
98.73445592521136
99.28604092848582
99.83762593176021
100.38921093503467
100.94079593830907
101.49238094158352
102.04396594485792
102.59555094813237
103.14713595140677
103.69872095468122
104.25030595795562
104.80189096123007
105.35347596450447
105.90506096777892
106.45664597105332
107.00823097432777
107.55981597760217
108.11140098087662
108.66298598415102
109.21457098742547
109.76615599069987
110.31774099397433
110.86932599724878
107.84833619716005
104.82734639707132
101.8063565969826
98.78536679689387
95.76437699680517
96.2998799845166
96.83538297222802
97.37088595993944
97.90638894765087
98.44189193536229
98.97739492307377
99.5128979107852
100.04840089849662
100.58390388620805
101.11940687391947
101.65490986163095
102.19041284934238
102.7259158370538
103.26141882476523
103.79692181247665
104.33242480018808
104.86792778789956
105.40343077561099
105.93893376332241
106.47443675103383
107.00993973874526
107.54544272645668
108.08094571416817
108.61644870187959
109.15195168959102
109.68745467730241
108.17304480916687
106.65863494103121
105.14422507289555
103.62981520476
102.11540533662446
100.6009954684888
99.08658560035315
97.5721757322176
98.21785773469378
98.8635397371699
99.50922173964602
100.15490374212214
100.80058574459832
101.44626774707444
102.09194974955057
102.73763175202669
103.38331375450286
104.02899575697899
104.67467775945511
105.32035976193123
105.96604176440741
106.61172376688353
107.25740576935965
107.90308777183577
108.54876977431195
109.19445177678807
109.84013377926419
108.76778829159537
107.69544280392643
106.62309731625749
105.55075182858855
104.4784063409196
103.40606085325066
102.33371536558184
101.2613698779129
100.1890243902439
100.48076729440331
100.77251019856268
101.06425310272209
101.3559960068815
101.6477389110409
101.93948181520031
102.23122471935972
102.52296762351912
102.81471052767853
103.10645343183793
103.39819633599731
103.68993924015672
103.98168214431612
104.27342504847553
104.56516795263494
104.85691085679434
105.14865376095375
105.44039666511316
105.73213956927256
106.02388247343194
106.31562537759135
106.60736828175075
106.89911118591016
107.19085409006956
107.48259699422897
107.77433989838838
108.06608280254778
107.60296457654255
107.13984635053731
106.67672812453208
106.21360989852684
105.7504916725216
105.28737344651637
104.82425522051119
104.36113699450596
103.89801876850072
103.43490054249548
103.85729701640759
104.27969349031974
104.70208996423185
105.124486438144
105.5468829120561
105.96927938596826
106.39167585988037
106.81407233379252
107.23646880770463
107.65886528161673
108.08126175552889
108.50365822944099
108.92605470335315
109.34845117726525
109.7708476511774
110.1932441250895
110.61564059900164
110.56773188060902
110.5198231622164
110.47191444382378
110.42400572543116
110.37609700703854
110.32818828864592
110.2802795702533
110.23237085186068
110.18446213346806
110.13655341507545
110.08864469668283
110.04073597829021
109.9928272598976
109.94491854150499
109.97962114950955
110.0143237575141
110.04902636551866
110.08372897352322
110.11843158152777
110.15313418953232
110.18783679753687
152.0
146.04814189189256
140.0962837837842
134.14442567567585
128.1925675675675
122.24070945946005
116.2888513513517
110.33699324324334
104.38513513513513
104.61436577230586
104.84359640947662
105.07282704664735
105.3020576838181
105.53128832098884
105.7605189581596
105.98974959533032
106.21898023250108
106.44821086967184
106.67744150684257
106.90667214401333
107.13590278118406
107.36513341835482
107.59436405552555
107.8235946926963
108.05282532986703
108.28205596703779
108.51128660420852
108.74051724137927
108.66023706896547
108.57995689655168
108.49967672413788
108.4193965517241
108.33911637931031
108.25883620689652
108.17855603448274
108.09827586206896
108.11387682289346
108.12947778371796
108.14507874454245
108.16067970536695
108.17628066619145
108.19188162701595
108.20748258784045
108.22308354866493
109.17826825127338
108.14997388570521
107.12167952013712
106.9743970422576
106.82711456437809
106.67983208649858
106.53254960861906
106.38526713073955
106.23798465286004
106.09070217498052
105.943419697101
105.79613721922149
105.64885474134198
105.50157226346245
105.35428978558294
105.20700730770342
105.0597248298239
104.91244235194439
104.76515987406488
104.61787739618536
104.47059491830585
104.32331244042634
104.1760299625468
104.7251722230049
105.27431448346306
105.82345674392121
106.37259900437931
106.92174126483746
107.47088352529556
108.02002578575372
108.56916804621187
109.11831030666997
109.66745256712812
110.21659482758605
108.77536888532472
107.3341429430634
105.89291700080184
104.45169105854029
103.01046511627908
103.65499701311091
104.29952890994264
104.94406080677447
105.58859270360631
106.23312460043803
106.87765649726987
107.5221883941017
108.16672029093343
108.81125218776526
109.4557840845971
110.10031598142893
110.74484787826066
111.3893797750925
112.03391167192422
110.66860203108445
109.3032923902449
107.93798274940514
106.57267310856537
105.20736346772583
103.84205382688606
102.47674418604646
102.83207984496119
103.18741550387591
103.5427511627907
103.89808682170542
104.25342248062015
104.60875813953487
104.9640937984496
105.31942945736432
105.67476511627905
106.03010077519377
106.3854364341085
106.74077209302322
107.09610775193795
107.45144341085268
107.80677906976746
108.16211472868218
108.51745038759691
108.87278604651164
109.22812170542636
109.58345736434109
109.93879302325581
110.29412868217054
110.64946434108526
111.00480000000005
110.47161797004992
109.93843594009985
110.15655990968526
110.37468387927066
110.59280784885607
110.81093181844147
111.02905578802688
111.24717975761229
111.46530372719769
111.6834276967831
111.9015516663685
112.11967563595394
112.33779960553935
112.55592357512475
112.77404754471016
112.99217151429556
113.21029548388097
113.42841945346638
113.64654342305178
113.86466739263719
114.0827913622226
114.30091533180803
111.13172350883178
107.96253168585554
104.79333986287952
104.73102691869975
104.66871397451999
104.60640103034024
104.54408808616049
104.48177514198073
104.41946219780097
104.3571492536212
104.29483630944145
104.2325233652617
104.17021042108195
104.10789747690218
104.04558453272242
103.98327158854266
103.92095864436291
103.85864570018316
103.7963327560034
103.73401981182363
103.67170686764388
103.60939392346413
103.54708097928449
104.1579024926292
104.76872400597381
105.37954551931853
105.99036703266324
106.60118854600785
107.21201005935256
107.82283157269717
108.43365308604189
109.0444745993866
109.65529611273121
110.26611762607592
110.87693913942064
111.48776065276519
111.31436976559905
111.14097887843289
110.96758799126673
110.79419710410059
110.62080621693443
110.44741532976826
110.30910615664033
110.17079698351242
110.03248781038451
109.89417863725657
109.75586946412866
109.61756029100073
109.47925111787282
109.34094194474491
109.20263277161698
109.06432359848907
108.92601442536113
108.78770525223322
108.64939607910532
108.51108690597738
108.37277773284947
108.23446855972153
108.09615938659363
107.95785021346572
107.81954104033778
107.68123186720987
107.54292269408197
107.40461352095403
107.2663043478261
107.46696439461982
107.66762444141358
107.86828448820731
108.06894453500104
108.2696045817948
108.47026462858852
108.67092467538225
108.87158472217601
109.07224476896974
109.27290481576347
109.47356486255723
109.67422490935095
109.87488495614468
110.07554500293844
110.27620504973311
131.25040199010618
152.22459893048108
137.5916054588415
122.95861198720195
108.32561851556238
112.75881753357226
117.19201655158122
121.62521556959018
126.05841458760005
130.49161360560902
134.9248126236189
139.35801164162785
143.79121065963682
148.2244096776467
152.65760869565565
140.02815963342073
127.39871057118762
114.7692615089527
102.13981244671777
105.50176233516822
108.86371222361913
112.22566211207004
115.58761200052095
118.94956188897186
122.31151177742277
125.67346166587367
129.03541155432413
132.39736144277504
135.75931133122594
139.12126121967685
142.48321110812776
145.84516099657867
149.20711088502958
152.56906077347958
142.57693249487602
132.58480421627246
122.5926759376689
112.60054765906534
102.60841938046065
103.2964078589714
103.98439633748217
104.67238481599293
105.36037329450369
106.04836177301445
106.73635025152521
107.42433873003597
108.11232720854673
108.80031568705738
109.48830416556814
110.1762926440789
110.86428112258966
111.55226960110053
110.20923018327221
108.86619076544412
107.5231513476158
108.12038629514325
108.7176212426707
109.31485619019804
109.9120911377255
110.50932608525295
111.10656103278029
111.70379598030775
112.3010309278352
111.4355880278431
110.57014512785076
111.66048890876345
112.75083268967592
113.84117647058827
113.74120831011707
113.64124014964588
113.54127198917422
110.34219193041645
107.14311187165822
103.9440318129
100.74495175414177
97.54587169538354
94.34679163662577
94.96836320227874
95.58993476793171
96.21150633358468
96.83307789923765
97.45464946489062
98.07622103054359
98.69779259619668
99.31936416184973
99.18085983361141
99.04235550537311
98.90385117713481
98.76534684889648
98.62684252065819
98.48833819241975
99.13811221992466
99.78788624742947
100.43766027493427
101.08743430243919
101.737208329944
102.3869823574488
103.03675638495372
103.68653041245852
104.33630443996333
104.98607846746825
105.63585249497305
106.28562652247786
106.93540054998277
107.58517457748758
108.2349486049925
105.44733058731845
102.65971256964394
99.8720945519699
97.08447653429596
97.76496857868699
98.4454606230779
99.12595266746882
99.80644471185985
100.48693675625077
101.1674288006418
101.84792084503272
102.52841288942363
103.20890493381467
103.88939697820558
104.56988902259661
105.25038106698753
105.93087311137845
106.61136515576948
107.2918572001604
107.97234924455142
108.65284128894234
109.33333333333303
105.53518518518467
101.73703703703632
97.93888888888796
94.14074074074063
94.81905654611683
95.49737235149303
96.17568815686911
96.85400396224532
97.53231976762152
98.21063557299772
98.8889513783738
99.56726718375
100.2455829891262
100.92389879450229
101.6022145998785
102.2805304052547
102.95884621063078
103.63716201600698
104.31547782138318
104.99379362675927
105.67210943213547
106.35042523751167
107.02874104288787
107.70705684826396
108.38537265364016
109.06368845901636
109.74200426439256
105.58332980839441
101.42465535239717
97.2659808963997
97.7472670927084
98.2285532890171
98.7098394853258
99.1911256816345
99.67241187794332
100.15369807425202
100.63498427056072
101.11627046686942
101.59755666317812
102.07884285948683
102.56012905579553
103.04141525210423
103.52270144841293
104.00398764472163
104.48527384103033
104.96656003733904
105.44784623364774
105.92913242995644
106.41041862626514
106.89170482257396
107.37299101888266
107.85427721519136
108.33556341150006
108.81684960780876
109.29813580411746
109.77942200042617
110.26070819673487
110.74199439304357
111.22328058935227
111.70456678566097
112.18585298196922
109.73630508875476
107.28675719553985
104.83720930232562
105.5054479821672
106.17368666200889
106.84192534185047
107.51016402169216
108.17840270153374
108.84664138137543
109.51488006121701
110.1831187410587
108.77732301269248
107.37152728432602
105.96573155595979
104.55993582759356
103.15414009922733
101.74834437086099
102.41235057765459
103.0763567844482
103.7403629912418
104.4043691980354
105.06837540482911
105.73238161162271
106.39638781841631
107.06039402520992
107.72440023200352
108.38840643879723
109.05241264559095
107.79305385812268
106.5336950706544
105.2743362831859
104.90985799547235
104.54537970775885
104.1809014200453
103.8164231323318
103.45194484461831
103.08746655690476
102.72298826919126
102.35850998147777
101.99403169376421
101.62955340605072
101.26507511833722
100.90059683062367
100.53611854291017
100.17164025519662
99.80716196748313
99.44268367976963
99.07820539205608
98.71372710434258
98.34924881662909
97.98477052891553
97.62029224120204
97.25581395348854
97.70050750372332
98.1452010539582
98.58989460419309
99.03458815442787
99.47928170466275
99.92397525489753
100.36866880513242
100.8133623553673
101.25805590560208
101.70274945583697
102.14744300607174
102.59213655630663
103.03683010654152
103.48152365677629
103.92621720701118
104.37091075724595
104.81560430748084
105.26029785771573
105.7049914079505
106.14968495818539
106.59437850842016
107.03907205865505
107.48376560888994
107.92845915912471
108.3731527093596
107.95744857761804
107.54174444587636
107.1260403141348
106.71033618239312
106.29463205065156
105.87892791890988
105.46322378716832
98.70479134466768
99.17824964864872
99.65170795262975
100.12516625661078
100.59862456059182
101.07208286457296
101.545541168554
102.01899947253503
102.49245777651606
102.9659160804971
103.43937438447813
103.91283268845928
104.38629099244031
104.85974929642134
105.33320760040237
105.80666590438341
106.28012420836444
106.75358251234559
107.22704081632651
106.47893577960986
105.7308307428932
104.98272570617644
104.23462066945979
103.48651563274314
102.73841059602637
103.31870349479482
103.89899639356327
104.47928929233171
105.05958219110005
105.6398750898685
106.22016798863694
106.8004608874054
107.38075378617384
107.96104668494218
108.54133958371062
109.12163248247907
109.70192538124752
110.28221828001585
110.8625111787843
111.44280407755275
112.0230969763212
112.60338987508965
113.18368277385798
113.76397567262643
114.34426857139488
114.92456147016333
115.50485436893223
112.58018471330752
109.6555150576828
106.7308454020581
103.80617574643338
100.88150609080833
101.55761863518364
102.23373117955884
102.90984372393416
103.58595626830936
104.26206881268467
104.93818135705999
105.61429390143519
106.2904064458105
106.9665189901857
107.64263153456102
108.31874407893633
108.99485662331153
109.67096916768685
110.34708171206194
107.49791930666697
104.64875690127201
101.7995944958775
98.95043209048254
96.10126968508803
93.2521072796934
93.98849474784129
94.72488221598917
95.46126968413705
96.19765715228493
96.93404462043293
97.67043208858081
98.40681955672869
99.14320702487657
99.87959449302446
100.61598196117234
101.35236942932022
102.0887568974681
102.82514436561598
103.56153183376387
104.29791930191175
105.03430677005974
105.77069423820762
106.5070817063555
107.24346917450339
107.97985664265127
108.71624411079915
109.45263157894715
108.38782735281302
107.32302312667866
106.25821890054453
105.1934146744104
104.12861044827628
103.06380622214215
101.99900199600802
102.68849453164285
103.37798706727756
104.06747960291239
104.75697213854721
105.44646467418193
106.13595720981675
106.82544974545158
107.51494228108629
108.20443481672112
108.89392735235595
109.58341988799066
110.27291242362548
109.99303349621277
109.71315456880006
109.43327564138735
109.15339671397464
108.87351778656193
98.12954876273636
98.82031903102154
99.51108929930683
100.20185956759201
100.89262983587719
101.58340010416237
102.27417037244754
102.96494064073272
103.6557109090179
104.34648117730308
105.03725144558825
105.72802171387343
106.41879198215861
107.10956225044379
107.80033251872896
108.49110278701426
109.18187305529943
109.87264332358461
110.56341359186979
111.25418386015497
111.94495412844026
108.68421810889322
105.42348208934618
102.16274606979914
98.90201005025125
99.1872809961929
99.47255194213449
99.75782288807613
100.04309383401778
100.32836477995943
100.61363572590102
100.89890667184267
101.18417761778431
101.46944856372596
101.75471950966755
102.0399904556092
102.32526140155085
102.6105323474925
102.89580329343408
103.18107423937573
103.46634518531738
103.75161613125903
104.03688707720067
104.32215802314226
104.60742896908391
104.89269991502556
105.1779708609672
105.46324180690874
105.08352044905553
104.70379909120231
104.3240777333491
103.94435637549589
103.56463501764267
103.18491365978946
102.80519230193624
102.42547094408303
102.04574958622982
101.6660282283766
101.28630687052339
100.90658551267018
100.52686415481696
100.14714279696375
99.76742143911054
99.38770008125732
99.00797872340422
99.38835912603759
99.76873952867084
100.1491199313042
100.52950033393756
100.90988073657093
101.29026113920418
101.67064154183754
102.0510219444709
102.43140234710427
102.81178274973752
103.19216315237088
103.57254355500424
103.95292395763761
104.33330436027086
104.71368476290422
105.09406516553759
105.47444556817095
105.8548259708042
106.23520637343756
106.61558677607093
106.99596717870429
107.37634758133765
107.7567279839709
108.13710838660427
108.51748878923763
108.76849745237712
109.0195061155166
109.27051477865615
109.52152344179564
109.77253210493512
110.02354076807467
110.27454943121415
110.52555809435364
110.77656675749319