87.34705075445817
87.25782824669483
87.16860573893148
87.07938323116812
86.99016072340478
86.90093821564143
86.81171570787808
86.72249320011473
86.63327069235139
86.54404818458804
86.45482567682468
86.36560316906134
86.27638066129799
86.18715815353464
86.09793564577129
86.00871313800795
85.9194906302446
85.83026812248124
85.7410456147179
85.65182310695455
85.5626005991912
85.47337809142786
85.38415558366451
85.29493307590116
85.20571056813782
85.11648806037446
85.02726555261111
84.93804304484776
84.84882053708442
84.75959802932107
84.67037552155773
84.10087243357137
83.531369345585
82.96186625759864
82.39236316961228
81.82286008162592
81.25335699363956
80.6838539056532
80.11435081766683
79.54484772968047
78.97534464169411
78.40584155370775
77.83633846572138
77.26683537773502
76.69733228974866
76.1278292017623
75.55832611377593
74.98882302578957
74.41931993780322
73.84981684981685
73.85499825891503
73.86017966801322
73.86536107711137
73.71126934634158
73.55717761557179
77.7425833730033
81.92798913043478
79.77405876232422
77.62012839421367
75.46619802610311
73.31226765799254
76.01913734277126
78.72600702755001
81.43287671232883
56.02576396206541
30.61865121180199
5.211538461538453
5.2151037677353385
5.218669073932224
5.22223438012911
5.2257996863259955
5.229364992522881
5.232930298719767
5.2364956049166524
5.240060911113538
5.243626217310424
5.247191523507309
5.250756829704195
5.254322135901081
5.257887442097966
5.261452748294852
5.265018054491738
5.268583360688623
5.272148666885509
5.275713973082395
5.2792792792792795
5.279279279278853
11.060149431614377
16.841019583949844
22.621889736285368
28.40275988862078
34.1836300409563
39.96450019329171
45.74537034562724
51.52624049796276
57.30711065029817
63.087980802633695
68.8688509549691
74.64972110730463
80.4305912596401
43.10356378624465
5.776536312849174
5.830104523337548
5.8836727338259225
5.937240944314297
5.990809154802671
6.044377365291045
6.09794557577942
6.1515137862677935
6.205081996756168
6.258650207244543
6.312218417732916
6.365786628221291
6.419354838709664
6.311625076080329
6.203895313450994
6.0961655508216595
5.988435788192323
5.880706025562988
5.772976262933653
5.665246500304319
5.557516737674982
5.449786975045647
5.342057212416313
5.234327449786978
5.126597687157641
5.018867924528308
5.0188679245275125
8.259945194202373
11.501022463877291
14.742099733552152
17.98317700322707
21.22425427290193
24.46533154257679
27.70640881225171
30.94748608192657
34.18856335160149
37.42964062127635
40.67071789095121
43.91179516062613
47.15287243030099
50.393949699975906
53.63502696965077
56.87610423932563
60.117181509000545
63.358258778675406
66.59933604835032
69.84041331802513
72.52922767989082
75.21804204175652
77.90685640362226
77.84625492772668
78.17225678539404
78.49825864306143
78.8242605007288
79.15026235839616
79.47626421606354
79.80226607373092
80.12826793139828
80.45426978906566
80.78027164673304
81.1062735044004
81.43227536206778
81.75827721973516
82.08427907740253
82.4102809350699
82.73628279273728
83.06228465040465
83.38828650807203
83.7142883657394
84.04029022340677
84.36629208107414
84.69229393874153
85.01829579640889
85.34429765407626
85.67029951174364
85.99630136941101
86.32230322707838
86.64830508474574
86.3419183107693
86.03553153679283
85.72914476281639
85.42275798883992
85.11637121486348
84.80998444088702
84.50359766691057
84.19721089293411
83.89082411895765
83.5844373449812
83.27805057100474
82.9716637970283
82.66527702305183
82.35889024907539
82.05250347509892
81.74611670112247
81.43972992714602
81.13334315316956
80.8269563791931
80.52056960521665
80.2141828312402
79.90779605726374
79.6014092832873
79.29502250931083
78.98863573533438
78.68224896135791
78.37586218738147
78.06947541340502
77.76308863942856
77.4567018654521
77.15031509147565
76.84392831749919
76.53754154352274
76.23115476954628
75.92476799556982
75.61838122159337
75.31199444761693
75.00560767364047
74.69922089966401
74.39283412568756
74.0864473517111
73.78006057773464
73.47367380375819
73.16728702978173
72.86090025580528
72.55451348182885
75.40520197034209
78.25589045885522
81.10657894736835
76.77622311745597
72.4458672875437
74.20400152234271
75.96213575714171
77.72026999194071
79.47840422673966
81.23653846153957
55.93297320656984
30.629407951600115
5.325842696629223
5.379315258101297
5.43278781957337
5.486260381045444
5.539732942517517
5.593205503989591
5.646678065461664
5.700150626933738
5.753623188405811
4.787610619468978
43.799622484249994
82.81163434903047
82.80261758862866
82.79360082822686
82.78458406782507
82.77556730742326
82.76655054702145
82.75753378661966
82.74851702621785
82.73950026581605
82.73048350541424
82.72146674501245
82.71244998461064
82.70343322420884
82.69441646380704
82.68539970340524
82.67638294300343
82.66736618260163
82.65834942219983
82.64933266179803
82.64031590139622
82.63129914099443
82.62228238059262
82.61326562019082
82.60424885978902
82.59523209938722
82.58621533898541
82.5771985785836
82.56818181818181
82.50975462590506
82.45132743362832
82.46153846153845
82.37991343694668
82.2982884123549
82.21666338776313
82.13503836317135
82.05341333857957
81.97178831398779
81.89016328939601
81.80853826480424
81.72691324021247
81.64528821562068
81.56366319102891
81.48203816643714
81.40041314184535
81.31878811725358
81.2371630926618
81.15553806807003
81.07391304347824
80.99228801888647
80.9106629942947
80.82903796970291
80.74741294511114
80.66578792051936
80.58416289592759
80.5025378713358
80.42091284674403
80.33928782215224
80.25766279756047
80.1760377729687
80.09441274837693
80.01278772378515
81.05037833795984
82.08796895213453
82.00312896465115
81.91828897716778
81.83344898968438
81.748609002201
81.66376901471762
81.57892902723424
81.49408903975085
81.40924905226746
81.32440906478408
81.2395690773007
81.15472908981731
81.06988910233392
80.98504911485054
80.90020912736716
80.81536913988377
80.73052915240038
80.645689164917
80.56084917743362
80.47600918995023
80.39116920246684
80.30632921498346
80.22148922750009
80.1366492400167
80.0518092525333
79.96696926504993
79.88212927756655
80.96744816516679
82.05276705276705
82.01308827380257
81.97340949483808
81.93373071587358
81.89405193690908
81.8543731579446
81.8146943789801
81.7750156000156
81.7353368210511
81.69565804208662
81.65597926312213
81.61630048415763
81.57662170519313
81.53694292622865
81.49726414726416
81.45758536829966
81.41790658933516
81.37822781037067
81.33854903140619
81.29887025244169
81.25919147347719
81.2195126945127
81.17983391554822
81.14015513658372
81.10047635761921
81.06079757865473
81.02111879969024
80.98144002072574
80.94176124176124
80.90208246279676
80.86240368383227
80.82272490486777
80.78304612590327
80.74336734693878
80.7036885679743
80.6640097890098
80.6243310100453
80.58465223108081
80.54497345211632
80.50529467315182
80.46561589418732
80.42593711522284
80.38625833625835
80.34657955729385
80.30690077832935
80.26722199936486
80.22754322040038
80.18786444143588
80.14818566247138
80.10850688350689
80.0688281045424
80.0291493255779
79.9894705466134
79.94979176764892
79.91011298868443
79.87043420971993
79.83075543075543
79.79107665179095
79.75139787282646
79.71171909386196
79.67204031489746
79.63236153593297
79.59268275696849
79.55300397800399
79.51332519903949
79.473646420075
79.43396764111051
79.39428886214601
79.35461008318151
79.31493130421703
79.27525252525254
79.17550539393666
79.07575826262078
78.9760111313049
78.87626399998902
78.77651686867314
78.67676973735726
78.57702260604138
78.4772754747255
78.37752834340964
78.27778121209374
78.17803408077788
78.07828694946198
77.97853981814612
77.87879268683022
77.77904555551436
77.67929842419846
77.5795512928826
77.4798041615667
77.57609779413735
77.672391426708
77.76868505927865
77.8649786918493
77.96127232441995
78.05756595699059
78.15385958956124
78.25015322213189
78.34644685470252
78.44274048727317
78.53903411984382
78.63532775241447
78.73162138498512
78.82791501755577
78.92420865012642
79.02050228269707
79.11679591526772
79.21308954783835
79.309383180409
79.40567681297965
79.50197044555028
79.59826407812093
79.69455771069158
79.79085134326223
79.88714497583288
79.98343860840353
80.07973224097418
80.17602587354483
80.27231950611548
80.36861313868611
80.19131358715026
80.01401403561441
79.83671448407857
79.65941493254272
79.48211538100688
79.30481582947102
79.12751627793517
78.95021672639933
78.77291717486348
78.59561762332763
78.41831807179179
78.24101852025593
78.06371896872008
77.88641941718424
77.70911986564839
77.53182031411254
77.3545207625767
77.17722121104084
76.99992165950499
76.82262210796912
77.2154789443984
77.60833578082767
78.00119261725698
78.39404945368625
78.78690629011552
78.62645182887728
78.46599736763903
78.30554290640077
78.14508844516253
77.98463398392428
77.82417952268604
77.66372506144778
77.50327060020953
77.34281613897129
77.18236167773303
77.02190721649481
78.82278871463029
80.623670212766
77.33537175809784
74.04707330342944
70.75877484876128
67.47047639409288
64.18217793942472
60.893879484756326
57.60558103008816
54.31728257541977
51.0289841207516
47.74068566608321
44.452387211415044
41.16408875674665
37.875790302078485
34.58749184741009
31.299193392741927
28.010894938073534
24.72259648340537
21.434298028737203
18.14599957406881
14.857701119400645
11.569402664732252
8.281104210064086
4.992805755395693
5.469160075666167
5.945514395936669
6.421868716207172
6.898223036477646
7.374577356748119
7.850931677018636
7.670693651658809
7.490455626298981
7.310217600939154
7.129979575579341
6.949741550219514
6.769503524859687
6.589265499499874
6.409027474140046
6.228789448780219
6.048551423420392
5.868313398060579
5.688075372700752
5.507837347340924
5.327599321981111
5.147361296621284
4.967123271261457
4.78688524590163
4.911773472429189
5.036661698956763
5.161549925484337
5.286438152011911
5.411326378539485
5.536214605067045
5.661102831594619
5.7859910581221925
5.910879284649766
6.03576751117734
6.1606557377049
6.285543964232474
6.410432190760048
6.535320417287622
6.660208643815196
6.785096870342755
6.909985096870329
7.034873323397903
7.159761549925477
7.284649776453051
7.409538002980611
7.534426229508185
7.659314456035759
7.784202682563333
7.9090909090909065
7.909090909090082
21.758704935533387
35.60831896197669
49.45793298842
63.3075470148633
77.15716104130661
91.0067750677507
90.85119441019843
90.69561375264615
90.54003309509388
90.3844524375416
90.22887177998932
90.07329112243704
89.91771046488476
89.76212980733249
89.60654914978021
89.45096849222793
89.29538783467567
89.13980717712339
88.98422651957111
88.82864586201883
88.67306520446655
88.51748454691428
88.361903889362
88.20632323180972
88.05074257425743
88.05074257425741
87.8981194340917
87.74549629392597
87.59287315376024
87.44025001359451
87.28762687342878
87.13500373326305
86.98238059309733
86.8297574529316
86.67713431276587
86.52451117260014
86.37188803243441
86.21926489226871
86.6490615198473
87.07885814742588
87.50865477500446
87.93845140258304
88.36824803016168
88.79804465774026
89.22784128531885
89.65763791289743
90.08743454047601
90.5172311680546
90.94702779563318
91.37682442321176
91.80662105079034
92.23641767836892
92.6662143059475
93.09601093352609
93.52580756110467
93.95560418868325
94.38540081626184
94.81519744384042
95.244994071419
95.67479069899758
96.10458732657617
96.5343839541547
96.36669842254787
96.19901289094103
96.0313273593342
95.86364182772736
95.69595629612053
95.52827076451369
95.36058523290686
95.19289970130002
95.02521416969319
94.85752863808635
94.68984310647951
94.5221575748727
94.35447204326586
94.18678651165902
94.01910098005219
93.85141544844535
93.68372991683852
93.51604438523168
93.34835885362484
93.18067332201801
93.01298779041117
92.84530225880434
92.6776167271975
92.50993119559067
92.34224566398383
92.174560132377
92.00687460077017
91.83918906916334
91.6715035375565
91.50381800594967
91.33613247434283
91.168446942736
91.00076141112916
90.83307587952233
90.66539034791549
90.49770481630866
90.33001928470182
90.16233375309498
89.99464822148815
89.82696268988131
89.65927715827448
89.49159162666766
89.32390609506082
89.15622056345399
88.98853503184728
90.65830951067437
92.32808398950127
92.186885747163
92.04568750482473
91.90448926248645
91.76329102014817
91.62209277780991
91.48089453547163
91.33969629313336
91.19849805079508
91.05729980845682
90.91610156611854
90.77490332378026
90.63370508144199
90.49250683910371
90.35130859676545
90.21011035442717
90.0689121120889
89.92771386975062
89.78651562741236
89.64531738507408
89.5041191427358
89.36292090039753
89.22172265805926
89.08052441572099
88.93932617338271
88.79812793104443
88.65692968870617
88.5157314463679
88.37453320402962
88.23333496169134
88.09213671935306
87.9509384770148
87.80974023467653
87.66854199233825
87.52734375
87.32808114336817
87.12881853673636
86.92955593010456
86.73029332347275
86.53103071684095
86.33176811020914
86.1325055035773
85.9332428969455
85.7339802903137
85.53471768368189
85.33545507705009
85.13619247041825
84.93692986378645
84.73766725715464
84.53840465052284
84.33914204389103
84.13987943725922
83.94061683062739
83.74135422399559
83.54209161736378
83.34282901073198
83.14356640410017
82.94430379746836
83.79082278481008
84.63734177215179
85.48386075949361
86.33037974683545
86.21267740698121
86.09497506712698
85.97727272727273
85.97727272727263
84.81509788146957
83.65292303566639
82.49074818986321
81.32857334406003
80.16639849825685
79.00422365245367
77.8420488066505
76.67987396084732
75.51769911504425
79.79500915851986
84.07231920199501
83.50113383001451
82.92994845803395
82.35876308605339
81.78757771407282
81.21639234209232
80.64520697011176
80.0740215981312
79.50283622615063
78.93165085417007
78.36046548218957
77.789280110209
77.21809473822844
76.64690936624788
76.07572399426738
75.50453862228682
74.93335325030625
74.36216787832569
73.79098250634513
73.21979713436463
72.64861176238406
72.07742639040362
76.15215339248925
80.2268803945746
80.07424686305977
79.92161333154495
79.76897980003012
79.61634626851531
79.46371273700049
79.31107920548567
79.15844567397085
79.00581214245602
78.8531786109412
78.70054507942638
78.54791154791155
78.8633146133146
79.17871767871767
79.49412074412075
79.80952380952385
79.4784961532535
79.1474684969831
78.81644084071274
78.4854131844424
78.15438552817199
77.82335787190164
77.49233021563123
77.16130255936088
76.83027490309047
76.49924724682012
76.16821959054971
75.83719193427936
75.50616427800901
75.1751366217386
74.84410896546825
74.51308130919784
74.1820536529275
73.85102599665709
73.51999834038673
73.18897068411638
72.85794302784598
72.52691537157563
72.19588771530522
71.86486005903487
71.53383240276446
71.2028047464944
72.6223153109022
74.04182587531022
75.46133643971825
76.88084700412628
78.30035756853385
76.51634543428918
74.7323333000445
72.94832116580005
71.16430903155606
74.00542977808664
76.84655052461721
79.68767127114825
82.52879201767882
85.3699127642094
88.21103351074044
91.05215425727101
93.89327500380159
96.734395750332
96.39150947094873
96.04862319156553
95.70573691218226
95.36285063279905
95.01996435341584
94.67707807403258
94.33419179464937
93.9913055152661
93.6484192358829
93.30553295649963
92.96264667711642
92.61976039773322
92.27687411834995
91.93398783896674
91.59110155958348
91.24821528020027
90.905329000817
90.5624427214338
90.21955644205053
89.87667016266732
89.53378388328412
89.19089760390085
88.84801132451764
88.50512504513438
88.16223876575117
87.8193524863679
87.4764662069847
87.13357992760149
86.79069364821822
86.44780736883502
86.10492108945175
85.76203481006854
85.41914853068528
85.07626225130207
84.73337597191886
84.3904896925356
84.04760341315239
83.70471713376912
83.36183085438591
83.01894457500265
82.67605829561944
82.33317201623618
81.99028573685297
81.64739945746976
81.3045131780865
80.96162689870329
80.61874061932002
80.27585433993681
79.93296806055355
79.59008178117034
79.24719550178713
78.90430922240387
78.56142294302066
78.2185366636374
77.87565038425419
77.53276410487092
77.18987782548771
76.84699154610445
76.50410526672124
76.16121898733803
75.81833270795477
75.47544642857156
79.18576722406578
82.8960880195599
81.92968638210243
80.96328474464497
79.9968831071875
79.03048146973003
78.06407983227257
77.0976781948151
76.13127655735764
75.16487491990017
74.1984732824427
74.47281731374315
74.7471613450436
75.02150537634408
75.00965665236072
77.74641346690396
80.4831702814472
83.2199270959909
80.31093221527908
77.40193733456681
74.49294245385454
78.50465304510908
82.51636363636362
79.48803327391579
76.4597029114675
73.43137254901967
76.03877331420381
78.64617407938795
81.25357484457209
83.86097560975622
81.30393223137571
78.74688885299474
76.18984547461378
79.87202383353087
83.55420219244832
82.89249347485656
82.2307847572647
81.56907603967295
80.9073673220812
80.24565860448934
79.58394988689759
78.92224116930572
78.26053245171397
77.5988237341221
76.93711501653036
76.27540629893849
75.61369758134674
74.95198886375488
74.29028014616313
73.62857142857138
75.28470982142858
76.94084821428572
76.81737193763911
80.2334722936057
83.64957264957263
83.02229054108318
82.39500843259361
81.76772632410416
81.1404442156147
80.51316210712525
79.8858799986358
79.25859789014635
78.6313157816569
78.00403367316733
77.37675156467787
76.74946945618842
76.12218734769897
75.49490523920952
74.86762313072006
74.24034102223061
73.61305891374104
72.98577680525159
76.57303018543871
80.16028356562583
83.74753694581273
82.61845826610624
81.48937958639976
80.36030090669328
79.2312222269868
78.10214354728032
76.97306486757384
75.84398618786736
74.71490750816105
74.90898804637638
75.10306858459168
75.29714912280701
74.82192234038507
74.3466955579629
78.12767177410933
81.90864799025579
81.79996802048484
81.6912880507139
81.58260808094295
81.473928111172
81.36524814140105
81.25656817163011
81.14788820185916
81.03920823208821
80.93052826231727
80.82184829254632
80.71316832277537
80.60448835300443
80.49580838323348
80.83033690195364
81.1648654206738
81.49939393939395
81.39467245645983
81.28995097352572
81.1852294905916
81.08050800765749
80.97578652472336
80.87106504178925
80.76634355885513
80.66162207592102
80.55690059298689
80.45217911005278
80.34745762711864
80.58251027221365
80.81756291730869
81.0526155624037
81.28766820749871
81.52272085259375
81.75777349768876
81.99282614278377
82.2278787878788
82.13211130251167
82.03634381714456
81.94057633177744
81.84480884641032
81.7490413610432
81.65327387567608
81.55750639030896
81.46173890494184
81.36597141957472
81.2702039342076
81.17443644884048
81.07866896347335
80.98290147810623
80.88713399273911
80.79136650737199
80.69559902200488
80.69559902200487
80.5903098079137
80.48502059382253
80.37973137973142
80.82411134886388
81.26849131799628
81.71287128712868
81.05303317817686
80.39319506922504
79.73335696027323
79.0735188513213
78.41368074236948
77.75384263341766
77.09400452446584
76.43416641551403
75.77432830656221
75.1144901976104
74.45465208865858
73.79481397970676
76.99908766212229
80.20336134453783
80.0495683987881
79.89577545303837
79.74198250728864
79.93164611613525
80.1213097249819
80.31097333382851
80.5006369426751
79.43320699224637
78.36577704181786
77.29834709138913
76.23091714096063
75.1634871905319
74.09605724010339
73.02862728967466
71.96119733924613
71.97003137262641
71.97886540600668
71.8699040834747
71.76094276094278
72.20309169459796
72.64524062825313
73.08738956190825
73.52953849556343
73.97168742921858
73.97168742921849
77.43763605082677
80.90358467243527
79.53848797441356
78.17339127639184
76.80829457837012
75.44319788034841
74.07810118232669
72.71300448430475
76.23892798472662
79.76485148514851
79.61477066073954
79.46468983633056
79.31460901192159
79.16452818751262
79.01444736310364
78.86436653869467
78.71428571428571
78.71428571428578
77.68340773809518
76.65252976190482
75.62165178571445
74.59077380952385
73.55989583333348
72.52901785714289
71.49813988095252
70.46726190476215
69.43638392857156
73.01073854813649
76.58509316770187
76.31157797389466
76.03806278008744
75.76454758628023
75.49103239247302
75.2175171986658
74.94400200485853
74.67048681105132
74.3969716172441
74.12345642343689
73.84994122962968
73.57642603582246
73.30291084201525
73.02939564820804
72.75588045440082
72.48236526059361
72.2088500667864
71.93533487297918
75.29262088155474
78.64990689013035
78.36445405578581
78.07900122144127
77.79354838709679
77.87941359498691
77.96527880287704
78.05114401076716
78.01643362418254
77.98172323759798
78.72689164653855
79.472060055479
80.21722846441949
80.09676411561352
79.97629976680756
79.85583541800159
79.7353710691956
79.61490672038963
79.49444237158366
79.37397802277769
79.25351367397172
79.13304932516576
79.01258497635979
78.89212062755382
78.77165627874786
78.65119192994189
78.53072758113592
78.41026323232995
78.28979888352399
78.16933453471802
78.04887018591205
77.92840583710608
77.80794148830012
77.68747713949415
77.56701279068818
77.44654844188221
77.32608409307625
77.20561974427028
77.08515539546431
76.96469104665833
76.93255836366137
76.90042568066443
76.86829299766745
76.83616031467051
76.80402763167353
76.77189494867659
76.73976226567963
76.70762958268267
76.67549689968571
76.64336421668875
76.6112315336918
76.57909885069483
76.54696616769789
76.51483348470092
76.48270080170397
76.450568118707
76.41843543571005
76.38630275271309
76.35417006971613
76.32203738671917
76.28990470372221
76.25777202072527
77.50651758931008
78.75526315789472
78.61278331370593
78.47030346951718
78.32782362532839
78.18534378113961
78.04286393695082
77.90038409276204
77.75790424857325
77.61542440438447
77.47294456019569
77.33046471600687
77.60825707997446
77.88604944394206
78.1638418079096
78.14253324854148
78.12122468917337
78.09991612980525
78.07860757043713
78.05729901106902
78.0359904517009
78.01468189233279
78.14534348377742
78.27600507522203
78.40666666666668
78.32819974715551
78.24973282764435
78.17126590813318
78.09279898862201
78.01433206911085
77.93586514959968
77.85739823008852
77.77893131057735
77.70046439106618
77.621997471555
78.6180009999141
79.61400452827297
80.61000805663207
81.60601158499117
82.60201511335012
82.53762720068063
82.47323928801114
82.40885137534165
82.34446346267215
82.28007555000266
82.21568763733318
82.15129972466369
82.0869118119942
82.02252389932471
81.95813598665521
81.89374807398572
81.82936016131623
81.76497224864674
81.70058433597725
81.63619642330775
81.57180851063833
82.05307254843387
82.53433658622941
83.01560062402493
82.91824085618167
82.82088108833841
82.72352132049517
82.73279514300621
82.74206896551725
82.6600187459918
82.5779685264663
83.61358799590585
84.64920746534563
85.6848269347854
86.72044640422519
87.75606587366497
88.79168534310475
89.8273048125443
90.86292428198428
90.672511476305
90.48209867062573
90.29168586494646
90.10127305926719
89.91086025358791
89.72044744790864
89.53003464222934
89.33962183655007
89.1492090308708
88.95879622519152
88.76838341951225
88.57797061383297
88.3875578081537
88.1971450024744
88.00673219679513
87.81631939111585
87.62590658543658
87.43549377975731
87.24508097407804
87.05466816839876
86.86425536271946
86.67384255704019
86.48342975136092
86.29301694568164
86.10260414000237
85.9121913343231
85.7217785286438
85.53136572296452
85.34095291728525
85.15054011160598
84.9601273059267
84.76971450024743
84.57930169456816
84.38888888888903
84.87302820955676
85.35716753022461
85.84130685089247
86.3254461715602
86.80958549222798
86.72329133491559
86.63699717760318
86.55070302029078
86.46440886297837
86.37811470566598
86.29182054835357
86.20552639104118
86.11923223372877
86.03293807641637
86.34617918313569
86.659420289855
86.05140825813498
85.44339622641509
85.44339622641519
84.16042780748649
84.68056583938926
85.20070387129203
85.72084190319481
86.24097993509747
86.76111796700025
87.28125599890302
87.80139403080568
88.32153206270846
88.84167009461123
89.36180812651389
89.88194615841667
90.40208419031944
90.92222222222222
90.62877991627994
90.3353376103376
90.04189530439533
89.74845299845299
89.45501069251071
89.16156838656838
88.8681260806261
88.57468377468376
88.28124146874148
87.9877991627992
87.69435685685687
87.40091455091459
87.10747224497226
86.81402993902998
86.52058763308764
86.22714532714537
85.93370302120303
85.64026071526075
85.34681840931842
85.05337610337614
84.7599337974338
84.46649149149152
84.17304918554919
83.87960687960688
83.78723853723855
83.6948701948702
83.60250185250186
83.51013351013351
83.41776516776517
83.32539682539682
83.35482804232802
83.38425925925912
72.27481962481943
61.16537999037973
50.05594035594004
38.94650072150034
27.837061087060647
16.72762145262095
5.618181818181256
15.512927919360664
25.40767402054007
35.30242012171948
45.197166222898886
55.091912324078294
64.98665842525588
74.88140452643529
84.77615062761507
84.75950494915438
84.74285927069369
84.72621359223301
84.73126142595979
84.72162486502673
84.71198830409367
85.18416757325792
85.65634684242218
86.12852611158644
86.6007053807507
87.07288464991495
87.54506391907921
88.01724318824358
88.48942245740784
88.9616017265721
89.43378099573636
89.90596026490064
89.77365482268195
89.64134938046323
89.50904393824453
89.37673849602581
89.24443305380711
89.11212761158839
88.9798221693697
88.84751672715097
88.71521128493225
88.58290584271356
88.45060040049484
88.31829495827614
88.18598951605742
88.05368407383872
87.92137863162
87.78907318940131
87.65676774718258
87.52446230496389
87.3921568627452
89.26806796016854
91.14397905759162
90.97772766628509
90.81147627497859
90.64522488367209
90.47897349236558
90.31272210105905
90.14647070975255
89.98021931844605
89.81396792713954
89.64771653583301
89.48146514452651
89.31521375322001
89.14896236191348
88.98271097060697
88.81645957930047
88.65020818799397
88.48395679668744
88.31770540538093
88.15145401407443
87.98520262276793
87.8189512314614
87.6526998401549
87.48644844884839
87.32019705754186
87.15394566623536
88.19409620904753
89.23424675185947
90.27439729467164
91.31454783748359
91.17255348927401
91.03055914106443
90.88856479285488
90.7465704446453
90.60457609643572
90.46258174822617
90.32058740001659
90.17859305180701
90.03659870359743
89.89460435538788
89.7526100071783
89.61061565896873
89.46862131075915
89.3266269625496
89.18463261434002
89.04263826613044
88.90064391792086
88.75864956971131
88.61665522150173
88.47466087329215
88.3326665250826
88.19067217687302
88.04867782866344
87.90668348045392
89.77773509910321
91.64878671775222
91.5053564232125
91.36192612867282
91.21849583413311
91.0750655395934
90.93163524505368
90.78820495051397
90.64477465597426
90.50134436143455
90.35791406689484
90.21448377235512
90.07105347781541
89.9276231832757
89.78419288873602
89.6407625941963
89.49733229965659
89.35390200511688
89.21047171057717
89.06704141603745
88.92361112149774
88.78018082695803
88.63675053241832
88.4933202378786
88.3498899433389
88.20645964879918
88.0630293542595
87.91959905971979
87.77616876518007
87.63273847064036
87.48930817610064