118.6632462686567
118.60962586656623
118.55600546447576
118.50238506238529
118.44876466029481
118.39514425820434
118.34152385611387
118.2879034540234
118.23428305193292
118.18066264984245
118.12704224775197
118.07342184566149
118.01980144357101
117.96618104148054
117.91256063939007
117.85894023729959
117.80531983520912
117.75169943311865
117.69807903102817
117.6444586289377
117.59083822684723
117.53721782475675
117.48359742266628
117.4299770205758
117.37635661848533
117.32273621639486
117.26911581430439
117.21549541221391
117.16187501012344
117.10825460803296
117.05463420594249
117.00101380385202
116.94739340176153
116.89377299967106
116.84015259758058
116.78653219549011
116.73291179339964
116.67929139130916
116.62567098921869
116.57205058712822
116.51843018503774
116.46480978294727
116.4111893808568
116.35756897876632
116.30394857667585
116.72427649469022
117.14460441270458
117.56493233071895
117.98526024873331
117.9245482537999
117.86383625886647
117.80312426393304
117.74241226899962
117.68170027406619
117.62098827913277
117.56027628419935
117.49956428926592
117.43885229433249
117.37814029939906
117.31742830446565
117.25671630953222
117.1960043145988
117.13529231966537
117.07458032473194
117.01386832979853
116.9531563348651
116.89244433993167
116.83173234499824
116.77102035006482
116.7103083551314
116.64959636019798
116.58888436526455
116.52817237033112
116.46746037539769
116.40674838046428
116.34603638553085
116.28532439059742
116.224612395664
116.16390040073057
116.10318840579714
106.07171314741035
106.11425055910559
106.15678797080082
106.19932538249606
106.24186279419129
106.09263516315198
105.94340753211266
105.79417990107333
105.64495227003403
105.4957246389947
105.34649700795538
105.19726937691607
105.04804174587674
104.89881411483742
104.74958648379811
104.60035885275879
104.45113122171946
104.45525539772531
104.45937957373116
104.46350374973701
104.46762792574286
104.4717521017487
104.47587627775455
104.4800004537604
104.48412462976624
104.48824880577209
104.49237298177793
104.49649715778378
104.50062133378964
104.50474550979548
104.50886968580133
104.51299386180717
104.51711803781308
100.82750582750583
101.31385636711416
101.80020690672248
102.28655744633082
102.77290798593914
103.25925852554747
103.74560906515582
103.50331743340288
103.26102580164996
103.01873416989704
102.77644253814411
102.53415090639118
102.29185927463826
102.04956764288534
101.8072760111324
101.56498437937948
101.32269274762655
101.08040111587363
100.83810948412071
100.59581785236777
100.35352622061484
100.61787967993149
100.88223313924814
101.14658659856481
101.41094005788148
101.67529351719813
101.9396469765148
102.20400043583146
102.46835389514811
102.73270735446478
102.99706081378145
103.2614142730981
103.52576773241476
103.79012119173143
104.05447465104808
104.31882811036475
104.58318156968141
104.84753502899807
105.11188848831473
105.3762419476314
105.64059540694805
105.9049488662647
106.16930232558138
106.24100653183947
106.31271073809756
106.38441494435565
106.45611915061374
106.52782335687182
106.59952756312991
106.671231769388
106.74293597564609
106.81464018190418
106.88634438816227
106.95804859442035
107.02975280067844
107.10145700693653
107.17316121319462
107.24486541945271
107.3165696257108
107.38827383196889
107.45997803822698
107.53168224448505
107.60338645074314
107.67509065700123
107.74679486325932
107.81849906951742
107.8902032757755
107.96190748203358
108.03361168829167
108.10531589454976
108.17702010080785
108.24872430706594
108.32042851332403
108.39213271958212
108.46383692584021
108.53554113209829
108.60724533835638
108.67894954461447
108.75065375087256
108.82235795713065
108.89406216338874
108.96576636964681
109.0374705759049
109.109174782163
108.95785141554637
108.80652804892975
108.65520468231314
108.50388131569652
108.35255794907991
108.20123458246329
108.04991121584666
107.89858784923004
107.74726448261343
107.59594111599681
107.4446177493802
107.29329438276358
107.14197101614695
106.99064764953033
106.83932428291372
106.6880009162971
106.53667754968049
106.38535418306387
106.23403081644724
106.08270744983062
105.93138408321401
105.78006071659739
105.62873734998078
105.47741398336416
105.32609061674754
105.17476725013091
105.0234438835143
104.87212051689768
104.72079715028107
104.56947378366445
104.41815041704783
104.2668270504312
104.1155036838146
103.96418031719797
103.81285695058136
103.66153358396474
103.51021021734812
103.3588868507315
103.20756348411489
103.05624011749826
102.90491675088165
102.75359338426503
102.60227001764841
102.45094665103178
102.29962328441518
102.14829991779855
101.99697655118194
101.84565318456532
104.23371349983779
106.62177381511027
106.74361011689464
106.86544641867903
106.9872827204634
107.10911902224777
107.23095532403215
107.35279162581651
107.47462792760089
107.59646422938526
107.71830053116963
107.84013683295402
107.96197313473839
108.08380943652276
108.20564573830713
108.3274820400915
108.44931834187588
108.57115464366025
108.69299094544462
108.81482724722899
108.93666354901336
109.05849985079774
109.18033615258211
109.30217245436648
109.42400875615087
109.54584505793522
109.66768135971961
109.78951766150398
109.91135396328835
110.03319026507273
110.15502656685709
110.27686286864147
110.39869917042584
110.52053547221021
110.6423717739946
110.76420807577895
110.88604437756334
111.0078806793477
111.12971698113206
110.9166039279155
110.70349087469896
110.49037782148241
110.27726476826585
110.0641517150493
109.85103866183275
109.6379256086162
109.42481255539965
109.2116995021831
108.99858644896653
108.78547339574999
108.57236034253344
108.35924728931688
108.14613423610032
107.93302118288378
107.71990812966723
107.50679507645067
107.29368202323413
107.08056897001757
106.86745591680102
106.65434286358446
106.44122981036791
106.22811675715135
106.01500370393481
105.80189065071826
105.5887775975017
105.37566454428516
105.1625514910686
104.94943843785205
104.73632538463549
104.52321233141895
104.31009927820239
104.09698622498584
103.88387317176928
103.67076011855274
103.45764706533618
103.24453401211963
103.03142095890308
102.81830790568654
102.95871512992122
103.09912235415591
103.09599420961023
103.09286606506456
103.08973792051887
103.08660977597319
103.0834816314275
103.08035348688183
103.07722534233615
103.07409719779046
103.07096905324478
103.0678409086991
103.06471276415343
103.06158461960774
103.05845647506206
103.05532833051637
103.0522001859707
103.04907204142502
103.04594389687934
103.04281575233365
103.03968760778798
103.0365594632423
103.03343131869661
103.03030317415093
103.02717502960526
103.02404688505958
103.02091874051389
103.01779059596821
103.01466245142254
103.01153430687685
103.00840616233117
103.00527801778549
103.00214987323982
102.99902172869413
102.99589358414845
102.99276543960276
102.9896372950571
102.98650915051141
102.98338100596573
102.98025286142004
102.97712471687437
102.97399657232869
102.970868427783
102.96774028323732
102.96461213869165
102.96148399414596
102.95835584960028
102.9552277050546
102.95209956050891
102.94897141596324
102.94584327141756
102.94271512687187
102.93958698232619
102.93645883778052
102.93333069323484
102.93020254868915
102.92707440414347
102.9239462595978
102.92081811505211
102.91768997050643
102.91456182596075
102.91143368141508
102.90830553686939
102.90517739232371
102.90204924777802
102.89892110323235
102.89579295868667
102.89266481414099
102.8895366695953
102.88640852504963
102.88328038050395
102.88015223595826
102.87702409141258
102.87389594686691
102.87076780232123
102.86763965777556
102.71767154956416
102.56770344135276
102.41773533314137
102.26776722492997
102.11779911671857
101.96783100850718
101.81786290029578
101.66789479208438
101.51792668387299
101.36795857566159
101.21799046745019
101.0680223592388
100.9180542510274
100.768086142816
100.6181180346046
100.46814992639321
100.31818181818181
101.78375030963588
103.24931880108993
103.1215262952407
102.99373378939146
102.86594128354221
102.73814877769298
102.61035627184376
102.48256376599451
102.35477126014527
102.22697875429604
102.09918624844681
101.97139374259757
101.84360123674833
101.71580873089911
101.58801622504987
101.46022371920063
101.33243121335136
102.8284085093145
104.3243858052775
104.1733691638644
104.0223525224513
103.87133588103819
103.72031923962508
103.56930259821199
103.41828595679888
103.26726931538578
103.11625267397268
102.96523603255957
102.81421939114648
102.66320274973337
102.51218610832026
102.36116946690717
102.21015282549406
102.05913618408097
101.90811954266786
101.75710290125475
101.60608625984166
101.45506961842855
101.30405297701544
101.15303633560235
101.00201969418924
100.85100305277615
100.69998641136304
100.54896976994993
100.39795312853684
100.24693648712373
100.09591984571063
99.94490320429753
99.79388656288442
99.64286992147133
99.49185328005822
99.34083663864511
99.18981999723202
99.03880335581891
98.8877867144058
98.73677007299261
100.18392658492905
101.6310830968655
103.07823960880198
102.92857612382402
102.77891263884605
102.6292491538681
102.47958566889014
102.32992218391217
102.18025869893421
102.03059521395626
101.8809317289783
101.73126824400033
101.58160475902237
101.43194127404442
101.28227778906646
101.13261430408849
100.98295081911053
100.83328733413258
100.68362384915461
100.53396036417665
100.38429687919869
100.23463339422074
100.08496990924277
99.93530642426481
99.78564293928684
99.6359794543089
99.48631596933093
99.33665248435297
99.186988999375
99.03732551439705
98.88766202941909
98.73799854444113
98.58833505946316
98.43867157448521
98.28900808950725
98.13934460452928
97.98968111955132
97.84001763457337
97.69035414959541
97.54069066461744
97.39102717963948
97.24136369466152
97.09170020968357
96.9420367247056
96.79237323972764
96.64270975474967
96.49304626977172
96.34338278479376
96.1937192998158
96.04405581483783
95.89439232985988
95.74472884488192
95.59506535990396
95.44540187492599
95.29573838994804
95.14607490497008
94.99641141999211
94.84674793501415
94.6970844500362
94.54742096505834
96.45465289469746
98.3618848243367
100.26911675397594
102.17634868361506
104.08358061325423
104.08091569120874
104.07825076916326
104.07558584711778
104.0729209250723
104.07025600302681
104.06759108098133
104.06492615893585
104.06226123689036
104.05959631484488
104.05693139279938
104.0542664707539
104.05160154870842
104.04893662666294
104.04627170461745
104.04360678257197
104.04094186052649
104.038276938481
104.03561201643552
104.03294709439002
104.03028217234454
104.02761725029906
104.02495232825358
104.0222874062081
104.01962248416261
104.01695756211713
104.01429264007164
104.01162771802616
104.00896279598068
104.00629787393518
104.0036329518897
104.00096802984422
103.99830310779873
103.99563818575325
103.99297326370777
103.99030834166228
103.9876434196168
103.98497849757132
103.98231357552581
103.78020043588236
103.57808729623892
103.37597415659546
103.173861016952
102.97174787730856
102.76963473766511
102.56752159802166
102.3654084583782
102.16329531873475
101.96118217909128
102.31987500684227
102.67856783459325
103.03726066234424
103.39595349009522
103.75464631784621
104.11333914559722
103.90956836659205
103.70579758758689
103.5020268085817
103.29825602957654
103.09448525057135
102.89071447156618
102.68694369256102
102.48317291355583
102.27940213455066
102.0756313555455
101.87186057654031
101.66808979753515
101.46431901852998
101.2605482395248
101.05677746051963
100.85300668151444
102.0155015518485
103.17799642218247
103.01479444469706
102.85159246721165
102.68839048972623
102.52518851224082
102.3619865347554
102.19878455726999
102.03558257978457
101.87238060229916
101.70917862481375
101.54597664732833
101.38277466984292
101.21957269235749
101.05637071487207
100.89316873738666
100.72996675990125
100.56676478241583
100.40356280493042
100.240360827445
100.07715884995959
99.91395687247417
99.75075489498876
99.58755291750334
99.42435094001792
100.15553056770068
100.88671019538344
101.6178898230662
102.34906945074897
102.39428612939399
102.43950280803901
102.48471948668403
102.52993616532905
102.57515284397407
102.62036952261909
102.6655862012641
102.71080287990912
102.75601955855414
102.80123623719916
102.84645291584418
102.8916695944892
102.93688627313422
102.98210295177924
103.02731963042426
103.07253630906928
103.1177529877143
103.16296966635932
103.20818634500434
103.25340302364935
103.29861970229437
103.3438363809394
103.38905305958441
103.43426973822943
103.47948641687445
103.52470309551947
103.56991977416449
103.61513645280951
103.66035313145453
103.70556981009955
103.75078648874457
103.79600316738959
103.8412198460346
103.88643652467962
103.93165320332466
103.97686988196966
104.0220865606147
104.0673032392597
104.11251991790473
104.15773659654974
104.20295327519477
104.24816995383978
104.29338663248481
104.33860331112982
104.38381998977485
104.42903666841987
104.47425334706487
104.31250458315867
104.15075581925247
103.98900705534628
103.82725829144007
103.66550952753387
103.50376076362767
103.34201199972146
103.18026323581527
103.01851447190907
102.85676570800287
102.69501694409666
102.53326818019046
102.37151941628426
102.20977065237807
102.04802188847187
101.88627312456566
101.72452436065946
101.56277559675326
101.40102683284707
101.23927806894086
101.07752930503466
100.91578054112846
100.75403177722225
100.59228301331606
100.43053424940986
100.26878548550366
100.10703672159745
99.94528795769125
99.78353919378506
99.62179042987886
99.46004166597265
99.29829290206658
101.00824143311229
102.71818996415774
102.57099692599536
102.42380388783299
102.2766108496706
102.12941781150822
101.98222477334585
101.83503173518346
101.68783869702109
101.54064565885871
101.39345262069632
101.24625958253395
101.09906654437157
100.95187350620918
100.8046804680468
101.58689607173568
102.36911167542445
103.15132727911322
103.93354288280199
103.92773750501892
103.92193212723586
103.91612674945281
103.91032137166975
103.90451599388669
103.89871061610364
103.89290523832058
103.88709986053753
103.88129448275447
103.87548910497141
103.86968372718836
103.8638783494053
103.85807297162224
103.85226759383919
103.84646221605612
103.84065683827308
103.83485146049001
103.82904608270695
103.8232407049239
103.81743532714084
103.81162994935778
103.80582457157473
103.80001919379167
103.79421381600861
103.78840843822556
103.7826030604425
103.77679768265943
103.77099230487639
103.76518692709332
103.75938154931028
103.75357617152721
103.74777079374415
103.7419654159611
103.73616003817804
103.73035466039498
103.72454928261193
103.71874390482887
103.71293852704581
103.70713314926276
103.7013277714797
103.69552239369665
103.68971701591359
103.68391163813052
103.67810626034748
103.67230088256441
103.66649550478135
103.6606901269983
103.65488474921524
103.64907937143218
103.64327399364913
103.63746861586607
103.63166323808301
103.62585786029996
103.6200524825169
103.61424710473385
103.60844172695079
103.60263634916772
103.59683097138468
103.59102559360161
103.58522021581855
103.57941483803552
103.39455187151208
103.20968890498867
103.02482593846523
102.83996297194179
102.65510000541838
102.47023703889494
102.2853740723715
102.10051110584808
101.91564813932465
101.73078517280123
101.5459222062778
101.36105923975435
101.17619627323094
100.9913333067075
100.80647034018406
100.62160737366065
100.43674440713721
100.25188144061377
100.06701847409036
99.88215550756692
99.69729254104351
99.51242957452007
99.32756660799663
99.14270364147322
98.95784067494978
98.77297770842634
98.58811474190293
98.40325177537949
98.21838880885608
98.03352584233264
97.8486628758092
97.66379990928579
97.47893694276235
97.2940739762389
97.1092110097155
96.92434804319205
96.73948507666864
96.5546221101452
96.36975914362176
96.68952551980516
97.00929189598855
97.32905827217189
97.64882464835529
97.96859102453868
98.28835740072202
98.10679448654716
97.9252315723723
97.74366865819741
97.56210574402255
97.38054282984768
97.19897991567282
97.01741700149796
96.83585408732307
96.65429117314821
96.47272825897335
96.29116534479849
96.1096024306236
95.92803951644873
95.74647660227387
95.56491368809901
95.38335077392415
95.20178785974926
95.0202249455744
94.83866203139954
94.65709911722467
94.47553620304981
94.29397328887492
94.11241037470006
93.9308474605252
93.74928454635034
93.56772163217545
93.38615871800059
93.20459580382573
93.02303288965086
92.841469975476
92.65990706130111
92.47834414712625
92.29678123295139
93.51754385964912
93.5175438596491
95.83504769304568
98.1525515264425
100.47005535983897
100.23940681425807
100.00875826867721
99.77810972309635
99.54746117751549
99.3168126319346
99.08616408635373
98.85551554077287
98.62486699519201
98.39421844961112
98.16356990403025
97.93292135844939
97.70227281286853
97.47162426728764
97.24097572170677
97.01032717612591
96.77967863054505
96.54903008496416
96.3183815393833
96.08773299380243
95.85708444822157
95.62643590264071
95.39578735705982
95.16513881147895
94.93449026589809
94.70384172031723
94.47319317473634
94.24254462915547
94.01189608357461
93.78124753799375
93.55059899241286
93.319950446832
93.08930190125113
92.85865335567027
92.62800481008938
92.39735626450852
92.16670771892765
91.93605917334679
91.7054106277659
91.47476208218504
91.24411353660417
91.01346499102328
93.78324256262567
96.55302013422823
96.35316410152265
96.1533080688171
95.95345203611151
95.75359600340596
95.55373997070038
95.35388393799482
95.15402790528924
94.95417187258369
94.7543158398781
94.55445980717255
94.35460377446697
94.15474774176141
93.95489170905583
93.75503567635027
93.55517964364469
93.35532361093914
93.15546757823356
92.955611545528
92.75575551282245
92.55589948011686
92.35604344741131
92.15618741470573
91.95633138200017
91.75647534929459
91.55661931658904
91.35676328388345
91.1569072511779
90.95705121847232
90.7571951857667
92.79497720959034
94.83275923341421
96.87054125723785
98.90832328106151
98.9511169515236
98.99391062198568
99.03670429244775
99.07949796290984
99.12229163337193
99.16508530383402
99.2078789742961
99.25067264475818
99.29346631522026
99.33625998568235
99.37905365614444
99.42184732660652
99.4646409970686
99.50743466753067
99.55022833799276
99.59302200845485
99.63581567891694
99.67860934937902
99.7214030198411
99.76419669030318
99.80699036076527
99.84978403122736
99.89257770168945
99.93537137215152
99.9781650426136
100.02095871307569
100.06375238353777
100.10654605399986
100.14933972446194
100.19213339492401
100.2349270653861
100.27772073584819
100.32051440631028
100.36330807677237
100.40610174723444
100.44889541769652
100.49168908815861
100.53448275862068
100.47556848124884
100.41665420387699
100.35773992650515
100.2988256491333
100.23991137176145
100.1809970943896
100.12208281701776
100.06316853964591
100.00425426227406
99.94533998490222
99.88642570753038
99.82751143015852
99.76859715278667
99.70968287541483
99.65076859804299
99.59185432067113
99.53294004329928
99.47402576592744
99.4151114885556
99.35619721118374
99.2972829338119
99.23836865644006
99.1794543790682
99.12054010169635
99.06162582432451
99.00271154695267
98.94379726958081
98.88488299220897
98.82596871483713
98.76705443746528
98.70814016009342
98.64922588272158
98.59031160534974
98.53139732797788
98.47248305060603
98.4135687732342
98.20061917740497
97.98766958157572
97.77471998574646
97.56177038991723
97.348820794088
97.13587119825874
96.92292160242948
96.70997200660025
96.49702241077102
96.28407281494177
96.07112321911251
95.85817362328328
95.64522402745405
95.43227443162479
95.21932483579553
95.0063752399663
94.79342564413707
94.58047604830782
94.36752645247856
94.15457685664933
96.74032243006832
99.32606800348736
99.40350400651909
99.4809400095508
99.55837601258253
99.63581201561426
99.71324801864598
99.7906840216777
99.86812002470943
99.94555602774115
100.02299203077288
100.1004280338046
100.17786403683633
100.25530003986805
100.33273604289977
100.4101720459315
100.48760804896322
100.56504405199495
100.64248005502667
100.71991605805839
100.79735206109011
100.87478806412184
100.95222406715357
101.02966007018529
101.10709607321701
101.18453207624873
101.26196807928046
101.33940408231219
101.4168400853439
101.49427608837563
101.57171209140735
101.64914809443907
101.7265840974708
101.80402010050253
101.86020394995758
101.91638779941263
101.97257164886769
102.02875549832274
102.08493934777779
102.14112319723284
102.1973070466879
102.25349089614295
102.309674745598
102.36585859505306
102.42204244450811
102.47822629396316
102.53441014341821
102.59059399287327
102.64677784232832
102.70296169178337
102.75914554123842
102.81532939069348
102.87151324014853
102.92769708960358
102.98388093905864
103.04006478851369
103.09624863796874
103.1524324874238
103.20861633687885
103.2648001863339
103.32098403578895
103.377167885244
103.43335173469906
103.48953558415411
103.54571943360916
103.60190328306422
103.65808713251927
103.71427098197432
103.77045483142938
103.82663868088443
103.88282253033948
103.93900637979453
103.99519022924959
104.05137407870464
104.1075579281597
104.16374177761475
104.2199256270698
104.27610947652485
104.3322933259799
104.38847717543496
104.44466102489001
104.50084487434506
104.55702872380012
104.61321257325517
104.35801095319113
104.10280933312708
103.84760771306304
103.592406092999
103.33720447293496
103.08200285287091
102.82680123280687
102.57159961274283
102.31639799267879
102.06119637261475
101.8059947525507
101.55079313248666
101.29559151242262
101.04038989235858
100.78518827229453
100.52998665223049
100.27478503216645
100.0195834121024
99.76438179203836
99.50918017197432
99.25397855191028
98.99877693184624
98.7435753117822
98.4883736917181
98.23317207165405
97.97797045159001
97.72276883152597
97.46756721146193
97.21236559139788
97.67588741248528
98.13940923357268
98.60293105465996
99.06645287574736
99.52997469683476
99.99349651792215
100.45701833900955
100.92054016009683
101.38406198118412
102.04471755683403
102.70537313248394
103.36602870813397
103.20787559355514
103.04972247897635
102.89156936439753
102.73341624981873
102.57526313523991
102.41711002066111
102.25895690608232
102.1008037915035
101.9426506769247
101.78449756234588
101.62634444776708
101.46819133318826
101.31003821860946
101.15188510403064
100.99373198945185
100.83557887487302
100.67742576029423
100.5192726457154
100.36111953113661
100.20296641655779
100.04481330197899
99.88666018740017
99.72850707282137
99.57035395824255
99.41220084366375
99.25404772908493
99.09589461450614
98.93774149992731
98.77958838534852
98.62143527076972
98.4632821561909
98.3051290416121
98.14697592703328
97.98882281245449
97.83066969787566
97.67251658329687
97.51436346871805
97.35621035413925
97.19805723956043
97.03990412498163
96.88175101040281
96.72359789582401
96.56544478124519
96.40729166666642
97.6080357142855
98.80877976190459
100.00952380952367
100.90921638013492
101.80890895074617
102.70860152135754
102.6896352455119
102.67066896966624
102.65170269382058
102.63273641797494
102.61377014212928
102.59480386628363
102.57583759043797
102.55687131459233
102.53790503874667
102.51893876290102
102.49997248705537
102.48100621120972
102.46203993536406
102.4430736595184
102.42410738367275
102.4051411078271
102.38617483198145
102.36720855613581
102.34824228029015
102.3292760044445
102.31030972859884
102.29134345275318
102.27237717690754
102.25341090106188
102.23444462521623
102.21547834937058
102.19651207352493
102.17754579767927
102.15857952183362
102.13961324598797
102.12064697014232
102.10168069429666
102.08271441845102
102.06374814260536
102.0447818667597
102.02581559091405
102.0068493150684
102.6942281597311
103.3816070043938
104.06898584905659
103.87609849848766
103.68321114791874
103.49032379734982
103.29743644678089
103.104549096212
102.91166174564307
102.71877439507415
102.52588704450523
102.3329996939363
102.14011234336738
101.94722499279845
101.75433764222953
101.5614502916606
101.36856294109168
101.17567559052276
100.98278823995383
100.78990088938491
100.59701353881601
100.40412618824709
100.21123883767817
100.01835148710924
99.82546413654032
99.6325767859714
99.43968943540247
99.24680208483355
99.05391473426462
98.8610273836957
98.66814003312678
98.47525268255785
98.28236533198896
98.08947798142003
97.89659063085111
97.70370328028218
97.51081592971326
97.31792857914434
97.12504122857541
96.93215387800649
96.73926652743756
96.54637917686864
96.35349182629972
96.16060447573079
95.9677171251619
95.77482977459297
95.58194242402405
95.38905507345513
95.1961677228862
95.00328037231728
94.81039302174835
94.61750567117943
94.42461832061053
97.55608332402517
100.68754832744071
103.81901333085625
106.95047833427128
106.72060373855186
106.49072914283244
106.26085454711301
106.03097995139359
105.80110535567417
105.57123075995474
105.34135616423532
105.1114815685159
104.88160697279648
104.65173237707705
104.42185778135763
104.19198318563821
103.96210858991878
103.73223399419936
103.50235939847994
103.27248480276052
103.0426102070411
102.81273561132167
102.58286101560225
102.35298641988282
102.1231118241634
101.89323722844398
101.66336263272456
101.43348803700513
101.20361344128571
100.97373884556629
100.74386424984692
100.5139896541275
100.28411505840808
100.05424046268865
99.82436586696923
99.59449127124981
99.36461667553039
99.13474207981096
98.90486748409154
98.67499288837212
98.4451182926527
98.21524369693327
97.98536910121385
97.75549450549443
98.88794354978927
100.02039259408434
101.15284163837919
102.28529068267403
103.4177397269691
104.55018877126395
105.68263781555905
105.78143021870349
105.88022262184793
105.9790150249924
106.07780742813685
106.1765998312813
106.27539223442577
106.37418463757021
106.47297704071465
106.57176944385913
106.67056184700357
106.76935425014801
106.86814665329248
106.96693905643693
107.06573145958137
107.16452386272584
107.26331626587029
107.36210866901473
107.4609010721592
107.55969347530365
107.65848587844809
107.75727828159256
107.856070684737
107.95486308788145
108.05365549102592
108.15244789417036
108.25124029731481
108.35003270045928
108.44882510360372
108.54761750674817
108.64640990989264
108.74520231303708
108.84399471618156
108.942787119326
109.04157952247044
109.14037192561489
109.08193873409012
109.02350554256535
108.96507235104058
108.9066391595158
108.84820596799103
108.78977277646626
108.7313395849415
108.67290639341672
108.61447320189195
108.55604001036718
108.49760681884241
108.43917362731764
108.38074043579287
108.3223072442681
108.26387405274333
108.20544086121856
108.14700766969379
108.08857447816902
108.03014128664427
107.9717080951195
107.91327490359473
107.85484171206996
107.79640852054519
107.73797532902041
107.67954213749564
107.62110894597087
107.5626757544461
107.50424256292133
107.44580937139656
107.3873761798718
107.32894298834702
107.27050979682225
107.21207660529748
107.15364341377271
107.09521022224794
107.03677703072317
106.97834383919842
106.91991064767365
106.86147745614888
106.8030442646241
106.74461107309934
106.68617788157457
106.6277446900498
106.56931149852502
106.51087830700025
106.45244511547548
106.39401192395071
106.33557873242594
106.27714554090117
106.2187123493764
106.16027915785163
106.10184596632686
106.04341277480209
105.98497958327732
105.92654639175254
105.78288417002835
105.63922194830417
105.49555972657998
105.3518975048558
105.20823528313161
105.06457306140743
104.92091083968322
104.77724861795903
104.63358639623485
104.48992417451066
104.34626195278648
104.20259973106226
105.50665700838817
106.81071428571428
106.6377977505048
106.46488121529532
106.29196468008581
106.11904814487633
105.94613160966685
105.77321507445734
105.60029853924786
105.42738200403838
105.25446546882887
105.08154893361939
104.9086323984099
104.73571586320043
104.56279932799094
104.3898827927814
104.21696625757193
104.04404972236244
103.87113318715296
103.69821665194348
103.525300116734
103.35238358152452
103.17946704631498
103.0065505111055
102.83363397589602
102.66071744068654
102.48780090547706
102.31488437026758
102.14196783505804
101.96905129984856
101.79613476463908
101.6232182294296
101.45030169422012
101.2773851590106