77.99256505576209
77.86243541888581
77.73230578200952
77.60217614513323
77.47204650825695
77.34191687138066
77.21178723450437
77.0816575976281
76.9515279607518
76.82139832387553
76.69126868699924
76.56113905012295
76.43100941324667
76.30087977637038
76.17075013949409
76.04062050261781
75.91049086574152
75.78036122886523
75.65023159198896
75.52010195511266
75.38997231823637
75.2598426813601
75.12971304448381
74.99958340760753
74.86945377073124
74.73932413385495
74.60919449697867
74.47906486010238
74.34893522322609
74.21880558634982
74.08867594947353
73.95854631259724
73.82841667572096
73.69828703884467
73.56815740196838
73.4380277650921
73.30789812821581
73.17776849133952
73.04763885446324
72.91750921758695
72.78737958071068
72.65724994383439
72.5271203069581
72.39699067008182
72.26686103320553
72.13673139632924
72.00660175945296
71.87647212257667
71.74634248570038
71.6162128488241
71.48608321194781
71.35595357507152
71.22582393819525
71.09569430131896
70.96556466444267
70.83543502756639
70.7053053906901
70.57517575381382
70.44504611693753
70.31491648006124
70.18478684318497
70.05465720630868
69.92452756943239
69.79439793255611
69.66426829567982
69.53413865880353
69.40400902192725
69.27387938505096
69.14374974817467
69.0136201112984
68.8834904744221
68.75336083754581
68.62323120066954
68.49310156379325
68.36297192691697
68.23284229004068
68.10271265316439
67.97258301628811
67.84245337941182
67.71232374253553
67.58219410565926
67.45206446878296
67.32193483190667
67.1918051950304
67.0616755581541
66.93154592127782
67.95369396339795
68.97584200551809
69.99799004763823
71.02013808975835
70.90892517636465
70.79771226297095
70.68649934957723
70.57528643618353
70.46407352278982
70.35286060939612
70.24164769600242
70.1304347826087
70.35737306587535
70.584311349142
70.81124963240865
71.03818791567528
71.26512619894194
71.49206448220858
71.71900276547522
71.94594104874187
72.17287933200852
72.39981761527517
72.62675589854182
72.85369418180846
73.0806324650751
73.30757074834176
73.5345090316084
73.76144731487504
73.98838559814169
73.82494334933358
73.66150110052548
73.49805885171739
73.33461660290928
73.17117435410118
73.00773210529307
72.84428985648498
72.68084760767687
72.51740535886877
72.35396311006068
72.19052086125257
72.02707861244446
71.86363636363636
72.91438645607734
73.9651365485183
73.84872811944835
73.7323196903784
73.61591126130844
73.49950283223849
73.38309440316853
73.26668597409858
73.15027754502863
73.03386911595867
73.16639778369743
73.29892645143619
73.43145511917496
73.56398378691371
73.40300079554842
73.24201780418312
73.08103481281782
72.92005182145252
72.75906883008723
72.59808583872193
72.43710284735663
72.27611985599134
72.11513686462604
71.95415387326074
71.79317088189543
71.63218789053015
71.47120489916485
71.31022190779956
71.14923891643426
70.98825592506896
70.82727293370365
70.66628994233835
70.50530695097306
70.34432395960776
70.18334096824248
70.02235797687717
69.86137498551187
69.70039199414657
69.53940900278127
69.37842601141598
69.21744302005068
69.0564600286854
68.89547703732009
68.73449404595479
68.57351105458949
68.4125280632242
68.2515450718589
68.0905620804936
67.92957908912831
67.76859609776301
67.60761310639771
67.4466301150324
67.28564712366712
67.12466413230182
66.96368114093652
66.80269814957123
66.64171515820593
66.48073216684062
66.31974917547532
66.15876618411004
65.99778319274473
65.83680020137943
65.67581721001415
65.51483421864884
65.35385122728354
65.19286823591824
65.03188524455295
64.87090225318765
64.70991926182236
64.92147508830888
65.13303091479537
65.34458674128189
65.55614256776838
65.7676983942549
65.97925422074138
66.1908100472279
66.40236587371439
66.6139217002009
66.82547752668741
67.03703335317391
67.24858917966041
67.46014500614692
67.67170083263342
67.88325665911992
68.09481248560643
68.30636831209293
68.51792413857945
68.72947996506593
68.94103579155245
69.15259161803894
69.36414744452546
69.57570327101195
69.78725909749846
69.99881492398497
70.21037075047147
70.42192657695797
70.63348240344448
70.84503822993098
71.05659405641748
71.26814988290398
71.14144822324496
71.01474656358596
70.88804490392694
70.76134324426792
70.63464158460891
70.5079399249499
70.38123826529088
70.25453660563187
70.12783494597285
70.00113328631383
69.87443162665483
69.7477299669958
69.6210283073368
69.74927221359277
69.87751611984876
70.00576002610475
70.13400393236074
70.26224783861672
70.15327112155299
70.04429440448925
69.93531768742552
69.8263409703618
69.71736425329806
69.60838753623433
69.4994108191706
69.39043410210688
69.28145738504314
69.17248066797941
69.06350395091569
68.95452723385195
68.84555051678822
68.7365737997245
68.62759708266077
68.51862036559703
68.4096436485333
68.30066693146958
68.19169021440584
68.08271349734211
67.97373678027839
67.86476006321465
67.75578334615092
67.6468066290872
67.53782991202348
68.4571577520554
69.3764855920873
70.29581343211922
71.21514127215113
72.13446911218304
73.05379695221495
73.97312479224686
74.8924526322788
75.81178047231069
76.73110831234258
76.46510867445814
76.19910903657369
75.93310939868924
75.66710976080479
75.40111012292034
75.1351104850359
74.86911084715145
74.603111209267
74.33711157138255
74.0711119334981
73.80511229561365
73.5391126577292
73.27311301984474
73.0071133819603
72.74111374407583
73.03717290142993
73.33323205878402
73.62929121613811
73.92535037349221
74.2214095308463
74.5174686882004
74.30030513304686
74.08314157789333
73.8659780227398
73.64881446758628
73.43165091243274
73.21448735727921
72.99732380212568
72.78016024697214
72.56299669181861
72.34583313666509
72.12866958151156
72.15748575866617
72.18630193582078
72.21511811297539
72.24393429013
72.27275046728461
72.30156664443922
72.33038282159383
72.35919899874844
72.3492975734355
72.4303503449259
72.51140311641628
72.59245588790665
72.67350865939704
72.57685856156372
72.4802084637304
72.3835583658971
72.28690826806378
72.19025817023046
72.09360807239716
71.99695797456383
71.90030787673052
71.80365777889722
71.70700768106389
71.61035758323058
71.89894465801117
72.18753173279175
72.47611880757235
72.76470588235296
72.65606544653318
72.54742501071343
72.43878457489365
72.3301441390739
72.22150370325411
72.11286326743436
72.00422283161458
71.89558239579483
71.78694195997505
71.6783015241553
71.56966108833554
71.46102065251577
71.352380216696
71.24373978087624
71.13509934505647
71.02645890923671
70.91781847341694
70.80917803759718
70.70053760177741
70.59189716595765
70.48325673013788
70.49439593615149
70.5055351421651
70.51667434817871
70.52781355419232
70.53895276020593
70.55009196621953
70.56123117223314
70.4087494089526
70.25626764567207
70.10378588239152
69.95130411911099
69.79882235583045
69.6463405925499
69.49385882926937
69.34137706598884
69.18889530270829
69.03641353942776
68.88393177614722
68.73145001286667
68.57896824958614
68.4264864863056
68.27400472302506
68.12152295974452
67.96904119646399
67.81655943318344
67.66407766990291
67.83941411232932
68.01475055475572
68.19008699718212
68.36542343960853
68.54075988203495
68.71609632446135
68.58524419632514
68.45439206818892
68.32353994005271
68.1926878119165
68.06183568378029
67.93098355564408
67.80013142750786
67.66927929937165
67.53842717123544
67.40757504309921
67.276722914963
67.14587078682679
67.01501865869058
66.88416653055437
66.75331440241816
66.62246227428194
66.49161014614572
66.3607580180095
66.2299058898733
66.09905376173708
65.96820163360087
65.83734950546466
65.70649737732845
65.57564524919223
65.44479312105602
65.31394099291981
65.1830888647836
65.05223673664739
64.92138460851118
64.79053248037496
64.65968035223875
64.52882822410254
64.39797609596633
64.26712396783012
64.1362718396939
64.00541971155768
63.87456758342147
63.743715455285255
63.61286332714904
63.814516409219465
64.01616949128987
64.2178225733603
64.41947565543072
64.28587167655391
64.1522676976771
64.0186637188003
63.88505973992349
63.75145576104668
63.61785178216987
63.484247803293066
63.35064382441626
63.21703984553945
63.08343586666265
62.94983188778584
62.816227908909035
62.68262393003223
62.54901995115542
62.415415972278616
62.28181199340181
62.148208014525004
62.01460403564819
61.881000056771384
61.74739607789458
61.61379209901777
61.480188120140966
61.34658414126416
61.21298016238735
61.07937618351055
60.94577220463374
60.812168225756935
60.67856424688013
60.54496026800332
60.411356289126516
60.2777523102497
60.1441483313729
60.01054435249609
59.876940373619284
59.74333639474248
59.60973241586567
59.476128436988866
59.34252445811206
59.20892047923525
59.07531650035845
58.94171252148164
58.808108542604835
58.67450456372802
58.540900584851215
58.40729660597441
58.2736926270976
58.1400886482208
58.00648466934399
57.872880690467184
57.73927671159038
57.60567273271357
57.472068753836766
58.77139723054688
60.07072570725707
59.98723022221014
59.903734737163205
59.820239252116274
59.73674376706934
59.65324828202241
59.56975279697548
59.48625731192855
59.402761826881616
59.319266341834684
59.23577085678775
59.15227537174082
59.06877988669389
58.98528440164696
58.90178891660003
58.818293431553116
59.24086064970044
59.66342786784776
60.08599508599508
59.999413454041395
59.91283182208771
59.826250190134026
59.73966855818034
59.653086926226656
59.56650529427297
59.47992366231929
59.393342030365595
59.30676039841191
59.220178766458226
59.13359713450454
59.047015502550856
58.96043387059717
58.87385223864349
58.7872706066898
58.70068897473612
58.614107342782425
58.52752571082874
59.977874777555485
61.428223844282236
61.316020006337475
61.20381616839272
61.09161233044796
60.979408492503204
60.86720465455845
60.75500081661369
60.64279697866893
60.53059314072417
60.41838930277942
60.306185464834655
60.1939816268899
60.08177778894514
59.969573951000385
59.85737011305562
59.74516627511087
59.63296243716611
59.52075859922135
59.40855476127659
59.296350923331836
59.184147085387075
59.07194324744232
58.95973940949756
58.847535571552804
58.73533173360804
58.62312789566329
58.51092405771853
58.39872021977377
58.28651638182902
58.174312543884255
58.0621087059395
57.94990486799474
57.837701030049985
57.72549719210522
57.61329335416047
57.50108951621571
57.38888567827095
57.27668184032619
57.164478002381436
57.052274164436675
56.94007032649192
56.82786648854716
56.71566265060244
57.98357478251387
59.251486914425186
60.5193990463365
61.787311178247734
61.70684179580343
61.62637241335912
61.545903030914815
61.46543364847051
61.3849642660262
61.304494883581896
61.22402550113759
61.14355611869328
61.06308673624898
60.98261735380467
60.902147971360364
61.139610320383326
61.37707266940629
61.61453501842925
61.85199736745221
62.089459716475176
62.32692206549814
62.5643844145211
62.80184676354406
63.039309112567025
62.95568208094328
62.87205504931954
62.78842801769581
62.704800986072065
62.621173954448324
62.53754692282458
62.45391989120085
62.370292859577106
62.286665827953364
62.20303879632962
62.11941176470589
63.34916389307364
64.57891602144132
64.47989496705628
64.38087391267126
64.28185285828624
64.18283180390122
64.08381074951619
63.98478969513116
63.885768640746136
63.78674758636111
63.68772653197608
63.588705477591056
63.48968442320603
63.390663368821
63.29164231443599
64.14272433183316
64.99380634923034
65.8448883666275
65.76548427572746
65.68608018482743
65.60667609392739
65.52727200302735
65.44786791212732
65.36846382122728
65.28905973032724
65.20965563942721
65.13025154852717
65.05084745762713
66.21270183532238
67.37455621301774
67.22540413684672
67.07625206067569
66.92709998450465
66.77794790833362
66.62879583216258
66.47964375599155
66.33049167982051
66.18133960364949
66.03218752747846
65.88303545130742
65.73388337513639
65.58473129896535
65.43557922279432
65.2864271466233
65.13727507045226
64.98812299428123
64.83897091811019
64.68981884193916
64.54066676576812
64.3915146895971
64.24236261342607
64.09321053725503
63.944058461084
63.79490638491296
63.64575430874193
63.49660223257091
63.34745015639987
63.19829808022884
63.0491460040578
62.89999392788677
62.750841851715734
62.60168977554471
62.45253769937368
62.303385623202644
62.15423354703161
62.005081470860574
61.85592939468954
61.70677731851852
61.557625242347484
61.40847316617645
61.259321090005415
61.11016901383438
60.961016937663345
60.811864861492325
60.66271278532129
60.513560709150255
60.36440863297922
60.215256556808185
60.06610448063715
59.91695240446613
59.767800328295095
59.61864825212406
59.469496175953026
59.32034409978199
59.171192023610956
59.022039947439936
58.8728878712689
58.723735795097866
58.57458371892683
58.4254316427558
58.27627956658476
58.12712749041374
57.97797541424271
57.82882333807167
57.67967126190064
57.5305191857296
57.38136710955857
57.23221503338755
57.08306295721651
56.93391088104548
56.78475880487444
56.63560672870341
56.486454652532416
57.789707548937486
59.092960445342555
60.396213341747625
61.699466238152695
63.002719134557765
64.30597203096283
65.6092249273679
66.91247782377292
66.90058571915067
66.8886936145284
67.08263586032818
67.27657810612799
67.47052035192779
67.66446259772756
67.85840484352737
68.05234708932717
68.24628933512695
68.44023158092675
68.63417382672655
68.82811607252633
69.02205831832613
69.21600056412593
69.40994280992571
69.60388505572551
69.79782730152532
69.9917695473251
69.98735536189785
69.98294117647055
70.38555709293672
70.7881730094029
71.19078892586913
71.5934048423353
71.99602075880148
72.39863667526765
72.80125259173383
73.2038685082
73.60648442466623
73.34848393446316
73.09048344426009
72.83248295405701
72.57448246385391
72.31648197365084
72.05848148344776
71.80048099324469
71.54248050304162
71.28448001283851
71.02647952263544
70.76847903243237
70.5104785422293
70.25247805202622
69.99447756182315
69.73647707162004
69.47847658141697
69.2204760912139
68.96247560101082
68.70447511080775
68.44647462060465
68.18847413040157
67.9304736401985
67.67247314999543
67.41447265979235
67.15647216958925
66.89847167938618
66.6404711891831
66.38247069898003
66.12447020877696
65.86646971857385
65.60846922837078
65.3504687381677
65.09246824796463
64.83446775776156
64.57646726755848
64.31846677735538
64.06046628715231
63.802465796949235
63.54446530674616
63.28646481654309
63.028464326339986
62.77046383613691
62.51246334593384
62.254462855730765
61.99646236552769
61.73846187532462
61.480461385121515
61.22246089491844
60.96446040471537
60.706459914512294
60.44845942430922
60.19045893410612
59.932458443903045
59.67445795369997
59.4164574634969
59.15845697329382
59.84508301688015
60.53170906046637
61.2183351040527
61.90496114763897
61.900345711386336
61.8957302751337
61.891114838881066
61.88649940262843
62.228254953130715
62.57001050363294
62.91176605413523
63.253521604637456
63.59527715513974
63.93703270564197
64.27878825614425
64.62054380664652
64.47137226391031
64.3222007211741
64.17302917843789
64.02385763570167
63.87468609296546
63.72551455022925
63.57634300749304
63.427171464756825
63.27799992202061
63.1288283792844
62.97965683654819
62.830485293811975
62.68131375107576
62.53214220833955
62.38297066560334
62.233799122867126
62.08462758013091
61.9354560373947
61.78628449465849
61.637112951922276
61.487941409186064
61.338769866449866
61.18959832371365
61.04042678097744
60.89125523824123
60.742083695505016
60.592912152768804
60.44374061003259
60.29456906729638
60.91760926492725
61.54064946255812
62.16368966018899
62.78672985781992
62.697089690720475
62.60744952362103
62.51780935652158
62.428169189422135
62.33852902232269
62.24888885522324
62.15924868812381
62.069608521024364
61.97996835392492
61.89032818682547
61.800688019726024
61.71104785262658
61.62140768552713
61.531767518427685
61.44212735132824
61.352487184228806
61.26284701712942
61.608195853751766
61.953544690374116
62.298893526996466
62.64424236361887
62.98959120024122
63.33494003686357
63.68028887348592
64.02563771010827
64.37098654673062
64.71633538335297
65.06168421997538
65.40703305659773
65.75238189322008
66.09773072984243
66.44307956646477
66.78842840308712
67.13377723970945
67.12423629010564
67.11469534050184
67.46764422281933
67.82059310513677
68.1735419874542
68.52649086977164
68.87943975208907
69.2323886344065
69.58533751672394
69.93828639904135
69.7776209115415
69.61695542404169
69.45628993654185
69.29562444904201
69.13495896154217
68.97429347404233
68.81362798654249
68.65296249904267
68.49229701154283
68.33163152404299
68.17096603654315
68.01030054904331
67.84963506154347
67.68896957404365
67.52830408654381
67.36763859904397
67.20697311154413
67.04630762404429
66.88564213654448
66.72497664904463
66.5643111615448
66.40364567404495
66.24298018654511
66.08231469904527
65.92164921154546
65.76098372404562
65.60031823654577
65.43965274904593
65.27898726154609
65.11832177404628
64.95765628654644
64.7969907990466
64.63632531154676
64.47565982404691
64.68251592378843
64.88937202352997
65.09622812327149
65.30308422301306
65.14181254389368
64.9805408647743
64.81926918565492
64.65799750653554
64.49672582741616
64.33545414829678
64.1741824691774
64.01291079005802
63.851639110938635
63.690367431819254
63.529095752699874
63.36782407358052
63.20655239446114
63.04528071534176
62.88400903622238
62.722737357103
62.56146567798362
62.40019399886424
62.23892231974486
62.07765064062548
61.9163789615061
61.75510728238672
61.59383560326734
61.432563924147956
61.271292245028576
61.110020565909196
60.94874888678984
60.78747720767046
60.62620552855108
60.4649338494317
60.30366217031232
60.14239049119294
59.98111881207356
59.81984713295418
59.6585754538348
59.49730377471542
59.91682264649313
60.33634151827084
60.755860390048554
61.175379261826265
61.59489813360398
62.01441700538169
62.4339358771594
62.85345474893711
63.272973620714765
63.69249249249248
63.52505635498579
63.35762021747908
63.19018407997237
63.02274794246566
62.855311804958944
62.68787566745223
62.52043952994555
62.353003392438836
62.185567254932124
62.01813111742541
61.8506949799187
61.68325884241199
61.515822704905275
61.34838656739859
61.18095042989188
61.01351429238517
60.846078154878455
60.67864201737174
60.51120587986503
60.34376974235832
60.176333604851635
60.00889746734492
59.84146132983821
59.6740251923315
59.506589054824786
59.339152917318074
59.17171677981136
59.00428064230468
58.836844504797966
58.669408367291254
58.50197222978454
58.33453609227783
58.16709995477112
57.999663817264405
57.83222767975772
57.66479154225101
57.4973554047443
57.329919267237585
57.16248312973087
56.99504699222416
56.82761085471745
56.660174717210765
56.49273857970405
56.32530244219734
56.15786630469063
55.990430167183916
55.822994029677204
55.65555789217049
55.48812175466381
55.320685617157096
55.153249479650384
54.98581334214367
54.81837720463696
54.65094106713025
54.483504929623535
54.31606879211685
54.14863265461014
53.98119651710343
53.813760379596715
55.97905216062418
58.14434394165164
60.30963572267919
60.160202030731455
60.01076833878375
59.86133464683601
59.71190095488831
59.5624672629406
59.413033570992866
59.26359987904516
59.11416618709745
58.96473249514972
58.81529880320201
58.66586511125428
58.51643141930657
58.366997727358864
58.21756403541113
58.06813034346342
57.91869665151569
57.76926295956798
57.619829267620275
57.47039557567254
57.320961883724834
57.17152819177713
57.02209449982939
56.87266080788169
56.72322711593395
56.573793423986245
56.42435973203854
56.274926040090804
56.1254923481431
55.97605865619539
55.82662496424766
55.67719127229995
55.527757580352215
55.37832388840451
55.2288901964568
55.07945650450907
54.93002281256136
54.78058912061363
54.63115542866592
54.481721736718214
54.33228804477048
54.18285435282277
54.033420660875066
53.88398696892733
53.734553276979625
53.58511958503189
53.435685893084184
53.28625220113648
53.13681850918874
52.987384817241036
52.83795112529333
52.688517433345595
52.53908374139789
52.389650049450154
52.24021635750245
52.09078266555474
51.94134897360664
54.29960036068451
56.65785174776238
59.016103134839796
61.37435452191767
63.73260590899554
66.09085729607295
68.4491086831512
68.27258808175952
68.09606748036782
67.91954687897612
67.74302627758445
67.56650567619275
67.38998507480105
67.21346447340937
67.03694387201767
66.86042327062597
66.6839026692343
66.5073820678426
66.3308614664509
66.15434086505923
65.97782026366752
65.80129966227582
65.62477906088415
65.44825845949245
65.27173785810075
65.09521725670908
64.91869665531738
64.74217605392568
64.565655452534
64.3891348511423
64.2126142497506
64.03609364835893
63.85957304696723
63.68305244557553
63.506531844183854
63.33001124279215
63.15349064140045
62.97697004000878
62.80044943861708
62.62392883722538
62.447408235833706
62.270887634442005
62.094367033050304
61.91784643165863
61.74132583026693
61.56480522887523
61.38828462748356
61.211764026091856
61.035243424700155
60.85872282330848
60.68220222191678
60.50568162052508
60.32916101913341
60.15264041774171
59.97611981635001
59.799599214958334
59.62307861356663
59.44655801217493
59.27003741078326
59.09351680939156
58.91699620799986
58.740475606608186
58.563955005216485
58.387434403824784
58.21091380243311
58.03439320104141
57.85787259964971
57.68135199825804
57.50483139686634
57.328310795474636
57.15179019408296
56.97526959269126
56.79874899129956
56.62222838990789
56.44570778851619
57.34234270421496
58.238977619913726
59.13561253561252
58.98884239474518
58.84207225387783
58.695302113010456
58.54853197214311
58.401761831275735
58.25499169040839
58.10822154954104
57.96145140867367
57.81468126780632
57.66791112693895
57.5211409860716
57.374370845204254
57.22760070433688
57.08083056346953
56.93406042260216
56.78729028173481
56.640520140867466
56.49375000000009
58.037179396843385
59.580608793686565
59.43041145797716
59.28021412226775
59.130016786558315
58.97981945084891
58.8296221151395
58.67942477943009
58.529227443720686
58.37903010801125
58.22883277230184
58.078635436592435
57.928438100883
57.77824076517359
57.628043429464185
57.47784609375478
57.32764875804537
57.177451422335935
57.02725408662653
56.87705675091712
56.726859415207684
56.57666207949828
56.42646474378887
56.27626740807946
56.126070072370055
55.97587273666062
55.82567540095121
55.675478065241805
57.68113948004793
59.6868008948546
59.545929318580335
59.40505774230607
59.264186166031834
59.12331458975757
58.982443013483305
58.84157143720904
58.700699860934805
58.55982828466054
58.418956708386276
58.27808513211204
58.137213555837775
57.99634197956351
57.855470403289246
57.71459882701501
57.573727250740745
57.43285567446648
57.291984098192216
57.15111252191798
57.010240945643716
56.86936936936945
58.2069186334752
59.544467897580944
60.88201716168646
62.219566425792095
62.08363969334275
61.94771296089337
61.81178622844402
61.67585949599467
61.53993276354532
61.404006031095946
61.2680792986466
61.13215256619725
60.99622583374787
60.86029910129852
60.724372368849174
60.5884456363998
60.45251890395045
60.3165921715011
60.18066543905175
60.044738706602374
59.908811974153025
59.772885241703676
59.6369585092543
59.50103177680495
59.3651050443556
59.22917831190625
61.24802363650906
63.26686896111187
65.28571428571428
65.14438121766813
65.00304814962197
64.8617150815758
64.72038201352964
64.57904894548349
64.43771587743731
64.29638280939116
64.15504974134501
64.01371667329883
63.87238360525268
63.73105053720653
63.58971746916035
63.4483844011142
63.307051333068046
63.165718265021866
63.024385196975715
62.88305212892956
62.74171906088338
62.60038599283723
62.459052924791195
63.60678016215138
64.75450739951134
65.90223463687153
65.7358840670461
65.56953349722068
65.40318292739528
65.23683235756985
65.07048178774443
64.904131217919
64.7377806480936
64.57143007826818
64.40507950844275
64.23872893861733
64.07237836879193
63.906027798966505
63.73967722914108
63.573326659315654
63.40697608949023
63.24062551966483
63.074274949839406
62.90792438001398
62.741573810188555
62.57522324036316
62.40887267053773
62.24252210071231
62.07617153088688
61.909820961061484
61.74347039123606
61.57711982141063
61.41076925158521
61.24441868175978
61.078068111934385
60.91171754210896
60.745366972283534
60.57901640245811
60.41266583263271
60.246315262807286
60.07996469298186
59.913614123156435
59.74726355333104
59.58091298350561
59.41456241368019
59.24821184385476
59.081861274029364
58.91551070420394
58.749160134378144
60.37246492028544
61.99576970619228
63.619074492099315
63.476148426031585
63.333222359963855
63.190296293896125
63.047370227828395
62.904444161760665
62.76151809569296
62.61859202962523
62.4756659635575
62.33273989748977
62.18981383142204
62.04688776535431
61.90396169928658
61.76103563321885
61.61810956715112
61.47518350108339
61.33225743501566
61.18933136894793
61.0464053028802
60.90347923681202
64.29323404546813
67.68298885412423
71.07274366277943
74.46249847143554
77.85225328009128
77.68345284997213
77.51465241985298
77.34585198973383
77.17705155961468
77.00825112949553
76.83945069937639
76.67065026925724
76.50184983913809
76.33304940901894
76.16424897889979
75.99544854878064
75.8266481186615
75.65784768854235
75.4890472584232
75.32024682830405
75.1514463981849
75.31948581502195
75.487525231859
75.65556464869607
75.82360406553315
75.9916434823702
76.15968289920727
75.9282597023684
75.69683650552952
75.46541330869064
75.23399011185177
75.00256691501295
74.77114371817407
74.5397205213352
74.30829732449632
74.07687412765745
73.84545093081863
73.61402773397975
73.38260453714088
73.151181340302
72.91975814346313
72.68833494662431
72.45691174978543
72.22548855294656
71.99406535610768
71.76264215926881
71.53121896242993
71.29979576559111
71.06837256875224
70.83694937191336
70.60552617507449
70.37410297823561
70.1426797813968
69.91125658455792
69.67983338771904
69.44841019088017
69.21698699404129
68.98556379720242
68.7541406003636
68.52271740352472
68.29129420668585
68.05987100984697
67.8284478130081
67.59702461616928
67.3656014193304
67.13417822249153
66.90275502565265
66.67133182881378
66.43990863197496
66.20848543513608
65.97706223829721
65.74563904145833
65.51421584461946
65.28279264778058
65.05136945094176
64.81994625410289
64.58852305726401
64.35709986042514
64.12567666358626
63.89425346674744
63.66283026990857
63.43140707306969
63.19998387623082
62.96856067939194
62.73713748255312
62.50571428571425
63.35579957959408
64.20588487347413
65.05597016735396
65.90605546123373
65.72339037773395
65.54072529423422
65.3580602107345
65.17539512723476
64.99273004373504
64.81006496023531
64.62739987673558
64.4447347932358
64.26206970973607
64.07940462623634
63.89673954273661
63.71407445923688
63.531409375737155
63.348744292237825
65.0520841188054
66.75542394537342
68.458763771941
70.16210359850902
71.86544342507648
71.20597013465317
70.54649684422986
69.88702355380656
69.22755026338325
68.56807697295983
67.90860368253652
67.24913039211322
66.58965710168991
65.9301838112666
65.2707105208433
64.6112372304201
65.6546146712517
66.69799211208306
67.74136955291456
67.64323025020525
67.54509094749596
67.44695164478668
67.34881234207737
67.25067303936808
67.1525337366588
67.05439443394948
66.9562551312402
66.85811582853091
66.7599765258216
66.76076685171859
66.76155717761554
66.71455675663488
66.66755633565421
66.62055591467356
66.65089665269656
66.68123739071957