93.06704617330803
93.21458330106113
93.36212042881422
93.50965755656732
93.65719468432042
93.80473181207351
93.95226893982661
94.0998060675797
94.2473431953328
94.3948803230859
94.542417450839
94.6899545785921
94.83749170634519
94.98502883409829
95.13256596185138
95.28010308960448
95.42764021735758
95.57517734511067
95.72271447286377
95.87025160061687
96.01778872836996
96.16532585612306
96.31286298387616
96.46040011162926
96.60793723938235
96.75547436713543
96.90301149488853
97.05054862264163
97.19808575039472
97.34562287814782
97.49316000590092
97.64069713365402
97.78823426140711
97.93577138916021
98.0833085169133
98.2308456446664
98.3783827724195
98.5259199001726
98.67345702792569
98.82099415567879
98.96853128343189
99.11606841118498
99.26360553893808
99.41114266669118
99.55867979444427
99.70621692219737
99.85375404995047
100.00129117770356
100.14882830545666
100.29636543320976
100.44390256096285
100.59143968871595
99.53485676090412
98.47827383309227
97.42169090528043
96.3651079774686
95.30852504965677
94.25194212184493
93.19535919403309
92.13877626622124
91.08219333840941
90.02561041059758
88.96902748278573
87.9124445549739
86.85586162716207
87.06369404800942
87.27152646885678
87.47935888970412
87.68719131055147
87.89502373139882
88.10285615224618
88.31068857309351
88.51852099394087
88.72635341478822
88.93418583563556
89.14201825648291
89.34985067733027
89.5576830981776
89.76551551902496
89.97334793987231
90.18118036071965
90.389012781567
90.59684520241436
90.80467762326168
89.0850371505336
87.3653966778055
85.64575620507742
83.92611573234933
82.20647525962126
82.10850696763295
82.01053867564464
81.91257038365633
81.81460209166802
81.71663379967971
81.6186655076914
81.5206972157031
81.42272892371479
81.32476063172648
81.22679233973817
81.12882404774986
81.03085575576155
80.93288746377324
80.83491917178493
80.73695087979662
80.63898258780831
80.54101429582
80.4430460038317
80.34507771184339
80.24710941985508
80.14914112786677
80.05117283587846
79.95320454389015
79.85523625190184
79.75726795991353
79.65929966792523
79.56133137593692
79.46336308394861
79.3653947919603
79.26742649997199
79.16945820798368
79.07148991599537
78.97352162400705
79.1623536697431
79.35118571547913
79.54001776121517
79.72884980695122
79.91768185268725
80.10651389842329
80.29534594415932
80.48417798989536
80.6730100356314
80.86184208136744
81.05067412710348
81.23950617283953
80.11206077872745
78.98461538461538
79.31025512660057
79.63589486858572
79.96153461057091
80.28717435255608
80.61281409454125
80.93845383652643
81.26409357851159
81.58973332049678
81.91537306248195
82.24101280446712
82.5666525464523
82.89229228843746
83.21793203042265
83.54357177240782
83.86921151439296
82.47041057341954
81.07160963244614
81.25153150395042
81.43145337545468
81.61137524695896
81.79129711846323
81.9712189899675
82.15114086147177
82.33106273297605
82.51098460448031
82.69090647598459
82.87082834748887
83.05075021899313
83.23067209049741
83.41059396200168
83.59051583350595
83.77043770501022
83.9503595765145
84.13028144801876
84.31020331952304
84.49012519102732
84.67004706253158
84.84996893403586
85.02989080554013
85.20981267704441
85.38973454854867
85.56965642005295
85.74957829155721
85.9295001630615
86.10942203456577
86.28934390607004
86.46926577757432
86.64918764907858
86.82910952058286
87.00903139208714
87.1889532635914
87.36887513509568
87.54879700659995
87.72871887810422
87.9086407496085
88.08856262111277
88.26848449261703
88.44840636412131
88.62832823562559
88.80825010712985
88.98817197863413
89.1680938501384
89.34801572164267
89.52793759314694
89.70785946465122
89.88778133615548
90.06770320765976
90.24762507916404
88.68797046678748
87.12831585441086
87.26223736691023
87.3961588794096
87.53008039190898
87.66400190440835
87.79792341690772
87.9318449294071
88.06576644190648
88.19968795440585
88.33360946690522
88.46753097940459
88.60145249190397
88.73537400440334
88.86929551690271
89.00321702940208
89.13713854190146
89.27106005440083
89.4049815669002
89.53890307939957
89.67282459189894
89.80674610439833
89.9406676168977
90.07458912939707
90.20851064189645
90.34243215439582
90.47635366689525
88.36469144499432
86.25302922309338
86.44974117355798
86.6464531240226
86.84316507448722
87.03987702495183
87.23658897541645
87.43330092588106
87.63001287634566
87.82672482681028
88.0234367772749
88.22014872773951
88.41686067820412
88.61357262866873
88.81028457913334
89.00699652959796
89.20370848006257
89.40042043052719
89.5971323809918
89.7938443314564
89.99055628192102
90.18726823238563
88.75253107283078
87.31779391327586
85.88305675372101
84.44831959416612
84.69519548099656
84.94207136782698
85.18894725465742
85.43582314148784
85.68269902831827
85.92957491514869
86.17645080197912
86.42332668880954
86.67020257563996
86.91707846247039
87.16395434930081
87.41083023613123
87.65770612296168
87.90458200979211
88.15145789662253
88.39833378345296
88.64520967028338
88.8920855571138
89.13896144394423
89.38583733077465
89.63271321760507
89.8795891044355
90.12646499126595
90.37334087809637
90.6202167649268
90.86709265175728
89.83025878398371
88.79342491621014
87.75659104843655
87.92356334290632
88.09053563737609
88.25750793184585
88.42448022631562
88.5914525207854
88.75842481525515
88.92539710972493
89.0923694041947
89.25934169866446
89.42631399313424
89.593286287604
89.76025858207377
89.92723087654355
90.0942031710133
90.26117546548308
90.42814775995285
90.59512005442261
90.76209234889238
90.92906464336215
91.09603693783191
91.2630092323017
91.42998152677146
91.59695382124123
91.763926115711
91.93089841018076
92.09787070465053
92.2648429991203
92.43181529359006
92.59878758805985
92.76575988252961
92.93273217699938
93.09970447146915
93.26667676593891
93.43364906040868
93.60062135487846
93.76759364934821
93.93456594381799
94.10153823828776
94.26851053275752
94.4354828272273
94.60245512169706
94.76942741616683
94.9363997106366
95.10337200510637
95.27034429957614
95.43731659404591
95.60428888851567
95.77126118298546
95.93823347745524
94.42694069960783
92.9156479217604
93.07737661554792
93.23910530933544
93.40083400312297
93.56256269691049
93.72429139069801
93.88602008448554
94.04774877827307
94.2094774720606
94.37120616584812
94.53293485963565
94.69466355342317
94.85639224721069
95.01812094099822
95.17984963478574
95.34157832857326
95.50330702236079
95.66503571614831
95.82676440993583
95.98849310372336
96.15022179751088
96.3119504912984
96.47367918508593
96.63540787887345
96.79713657266097
96.9588652664485
97.12059396023602
97.28232265402355
97.44405134781107
97.60578004159859
97.76750873538612
97.92923742917364
98.09096612296116
96.08714972814732
94.08333333333331
94.20470446629788
94.32607559926245
94.44744673222701
94.56881786519156
94.69018899815612
94.81156013112069
94.93293126408524
95.05430239704981
95.17567353001436
95.29704466297892
95.41841579594347
95.53978692890804
95.6611580618726
95.78252919483717
95.90390032780172
96.02527146076628
96.14664259373083
96.2680137266954
96.38938485965997
96.51075599262455
95.88006349139073
95.24937099015693
94.61867848892311
93.98798598768931
93.35729348645549
92.72660098522167
92.56126649930529
92.3959320133889
92.23059752747253
92.06526304155614
91.89992855563975
91.73459406972337
91.56925958380698
91.4039250978906
91.23859061197422
91.07325612605784
90.90792164014145
90.74258715422508
90.57725266830869
90.41191818239231
90.24658369647592
90.08124921055955
89.91591472464316
89.75058023872678
89.5852457528104
89.419911266894
89.25457678097763
89.08924229506124
88.92390780914486
88.75857332322848
88.5932388373121
88.42790435139571
88.26256986547934
88.09723537956295
87.93190089364657
87.76656640773018
87.6012319218138
87.43589743589743
87.6039375
87.77197756410256
87.94001762820513
88.1080576923077
88.27609775641025
88.44413782051282
88.61217788461539
88.78021794871795
88.94825801282052
89.11629807692309
89.28433814102564
89.45237820512821
89.62041826923077
89.78845833333334
89.95649839743591
90.12453846153846
90.29257852564103
90.4606185897436
90.62865865384616
90.79669871794873
90.9647387820513
91.13277884615385
91.30081891025642
91.468858974359
91.63689903846155
91.80493910256412
91.97297916666669
92.14101923076925
92.30905929487182
92.47709935897439
92.64513942307694
92.81317948717951
92.98121955128207
93.14925961538464
93.3172996794872
93.48533974358976
93.65337980769233
93.8214198717949
93.98945993589746
94.15750000000003
92.22923231511254
90.30096463022508
90.48083106250762
90.66069749479017
90.84056392707272
91.02043035935527
91.20029679163783
91.38016322392038
91.56002965620293
91.73989608848548
91.91976252076803
92.09962895305057
92.27949538533312
92.45936181761567
92.63922824989822
92.81909468218078
92.99896111446333
93.17882754674588
93.35869397902843
93.53856041131098
91.24440980663576
88.95025920196031
86.65610859728507
86.79237016276086
86.92863172823664
87.06489329371242
87.20115485918821
87.33741642466399
87.47367799013978
87.60993955561555
87.74620112109135
87.88246268656712
87.59365165540973
87.30484062425234
87.01602959309494
87.17282843099271
87.32962726889046
87.48642610678823
87.64322494468598
87.80002378258375
87.9568226204815
88.11362145837927
88.27042029627702
88.42721913417478
88.58401797207254
88.7408168099703
88.89761564786807
89.05441448576582
89.21121332366359
89.36801216156134
89.5248109994591
89.68160983735686
89.83840867525463
89.99520751315238
90.15200635105013
90.3088051889479
90.46560402684568
90.04163646034192
89.61766889383816
89.78892288868161
89.96017688352507
90.1314308783685
90.30268487321196
90.47393886805541
90.64519286289887
90.81644685774232
90.98770085258577
91.15895484742921
91.33020884227267
91.50146283711612
91.67271683195958
91.84397082680303
92.01522482164647
92.18647881648992
92.35773281133338
92.52898680617683
92.70024080102029
92.87149479586374
93.04274879070718
93.21400278555063
93.38525678039409
93.55651077523754
93.727764770081
93.89901876492443
94.07027275976789
94.24152675461134
94.4127807494548
94.58403474429825
94.75528873914169
94.92654273398514
95.0977967288286
95.26905072367205
95.4403047185155
95.61155871335896
95.7828127082024
95.95406670304585
96.12532069788931
96.29657469273276
96.46782868757622
96.63908268241966
96.81033667726311
96.98159067210656
97.15284466695002
97.32409866179347
97.49535265663691
97.66660665148036
97.83786064632382
98.00911464116727
98.18036863601073
98.35162263085418
98.52287662569762
98.69413062054107
98.86538461538441
97.94475856474844
97.02413251411235
96.10350646347626
95.18288041284018
94.26225436220409
93.34162831156812
92.42100226093203
91.50037621029594
90.57975015965985
89.65912410902376
88.73849805838779
87.8178720077517
86.89724595711562
85.9766199064796
86.20755312558411
86.4384863446886
86.66941956379308
86.90035278289757
87.13128600200206
87.36221922110657
87.59315244021106
87.82408565931554
88.05501887842003
88.28595209752451
88.51688531662903
88.74781853573351
88.978751754838
89.20968497394249
89.44061819304697
89.67155141215149
89.90248463125597
90.13341785036046
90.36435106946494
90.59528428856946
90.82621750767395
91.05715072677843
91.28808394588292
91.5190171649874
91.74995038409192
91.9808836031964
92.21181682230089
92.44275004140538
92.67368326050986
92.90461647961438
93.13554969871886
93.36648291782335
93.59741613692783
93.82834935603232
94.05928257513683
94.29021579424132
94.5211490133458
94.75208223245029
94.98301545155478
95.21394867065929
95.44488188976379
93.03986970565052
90.63485752153744
90.83850980212733
91.04216208271725
91.24581436330718
91.44946664389707
91.65311892448699
91.85677120507691
92.0604234856668
92.26407576625672
92.46772804684662
92.67138032743654
92.87503260802646
93.07868488861635
93.28233716920627
93.48598944979616
93.68964173038609
93.893294010976
94.0969462915659
94.30059857215582
94.50425085274574
94.70790313333563
94.91155541392556
95.11520769451545
95.31885997510537
95.52251225569529
95.72616453628518
95.9298168168751
96.133469097465
96.33712137805492
96.54077365864484
96.74442593923473
96.94807821982477
95.45589394862213
93.96370967741936
94.1604269958165
94.35714431421363
94.55386163261073
94.75057895100787
94.947296269405
95.1440135878021
95.34073090619924
95.53744822459637
95.73416554299348
95.93088286139061
96.12760017978775
96.32431749818485
96.52103481658199
96.71775213497912
96.91446945337623
95.53492623334478
94.15538301331321
92.77583979328165
92.9642669333227
93.15269407336376
93.34112121340485
93.5295483534459
93.71797549348696
93.90640263352805
94.0948297735691
94.28325691361016
94.47168405365119
93.2012807707348
91.9308774878184
90.66047420490202
89.39007092198581
89.64456264775414
89.89905437352245
90.15354609929078
90.40803782505911
90.66252955082741
90.91702127659575
91.17151300236405
91.42600472813238
91.68049645390072
91.93498817966902
92.18947990543735
92.44397163120568
92.69846335697399
92.95295508274232
93.20744680851065
93.46193853427896
93.71643026004729
93.97092198581561
93.51929638565963
93.06767078550365
92.61604518534767
92.1644195851917
91.71279398503572
91.26116838487972
91.44785015237981
91.63453191987993
91.82121368738002
92.00789545488014
92.19457722238023
92.38125898988035
92.56794075738044
92.75462252488056
92.94130429238068
93.12798605988077
93.31466782738089
93.50134959488098
93.6880313623811
93.87471312988119
94.0613948973813
94.2480766648814
94.43475843238151
94.62144019988163
94.80812196738172
94.99480373488184
95.18148550238193
95.36816726988205
95.55484903738214
95.74153080488226
95.92821257238235
96.11489433988247
96.30157610738256
96.48825787488268
96.6749396423828
96.86162140988289
97.048303177383
97.2349849448831
97.42166671238321
97.6083484798833
97.79503024738342
97.98171201488351
98.16839378238365
94.74599974462853
91.32360570687419
91.52210417572653
91.72060264457889
91.91910111343122
92.11759958228356
92.31609805113592
92.51459651998826
92.7130949888406
92.91159345769296
93.1100919265453
93.30859039539763
93.50708886425
93.70558733310233
93.90408580195466
94.10258427080703
94.30108273965936
94.4995812085117
94.69807967736406
94.8965781462164
95.09507661506873
95.2935750839211
95.49207355277343
95.69057202162577
95.88907049047813
96.08756895933047
96.2860674281828
96.48456589703517
96.6830643658875
96.88156283473984
97.0800613035922
97.27855977244454
97.47705824129687
97.67555671014924
97.87405517900157
98.07255364785391
98.27105211670627
98.46955058555861
98.66804905441094
98.8665475232633
99.06504599211553
97.55616752675246
96.04728906138939
94.5384105960265
94.68184061513846
94.82527063425043
94.96870065336239
95.11213067247436
95.25556069158633
95.3989907106983
95.54242072981026
95.68585074892223
95.8292807680342
95.97271078714617
96.11614080625813
96.2595708253701
96.40300084448208
96.54643086359404
96.68986088270601
96.83329090181797
96.97672092092995
97.12015094004191
97.26358095915388
97.40701097826584
97.55044099737782
97.69387101648978
97.83730103560175
97.98073105471371
98.12416107382569
94.6762327398501
91.22830440587447
91.47358993836815
91.7188754708618
91.96416100335549
92.20944653584914
92.45473206834282
92.70001760083647
92.94530313333016
93.19058866582384
93.43587419831749
93.68115973081117
93.92644526330483
94.17173079579851
94.41701632829216
94.66230186078587
92.7900093440328
90.91771682727946
91.073426236741
91.22913564620251
91.38484505566402
91.54055446512555
91.69626387458706
91.85197328404857
92.0076826935101
92.16339210297161
92.31910151243312
92.47481092189466
92.63052033135617
92.78622974081767
92.94193915027921
93.09764855974072
93.25335796920223
93.40906737866376
93.56477678812527
93.72048619758681
93.87619560704832
94.03190501650982
94.18761442597136
94.34332383543287
94.49903324489438
94.65474265435591
94.81045206381742
94.96616147327893
95.1218708827405
94.41042005209317
93.69896922144585
92.98751839079853
92.27606756015109
91.56461672950377
90.85316589885645
90.14171506820912
89.4302642375618
88.71881340691448
88.00736257626716
87.29591174561973
87.52912239718911
87.76233304875852
87.9955437003279
88.22875435189731
88.46196500346669
88.6951756550361
88.92838630660547
89.16159695817487
88.16582902522885
87.17006109228282
86.1742931593368
85.17852522639072
85.61826321908728
86.05800121178379
86.49773920448035
86.93747719717692
87.37721518987341
87.29816164000705
87.21910809014068
87.14005454027432
87.06100099040796
86.9819474405416
86.90289389067524
87.03868014950913
87.17446640834301
87.3102526671769
87.44603892601077
87.58182518484466
87.71761144367854
87.85339770251242
87.98918396134631
88.12497022018019
88.26075647901408
88.39654273784795
88.53232899668184
88.66811525551572
88.8039015143496
88.93968777318348
89.07547403201737
89.21126029085124
89.34704654968513
89.482832808519
89.6186190673529
89.75440532618677
89.89019158502066
90.02597784385455
90.16176410268842
90.29755036152231
90.43333662035619
90.56912287919008
90.70490913802395
90.84069539685784
90.97648165569171
86.09009267969759
81.20370370370372
81.46378099685168
81.72385828999967
81.98393558314763
82.24401287629559
82.50409016944357
82.76416746259153
83.02424475573949
83.28432204888747
83.54439934203543
83.80447663518339
84.06455392833135
84.32463122147934
84.5847085146273
84.84478580777525
85.10486310092324
85.3649403940712
85.62501768721916
85.88509498036714
86.1451722735151
86.40524956666306
86.66532685981105
86.925404152959
87.18548144610696
87.4455587392547
85.467812106363
83.4900654734713
81.5123188405797
81.7559575472971
81.9995962540145
82.24323496073191
82.48687366744932
82.73051237416672
82.97415108088413
83.21778978760153
83.46142849431897
83.70506720103637
83.94870590775378
84.19234461447118
84.43598332118859
84.67962202790599
84.9232607346234
85.1668994413408
85.00437565913236
84.84185187692395
84.67932809471554
84.5168043125071
84.3542805302987
84.19175674809028
84.02923296588187
83.86670918367341
84.20300828166191
84.53930737965041
84.87560647763885
85.21190557562736
85.5482046736158
85.8845037716043
86.22080286959275
86.55710196758125
86.89340106556969
87.22970016355819
87.56599926154664
87.90229835953514
88.23859745752364
88.57489655551208
88.91119565350058
89.24749475148903
89.58379384947753
89.92009294746597
90.25639204545462
89.65622760544636
89.05606316543822
88.45589872543007
87.85573428542182
87.25556984541367
86.65540540540542
83.18331053351574
83.52850417711886
83.87369782072193
84.218891464325
84.56408510792807
84.90927875153113
85.2544723951342
85.59966603873727
85.9448596823404
86.29005332594346
86.63524696954653
86.9804406131496
87.32563425675266
87.67082790035573
88.0160215439588
88.36121518756192
88.70640883116499
89.05160247476806
89.39679611837113
89.7419897619742
90.08718340557726
90.43237704918033
88.60573325017822
86.7790894511761
84.9524456521739
85.18983037966504
85.42721510715614
85.66459983464728
85.90198456213838
86.13936928962949
86.37675401712062
86.61413874461172
86.85152347210285
87.08890819959396
87.32629292708509
87.5636776545762
87.8010623820673
88.03844710955843
88.27583183704954
88.51321656454067
88.75060129203177
88.98798601952288
89.22537074701401
89.46275547450512
89.70014020199625
89.93752492948735
90.17490965697849
90.41229438446959
90.6496791119607
90.88706383945183
91.12444856694293
91.36183329443406
91.59921802192517
91.83660274941627
92.0739874769074
92.31137220439851
92.54875693188964
92.78614165938075
93.02352638687188
93.26091111436295
93.49829584185409
91.51635289155774
89.53440994126186
87.55246699096597
87.76889361239049
87.98532023381503
88.20174685523958
88.41817347666412
88.63460009808867
88.85102671951321
89.06745334093776
89.2838799623623
89.50030658378685
89.71673320521137
89.93315982663592
90.14958644806046
90.366013069485
90.58243969090955
90.7988663123341
91.01529293375864
91.23171955518319
91.44814617660774
91.66457279803225
91.8809994194568
92.09742604088134
92.31385266230589
92.53027928373044
92.74670590515498
92.96313252657953
93.17955914800407
93.39598576942862
93.61241239085314
93.82883901227768
94.04526563370223
94.26169225512677
94.47811887655143
94.00073418740749
93.52334949826354
93.04596480911971
92.56858011997588
92.09119543083193
91.61381074168798
91.80484846254592
91.99588618340388
92.18692390426185
92.37796162511981
92.56899934597777
90.34621053444926
88.12342172292074
85.90063291139239
86.10529487815043
86.30995684490847
86.51461881166651
86.71928077842455
86.92394274518261
87.12860471194065
87.33326667869869
87.53792864545673
87.74259061221477
87.94725257897281
88.15191454573085
88.35657651248889
88.56123847924692
88.76590044600496
88.970562412763
89.17522437952107
89.37988634627911
89.58454831303715
89.78921027979518
89.99387224655322
90.19853421331126
90.4031961800693
90.60785814682734
90.81252011358538
91.01718208034342
91.22184404710148
91.42650601385952
91.63116798061756
91.8358299473756
92.04049191413364
92.24515388089168
92.44981584764972
92.65447781440776
92.8591397811658
93.06380174792383
93.26846371468187
93.47312568143994
93.67778764819798
93.88244961495602
94.08711158171405
94.2917735484721
94.49643551523013
92.8764883383426
91.256541161455
91.42512530668188
91.59370945190878
91.76229359713568
91.93087774236258
92.09946188758948
92.26804603281636
92.43663017804326
92.60521432327016
92.77379846849703
92.94238261372394
93.11096675895084
93.27955090417774
93.44813504940464
93.61671919463151
93.78530333985842
93.95388748508532
94.12247163031219
94.29105577553909
94.459639920766
94.6282240659929
94.7968082112198
94.96539235644667
95.13397650167357
95.30256064690047
92.23734589722062
89.17213114754097
89.37295160001497
89.57377205248898
89.77459250496298
89.97541295743699
90.17623340991099
90.377053862385
90.577874314859
90.77869476733301
90.97951521980701
91.18033567228102
91.38115612475502
91.58197657722903
91.78279702970303
89.1441176447297
86.50543825975689
86.74353349785213
86.98162873594737
87.21972397404261
87.45781921213785
87.69591445023309
87.93400968832833
88.17210492642334
85.80385181596239
83.4355987055016
83.66506802597587
83.89453734645014
84.12400666692434
84.35347598739861
84.58294530787282
84.81241462834708
85.04188394882135
85.27135326929556
85.50082258976983
85.73029191024403
85.9597612307183
86.18923055119257
86.41869987166677
86.64816919214104
86.87763851261525
87.10710783308951
87.33657715356378
87.56604647403799
87.79551579451226
88.02498511498646
88.25445443546073
88.483923755935
88.7133930764092
88.94286239688347
89.17233171735768
89.40180103783194
89.63127035830621
88.38836380111184
87.14545724391769
85.90255068672332
86.15355879421895
86.40456690171453
86.65557500921011
86.90658311670569
87.15759122420127
87.4085993316969
87.65960743919248
87.91061554668806
88.1616236541837
88.41263176167928
88.66363986917486
88.91464797667044
89.16565608416602
89.41666419166165
89.66767229915723
89.91868040665281
90.16968851414845
90.42069662164403
90.6717047291396
90.92271283663518
91.17372094413076
91.4247290516264
91.67573715912198
91.92674526661756
92.1777533741132
92.42876148160877
92.67976958910435
92.93077769659993
93.18178580409551
93.43279391159115
93.68380201908673
93.9348101265823
93.29415932259258
92.65350851860285
92.01285771461312
91.37220691062339
90.7315561066336
90.91328267426482
91.09500924189601
91.2767358095272
91.45846237715841
91.6401889447896
91.82191551242079
92.00364208005197
92.18536864768316
92.36709521531438
92.54882178294557
92.73054835057675
92.91227491820797
93.09400148583916
93.27572805347035
93.45745462110153
93.63918118873272
93.82090775636394
94.00263432399512
94.18436089162631
94.36608745925753
94.54781402688872
94.7295405945199
94.91126716215109
95.09299372978228
95.2747202974135
95.45644686504468
95.63817343267587
95.81990000030709
96.00162656793827
96.18335313556946
96.36507970320065
96.54680627083184
96.72853283846305
96.91025940609424
97.09198597372543
97.27371254135664
97.45543910898783
97.63716567661902
97.81889224425021
98.0006188118814
96.00523551431525
94.00985221674875
94.17642073086611
94.3429892449835
94.50955775910086
94.67612627321824
94.8426947873356
95.00926330145299
95.17583181557035
95.3424003296877
95.50896884380509
95.67553735792245
95.84210587203984
96.0086743861572
96.17524290027458
96.34181141439194
95.63851766904725
94.93522392370244
94.23193017835763
93.52863643301282
92.82534268766801
92.1220489423232
91.41875519697851
90.7154614516337
90.01216770628889
89.30887396094408
88.60558021559922
88.79710935590595
88.98863849621267
89.18016763651934
89.37169677682607
89.5632259171328
89.75475505743952
89.94628419774625
90.13781333805298
90.3293424783597
90.52087161866638
90.7124007589731
90.90392989927983
91.09545903958656
91.28698817989329
91.47851732020001
91.67004646050674
91.86157560081341
92.05310474112014
92.24463388142686
92.43616302173359
92.62769216204032
92.81922130234705
93.01075044265377
93.2022795829605
93.39380872326717
93.5853378635739
93.77686700388062
93.96839614418735
94.15992528449408
94.3514544248008
94.54298356510753
94.24718319186087
93.9513828186142
93.65558244536754
93.35978207212088
93.06398169887427
92.76818132562761
92.47238095238095
92.66569723217964
92.85901351197839
93.05232979177714
93.24564607157583
93.43896235137458
93.63227863117334
93.82559491097209
94.01891119077078
94.21222747056953
94.40554375036828
94.59886003016697
94.79217630996573
94.98549258976448
95.17880886956323
95.37212514936192
95.56544142916067
95.75875770895942
95.95207398875812
96.14539026855687
96.33870654835562
96.53202282815437
94.29029974628793
92.04857666442103
89.80685358255454
90.02483868490583
90.24282378725712
90.46080888960842
90.67879399195971
90.896779094311
91.11476419666224
91.33274929901353
91.55073440136482
91.76871950371611
91.9867046060674
92.2046897084187
92.42267481076993
92.64065991312123
92.85864501547252
93.07663011782381
93.2946152201751
93.5126003225264
93.73058542487769
93.94857052722892
94.16655562958022
93.6621124201597
93.15766921073907
92.65322600131856
92.14878279189804
91.64433958247753
91.13989637305701
91.30663353424274
91.47337069542843
91.64010785661415
91.80684501779987
91.9735821789856
92.14031934017132
92.30705650135701
92.47379366254273
92.64053082372845
92.80726798491418
92.9740051460999
93.14074230728562
93.30747946847131
93.47421662965704
93.64095379084276
93.80769095202848
93.9744281132142
94.1411652743999
94.30790243558562
94.47463959677134
94.64137675795706
94.80811391914278
94.97485108032848
95.1415882415142
95.30832540269992
95.47506256388564
95.64179972507137
95.80853688625706
95.97527404744278
96.1420112086285
96.30874836981423
96.47548553099995
96.64222269218567
96.80895985337136
96.97569701455708
97.1424341757428
97.30917133692853
97.47590849811425
97.64264565929994
97.80938282048567
97.97611998167139
98.14285714285711
97.3320802005012
96.52130325814528
95.71052631578937
94.89974937343345
94.08897243107754
93.27819548872185
92.46741854636593
91.65664160401002
91.88148456784279
92.10632753167556
92.33117049550833
92.55601345934105
92.7808564231738