63.849747474747474
63.7880515431745
63.72635561160152
63.97827735389135
64.23019909618118
64.48212083847102
64.37839450431413
64.27466817015723
64.17094183600034
64.06721550184345
63.96348916768656
63.859762833529665
63.756036499372776
63.65231016521588
63.54858383105899
63.4448574969021
63.55711299138671
63.669368485871324
63.78162398035593
63.893879474840546
64.00613496932516
63.85808306766327
63.71003116600138
63.56197926433949
63.413927362677605
63.26587546101571
63.11782355935382
62.969771657691936
62.82171975603004
62.673667854368155
62.52561595270627
62.377564051044374
62.22951214938249
62.0814602477206
61.93340834605871
61.78535644439682
61.63730454273493
61.489252641073044
61.34120073941115
61.19314883774926
61.045096936087376
60.89704503442549
60.748993132763594
60.60094123110171
60.45288932943982
60.304837427777926
60.15678552611604
60.00873362445415
61.911560600971086
63.81438757748802
65.71721455400495
67.62004153052189
69.52286850703882
71.42569548355576
73.32852246007269
75.23134943658962
77.13417641310656
79.03700338962348
80.93983036614041
82.84265734265735
82.65452833895648
82.4663993352556
82.27827033155474
82.09014132785387
81.902012324153
81.71388332045214
81.52575431675126
81.3376253130504
81.14949630934953
80.96136730564865
80.77323830194779
80.58510929824692
80.39698029454604
80.20885129084517
80.02072228714431
79.83259328344344
79.64446427974256
79.4563352760417
79.26820627234083
79.08007726863997
78.89194826493909
78.70381926123822
78.51569025753736
78.32756125383648
78.13943225013561
77.95130324643475
77.76317424273387
77.575045239033
77.38691623533214
77.19878723163127
77.0106582279304
76.82252922422956
79.28872322389199
81.7549172235544
84.22111122321684
86.68730522287927
89.15349922254168
91.61969322220412
94.08588722186653
96.55208122152897
99.0182752211914
101.48446922085381
103.95066322051625
106.41685722017866
108.8830512198411
111.34924521950353
113.81543921916594
113.36587846427663
112.91631770938734
112.46675695449805
112.01719619960875
111.56763544471946
111.11807468983017
110.66851393494088
110.21895318005159
109.7693924251623
109.319831670273
108.8702709153837
108.42071016049441
107.9711494056051
107.52158865071581
107.07202789582652
106.62246714093723
106.17290638604794
105.72334563115865
105.27378487626936
104.82422412138006
104.37466336649076
103.92510261160147
103.47554185671217
103.02598110182288
102.57642034693359
102.1268595920443
101.677298837155
101.22773808226572
100.77817732737643
100.32861657248712
99.87905581759783
99.42949506270853
98.97993430781924
98.53037355292994
98.08081279804065
97.63125204315136
97.18169128826207
96.73213053337277
96.28256977848348
95.83300902359419
95.3834482687049
94.9338875138156
94.4843267589263
94.03476600403701
93.58520524914772
93.13564449425843
92.68608373936914
92.23652298447983
91.78696222959054
91.33740147470125
90.88784071981196
90.43827996492266
89.98871921003337
89.53915845514408
89.08959770025479
88.6400369453655
88.19047619047619
88.28190271816881
88.37332924586144
88.46475577355406
88.55618230124668
88.6476088289393
88.73903535663192
88.83046188432455
88.92188841201718
88.69013330330006
88.45837819458293
88.22662308586581
87.99486797714869
87.76311286843156
87.53135775971444
87.29960265099731
87.06784754228019
86.83609243356307
86.60433732484594
86.37258221612882
86.1408271074117
85.90907199869457
85.67731688997745
85.44556178126032
85.2138066725432
84.98205156382608
84.75029645510895
84.51854134639183
84.2867862376747
84.05503112895758
83.82327602024046
83.59152091152333
83.35976580280621
83.1280106940891
82.89625558537197
82.66450047665485
82.43274536793773
82.2009902592206
81.96923515050348
81.73748004178636
81.50572493306923
81.27396982435211
81.042214715635
80.81045960691787
80.57870449820075
80.34694938948363
80.1151942807665
79.88343917204938
79.65168406333225
79.41992895461513
79.188173845898
78.95641873718088
78.72466362846376
78.49290851974663
78.26115341102951
78.02939830231239
77.79764319359526
77.56588808487814
77.33413297616102
77.10237786744389
76.87062275872677
76.63886765000964
76.40711254129252
76.1753574325754
75.94360232385827
75.71184721514115
75.48009210642402
75.2483369977069
75.01658188898978
74.78482678027265
74.55307167155554
74.32131656283842
74.0895614541213
73.85780634540417
73.62605123668705
73.39429612796992
73.1625410192528
72.93078591053568
72.69903080181855
72.46727569310144
72.23552058438432
72.0037654756672
71.77201036695007
71.54025525823295
71.30850014951582
71.0767450407987
70.84498993208157
70.61323482336445
70.38147971464733
70.1497246059302
69.91796949721308
69.68621438849596
69.45445927977883
69.22270417106171
68.99094906234458
68.75919395362746
68.52743884491034
68.29568373619321
68.06392862747609
67.83217351875896
67.60041841004184
68.11716887410054
68.63391933815925
68.44091641529224
68.24791349242523
68.0549105695582
67.86190764669118
67.66890472382417
67.47590180095716
67.28289887809015
67.08989595522313
66.8968930323561
66.7038901094891
66.51088718662209
66.31788426375508
66.12488134088805
65.93187841802103
65.73887549515402
65.54587257228701
65.35286964941999
65.15986672655296
64.96686380368595
64.77386088081894
64.58085795795193
64.38785503508491
64.19485211221789
64.00184918935088
63.80884626648387
63.61584334361685
63.422840420749836
63.22983749788282
63.0368345750158
62.843831652148786
62.650828729281784
65.83745137140806
69.02407401353423
72.21069665566051
75.3973192977868
78.58394193991296
81.77056458203924
84.95718722416552
88.1438098662918
91.33043250841808
94.51705515054425
97.70367779267053
100.89030043479681
104.07692307692312
103.30130939182712
102.52569570673111
101.75008202163511
100.97446833653908
100.19885465144307
99.42324096634707
98.64762728125106
97.87201359615506
97.09639991105905
96.32078622596305
95.54517254086704
94.76955885577104
93.993945170675
93.218331485579
92.442717800483
91.66710411538699
90.89149043029099
90.11587674519498
89.34026306009898
88.56464937500297
87.78903568990694
87.01342200481093
86.23780831971493
85.46219463461892
84.68658094952292
83.91096726442692
83.13535357933091
82.3597398942349
81.5841262091389
80.8085125240429
80.03289883894689
79.25728515385089
78.48167146875488
77.70605778365888
76.93044409856282
76.15483041346681
75.3792167283708
74.6036030432748
73.8279893581788
73.05237567308279
72.27676198798679
71.50114830289078
70.72553461779478
69.94992093269877
69.17430724760277
68.39869356250676
67.62307987741076
66.84746619231476
66.07185250721875
65.29623882212275
64.52062513702674
63.74501145193068
62.969397766834675
62.19378408173867
61.418170396642665
60.64255671154666
59.866943026450656
59.09132934135465
58.31571565625865
57.54010197116264
56.76448828606658
56.822085944321074
56.87968360257557
56.937281260830055
56.99487891908454
57.052476577339036
57.11007423559353
57.16767189384804
56.85432092686963
56.54096995989123
56.227618992912824
55.91426802593442
55.600917058956014
55.287566091977624
54.97421512499922
54.660864158020814
54.34751319104241
54.034162224064005
53.7208112570856
53.407460290107196
53.094109323128805
52.7807583561504
52.467407389171996
52.15405642219359
51.840705455215186
51.52735448823678
51.21400352125838
50.900652554279986
50.58730158730157
51.53669844145384
52.48609529560616
53.43549214975843
54.3848890039107
55.334285858063026
56.283682712215295
57.23307956636762
58.18247642051989
59.13187327467216
60.081270128824485
61.030666982976754
61.98006383712902
62.92946069128135
63.87885754543362
64.82825439958589
65.77765125373821
66.72704810789048
67.67644496204275
68.62584181619508
69.57523867034735
70.52463552449962
71.47403237865194
72.42342923280421
73.3728260869565
73.11873188405794
72.8646376811594
72.61054347826084
72.35644927536228
72.10235507246374
71.84826086956518
71.59416666666664
71.34007246376808
71.08597826086954
70.83188405797098
70.57778985507244
70.32369565217388
70.06960144927534
69.81550724637678
69.56141304347824
69.30731884057968
69.05322463768114
68.79913043478258
68.54503623188403
68.29094202898548
68.03684782608693
67.78275362318838
67.52865942028983
67.27456521739128
67.02047101449273
66.76637681159418
66.51228260869563
66.25818840579709
66.00409420289853
65.75
70.49457813428398
75.23915626856797
79.98373440285195
84.72831253713593
89.47289067141992
94.21746880570409
93.95502049845255
93.69257219120102
93.43012388394949
93.16767557669796
92.90522726944643
92.6427789621949
92.38033065494336
92.11788234769183
91.8554340404403
91.59298573318877
91.33053742593724
91.0680891186857
90.80564081143416
90.54319250418263
90.2807441969311
90.01829588967956
89.75584758242803
89.4933992751765
89.23095096792497
88.96850266067344
88.7060543534219
88.44360604617037
88.18115773891884
87.91870943166731
87.65626112441578
87.39381281716425
87.13136450991271
86.86891620266118
86.60646789540965
86.34401958815812
86.08157128090659
85.81912297365506
85.55667466640352
85.29422635915199
85.03177805190046
84.76932974464893
84.50688143739737
84.24443313014584
83.9819848228943
83.71953651564277
83.45708820839124
83.19463990113971
82.93219159388818
82.66974328663665
82.40729497938511
82.14484667213358
81.88239836488205
81.61995005763052
81.35750175037899
81.09505344312745
80.83260513587592
80.57015682862439
80.30770852137286
80.04526021412133
79.7828119068698
79.52036359961826
79.25791529236673
78.9954669851152
78.73301867786367
78.47057037061214
78.2081220633606
77.94567375610907
77.68322544885754
77.42077714160601
77.15832883435448
76.89588052710295
76.63343221985141
76.37098391259988
76.10853560534835
75.84608729809679
75.58363899084526
75.32119068359373
75.0587423763422
74.79629406909066
74.53384576183913
74.2713974545876
74.00894914733607
73.74650084008454
73.484052532833
73.91751373159755
74.3509749303621
74.09969786023143
73.84842079010073
73.59714371997006
73.34586664983937
73.0945895797087
72.84331250957803
72.59203543944733
72.34075836931666
72.08948129918596
71.8382042290553
71.5869271589246
71.33565008879393
71.08437301866326
70.83309594853256
70.58181887840189
70.33054180827119
70.07926473814052
69.82798766800983
69.57671059787916
69.32543352774849
69.07415645761779
68.82287938748712
68.57160231735642
68.32032524722575
68.06904817709506
67.81777110696439
67.56649403683372
67.31521696670302
67.06393989657235
66.81266282644165
66.56138575631098
66.31010868618029
66.05883161604962
65.80755454591895
65.55627747578825
65.30500040565758
65.05372333552688
64.80244626539621
64.55116919526552
64.29989212513485
64.32313116154346
64.34637019795207
64.3696092343607
64.3928482707693
64.41608730717792
64.43932634358654
64.46256537999516
64.48580441640377
64.26614835403842
64.04649229167308
63.82683622930773
63.607180166942385
63.38752410457704
63.167868042211694
62.94821197984635
62.728555917481
63.061327484557154
63.394099051633304
63.169939552302566
62.945780052971855
62.72162055364112
62.49746105431038
62.27330155497964
62.0491420556489
61.82498255631819
61.60082305698745
61.37666355765671
61.152504058325974
60.92834455899526
60.704185059664525
60.480025560333786
60.25586606100305
60.03170656167231
59.8075470623416
59.58338756301086
59.35922806368012
59.13506856434938
58.91090906501867
58.68674956568793
58.462590066357194
58.238430567026455
58.014271067695745
57.790111568365006
57.56595206903427
57.34179256970353
57.11763307037279
56.89347357104208
56.66931407171134
56.4451545723806
56.22099507304986
55.99683557371915
55.772676074388414
55.548516575057675
55.32435707572694
55.1001975763962
54.87603807706549
54.65187857773475
54.42771907840401
54.20355957907327
53.97940007974256
53.75524058041182
53.53108108108108
55.81956352904626
58.1080459770115
58.10804597701156
59.37783642855754
60.64762688010353
61.91741733164952
63.18720778319562
64.4569982347416
65.72678868628759
66.99657913783358
68.26636958937968
69.53616004092567
70.80595049247165
72.07574094401755
71.82880901771156
71.58187709140557
71.33494516509958
71.0880132387936
70.8410813124876
70.59414938618161
70.34721745987562
70.10028553356963
69.85335360726364
69.60642168095765
69.35948975465163
69.11255782834564
68.86562590203965
68.61869397573366
68.37176204942767
68.12483012312168
67.87789819681569
67.6309662705097
67.38403434420371
67.13710241789772
66.89017049159173
66.64323856528574
66.39630663897975
66.14937471267376
65.90244278636774
65.65551086006175
65.40857893375576
65.16164700744977
64.91471508114378
64.66778315483779
64.4208512285318
64.17391930222581
63.92698737591982
63.68005544961383
63.43312352330784
63.18619159700185
62.93925967069586
62.69232774438987
62.44539581808385
62.19846389177786
61.95153196547187
61.70460003916588
61.45766811285989
61.2107361865539
60.96380426024791
60.71687233394192
60.46994040763593
60.22300848132994
59.976076555024065
61.2503345615869
62.52459256814984
63.798850574712645
63.56339211076278
63.32793364681294
63.0924751828631
62.85701671891326
62.62155825496342
62.38609979101358
62.15064132706374
61.91518286311387
61.67972439916403
61.44426593521419
61.20880747126435
60.97334900731451
60.73789054336467
60.50243207941483
60.26697361546499
60.03151515151512
62.3772069317024
64.72289871188968
67.06859049207674
69.41428227226402
71.7599740524513
74.10566583263835
76.45135761282563
78.79704939301268
81.14274117319997
83.48843295338725
85.8341247335743
88.17981651376141
87.86721286360228
87.55460921344314
87.24200556328401
86.92940191312485
86.61679826296572
86.30419461280658
85.99159096264745
85.67898731248829
85.36638366232916
85.05378001217002
84.74117636201089
84.42857271185173
84.1159690616926
83.80336541153346
83.49076176137433
83.17815811121517
82.86555446105604
82.5529508108969
82.24034716073777
81.92774351057861
81.61513986041948
81.30253621026034
80.98993256010121
80.67732890994205
80.36472525978292
80.05212160962378
79.73951795946465
79.42691430930549
79.11431065914635
78.80170700898722
78.48910335882809
78.17649970866893
77.8638960585098
77.55129240835066
77.23868875819153
76.9260851080324
76.61348145787323
76.3008778077141
75.98827415755497
75.67567050739584
75.36306685723667
75.05046320707754
74.73785955691841
74.42525590675928
74.11265225660011
73.80004860644098
73.48744495628185
73.17484130612272
72.86223765596355
72.54963400580442
72.23703035564529
71.92442670548616
71.611823055327
71.29921940516786
70.98661575500873
70.6740121048496
70.36140845469043
70.0488048045313
69.73620115437217
69.42359750421303
69.11099385405387
68.79839020389474
68.48578655373561
68.17318290357647
67.86057925341731
67.54797560325818
67.23537195309905
66.92276830293991
66.61016465278075
66.29756100262162
65.98495735246249
65.67235370230335
65.3597500521442
65.04714640198512
65.6233284029509
66.19951040391679
66.06076129881545
65.92201219371411
65.78326308861277
65.64451398351143
65.50576487841009
65.36701577330875
65.2282666682074
65.08951756310606
64.95076845800472
64.81201935290338
64.67327024780204
64.5345211427007
64.39577203759936
64.25702293249802
64.11827382739668
63.97952472229534
63.840775617193984
63.702026512092644
63.563277406991304
63.42452830188995
48.20549300061066
32.98645769933137
17.767422398052076
2.5483870967727853
21.73231747806858
40.916247859364375
60.10017824066017
79.28410862195597
98.46803900325028
98.05751899297815
97.64699898270601
98.15360295619308
98.66020692968016
99.16681090316723
99.6734148766543
100.18001885014138
99.79631619151814
99.41261353289485
99.02891087427156
98.64520821564832
98.26150555702503
97.87780289840174
97.49410023977845
97.11039758115521
96.72669492253192
96.34299226390863
95.95928960528539
95.5755869466621
95.1918842880388
94.80818162941551
94.42447897079228
94.04077631216899
93.6570736535457
93.27337099492246
92.88966833629917
92.50596567767587
92.12226301905258
91.73856036042935
91.35485770180605
90.97115504318276
90.58745238455953
90.20374972593623
89.82004706731294
89.43634440868965
89.05264175006641
88.66893909144312
88.28523643281983
87.9015337741966
87.5178311155733
87.13412845695001
86.75042579832672
86.36672313970348
85.98302048108019
85.5993178224569
85.2156151638336
84.83191250521037
84.44820984658708
84.06450718796378
83.68080452934055
83.29710187071726
82.91339921209396
82.52969655347067
82.14599389484744
81.76229123622414
81.37858857760085
80.99488591897762
80.61118326035432
80.22748060173103
79.84377794310774
79.4600752844845
79.07637262586121
78.69266996723792
78.30896730861468
77.92526464999139
77.5415619913681
77.1578593327448
76.77415667412157
76.39045401549828
76.00675135687499
75.6230486982517
75.23934603962846
74.85564338100517
74.47194072238187
74.08823806375864
73.70453540513535
73.32083274651205
72.93713008788876
72.55342742926553
72.1697247706422
72.21385587915358
72.25798698766496
72.30211809617634
72.34624920468772
72.3903803131991
72.08838370199754
71.78638709079598
71.48439047959437
71.18239386839281
70.88039725719125
70.57840064598969
70.27640403478813
69.97440742358657
69.67241081238501
69.37041420118345
69.60599650864904
69.84157881611463
70.07716112358023
70.31274343104582
70.54832573851141
70.783908045977
70.52154594951327
70.25918385304954
69.9968217565858
69.73445966012207
69.47209756365834
69.2097354671946
68.94737337073087
68.68501127426714
68.42264917780341
68.16028708133967
68.7902129851143
69.42013888888891
69.18800176834662
68.9558646478043
68.72372752726201
68.49159040671972
68.25945328617743
68.02731616563514
67.79517904509285
67.56304192455056
67.33090480400827
67.09876768346598
66.86663056292369
66.6344934423814
66.40235632183911
66.17021920129679
65.9380820807545
65.70594496021221
65.47380783966992
65.24167071912763
65.00953359858534
64.77739647804304
64.54525935750075
64.31312223695846
64.08098511641617
63.84884799587388
63.61671087533156
63.93340036909868
64.25008986286579
64.5667793566329
64.88346885040002
65.20015834416714
65.51684783793425
65.83353733170136
65.60302062469864
65.37250391769595
65.14198721069323
64.91147050369054
64.68095379668782
64.45043708968512
64.2199203826824
63.98940367567971
63.75888696867699
63.5283702616743
63.297853554671576
63.067336847668884
62.83682014066616
62.60630343366344
62.37578672666075
62.14527001965803
61.914753312655336
61.684236605652615
61.45371989864992
61.2232031916472
60.99268648464451
60.76216977764179
60.531653070639095
60.301136363636374
60.8899706615224
61.47880495940842
62.06763925729443
61.95256190370381
61.837484550113174
61.72240719652254
61.607329842931904
62.31939539878158
63.03146095463126
63.74352651048085
63.51148519963047
63.279443888780065
63.04740257792969
62.81536126707928
62.58331995622888
62.3512786453785
62.119237334528094
61.88719602367772
61.65515471282731
61.423113401976906
61.19107209112653
60.95903078027612
60.726989469425746
60.49494815857534
60.262906847724935
60.03086553687456
59.79882422602415
59.566782915173775
59.33474160432337
59.102700293472964
58.87065898262259
58.63861767177218
58.406576360921804
58.17453505007052
62.18149469060336
66.1884543311362
70.19541397166904
74.20237361220188
78.20933325273472
82.21629289326756
86.2232525338004
90.23021217433325
94.23717181486518
98.24413145539899
97.90177131318109
97.55941117096319
97.21705102874529
96.87469088652739
96.53233074430949
96.18997060209159
95.84761045987375
96.94093778178535
98.03426510369701
97.65738151498238
97.28049792626769
96.90361433755305
96.52673074883842
96.14984716012378
95.7729635714091
95.39607998269446
95.01919639397983
94.64231280526514
94.2654292165505
93.88854562783587
93.51166203912123
93.13477845040654
92.75789486169191
92.38101127297728
92.00412768426264
91.62724409554795
91.25036050683332
90.87347691811868
90.49659332940405
90.11970974068936
89.74282615197473
89.36594256326009
88.98905897454546
88.61217538583077
88.23529179711613
87.8584082084015
87.48152461968687
87.10464103097218
86.72775744225754
86.35087385354291
85.97399026482822
85.59710667611358
85.22022308739895
84.84333949868432
84.46645590996962
84.08957232125499
83.71268873254036
83.33580514382572
82.95892155511103
82.5820379663964
82.20515437768177
81.82827078896713
81.45138720025244
81.0745036115378
80.69762002282317
80.32073643410853
80.4556520406811
80.59056764725368
80.72548325382625
80.86039886039885
80.52311243825733
80.18582601611575
79.84853959397424
79.51125317183272
79.17396674969115
78.83668032754963
78.49939390540811
78.1621074832666
77.82482106112502
77.4875346389835
77.15024821684199
76.81296179470041
76.4756753725589
76.13838895041738
75.80110252827586
75.46381610613429
75.12652968399277
74.78924326185125
74.45195683970968
74.11467041756816
73.77738399542665
73.44009757328513
73.10281115114356
72.76552472900204
72.42823830686052
72.09095188471895
71.75366546257743
71.41637904043591
71.07909261829434
70.74180619615282
70.4045197740113
71.00944556469926
71.61437135538722
72.21929714607518
72.82422293676319
72.52391550507457
72.22360807338595
71.92330064169732
71.6229932100087
71.32268577832008
71.02237834663146
70.72207091494283
70.42176348325421
70.12145605156559
69.82114861987696
69.52084118818834
69.22053375649978
68.92022632481115
68.61991889312253
68.31961146143391
68.01930402974529
67.71899659805666
67.41868916636804
67.11838173467942
66.8180743029908
66.51776687130217
66.21745943961355
65.91715200792493
65.6168445762363
65.31653714454774
65.01622971285906
67.30771278901011
69.59919586516116
71.89067894131182
71.55058485383921
71.21049076636655
70.87039667889388
70.53030259142128
70.19020850394861
69.850114416476
70.61073953485993
71.37136465324386
71.0605323736342
70.7497000940246
70.43886781441495
70.12803553480529
69.8172032551957
69.50637097558604
69.19553869597638
68.88470641636678
68.57387413675713
68.26304185714747
67.95220957753787
67.64137729792822
67.33054501831862
67.01971273870896
66.7088804590993
66.3980481794897
66.08721589988005
65.7763836202704
65.4655513406608
65.15471906105114
64.84388678144154
64.53305450183188
64.22222222222229
64.77646673221898
65.33071124221578
65.88495575221239
65.87822745805384
65.8714991638953
65.86477086973674
65.8580425755782
65.85131428141965
65.8445859872611
66.51515892228974
67.1857318573185
66.91307835524759
66.64042485317663
66.36777135110566
66.0951178490347
65.82246434696373
65.54981084489282
65.99033864018497
66.43086643547713
66.87139423076923
66.6022445740731
66.33309491737691
66.06394526068073
65.79479560398454
65.52564594728841
65.25649629059222
64.98734663389604
64.71819697719991
64.44904732050372
64.17989766380754
63.91074800711135
63.64159835041522
63.372448693719036
63.10329903702285
62.83414938032672
62.564999723630535
62.29585006693446
62.76442790130716
63.23300573567985
63.70158357005266
64.17016140442536
64.63873923879805
65.10731707317075
64.92918020836498
64.75104334355922
64.57290647875345
64.39476961394769
64.75147094499522
65.10817227604275
65.46487360709028
65.82157493813781
66.17827626918535
65.98845807580642
65.79863988242752
65.60882168904863
65.41900349566973
65.22918530229083
65.0393671089119
64.849548915533
64.65973072215411
65.67077445198606
66.68181818181816
66.4945243128964
66.30723044397462
66.11993657505286
65.9326427061311
65.74534883720935
67.92594655881749
70.10654428042517
72.2871420020333
74.46773972364144
76.64833744524913
78.82893516685726
81.00953288846517
80.71495205381171
80.42037121915826
80.12579038450474
79.83120954985128
79.53662871519782
79.24204788054436
78.9474670458909
78.65288621123739
78.35830537658393
78.06372454193047
77.76914370727695
77.4745628726235
77.17998203797003
76.88540120331658
76.59082036866312
76.2962395340096
76.00165869935614
75.70707786470268
75.41249703004917
75.11791619539571
74.82333536074225
74.52875452608879
74.23417369143533
73.93959285678181
73.64501202212836
73.3504311874749
73.05585035282138
72.76126951816792
72.46668868351446
72.172107848861
71.87752701420754
71.58294617955403
71.28836534490057
70.99378451024711
70.6992036755936
70.40462284094014
70.11004200628668
69.81546117163322
69.52088033697976
69.22629950232624
68.93171866767278
68.63713783301932
68.34255699836581
68.04797616371235
67.75339532905889
67.45881449440543
67.16423365975197
66.86965282509846
66.575071990445
66.28049115579154
65.98591032113802
65.69132948648456
65.3967486518311
65.10216781717764
64.80758698252419
64.51300614787067
64.21842531321721
63.92384447856375
63.629263643910235
63.334682809256776
63.04010197460332
62.74552113994986
62.4509403052964
62.15635947064288
61.861778635989424
61.567197801335965
61.27261696668245
60.97803613202899
60.68345529737553
60.38887446272207
60.09429362806861
59.7997127934151
59.50513195876164
59.21055112410818
58.91597028945466
58.621389454801204
58.326808620147744
58.032227785494285
57.737646950840826
57.44306611618731
57.14848528153385
56.85390444688039
56.559323612226876
56.26474277757342
55.97016194291996
55.6755811082665
55.38100027361304
55.086419438959524
54.791838604306065
54.497257769652606
55.464519172174505
56.431780574696404
57.3990419772183
58.36630337974043
59.33356478226233
60.30082618478423
61.26808758730613
62.235348989828026
63.202610392349925
64.16987179487177
63.93442778156481
63.69898376825779
63.46353975495077
63.22809574164381
62.992651728336796
62.75720771502978
62.52176370172282
62.2863196884158
62.050875675108784
61.815431661801824
61.57998764849481
61.34454363518779
61.10909962188083
60.87365560857381
60.638211595266796
60.402767581959836
60.16732356865282
59.9318795553458
59.69643554203884
59.460991528731824
59.22554751542481
58.99010350211785
58.75465948881083
58.51921547550381
58.28377146219685
58.048327448889836
57.812883435582876
58.387353686893334
58.96182393820368
59.53629418951414
60.110764440824596
60.68523469213494
61.2597049434454
61.834175194755744
62.4086454460662
62.98311569737666
63.557585948687006
64.13205619999746
64.70652645130792
65.28099670261827
65.85546695392873
66.42993720523907
67.00440745654953
67.57887770785999
68.15334795917033
68.72781821048079
69.30228846179114
69.8767587131016
70.45122896441205
71.0256992157224
71.60016946703286
72.1746397183432
72.74910996965366
73.32358022096412
73.89805047227446
74.47252072358492
75.04699097489538
75.62146122620572
76.19593147751601
75.97478922789412
75.75364697827223
75.53250472865034
75.31136247902839
75.0902202294065
74.8690779797846
74.64793573016271
74.42679348054077
74.20565123091887
73.98450898129698
73.76336673167509
73.54222448205314
73.32108223243125
73.09993998280936
72.87879773318747
72.65765548356552
72.43651323394363
72.21537098432174
71.99422873469985
71.7730864850779
71.551944235456
71.33080198583411
71.10965973621222
70.88851748659027
70.66737523696838
70.44623298734649
70.2250907377246
70.00394848810265
69.78280623848076
69.56166398885887
69.34052173923698
69.11937948961503
68.89823723999314
68.67709499037124
68.45595274074935
68.2348104911274
68.01366824150551
67.79252599188362
67.57138374226173
67.35024149263978
67.12909924301789
66.907956993396
66.68681474377411
66.46567249415216
66.24453024453032
67.3121767531652
68.37982326180008
69.44746977043496
70.51511627906973
70.23849407066223
69.96187186225472
69.68524965384722
69.40862744543972
69.13200523703222
68.85538302862471
68.57876082021721
68.30213861180971
68.0255164034022