106.47692307692307
106.64463774597495
106.81235241502684
106.98006708407871
107.14778175313059
107.31549642218246
107.48321109123434
107.65092576028623
107.8186404293381
107.98635509838998
108.15406976744185
108.01338975353771
107.87270973963356
108.07866893975144
108.28462813986931
108.4905873399872
108.69654654010509
108.90250574022296
109.10846494034084
109.31442414045873
109.52038334057661
109.72634254069449
109.93230174081238
109.7932579866247
109.65421423243701
109.51517047824933
109.37612672406165
109.23708296987395
109.09803921568627
109.3981860330339
109.69833285038152
109.99847966772916
110.29862648507678
110.5987733024244
110.89892011977204
111.19906693711967
111.4992137544673
111.79936057181493
112.09950738916257
112.02269456874618
111.94588174832978
111.86906892791337
111.79225610749697
111.71544328708057
111.63863046666418
111.56181764624777
111.48500482583137
111.40819200541497
111.33137918499858
111.25456636458217
111.17775354416577
111.1148199375114
111.05188633085704
110.98895272420268
110.92601911754831
110.86308551089394
110.80015190423957
110.73721829758522
110.67428469093085
110.61135108427648
110.54841747762211
110.48548387096774
110.70457161566033
110.92365936035291
111.14274710504549
111.36183484973807
111.58092259443066
111.80001033912325
112.01909808381583
112.2381858285084
112.457273573201
112.67636131789358
112.89544906258617
113.11453680727874
113.33362455197133
113.55271229666391
113.7718000413565
113.99088778604909
114.20997553074167
114.42906327543425
114.64815102012683
114.86723876481942
115.086326509512
115.30541425420458
115.52450199889716
115.74358974358975
114.77472170106317
113.80585365853659
114.15180817782412
114.49776269711165
114.84371721639918
115.18967173568672
115.53562625497423
115.88158077426176
116.2275352935493
116.57348981283681
116.91944433212434
117.26539885141187
117.61135337069939
117.95730788998692
118.30326240927445
118.64921692856197
118.9951714478495
119.34112596713703
119.68708048642455
120.0330350057121
120.37898952499961
120.72494404428714
121.07089856357467
121.41685308286219
121.76280760214972
122.10876212143725
122.45471664072477
122.8006711600123
123.14662567929983
123.49258019858735
123.83853471787488
124.18448923716241
124.53044375644996
123.33298985887748
122.13553596130501
120.93808206373257
119.74062816616009
120.0558938395559
120.37115951295172
120.68642518634755
121.00169085974336
121.31695653313918
121.632222206535
121.94748787993082
122.26275355332663
122.57801922672246
122.89328490011829
123.208550573514
119.81494201539601
116.42133345727802
113.02772489916003
109.6341163410421
106.24050778292411
102.84689922480621
102.8468992248063
99.09412595174024
95.34135267867418
91.58857940560802
87.83580613254205
88.18256975205699
88.52933337157194
88.87609699108688
89.22286061060183
89.56962423011677
89.91638784963172
90.26315146914666
90.60991508866161
90.95667870817655
91.3034423276915
91.65020594720646
91.9969695667214
92.34373318623635
92.6904968057513
93.03726042526625
93.3840240447812
93.73078766429614
94.07755128381109
94.42431490332604
94.77107852284098
95.11784214235593
95.46460576187087
95.81136938138582
96.15813300090076
96.5048966204157
96.85166023993067
97.19842385944561
97.54518747896056
97.89195109847552
98.23871471799046
98.5854783375054
98.93224195702035
99.2790055765353
99.62576919605024
99.97253281556519
100.31929643508013
100.66606005459508
100.06278434940855
99.45950864422201
99.74284250992362
100.02617637562523
100.30951024132685
100.59284410702847
100.87617797273008
101.15951183843168
101.4428457041333
101.72617956983491
102.00951343553652
102.29284730123814
102.57618116693975
102.85951503264135
103.14284889834298
103.4261827640446
103.7095166297462
103.99285049544781
104.27618436114943
104.55951822685104
104.84285209255265
105.12618595825427
104.43067073596029
103.73515551366634
103.96965150737199
104.20414750107764
104.4386434947833
104.67313948848897
104.90763548219462
105.14213147590027
105.37662746960592
105.61112346331157
105.84561945701724
106.08011545072289
106.31461144442855
106.5491074381342
106.78360343183985
106.24551761432068
105.7074317968015
105.96080980922721
106.21418782165293
106.46756583407864
106.72094384650435
106.97432185893007
107.22769987135578
107.4810778837815
107.73445589620721
107.98783390863292
108.24121192105864
108.49458993348435
108.74796794591005
109.00134595833576
109.25472397076148
109.50810198318719
109.7614799956129
110.01485800803862
110.26823602046433
110.52161403289003
110.77499204531574
111.02837005774145
111.28174807016717
111.53512608259288
111.7885040950186
112.04188210744431
112.29526011987002
112.54863813229574
112.14042081273797
111.7322034931802
111.32398617362242
110.91576885406465
111.13879583570944
111.36182281735424
111.58484979899902
111.80787678064381
112.0309037622886
112.25393074393338
112.47695772557817
112.69998470722297
112.92301168886775
113.14603867051254
113.36906565215733
113.59209263380211
113.8151196154469
114.0381465970917
114.26117357873648
114.48420056038127
114.70722754202606
114.93025452367084
115.15328150531563
115.37630848696043
115.5993354686052
115.82236245025
116.04538943189479
116.26841641353957
116.49144339518436
116.71447037682915
116.93749735847393
117.16052434011873
117.38355132176352
117.6065783034083
117.82960528505309
118.05263226669788
118.27565924834266
118.49868622998746
118.72171321163225
118.94474019327703
119.1677671749218
119.39079415656661
119.61382113821139
119.50413203548872
119.39444293276605
119.28475383004337
119.1750647273207
119.06537562459803
118.95568652187536
118.8459974191527
118.73630831643001
118.96404665314401
119.19178498985801
119.419523326572
119.647261663286
119.875
119.77937373864783
119.68374747729567
119.58812121594349
119.49249495459132
119.39686869323916
119.30124243188698
119.20561617053481
119.10998990918264
119.2688473244948
119.42770473980693
119.58656215511908
119.74541957043122
119.90427698574337
119.73198605624734
119.55969512675128
119.38740419725525
119.21511326775921
119.04282233826316
118.87053140876714
118.69824047927108
118.52594954977505
118.353658620279
118.18136769078296
118.18136769078299
118.20811066110936
118.23485363143574
118.26159660176211
118.28833957208849
118.31508254241487
118.34182551274125
118.36856848306762
118.395311453394
118.42205442372038
118.44879739404675
118.47554036437313
118.50228333469951
118.52902630502588
118.55576927535226
118.58251224567864
118.60925521600501
118.63599818633139
118.66274115665777
118.68948412698411
118.45227156356187
118.21505900013963
117.97784643671739
117.74063387329514
117.50342130987292
117.73101076555024
117.95860022122756
118.18618967690487
118.41377913258218
118.6413685882595
118.86895804393681
119.09654749961413
119.32413695529145
119.55172641096877
119.77931586664609
120.0069053223234
120.23449477800072
120.46208423367804
120.68967368935535
120.91726314503266
121.14485260070998
121.3724420563873
121.60003151206462
121.82762096774192
121.25294227861957
120.67826358949725
120.1035849003749
119.52890621125258
118.95422752213022
118.37954883300787
117.80487014388555
117.2301914547632
116.65551276564085
116.08083407651853
115.50615538739618
114.93147669827385
114.3567980091515
113.78211932002915
113.20744063090683
112.63276194178448
112.05808325266216
112.20943031861756
112.36077738457296
112.51212445052835
112.66347151648375
112.81481858243914
112.96616564839454
113.11751271434994
113.26885978030533
113.42020684626073
113.57155391221613
113.72290097817152
113.87424804412692
114.02559511008232
114.17694217603771
114.3282892419931
114.47963630794851
114.6309833739039
114.7823304398593
114.9336775058147
115.08502457177009
115.23637163772548
115.38771870368089
115.53906576963628
115.69041283559167
115.84175990154708
115.99310696750246
116.14445403345786
116.29580109941327
116.44714816536865
116.59849523132405
116.74984229727946
116.90118936323483
117.05253642919024
117.20388349514563
117.40931444473182
117.614745394318
117.82017634390421
118.0256072934904
118.23103824307658
118.43646919266277
118.64190014224896
118.84733109183514
119.05276204142133
119.25819299100752
119.4636239405937
119.6690548901799
119.87448583976608
120.07991678935227
120.28534773893846
120.49077868852464
116.81110270077374
113.13142671302285
109.45175072527172
105.77207473752082
102.09239874976993
98.4127227620188
94.7330467742679
91.05337078651684
91.43353798751158
91.8137051885063
92.19387238950105
92.5740395904958
92.95420679149052
93.33437399248527
93.71454119347999
94.09470839447474
94.47487559546946
94.8550427964642
95.23520999745892
95.61537719845367
95.99554439944839
96.37571160044314
96.75587880143786
97.13604600243261
97.51621320342733
97.89638040442208
98.2765476054168
98.65671480641154
99.03688200740626
99.41704920840101
99.79721640939573
100.17738361039048
100.55755081138523
100.93771801237995
101.3178852133747
101.69805241436941
102.07821961536416
102.45838681635888
102.83855401735363
103.21872121834835
103.5988884193431
103.97905562033782
104.35922282133257
104.73939002232729
105.11955722332203
105.49972442431675
105.8798916253115
106.26005882630622
106.64022602730097
107.02039322829569
107.40056042929044
107.78072763028516
107.66599601148518
107.5512643926852
107.4365327738852
107.32180115508524
107.20706953628525
107.09233791748527
107.34545085021341
107.59856378294154
107.85167671566968
108.10478964839781
108.35790258112596
108.6110155138541
108.86412844658223
109.11724137931037
108.7040842005033
108.29092702169626
108.56446501432222
108.83800300694818
109.11154099957415
109.38507899220014
109.6586169848261
109.93215497745206
110.20569297007802
110.47923096270398
110.75276895532997
111.02630694795593
111.29984494058189
111.57338293320785
111.84692092583381
112.12045891845978
112.39399691108576
112.66753490371173
112.94107289633769
113.21461088896365
113.48814888158961
113.7616868742156
114.03522486684156
114.30876285946752
114.58230085209348
114.85583884471944
115.1293768373454
115.4029148299714
115.67645282259735
115.94999081522332
116.22352880784928
116.49706680047524
116.77060479310123
117.04414278572719
117.31768077835315
117.59121877097911
117.86475676360507
118.13829475623106
118.41183274885702
118.68537074148304
118.36537493364057
118.04537912579809
117.72538331795562
117.40538751011314
117.08539170227067
116.76539589442815
116.95992566998635
117.15445544554456
116.57451501247687
115.99457457940917
115.41463414634146
115.63663070362001
115.85862726089857
116.08062381817712
116.30262037545567
116.52461693273423
116.74661349001279
116.96861004729134
117.1906066045699
117.41260316184845
117.63459971912701
117.85659627640557
118.07859283368411
118.30058939096267
118.02487494015287
117.7491604893431
117.4734460385333
117.1977315877235
116.9220171369137
116.64630268610392
116.37058823529412
116.56161616759381
116.75264409989349
116.94367203219316
117.13469996449285
117.32572789679253
117.51675582909222
117.7077837613919
117.89881169369157
118.08983962599126
118.28086755829094
118.47189549059063
118.6629234228903
118.85395135518998
119.04497928748967
119.23600721978934
119.42703515208903
119.61806308438871
119.80909101668838
120.00011894898807
120.19114688128775
119.31307344064385
118.435
118.59327935976178
118.75155871952354
118.90983807928532
119.0681174390471
119.22639679880886
119.38467615857064
119.5429555183324
119.70123487809418
119.85951423785596
120.01779359761773
120.1760729573795
120.33435231714127
120.49263167690304
120.65091103666482
120.80919039642659
120.96746975618836
121.12574911595013
121.2840284757119
121.44230783547368
121.60058719523545
121.75886655499723
121.91714591475899
122.07542527452077
122.23370463428255
122.39198399404431
122.55026335380609
122.70854271356785
122.31853826610163
121.9285338186354
121.53852937116918
121.14852492370295
121.34745105480562
121.54637718590828
121.74530331701095
121.94422944811362
122.14315557921628
122.34208171031895
122.54100784142162
122.73993397252428
122.93886010362695
122.74815548323556
122.55745086284418
122.36674624245279
122.1760416220614
121.98533700167002
121.79463238127863
121.60392776088725
121.41322314049586
121.66851665672658
121.9238101729573
122.17910368918803
122.43439720541875
122.6896907216495
122.36101804123712
122.03234536082476
121.70367268041241
121.375
121.58857748469146
121.80215496938294
122.0157324540744
122.22930993876588
122.44288742345734
122.65646490814882
122.87004239284028
123.08361987753176
123.29719736222322
123.5107748469147
123.72435233160627
123.15329048182821
122.5822286320502
122.01116678227214
121.44010493249414
120.86904308271613
120.29798123293807
119.72691938316007
119.155857533382
118.584795683604
118.01373383382594
117.44267198404785
117.66964926350653
117.89662654296524
118.12360382242392
118.35058110188263
118.5775583813413
118.80453566080001
119.03151294025872
119.2584902197174
119.48546749917611
119.71244477863479
119.9394220580935
120.16639933755218
120.39337661701089
120.62035389646957
120.84733117592828
121.07430845538696
121.30128573484566
121.52826301430437
121.75524029376305
121.98221757322176
121.46901361158535
120.95580964994889
120.44260568831248
119.92940172667608
119.41619776503967
118.90299380340326
118.38978984176686
117.87658588013045
117.36338191849399
116.85017795685758
116.33697399522117
115.82377003358476
115.31056607194836
114.79736211031195
110.37346938775508
110.71094029749489
111.04841120723472
111.38588211697453
111.72335302671436
112.06082393645417
112.398294846194
112.73576575593381
113.07323666567365
113.41070757541345
113.74817848515329
114.0856493948931
114.42312030463293
114.76059121437274
115.09806212411257
115.43553303385238
115.77300394359222
116.11047485333202
116.44794576307186
116.78541667281166
117.1228875825515
117.4603584922913
117.79782940203111
118.13530031177095
118.47277122151075
118.81024213125059
119.1477130409904
119.48518395073023
119.82265486047004
120.16012577020987
120.49759667994968
120.83506758968952
121.17253849942932
121.51000940916916
121.84748031890896
122.1849512286488
122.5224221383886
122.85989304812847
119.48669826445303
116.11350348077758
112.74030869710259
109.36711391342715
105.9939191297517
102.62072434607646
103.01398336508427
103.40724238409214
103.80050140309996
104.19376042210777
104.58701944111564
104.98027846012346
105.37353747913133
105.76679649813914
106.16005551714696
106.55331453615483
106.94657355516264
107.33983257417052
107.73309159317833
108.1263506121862
108.51960963119402
108.91286865020183
109.3061276692097
109.69938668821752
110.09264570722539
110.4859047262332
110.87916374524102
111.27242276424889
111.6656817832567
112.05894080226457
112.45219982127239
112.8454588402802
113.23871785928807
113.63197687829589
114.02523589730376
114.41849491631157
114.81175393531939
115.20501295432726
115.59827197333507
115.99153099234294
116.38479001135076
116.32263102051073
116.2604720296707
116.19831303883066
116.13615404799063
116.0739950571506
116.01183606631056
115.94967707547053
115.8875180846305
115.82535909379047
115.76320010295044
115.7010411121104
115.63888212127037
115.57672313043034
115.5145641395903
115.45240514875027
115.39024615791024
115.32808716707021
115.64486145481112
115.96163574255206
116.27841003029295
116.59518431803389
116.91195860577483
117.22873289351577
117.54550718125665
117.8622814689976
118.17905575673853
118.49583004447942
118.81260433222036
119.1293786199613
119.44615290770224
119.76292719544313
120.07970148318407
120.39647577092501
118.49070770293861
116.58493963495243
114.67917156696626
112.77340349897986
110.86763543099369
108.96186736300751
107.05609929502111
105.15033122703494
103.24456315904854
101.33879509106237
99.43302702307619
97.52725895508979
95.62149088710362
93.71572281911745
91.80995475113122
92.19551185838628
92.58106896564135
92.96662607289636
93.35218318015143
93.73774028740644
94.1232973946615
94.50885450191657
94.89441160917158
95.27996871642665
95.66552582368166
96.05108293093673
96.4366400381918
96.82219714544681
97.20775425270187
97.59331135995689
97.97886846721195
98.36442557446702
98.74998268172203
99.1355397889771
99.52109689623211
99.90665400348718
100.29221111074224
100.67776821799725
101.06332532525232
101.44888243250733
101.8344395397624
102.21999664701747
102.60555375427248
102.99111086152755
103.37666796878256
103.76222507603762
104.14778218329269
104.5333392905477
104.91889639780277
105.30445350505778
105.69001061231285
106.07556771956791
106.46112482682292
106.84668193407799
107.232239041333
107.61779614858807
108.00335325584314
108.38891036309815
108.77446747035322
109.16002457760823
109.5455816848633
109.93113879211836
110.31669589937337
110.70225300662844
111.08781011388345
111.47336722113852
111.85892432839358
112.2444814356486
112.63003854290366
113.01559565015867
113.40115275741374
113.78670986466881
114.17226697192382
114.55782407917889
114.9433811864339
115.32893829368896
115.71449540094403
116.10005250819904
116.48560961545411
116.87116672270912
117.25672382996419
117.64228093721925
118.02783804447427
118.41339515172933
118.7989522589844
119.18450936623941
119.57006647349448
119.95562358074949
120.34118068800456
120.72673779525962
121.11229490251463
121.4978520097697
121.88340911702471
122.26896622427978
122.65452333153485
123.04008043878986
123.42563754604492
123.81119465329994
123.32451624556887
122.83783783783781
123.29240035769976
123.74696287756171
124.20152539742367
124.65608791728562
125.11065043714751
125.56521295700946
126.01977547687142
126.47433799673337
126.92890051659532
127.38346303645727
127.83802555631922
128.29258807618118
128.74715059604313
129.20171311590508
129.65627563576703
129.6519354961588
129.6475953565506
129.97517286065118
130.30275036475177
130.63032786885196
125.98192424125773
121.3335206136635
116.68511698606926
112.03671335847503
107.38830973088079
102.73990610328639
103.24413873421406
103.7483713651418
104.25260399606947
104.75683662699714
105.26106925792482
105.76530188885249
106.26953451978022
106.7737671507079
107.27799978163557
107.7822324125633
108.28646504349098
108.79069767441865
108.40337241364574
108.01604715287283
107.62872189209992
107.241396631327
106.85407137055404
106.46674610978113
106.07942084900822
105.69209558823536
106.14896958098313
106.60584357373091
107.06271756647868
107.51959155922646
107.97646555197423
108.43333954472206
108.89021353746983
109.3470875302176
109.80396152296538
110.26083551571315
110.71770950846093
111.17458350120876
111.63145749395653
112.0883314867043
112.5452054794523
111.11926547196163
109.69332546447117
108.26738545698049
106.84144544949004
105.41550544199958
103.9895654345089
102.56362542701845
101.13768541952777
99.71174541203732
98.28580540454664
96.85986539705618
95.43392538956573
94.00798538207505
92.5820453745846
91.15610536709391
89.73016535960346
88.30422535211267
88.87593885020965
89.44765234830652
90.01936584640339
90.59107934450026
91.16279284259713
91.73450634069411
92.30621983879098
92.87793333688785
93.44964683498472
94.0213603330817
94.59307383117857
95.16478732927544
95.73650082737231
96.3082143254693
96.87992782356616
97.45164132166303
98.0233548197599
98.59506831785689
99.16678181595375
99.73849531405062
100.3102088121475
100.88192231024448
101.45363580834135
102.02534930643822
102.59706280453508
103.16877630263195
103.74048980072894
104.3122032988258
104.88391679692268
105.45563029501955
106.02734379311653
106.5990572912134
107.17077078931027
107.74248428740714
108.31419778550412
108.88591128360099
109.45762478169786
110.02933827979473
110.60105177789171
111.17276527598858
111.74447877408545
112.31619227218232
112.8879057702793
113.45961926837617
114.03133276647304
114.60304626456991
115.17475976266678
115.74647326076376
116.31818675886063
116.8899002569575
117.46161375505437
118.03332725315136
118.60504075124823
119.1767542493451
119.74846774744196
120.32018124553895
120.89189474363582
121.46360824173269
122.03532173982956
122.60703523792654
123.17874873602341
123.75046223412028
124.32217573221669
121.32434660684476
118.32651748147282
115.32868835610088
112.33085923072895
109.33303010535701
106.33520097998507
103.33737185461322
103.61717143157685
103.89697100854042
104.17677058550399
104.45657016246761
104.73636973943124
105.01616931639481
105.29596889335838
105.575768470322
105.85556804728563
106.1353676242492
106.41516720121277
106.6949667781764
106.97476635513976
106.074262754855
105.17375915457023
104.27325555428536
103.37275195400048
102.47224835371594
102.73973032298528
103.00721229225468
103.27469426152402
101.9005923781624
100.52649049480056
99.15238861143894
97.77828672807732
96.4041848447157
95.03008296135408
93.65598107799246
92.28187919463082
92.55370904066322
92.82553888669557
93.09736873272797
93.36919857876032
93.64102842479272
93.91285827082507
94.18468811685747
94.45651796288982
94.72834780892217
95.00017765495457
95.27200750098692
95.54383734701932
95.81566719305167
96.08749703908407
96.35932688511642
96.63115673114882
96.90298657718117
97.17481642321357
97.44664626924592
97.71847611527826
97.99030596131067
98.26213580734301
98.53396565337542
98.80579549940776
99.07762534544017
99.34945519147252
99.62128503750492
99.89311488353727
100.16494472956961
100.43677457560202
100.70860442163436
100.98043426766677
101.25226411369911
101.52409395973152
101.79592380576386
102.06775365179627
102.33958349782861
102.61141334386096
102.88324318989336
103.15507303592571
103.42690288195811
103.69873272799046
103.97056257402286
104.24239242005521
104.51422226608761
104.78605211211996
105.05788195815231
105.32971180418471
105.60154165021706
105.87337149624946
106.14520134228181
106.41703118831421
106.68886103434656
106.96069088037896
107.23252072641131
107.50435057244366
107.77618041847606
108.0480102645084
108.31984011054081
108.59166995657316
108.86349980260556
109.1353296486379
109.40715949467031
109.67898934070266
109.950819186735
110.22264903276741
110.49447887879975
110.76630872483216
111.0381385708645
111.30996841689691
111.58179826292925
111.85362810896166
112.125457954994
112.39728780102635
112.66911764705878
111.62717112627752
110.58522460549602
109.54327808471456
109.73973021586681
109.93618234701907
110.13263447817133
110.32908660932358
110.52553874047584
110.7219908716281
110.9184430027804
110.57050178736932
110.22256057195818
109.8746193565471
109.52667814113602
109.17873692572493
108.8307957103138
108.48285449490268
108.71571273265354
108.94857097040446
109.18142920815532
109.41428744590618
109.6471456836571
109.88000392140796
110.11286215915882
110.34572039690968
110.5785786346606
110.81143687241146
111.04429511016232
111.27715334791324
111.5100115856641
111.74286982341496
111.97572806116588
112.20858629891674
112.4414445366676
112.67430277441852
112.90716101216938
113.14001924992024
113.37287748767116
113.60573572542202
113.83859396317288
114.07145220092374
114.30431043867466
114.53716867642552
114.77002691417638
115.0028851519273
115.23574338967816
115.46860162742902
115.70145986517994
115.9343181029308
116.16717634068166
116.40003457843258
116.63289281618344
116.8657510539343
117.09860929168522
117.33146752943608
117.56432576718694
117.7971840049378
118.03004224268872
118.26290048043958
118.49575871819025
115.8494734738183
113.20318822944637
110.55690298507463
110.85097590180644
111.14504881853824
111.43912173526999
111.7331946520018
112.0272675687336
112.32134048546541
112.61541340219722
112.90948631892903
113.20355923566083
113.49763215239264
113.79170506912442
111.68918378626722
109.58666250340957
107.48414122055237
105.3816199376947
105.38161993769461
104.69717257914022
104.01272522058571
103.3282778620312
102.6438305034768
101.9593831449223
101.27493578636779
100.5904884278134
99.90604106925889
99.22159371070438
98.53714635214999
97.85269899359548
98.28627048471083
98.71984197582606
99.1534134669414
99.58698495805663
100.02055644917186
100.45412794028721
100.88769943140244
101.32127092251778
101.75484241363301
102.18841390474824
102.62198539586359
103.05555688697882
103.48912837809416
103.9226998692094
104.35627136032463
104.78984285143997
105.2234143425552
105.65698583367055
106.09055732478578
106.52412881590101
106.95770030701635
107.39127179813158
107.82484328924693
108.25841478036216
108.69198627147739
109.12555776259273
109.55912925370797
109.99270074482331
110.42627223593854
110.85984372705377
111.29341521816912
111.72698670928435
112.16055820039969
112.59412969151492
113.02770118263015
113.4612726737455
113.89484416486073
114.32841565597607
114.7619871470913
115.19555863820653
115.62913012932188
116.06270162043711
116.49627311155245
116.92984460266769
117.36341609378292
117.79698758489826
118.23055907601349
118.66413056712884
119.09770205824407
119.53127354935941
118.36618243474686
117.20109132013431
116.03600020552153
114.8709090909091
115.2664065637332
115.66190403655742
116.05740150938163
116.45289898220574
116.84839645502996
117.24389392785417
117.63939140067828
118.0348888735025
118.4303863463266
118.82588381915082
119.22138129197504
119.61687876479914
120.01237623762336
115.49724766413965
110.98211909065594
106.46699051717223
101.95186194368756
102.2925918842322
102.63332182477683
102.97405176532146
103.3147817058661
103.65551164641079
103.99624158695542
104.33697152750005
104.67770146804469
105.01843140858932
105.35916134913398
105.24347586829802
105.12779038746203
105.01210490662606
104.8964194257901
104.78073394495414
105.13119242446425
105.4816509039743
105.83210938348435
106.1825678629944
106.53302634250451
106.88348482201457
107.23394330152462
107.58440178103473
107.93486026054478
108.28531874005483
108.63577721956494
108.986235699075
109.33669417858505
109.68715265809516
110.03761113760521
110.38806961711526
110.73852809662537
111.08898657613543
111.43944505564548
111.78990353515553
112.14036201466564
112.4908204941757
112.84127897368575
113.19173745319586
113.54219593270591
113.89265441221596
114.24311289172607
114.59357137123612
114.94402985074606
114.60921837095492
114.27440689116384
113.93959541137275
113.60478393158161
113.26997245179064
113.76256983240228
113.71909941114049
113.6756289898787
113.63215856861692
113.58868814735513
113.54521772609334
113.50174730483155
113.45827688356977
113.41480646230798
113.37133604104619
113.3278656197844
113.28439519852259
112.55898268352462
111.83357016852676
111.10815765352885
111.42709429223686
111.74603093094481
112.06496756965277
112.38390420836072
112.70284084706867
113.02177748577662
113.34071412448458
113.65965076319253
113.97858740190054
114.2975240406085
114.61646067931645
114.9353973180244
115.25433395673235
115.5732705954403
115.89220723414826
116.21114387285621
116.53008051156417
116.84901715027218
117.16795378898013
117.48689042768808
117.80582706639603
118.12476370510393
117.78464195082307
117.44452019654221
117.10439844226136
116.7642766879805
116.42415493369964
116.08403317941878
115.74391142513798
115.40378967085712
115.06366791657626
114.7235461622954
114.38342440801463
114.6393621024088
114.89529979680296
115.15123749119712
115.40717518559129
115.66311287998545
115.91905057437967
116.17498826877383
116.430925963168
116.68686365756216
116.94280135195632
117.19873904635048
117.45467674074465
117.71061443513887
117.96655212953303
118.22248982392719
118.47842751832135
118.73436521271552
118.99030290710968
119.2462406015037
118.59127359766319
117.93630659382268
117.28133958998205
116.62637258614154
115.97140558230103
115.31643857846052
114.66147157462001
114.00650457077938
113.35153756693887
112.69657056309836
112.04160355925774
111.38663655541723
110.73166955157672
110.0767025477362
109.4217355438957
108.76676854005507
108.11180153621456
107.45683453237405
107.76876071347579
108.08068689457747
108.39261307567921
108.70453925678089
109.01646543788263
109.32839161898431
109.640317800086
109.95224398118773
110.26417016228942
110.57609634339116
110.88802252449284
111.19994870559458
111.51187488669626
111.823801067798
112.13572724889968
112.44765343000142
112.7595796111031
113.07150579220485
113.38343197330653
113.69535815440827
114.00728433550995
114.31921051661169
114.63113669771337
114.94306287881511
115.2549890599168
115.56691524101853
115.87884142212022
116.19076760322196
116.50269378432364
116.81461996542538
117.12654614652712