107.27016645326505
108.08333333333334
107.83507284192217
107.586812350511
107.33855185909982
107.09029136768864
106.84203087627746
106.59377038486629
106.3455098934551
106.09724940204393
105.84898891063276
105.60072841922158
105.3524679278104
105.10420743639922
104.85594694498805
104.60768645357686
104.35942596216569
104.11116547075451
103.86290497934334
103.61464448793215
103.36638399652098
103.1181235051098
102.86986301369862
103.03434234604005
103.19882167838148
103.3633010107229
103.52778034306434
103.69225967540575
103.33392181984702
102.97558396428829
102.61724610872957
102.25890825317084
101.90057039761211
101.54223254205338
101.18389468649465
100.82555683093592
100.4672189753772
100.10888111981848
99.75054326425975
99.39220540870102
99.03386755314229
98.67552969758356
98.31719184202484
97.95885398646611
97.60051613090738
97.24217827534865
96.88384041978992
96.5255025642312
96.16716470867246
95.80882685311374
95.45048899755501
97.17519950870263
98.89991001985025
100.62462053099787
102.3493310421455
104.07404155329311
105.79875206444073
107.52346257558835
109.24817308673597
110.9728835978836
110.7303362035505
110.48778880921739
110.24524141488428
110.00269402055117
109.76014662621806
109.51759923188496
109.27505183755184
109.03250444321874
108.78995704888564
108.54740965455252
108.30486226021942
108.06231486588631
107.8197674715532
107.57722007722009
110.6180941030079
113.65896812879572
116.69984215458354
119.74071618037136
119.42176093977261
119.10280569917387
118.78385045857513
118.46489521797639
118.14593997737764
117.8269847367789
117.50802949618016
117.1890742555814
116.87011901498266
116.55116377438392
116.23220853378518
115.91325329318644
115.59429805258769
115.27534281198895
114.9563875713902
114.63743233079146
114.31847709019272
113.99952184959398
113.68056660899524
113.36161136839648
113.04265612779774
112.72370088719899
112.85997982094672
112.99625875469447
113.13253768844221
113.14182142333746
113.15110515823271
113.16038889312797
113.16967262802322
113.17895636291847
113.18824009781372
113.19752383270898
113.20680756760423
113.21609130249948
113.22537503739473
113.23465877228999
113.24394250718524
113.25322624208049
113.26250997697574
113.271793711871
113.28107744676625
113.2903611816615
113.29964491655674
113.308928651452
113.31821238634726
113.3274961212425
113.33677985613775
113.34606359103302
113.35534732592826
113.36463106082351
113.37391479571876
113.38319853061402
113.39248226550927
113.40176600040452
113.41104973529977
113.42033347019502
113.42961720509028
113.43890093998553
112.34973583700409
111.26057073402268
110.17140563104124
109.08224052805983
107.99307542507839
106.90391032209695
105.81474521911554
104.7255801161341
103.63641501315269
102.54724991017125
101.45808480718983
100.3689197042084
99.27975460122698
99.36335325272107
99.44695190421515
99.53055055570923
99.61414920720331
99.6977478586974
99.78134651019147
99.48894095837302
99.19653540655457
98.90412985473614
98.61172430291768
98.31931875109925
98.0269131992808
97.73450764746235
97.44210209564392
97.14969654382546
96.85729099200702
96.56488544018858
96.27247988837013
95.9800743365517
95.68766878473323
95.3952632329148
95.10285768109635
94.8104521292779
94.51804657745947
94.22564102564104
95.97367296446242
97.72170490328386
99.46973684210525
98.99360672861377
98.51747661512229
98.04134650163083
97.56521638813935
97.08908627464787
96.61295616115639
96.13682604766491
95.66069593417343
95.18456582068195
94.70843570719049
94.23230559369901
93.75617548020753
93.28004536671605
92.80391525322457
92.3277851397331
91.85165502624162
91.37552491275015
90.89939479925867
90.4232646857672
89.94713457227571
89.47100445878424
88.99487434529276
88.51874423180128
88.0426141183098
87.56648400481834
87.09035389132686
86.61422377783538
86.1380936643439
85.6619635508523
88.83741813939696
92.0128727279415
95.18832731648617
94.87933562730093
94.5703439381157
94.26135224893046
93.95236055974523
93.64336887055998
93.33437718137475
93.02538549218951
92.71639380300428
92.40740211381905
92.09841042463381
91.78941873544858
91.48042704626334
94.87701129391303
98.27359554156283
101.67017978921265
101.34004374344593
101.00990769767921
100.67977165191249
100.34963560614578
100.01949956037906
99.68936351461234
99.35922746884562
99.0290914230789
98.69895537731219
98.36881933154547
98.03868328577875
97.70854724001202
97.37841119424532
97.0482751484786
96.71813910271187
96.38800305694515
96.05786701117844
95.72773096541172
95.397594919645
95.06745887387828
94.73732282811156
94.40718678234485
94.07705073657813
93.74691469081141
93.41677864504469
93.08664259927798
93.50657531898813
93.92650803869826
94.34644075840839
94.76637347811852
95.18630619782867
95.6062389175388
96.02617163724891
95.7454702888439
95.46476894043889
95.18406759203401
98.823228234657
102.46238887728009
106.10154951990319
109.74071016252628
113.37987080514938
117.01903144777248
120.65819209039552
119.3884846221215
118.11877715384753
116.84906968557351
115.57936221729949
114.30965474902547
113.0399472807515
111.77023981247748
110.50053234420346
109.23082487592944
107.96111740765548
106.69140993938146
105.42170247110744
104.15199500283342
102.88228753455945
101.61258006628543
100.34287259801141
99.07316512973745
97.80345766146343
96.5337501931894
95.26404272491538
93.99433525664142
92.7246277883674
91.45492032009338
90.18521285181936
88.9155053835454
87.64579791527137
86.37609044699735
85.1063829787231
89.3558347040198
93.6052864293165
97.85473815461347
97.46594116454219
97.0771441744709
96.68834718439962
96.29955019432833
95.91075320425705
95.52195621418576
95.13315922411448
94.7443622340432
94.35556524397191
93.96676825390063
93.57797126382934
93.18917427375806
92.80037728368677
92.41158029361549
92.0227833035442
91.63398631347292
91.24518932340175
94.95544755236233
98.66570578132269
102.37596401028279
102.0347396369824
101.693515263682
101.35229089038161
101.01106651708122
100.66984214378083
100.32861777048043
99.98739339718004
99.64616902387965
99.30494465057926
98.96372027727887
98.62249590397847
98.28127153067808
97.94004715737769
97.5988227840773
97.25759841077691
96.91637403747652
96.57514966417612
96.23392529087573
100.82168203319293
105.40943877551021
105.05222509691453
104.69501141831884
104.33779773972316
103.98058406112747
103.62337038253179
103.2661567039361
102.90894302534042
102.55172934674474
102.19451566814905
101.83730198955337
101.48008831095768
101.12287463236198
100.7656609537663
100.40844727517062
100.05123359657493
99.69401991797925
99.33680623938356
98.97959256078788
98.6223788821922
98.26516520359651
97.90795152500081
97.55073784640513
97.19352416780944
96.83631048921376
96.47909681061807
96.12188313202239
95.7646694534267
95.40745577483102
95.05024209623534
94.69302841763965
94.33581473904397
93.97860106044828
93.6213873818526
93.26417370325692
95.64848536647992
98.03279702970296
97.71162340208184
97.39044977446072
97.0692761468396
96.74810251921848
96.42692889159736
96.10575526397625
95.78458163635513
95.463408008734
95.14223438111289
94.82106075349176
94.49988712587064
94.17871349824952
93.8575398706284
93.53636624300728
93.21519261538617
92.89401898776505
92.57284536014393
92.25167173252288
93.26648091860864
94.28129010469445
95.2960992907802
94.94838872511136
94.60067815944254
94.25296759377369
93.90525702810487
93.55754646243605
93.2098358967672
92.86212533109838
92.51441476542956
92.16670419976072
91.8189936340919
91.47128306842305
91.12357250275423
90.77586193708541
90.42815137141656
90.08044080574774
89.7327302400789
89.38501967441007
89.03730910874125
88.6895985430724
88.34188797740359
87.99417741173477
87.64646684606592
87.2987562803971
86.95104571472825
86.60333514905943
86.25562458339061
85.90791401772177
85.56020345205295
85.21249288638413
84.86478232071528
84.51707175504646
84.16936118937761
83.82165062370879
83.47394005803997
83.12622949237112
82.7785189267023
82.43080836103346
82.08309779536489
86.24901980398795
90.414941812611
94.58086382123406
98.74678582985712
102.9127078384798
102.57017620596437
102.22764457344897
101.88511294093354
101.54258130841814
101.2000496759027
100.8575180433873
100.51498641087187
100.17245477835647
99.82992314584104
99.48739151332563
99.1448598808102
98.8023282482948
98.45979661577937
98.11726498326394
97.77473335074853
97.4322017182331
97.0896700857177
96.74713845320227
96.40460682068687
96.06207518817143
95.71954355565603
95.3770119231406
95.0344802906252
94.69194865810977
95.6724188415879
96.65288902506597
97.6333592085441
98.61382939202218
99.59429957550029
99.21508307386023
98.83586657222014
98.45665007058005
98.07743356893997
97.69821706729991
97.31900056565982
96.93978406401973
96.56056756237965
96.18135106073959
95.8021345590995
95.42291805745941
95.04370155581933
94.66448505417924
94.28526855253918
93.90605205089909
93.526835549259
93.14761904761895
95.9247506288491
98.70188221007896
98.37372623994793
98.04557026981689
97.71741429968586
97.38925832955482
97.06110235942378
96.73294638929275
96.40479041916171
97.68432342046685
98.96385642177188
100.24338942307688
99.86694711538456
99.49050480769225
99.11406249999993
98.73762019230765
98.36117788461533
97.98473557692301
97.6082932692307
97.23185096153838
96.8554086538461
96.47896634615381
97.64136652666127
98.80376670716893
98.43800426880625
98.07224183044357
97.7064793920809
97.34071695371821
96.97495451535553
96.60919207699285
96.24342963863018
95.8776672002675
95.51190476190482
97.95357722869903
100.39524969549333
100.03297265934953
99.67069562320572
99.30841858706191
98.9461415509181
98.58386451477429
98.22158747863048
97.85931044248667
97.49703340634287
97.13475637019906
96.77247933405525
96.41020229791144
96.04792526176763
95.68564822562382
95.32337118947999
95.61780822617644
95.91224526287289
96.20668229956934
96.50111933626579
96.79555637296224
97.08999340965869
97.38443044635514
97.67886748305159
97.97330451974804
98.26774155644449
98.56217859314094
98.85661562983739
99.15105266653384
99.4454897032303
99.73992673992674
100.171568627451
99.70104913594349
99.23052964443599
98.76001015292849
98.28949066142098
97.81897116991348
97.34845167840598
96.87793218689848
96.40741269539097
95.93689320388341
97.45721173641402
98.97753026894452
100.49784880147513
100.15668397091542
99.81551914035575
99.47435430979607
99.13318947923636
98.79202464867669
98.45085981811701
98.1096949875573
97.76853015699763
97.42736532643795
97.08620049587824
96.74503566531857
96.40387083475889
96.06270600419919
95.72154117363951
95.38037634307983
95.03921151252013
94.69804668196045
94.35688185140077
96.08542921235721
97.81397657331377
99.54252393427032
101.27107129522676
102.99961865618332
104.72816601713987
106.45671337809631
108.18526073905286
109.91380810000942
111.64235546096586
113.37090282192241
115.09945018287885
116.82799754383541
118.55654490479196
120.28509226574852
122.01363962670484
119.64513515868771
117.27663069067034
114.90812622265321
112.53962175463607
110.17111728661871
107.80261281860157
105.43410835058421
103.06560388256707
100.69709941454971
98.32859494653258
95.96009047851544
93.59158601049808
91.22308154248094
88.85457707446358
86.48607260644644
84.11756813842908
81.74906367041183
83.0447486547522
84.34043363909245
85.63611862343271
86.93180360777308
88.22748859211333
89.5231735764537
90.81885856079404
90.75562699836092
90.69239543592784
90.62916387349472
90.56593231106163
90.50270074862853
90.43946918619542
90.37623762376211
93.20202504326835
96.02781246277459
98.85359988228083
101.6793873017873
104.50517472129354
107.33096214079978
110.15674956030603
112.98253697981227
115.80832439931874
118.63411181882498
116.88682590109511
115.13953998336501
113.39225406563492
111.64496814790505
109.89768223017495
108.15039631244485
106.40311039471476
104.65582447698489
102.9085385592548
101.1612526415247
99.4139667237946
97.66668080606473
95.91939488833464
94.17210897060454
92.42482305287467
90.67753713514458
88.93025121741448
87.18296529968461
90.04204489366725
92.9011244876499
95.76020408163265
95.20586888175154
94.65153368187049
94.09719848198938
93.54286328210827
92.98852808222722
92.43419288234611
91.879857682465
91.32552248258435
94.896971415405
98.46842034822566
102.03986928104575
101.57561876370193
101.1113682463581
100.64711772901427
100.1828672116705
99.71861669432667
99.25436617698284
98.79011565963901
98.32586514229519
97.86161462495136
97.39736410760753
96.9331135902637
96.46886307291987
96.00461255557605
95.54036203823222
95.07611152088839
94.61186100354456
94.14761048620079
93.68335996885696
93.21910945151313
92.75485893416953
94.78696316531727
96.81906739646502
98.85117162761247
98.35425071521297
97.85732980281347
97.36040889041391
96.8634879780144
96.3665670656149
95.8696461532154
95.3727252408159
94.87580432841634
94.37888341601683
93.88196250361733
93.38504159121777
92.88812067881781
96.06242677289129
99.23673286696521
102.41103896103897
101.92237131896769
101.43370367689641
100.94503603482508
100.4563683927538
99.96770075068252
99.47903310861125
98.99036546653991
98.50169782446864
98.01303018239736
97.52436254032602
97.03569489825475
96.54702725618347
96.05835961411213
95.56969197204086
95.08102432996958
94.59235668789779
98.09797086054004
101.60358503318184
105.10919920582398
104.63325978183462
104.15732035784532
103.68138093385602
103.20544150986666
102.72950208587736
102.253562661888
101.7776232378987
101.30168381390934
100.82574438992003
100.34980496593067
99.87386554194137
99.39792611795201
101.70407934745913
104.01023257696647
106.31638580647359
108.62253903598105
108.15153018310372
107.68052133022633
107.209512477349
106.73850362447166
106.26749477159427
105.79648591871694
105.3254770658396
104.85446821296222
104.38345936008488
103.91245050720755
103.44144165433022
102.97043280145283
102.4994239485755
102.02841509569816
101.55740624282078
101.08639738994344
100.61538853706611
100.14437968418878
99.67337083131139
99.20236197843406
98.73135312555672
98.26034427267933
97.789335419802
97.31832656692467
96.84731771404734
96.37630886116995
95.90530000829261
95.43429115541528
94.96328230253789
94.49227344966056
94.02126459678323
93.5502557439059
93.0792468910285
92.60823803815117
92.13722918527384
91.66622033239645
91.19521147951912
90.72420262664173
93.42373002113663
96.12325741563154
98.82278481012662
98.39639754526121
97.97001028039585
97.5436230155305
97.11723575066509
96.69084848579973
96.26446122093438
95.83807395606897
95.41168669120361
94.98529942633826
94.55891216147285
94.13252489660749
93.70613763174197
96.7181179479885
99.73009826423504
102.74207858048158
102.25495899402193
101.76783940756229
101.2807198211027
100.79360023464307
100.30648064818348
99.81936106172384
99.3322414752642
98.84512188880461
98.35800230234497
97.87088271588539
97.38376312942574
96.8966435429661
96.40952395650652
95.92240437004688
95.43528478358724
94.94816519712765
94.46104561066801
93.97392602420842
93.48680643774878
92.99968685128914
92.51256726482956
92.02544767836991
91.53832809191033
91.05120850545069
90.56408891899105
90.07696933253169
92.40558019914351
94.73419106575557
97.06280193236717
96.6118520963006
96.16090226023402
95.70995242416745
95.25900258810088
94.80805275203431
94.35710291596769
93.90615307990112
93.45520324383455
93.00425340776798
92.5533035717014
92.10235373563484
91.65140389956827
91.2004540635017
90.74950422743512
90.2985543913685
89.84760455530193
89.39665471923536
90.00347034145085
90.61028596366629
91.21710158588184
91.82391720809738
92.43073283031282
93.03754845252826
93.6443640747438
93.13410096485671
92.62383785496962
92.11357474508259
91.6033116351955
91.0930485253084
90.58278541542131
94.67129466849474
98.75980392156868
98.29874850204914
97.83769308252965
97.37663766301011
96.91558224349063
96.4545268239711
95.99347140445155
95.53241598493207
95.07136056541253
94.61030514589305
94.14924972637351
93.68819430685403
93.22713888733449
92.76608346781501
92.30502804829547
91.84397262877593
91.38291720925645
90.92186178973691
90.46080637021743
89.99975095069789
89.5386955311784
89.07764011165887
88.61658469213933
88.15552927262002
89.90076185849034
91.6459944443609
93.39122703023122
92.9635578155802
92.53588860092913
92.10821938627811
91.68055017162709
91.25288095697601
90.825211742325
90.39754252767398
89.96987331302296
89.54220409837188
89.11453488372081
90.34129826774188
91.56806165176295
92.79482503578379
94.02158841980486
95.24835180382593
96.475115187847
97.70187857186784
98.9286419558889
100.15540533990998
101.38216872393104
102.60893210795189
103.83569549197296
105.06245887599403
106.2892222600151
107.51598564403616
108.742749028057
109.96951241207807
111.19627579609914
112.42303918012021
113.64980256414105
114.87656594816212
116.1033293321832
117.33009271620426
118.5568561002251
119.78361948424617
121.01038286826724
125.58842443729884
124.52745591374514
123.46648739019145
122.40551886663764
121.34455034308394
120.28358181953024
119.22261329597643
118.16164477242273
117.10067624886904
116.03970772531522
114.97873920176153
113.91777067820783
112.85680215465402
111.79583363110032
110.73486510754651
109.67389658399281
108.61292806043912
107.5519595368853
106.49099101333161
105.43002248977791
104.3690539662241
103.3080854426704
102.2471169191167
101.1861483955629
100.1251798720092
99.0642113484555
98.00324282490169
96.942274301348
95.8813057777943
94.82033725424048
93.75936873068679
92.69840020713298
91.63743168357928
90.57646316002558
89.51549463647189
90.57034918220506
91.62520372793836
92.68005827367153
93.73491281940483
94.789767365138
95.8446219108713
96.89947645660459
97.95433100233777
99.00918554807106
98.58435873973838
98.15953193140564
97.73470512307296
97.30987831474027
96.88505150640759
96.46022469807491
96.03539788974217
95.61057108140949
97.90353208570377
100.19649308999806
102.4894540942928
102.00700736843868
101.5245606425845
101.04211391673039
100.55966719087621
100.07722046502204
99.59477373916792
99.11232701331375
98.62988028745963
98.14743356160545
97.66498683575128
97.18254010989716
96.70009338404299
96.21764665818887
95.7351999323347
95.25275320648052
94.7703064806264
94.28785975477223
93.80541302891811
93.32296630306394
92.84051957720976
92.35807285135564
91.87562612550147
91.39317939964735
90.91073267379318
90.428285947939
89.94583922208489
89.46339249623071
88.9809457703766
88.49849904452242
88.01605231866824
91.4989416106614
94.98183090265411
98.46472019464721
98.03637673802564
97.60803328140406
97.17968982478249
96.75134636816091
96.32300291153939
95.89465945491781
95.46631599829624
95.03797254167466
94.60962908505309
94.18128562843151
93.75294217180993
93.32459871518836
92.89625525856684
92.46791180194526
92.03956834532346
93.8734259439293
95.70728354253515
97.54114114114105
97.06804307468019
96.59494500821927
96.12184694175835
95.64874887529749
95.17565080883662
94.7025527423757
94.22945467591478
93.75635660945392
93.28325854299305
92.81016047653213
92.33706241007121
91.86396434361035
91.39086627714948
90.91776821068856
90.44467014422764
89.97157207776678
89.49847401130592
89.025375944845
88.55227787838407
88.07917981192321
87.60608174546235
87.13298367900143
86.6598856125405
86.18678754607964
85.71368947961878
85.24059141315786
84.76749334669694
84.29439528023613
86.93529616059641
89.57619704095669
92.21709792131696
94.8579988016777
94.3937935881413
93.92958837460486
93.46538316106842
93.00117794753203
92.53697273399558
92.07276752045914
91.60856230692275
91.1443570933863
90.68015187984986
90.21594666631347
89.75174145277703
89.28753623924058
88.82333102570419
88.3591258121678
90.73741880683292
93.11571180149804
95.49400479616315
95.0230484970694
94.55209219797564
94.08113589888188
93.61017959978813
93.13922330069431
92.66826700160055
92.1973107025068
91.72635440341304
91.25539810431928
90.78444180522547
95.13761402300588
99.49078624078618
99.0031623316105
98.51553842243493
98.02791451325925
97.54029060408357
97.052666694908
96.56504278573232
96.07741887655675
95.58979496738107
95.10217105820539
94.61454714902982
94.12692323985414
93.63929933067857
93.15167542150289
92.66405151232732
92.17642760315164
91.68880369397596
91.20117978480039
90.7135558756247
90.22593196644914
89.73830805727346
89.25068414809778
88.76306023892221
88.27543632974653
87.78781242057096
87.30018851139528
86.81256460221971
86.32494069304403
85.83731678386835
85.34969287469278
84.8620689655163
89.04928542522975
93.23650188494321
97.42371834465723
96.94505971076751
96.46640107687779
95.98774244298806
95.50908380909834
95.03042517520862
94.5517665413189
94.07310790742906
93.59444927353934
93.11579063964962
92.6371320057599
92.15847337187017
91.67981473798045
91.20115610409073
90.722497470201
90.24383883631128
89.76518020242156
89.28652156853173
88.807862934642
88.32920430075228
87.85054566686256
87.37188703297284
86.89322839908311
86.41456976519339
85.93591113130367
85.45725249741395
84.97859386352411
84.49993522963439
84.02127659574444
87.00573253156836
89.99018846739182
92.97464440321573
92.50398188266115
92.03331936210645
91.56265684155187
91.09199432099729
90.62133180044259
90.150669279888
89.68000675933342
89.20934423877873
88.73868171822414
88.26801919766945
87.79735667711486
87.32669415656028
86.85603163600558
86.385369115451
85.91470659489642
85.44404407434172
84.97338155378714
84.5027190332321
86.98777974190261
89.47284045057268
91.95790115924342
91.48405230348476
91.01020344772598
90.53635459196732
90.06250573620866
89.58865688045
89.11480802469134
88.64095916893268
88.16711031317402
87.69326145741525
87.21941260165659
86.74556374589793
86.27171489013926
85.7978660343806
89.11208101487455
92.42629599536895
95.74051097586289
99.05472595635683
102.36894093685078
105.68315591734506
104.95891706851057
104.23467821967608
103.5104393708416
102.7862005220071
102.06196167317262
101.33772282433813
100.61348397550364
99.88924512666915
99.16500627783455
98.44076742900006
97.71652858016557
96.99228973133108
96.2680508824966
95.5438120336621
94.81957318482762
94.09533433599313
93.37109548715864
92.64685663832415
91.92261778948966
91.19837894065518
90.47414009182069
89.7499012429862
89.02566239415171
88.30142354531722
87.57718469648273
86.85294584764824
86.12870699881387
88.10913002472762
90.08955305064137
92.06997607655501
91.53951851182171
91.0090609470883
90.47860338235489
89.9481458176216
89.41768825288818
88.88723068815477
88.35677312342136
87.82631555868807
87.29585799395466
86.76540042922124
86.23494286448795
85.70448529975454
85.17402773502113
84.6435701702876
87.98202297066746
91.32047577104822
94.65892857142859
94.25556252105241
93.85219647067629
93.44883042030017
93.04546436992405
92.64209831954787
92.23873226917175
91.83536621879563
91.4320001684195
91.02863411804333
90.62526806766721
90.22190201729109
92.93622033688234
95.65053865647405
98.36485697606531
97.86695185448184
97.36904673289837
96.8711416113149
96.37323648973143
95.87533136814795
95.37742624656448
94.87952112498112
94.38161600339765
93.88371088181418
93.38580576023071
92.88790063864724
92.38999551706377
91.89209039548041
94.38571687618287
96.87934335688487
99.372969837587
98.88973883212054
98.40650782665409
97.92327682118764
97.44004581572119
96.95681481025474
96.47358380478818
95.99035279932173
95.50712179385528
95.02389078838883
94.54065978292238
94.05742877745593
93.57419777198936
93.09096676652291
92.60773576105646
92.12450475559001
91.64127375012356
91.158042744657
93.64902868922763
96.14001463379827
98.63100057836891
98.13594334425079
97.64088611013256
97.14582887601432
96.65077164189609
96.15571440777796
95.66065717365973
95.1655999395415
94.67054270542326
94.17548547130502
93.6804282371869
93.18537100306867
92.69031376895043
92.1952565348322
91.70019930071408
91.20514206659584
90.7100848324776
90.21502759835937
89.71997036424125
89.22491313012301
88.72985589600478
88.23479866188654
87.73974142776842
90.88925739271781
94.0387733576681
97.18828932261772
96.74848672202256
96.30868412142729
95.86888152083213
95.42907892023698
94.9892763196417
94.54947371904655
94.10967111845139
93.66986851785623
93.23006591726096
92.7902633166658
92.35046071607064
91.91065811547537
91.47085551488021
91.03105291428506
90.59125031368978
90.15144771309463
89.71164511249947
89.27184251190431
88.83203991130995
93.31744061058362
97.8028413098582
102.28824200913243
101.85049679279734
101.41275157646226
100.97500636012717
100.53726114379208
100.09951592745699
99.6617707111219
99.22402549478693
98.78628027845184
98.34853506211675
97.91078984578166
97.47304462944658
97.03529941311149
96.5975541967764
97.36391825010628
98.13028230343639
98.89664635676627
99.66301041009638
100.42937446342626
101.19573851675636
101.96210257008624
102.72846662341635
103.49483067674623
104.26119473007634
105.02755878340622
105.79392283673633
106.56028689006621
107.3266509433962
106.86083408504794
106.39501722669979
105.92920036835153
105.46338351000327
104.99756665165512
104.53174979330686
104.0659329349586
103.60011607660999
105.45391888470931
107.30772169280817
109.16152450090738
108.67801913936546
108.19451377782366
107.71100841628186
107.22750305473994
106.74399769319814
106.26049233165634
105.77698697011454
105.29348160857262
104.80997624703087
104.91341956223582
105.01686287744076
105.1203061926457
105.22374950785064
105.32719282305555
105.4306361382605
105.53407945346544
105.63752276867035
105.15093049128382
104.6643382138974
104.17774593651086
103.69115365912444
103.2045613817379
102.71796910435137
102.23137682696495
101.74478454957841
101.25819227219188
100.77159999480546
100.28500771741892
99.79841544003239
99.31182316264596
98.82523088525943
98.3386386078729
97.85204633048647
97.36545405309994
96.87886177571352
96.39226949832698
95.90567722094045
95.41908494355403
94.93249266616749
94.44590038878096
93.95930811139453
93.472715834008
92.98612355662146
92.49953127923504
92.01293900184874
93.24054620073366
94.46815339961881
95.69576059850374
95.65523015217374
95.61469970584375
95.57416925951375
95.53363881318376
95.49310836685376
95.45257792052377
95.41204747419377
95.37151702786377
97.99625701809111
97.52785500555535
97.05945299301948
96.59105098048371
96.12264896794795
95.65424695541219
95.18584494287632
94.71744293034055
94.24904091780479
93.78063890526892
93.31223689273315
92.84383488019739
92.37543286766152
91.90703085512575
91.43862884258999
90.97022683005412
90.5018248175179
92.03843893889552
93.57505306027315
95.11166718165077
96.6482813030284
98.18489542440602
99.72150954578365
101.25812366716127
102.79473778853844
104.33135190991607
105.86796603129369
107.40458015267174
107.37513769271811
107.34569523276446
107.3162527728108
107.28681031285716
107.25736785290351
107.22792539294986
107.1984829329962
107.35148828372394
106.86374176207107
106.37599524041809
105.88824871876523
105.40050219711236
105.42953546767106
105.45856873822976
105.48760200878846
105.51663527934716
104.98648414842785
104.45633301750854
103.92618188658923
103.39603075566993
102.86587962475062
102.33572849383131
101.805577362912
101.2754262319927
100.74527510107328
100.21512397015397
99.68497283923466
99.15482170831535
98.62467057739605
98.09451944647674
97.56436831555743
97.03421718463812
96.50406605371882
95.97391492279951
95.44376379188009
94.91361266096078
94.38346153004147
93.85331039912217
93.32315926820286
92.79300813728355
92.26285700636424
91.73270587544494
91.20255474452554