58.25938566552901
58.97450149331887
59.689617321108734
60.4047331488986
61.119848976688466
61.83496480447833
62.55008063226819
63.26519646005806
63.98031228784793
63.704607614145026
63.42890294044212
63.15319826673922
62.87749359303631
62.60178891933341
62.326084245630504
62.0503795719276
61.774674898224696
61.49897022452179
61.223265550818894
60.94756087711599
60.671856203413085
60.39615152971018
60.12044685600728
59.84474218230437
59.56903750860147
59.293332834898564
59.01762816119566
58.741923487492755
58.46621881378985
58.19051414008695
57.91480946638404
57.63910479268114
57.363400118978234
57.08769544527533
58.6931010129335
60.29850658059166
61.90391214824983
61.86212676862693
61.82034138900403
61.77855600938113
61.736770629758226
61.694985250135325
61.653199870512424
61.61141449088952
61.56962911126662
62.576896311760606
62.54723519929863
62.51757408683667
63.53560735662387
64.55364062641107
65.57167389619828
66.58970716598549
67.60774043577268
68.6257737055599
69.6438069753471
70.6618402451343
71.67987351492151
72.69790678470872
73.71594005449592
73.43214712772169
73.14835420094747
72.86456127417324
72.580768347399
72.29697542062478
72.01318249385054
71.72938956707631
71.44559664030209
71.16180371352785
71.4277646340031
71.69372555447833
71.95968647495359
72.22564739542884
72.49160831590407
72.75756923637933
73.02353015685458
73.28949107732981
72.8995095800264
72.509528082723
72.11954658541958
71.72956508811617
71.33958359081278
70.94960209350937
70.55962059620596
71.66236685765186
72.76511311909776
73.86785938054366
74.97060564198956
76.07335190343547
75.730503907459
75.38765591148251
75.04480791550603
74.70195991952956
74.35911192355309
74.0162639275766
73.67341593160012
73.33056793562365
72.98771993964718
72.6448719436707
72.30202394769421
71.95917595171773
71.61632795574126
71.27347995976479
70.9306319637883
70.58778396781182
70.24493597183535
69.90208797585888
69.55923997988239
69.21639198390591
68.87354398792944
68.53069599195297
68.18784799597648
67.84500000000003
71.90485491944315
75.96470983888628
80.02456475832946
84.08441967777259
88.14427459721571
92.20412951665878
88.6899356179486
85.17574171923849
81.66154782052831
78.1473539218182
74.63316002310808
82.12450541947953
89.61585081585099
88.54522580827626
87.4746008007015
86.40397579312673
85.33335078555197
84.26272577797721
83.19210077040248
82.12147576282771
81.05085075525295
79.98022574767819
78.90960074010343
77.8389757325287
76.76835072495393
75.69772571737917
74.62710070980441
73.55647570222965
72.48585069465491
71.41522568708015
70.34460067950539
69.27397567193063
68.20335066435587
68.76547785111424
69.32760503787262
69.88973222463099
70.45185941138936
71.01398659814774
71.57611378490611
72.13824097166449
72.70036815842286
73.26249534518124
73.82462253193961
73.49193718147198
73.15925183100435
72.82656648053674
72.4938811300691
72.16119577960148
79.87165671333014
87.5821176470588
86.1440466664385
84.70597568581823
83.26790470519794
81.82983372457767
80.39176274395737
78.9536917633371
77.51562078271681
76.07754980209654
74.63947882147625
73.20140784085598
71.76333686023568
70.32526587961542
68.88719489899512
67.44912391837482
66.01105293775458
74.16621547312457
82.32137800849455
79.00923198088083
75.6970859532671
72.38493992565338
69.07279389803955
65.76064787042591
66.84876128928337
67.93687470814083
69.02498812699832
70.11310154585578
71.20121496471324
72.2893283835707
73.3774418024282
74.46555522128565
75.55366864014312
76.6417820590006
76.37807665824286
76.11437125748512
83.74907367428341
91.38377609108164
89.24242071256845
87.1010653340553
84.95970995554217
82.81835457702897
80.67699919851577
78.53564382000263
76.3942884414895
74.2529330629763
72.1115776844631
79.9220874500088
87.73259721555456
85.84501181140138
83.95742640724819
82.06984100309501
80.18225559894182
78.29467019478864
76.40708479063545
74.51949938648227
72.63191398232908
70.74432857817595
68.85674317402277
66.96915776986953
75.43773376065178
83.90630975143404
82.07022971712587
80.2341496828177
78.39806964850953
76.56198961420137
74.72590957989314
72.88982954558497
71.0537495112768
69.21766947696864
67.38158944266047
65.54550940835225
63.70942937404408
61.87334933973585
63.172823483747834
64.47229762775976
65.77177177177175
65.43856006544176
65.10534835911177
64.7721366527818
64.4389249464518
64.10571324012182
63.77250153379184
63.43928982746185
63.10607812113186
62.77286641480187
62.43965470847189
62.1064430021419
61.77323129581191
61.44001958948192
61.106807883151944
60.77359617682197
62.476176024062966
64.17875587130396
65.88133571854502
65.52986651714134
65.17839731573767
64.82692811433401
64.47545891293034
64.12398971152668
63.772520510123
63.42105130871934
63.06958210731567
62.71811290591201
62.366643704508334
62.015174503104674
61.663705301701
61.31223610029734
60.96076689889367
60.60929769749001
60.25782849608633
59.90635929468267
59.554890093279
59.20342089187534
61.398017812296985
63.592614732718516
65.78721165314016
67.9818085735618
70.17640549398334
72.37100241440498
74.56559933482663
76.76019625524816
78.9547931756698
81.14939009609145
83.34398701651298
85.53858393693463
87.73318085735616
89.92777777777778
89.50730220934233
89.08682664090686
88.66635107247141
88.24587550403595
87.82539993560049
87.40492436716504
86.98444879872957
86.56397323029412
86.14349766185866
85.72302209342321
85.30254652498775
84.8820709565523
84.46159538811683
84.04111981968137
83.62064425124592
83.20016868281046
82.779693114375
82.3592175459396
84.33787321100112
86.31652887606265
88.29518454112406
90.27384020618558
89.71897332235298
89.16410643852035
88.60923955468775
88.05437267085514
87.49950578702254
86.94463890318991
86.38977201935731
85.8349051355247
85.2800382516921
84.72517136785947
84.17030448402687
83.61543760019427
83.06057071636164
82.50570383252904
81.95083694869643
81.39597006486383
80.8411031810312
80.28623629719854
81.12115085823925
81.95606541927995
82.7909799803206
83.6258945413613
84.46080910240204
83.74074174168021
83.02067438095835
82.30060702023653
81.58053965951467
80.86047229879281
80.14040493807099
79.42033757734913
78.7002702166273
77.98020285590545
77.26013549518359
76.54006813446176
75.8200007737399
75.09993341301805
74.37986605229622
73.65979869157437
72.93973133085254
72.21966397013067
72.56185927859147
72.90405458705229
73.2462498955131
73.5884452039739
73.9306405124347
74.27283582089552
73.44168040531287
72.61052498973027
71.77936957414761
70.94821415856495
70.11705874298235
69.2859033273997
68.45474791181704
67.62359249623444
66.79243708065178
65.96128166506912
65.13012624948652
64.29897083390387
63.46781541832121
62.63666000273861
61.805504587156065
64.94294163853942
68.08037868992255
71.21781574130566
70.78490018186983
70.35198462243403
69.91906906299823
69.48615350356243
69.05323794412661
68.62032238469081
68.18740682525501
67.75449126581921
67.32157570638338
66.88866014694759
66.45574458751179
66.02282902807596
65.58991346864016
65.15699790920436
64.72408234976857
64.29116679033274
63.85825123089694
63.42533567146114
62.99242011202534
62.559504552589516
62.12658899315372
61.69367343371792
61.26075787428209
60.82784231484629
60.394926755410495
59.962011195974696
59.52909563653887
59.09618007710307
58.66326451766727
58.230348958231474
57.79743339879565
57.36451783935985
56.93160227992405
59.408932627197714
61.88626297447138
64.36359332174504
66.8409236690186
66.457239923674
66.0735561783294
65.68987243298483
65.30618868764023
64.92250494229563
64.53882119695103
64.15513745160644
63.771453706261866
63.38776996091727
63.00408621557267
62.62040247022807
62.2367187248835
61.853034979538904
61.469351234194306
61.08566748884971
60.70198374350511
60.31829999816054
59.93461625281594
59.550932507471344
59.167248762126746
58.78356501678215
58.39988127143758
58.01619752609298
57.63251378074838
57.248830035403785
56.865146290059215
56.48146254471462
56.09777879937002
55.71409505402542
55.33041130868082
54.94672756333625
54.563043817991655
54.17936007264706
53.79567632730246
53.41199258195789
53.02830883661329
52.64462509126869
52.260941345924095
51.8772576005795
51.49357385523493
51.10989010989033
53.556582213399
56.003274316907664
58.44996642041639
58.030556053465034
57.61114568651368
57.191735319562326
56.77232495261097
56.35291458565962
55.933504218708265
55.51409385175691
55.09468348480556
54.6752731178542
54.25586275090285
53.836452383951496
53.41704201700014
52.99763165004879
52.578221283097434
52.15881091614608
51.73940054919473
51.31999018224337
50.90057981529202
50.481169448340665
50.06175908138931
49.64234871443796
49.222938347486604
48.80352798053514
52.231105672525246
55.658683364515355
59.086261056505464
62.51383874849577
62.02773835057661
61.54163795265748
61.05553755473832
60.56943715681919
60.08333675890006
59.5972363609809
59.11113596306177
58.62503556514261
58.13893516722348
57.65283476930435
57.16673437138519
56.68063397346606
56.19453357554693
55.70843317762777
55.22233277970864
54.73623238178948
54.25013198387035
53.764031585951216
53.277931188032056
52.791830790112925
52.305730392193766
51.819629994274635
51.333529596355504
50.847429198436345
50.361328800517214
49.87522840259808
49.38912800467892
48.90302760675979
48.41692720884063
47.9308268109215
47.44472641300237
46.95862601508321
46.47252561716408
45.98642521924492
45.50032482132579
45.01422442340666
44.5281240254875
44.04202362756837
43.555923229649125
44.93095246275334
46.30598169585744
47.68101092896174
47.249113933219064
46.81721693747636
46.385319941733655
45.95342294599098
45.521525950248275
45.08962895450557
44.65773195876318
48.32977733566463
52.00182271256631
55.67386808946776
59.34591346636944
63.01795884327112
66.69000422017257
70.36204959707425
74.03409497397593
77.70614035087715
77.13004491161348
76.55394947234981
75.97785403308615
75.40175859382242
74.82566315455875
74.24956771529509
73.67347227603142
73.09737683676775
72.52128139750403
71.94518595824036
71.36909051897669
70.79299507971302
70.2168996404493
69.64080420118563
69.06470876192196
68.4886133226583
67.91251788339457
67.3364224441309
66.76032700486724
66.18423156560357
65.6081361263399
65.03204068707618
64.45594524781251
63.87984980854884
63.30375436928517
62.72765893002145
62.15156349075778
61.57546805149411
60.999372612230445
60.42327717296672
59.84718173370305
59.271086294439385
58.69499085517572
58.11889541591199
57.542799976648325
56.96670453738466
56.39060909812099
55.81451365885732
55.2384182195936
54.66232278032993
54.08622734106626
53.510131901802595
52.93403646253887
52.3579410232752
51.781845584011535
51.20575014474787
50.62965470548397
54.630219490883064
58.6307842762817
62.631349061680794
66.63191384707989
70.63247863247864
70.06403158548488
69.49558453849113
68.92713749149738
68.35869044450357
67.79024339750981
67.22179635051606
66.6533493035223
66.08490225652855
65.5164552095348
64.94800816254104
64.37956111554729
63.811114068553536
63.242667021559726
62.67421997456597
62.10577292757222
61.537325880578464
60.96887883358471
60.40043178659096
59.8319847395972
59.26353769260345
58.695090645609696
58.126643598615914
58.42339645413887
58.72014930966182
59.016902165184774
59.31365502070773
59.61040787623068
59.049247650302505
58.48808742437433
57.92692719844621
57.36576697251803
56.804606746589855
56.24344652066168
55.68228629473356
55.12112606880538
54.559965842877205
53.99880561694903
53.43764539102091
52.87648516509273
52.315324939164555
51.754164713236435
51.19300448730826
50.63184426138008
50.070684035451904
49.509523809523216
53.824170771756144
58.13881773398953
62.45346469622291
66.76811165845584
71.08275862068973
70.48302893874194
69.88329925679415
69.2835695748463
68.6838398928985
68.08411021095071
67.48438052900292
66.88465084705513
66.28492116510733
65.68519148315954
65.08546180121175
64.48573211926396
63.88600243731611
63.286272755368316
62.68654307342052
62.08681339147273
61.48708370952494
60.887354027577146
60.287624345629354
59.68789466368156
59.08816498173377
58.48843529978592
57.88870561783813
57.288975935890335
56.68924625394254
56.08951657199475
55.48978689004696
54.890057208099165
54.29032752615137
53.69059784420358
53.09086816225573
52.49113848030794
51.891408798360146
51.291679116412354
50.69194943446473
54.067164690227855
57.44237994599098
60.81759520175365
64.19281045751632
63.601724317133744
63.01063817675117
62.4195520363686
61.82846589598597
61.2373797556034
60.64629361522083
60.055207474838255
59.46412133445568
58.87303519407311
58.28194905369048
57.69086291330791
57.09977677292534
56.508690632542766
55.917604492160194
55.32651835177762
54.73543221139499
54.14434607101242
53.55325993062985
52.96217379024728
52.371087649864705
51.78000150948213
51.188915369099504
50.59782922871693
50.00674308833459
53.0670657275823
56.127388366829564
59.187711006076995
58.61877174759701
58.04983248911702
57.48089323063704
56.91195397215705
56.34301471367712
55.774075455197135
55.20513619671715
54.63619693823716
54.06725767975718
53.49831842127719
52.92937916279726
52.360439904317275
51.79150064583729
51.2225613873573
50.653622128877316
50.08468287039733
49.5157436119174
48.946804353437415
48.37786509495709
51.65137102333438
54.92487695171121
58.19838288008805
61.47188880846488
64.74539473684206
64.15613477955003
63.566874822258
62.97761486496597
62.38835490767394
61.799094950381914
61.20983499308983
60.6205750357978
60.03131507850577
59.44205512121374
58.85279516392171
58.26353520662968
57.674275249337654
57.085015292045625
56.495755334753596
55.90649537746157
55.31723542016954
54.72797546287745
54.138715505585424
53.549455548293395
52.960195591001366
52.37093563370922
54.987597698436275
57.60425976316333
60.22092182789038
62.83758389261749
62.271906146307856
61.706228399998224
61.14055065368865
60.57487290737902
60.009195161069385
59.44351741475981
58.87783966845018
58.31216192214055
57.74648417583097
57.18080642952134
56.615128683211765
56.04945093690213
55.4837731905925
54.918095444282926
54.352417697973294
53.78673995166372
53.22106220535409
52.655384459044456
52.08970671273488
51.52402896642525
54.66813514024352
57.812241314061794
60.956347487880066
64.10045366169794
63.50081104464101
62.901168427584025
62.301525810527096
61.70188319347011
61.10224057641318
60.502597959356194
59.902955342299265
59.30331272524228
58.70367010818535
58.10402749112836
57.504384874071434
56.90474225701445
56.30509963995746
55.70545702290053
55.105814405843546
54.50617178878662
53.90652917172963
53.3068865546727
52.707243937615715
52.107601320558786
51.5079587035018
50.90831608644487
50.30867346938794
53.26708735712418
56.22550124485997
59.18391513259621
62.14232902033268
61.568024504286996
60.99371998824131
60.419415472195624
59.845110956149995
59.27080644010431
58.69650192405862
58.12219740801294
57.54789289196725
56.97358837592162
56.399283859875936
55.82497934383025
55.250674827784565
54.676370311738935
54.10206579569325
53.527761279647564
52.95345676360188
52.37915224755619
51.80484773151102
55.919281203723585
60.03371467593615
64.1481481481481
63.54146001073531
62.93477187332252
62.328083735909786
61.721395598497
61.11470746108421
60.508019323671476
59.90133118625869
59.2946430488459
58.68795491143317
58.08126677402038
57.47457863660759
56.86789049919486
56.26120236178207
55.65451422436928
55.04782608695655
56.16474193200804
57.28165777705942
58.398573622110916
59.5154894671623
58.89596180325543
58.27643413934868
57.65690647544193
57.03737881153506
56.41785114762831
55.79832348372156
55.178795819814695
54.559268155907944
53.93974049200119
53.32021282809444
52.700685164187576
52.081157500280824
51.46162983637407
50.84210217246721
50.22257450856068
53.661042911974164
57.0995113153881
60.53797971880158
63.976448122215174
63.351440405810536
62.72643268940601
62.101424973001485
61.47641725659685
60.85140954019221
60.22640182378768
59.60139410738316
58.97638639097852
58.35137867457388
57.726370958169355
57.10136324176483
56.47635552536019
55.85134780895555
55.22634009255103
54.6013323761465
53.97632465974186
53.351316943337224
52.7263092269327
56.83553217224744
60.94475511756218
65.05397806287692
69.16320100819155
68.54096090389908
67.9187207996066
67.29648069531413
66.67424059102166
66.05200048672918
65.42976038243671
64.80752027814424
64.18528017385177
63.56304006955929
62.94079996526682
62.31855986097435
61.69631975668187
61.07407965238929
60.451839548096814
59.82959944380434
59.20735933951187
58.585119235219395
57.96287913092692
57.34063902663445
56.718398922341976
56.0961588180495
55.47391871375703
54.85167860946456
54.229438505172084
53.60719840087961
52.98495829658714
52.362718192294665
51.74047808800219
51.118237983709605
50.49599787941713
49.87375777512466
49.251517670832186
48.62927756653971
52.69993245143223
56.7705873363243
60.84124222121682
64.91189710610934
64.2856613963313
63.65942568655316
63.033189976775134
62.40695426699699
61.78071855721885
61.15448284744082
60.528247137662675
59.902011427884645
59.2757757181065
58.64954000832836
58.02330429855033
57.397068588772186
56.770832878994156
56.14459716921601
55.51836145943787
54.89212574965984
54.2658900398817
53.63965433010367
53.013418620325524
52.38718291054738
53.8198055000355
55.25242808952362
56.685050679011965
58.117673268500084
59.55029585798809
58.92239296677053
58.29449007555286
57.666587184335185
57.03868429311751
56.41078140189995
55.78287851068228
55.15497561946461
54.527072728246935
53.89916983702926
53.2712669458117
52.64336405459403
52.01546116337636
51.387558272158685
50.759655380941126
50.13175248972345
49.50384959850578
48.87594670728811
48.248043816070435
47.620140924852876
46.9922380336352
48.886232498239906
50.78022696284461
52.67422142744931
54.5682158920539
53.984228836931266
53.400241781808745
52.81625472668611
52.23226767156348
51.64828061644096
51.06429356131832
50.48030650619569
49.89631945107317
49.312332395950534
48.7283453408279
48.14435828570538
47.560371230582746
46.97638417546011
46.39239712033759
45.80841006521496
45.22442301009232
44.6404359549698
44.05644889984717
43.47246184472465
44.15238160006277
44.83230135540089
45.512221110739006
46.192140866077125
46.872060621415244
47.55198037675336
48.23190013209148
48.911819887429715
48.25058646007949
47.58935303272938
46.928119605379266
46.26688617802904
45.60565275067893
44.944419323328816
44.28318589597859
43.62195246862848
42.96071904127848
46.353979224100385
49.74723940692229
53.140499589744195
56.53375977256576
55.920436464511226
55.307113156456694
54.693789848402275
54.08046654034774
53.46714323229321
52.85381992423879
52.24049661618426
51.62717330812973
51.01385000007531
50.400526692020776
49.787203383966244
49.173880075911825
48.56055676785729
47.94723345980276
47.33391015174834
46.72058684369381
46.10726353563928
45.49394022758486
44.880616919530326
44.26729361147579
43.653970303421374
48.81220726160609
53.970444219791716
59.12868117797689
58.49614023861159
57.86359929924629
57.231058359880876
56.59851742051558
55.965976481150165
55.333435541784866
54.70089460241957
54.068353663054154
53.435812723688855
52.80327178432344
52.17073084495814
51.53818990559273
50.90564896622743
50.27310802686213
49.64056708749672
49.00802614813142
48.37548520876601
47.74294426940071
47.11040333003541
46.47786239067
45.8453214513047
49.02350070983175
52.2016799683588
55.379859226885856
58.558038485412794
57.89345846374431
57.228878442075825
56.56429842040734
55.899718398738855
55.23513837707037
54.570558355401886
53.9059783337334
53.2413983120648
52.57681829039632
51.91223826872783
51.24765824705935
50.583078225390864
49.91849820372238
49.253918182053894
48.58933816038541
47.924758138716925
47.260178117048326
50.08144036745125
52.90270261785372
55.72396486825596
55.099174257361256
54.474383646466435
53.84959303557173
53.22480242467702
52.60001181378232
51.9752212028875
51.35043059199279
50.725639981098084
50.100849370203264
49.47605875930856
48.85126814841385
48.226477537519145
47.601686926624325
46.97689631572962
46.35210570483491
45.727315093940206
45.102524483045386
44.47773387215068
43.85294326125597
43.22815265036115
42.60336203946645
41.97857142857174
45.61801242236061
49.25745341614902
52.896894409937886
52.23433088650472
51.57176736307167
50.90920383963851
50.24664031620546
49.584076792772294
48.92151326933924
48.25894974590619
47.59638622247303
46.93382269903998
46.271259175606815
45.608695652173765
44.9461321287406
44.28356860530755
43.62100508187439
42.958441558441336
47.69853896103905
52.43863636363676
57.17873376623356
61.918831168831275
61.264170502927755
60.60950983702412
59.9548491711206
59.30018850521708
58.64552783931356
57.99086717341004
57.33620650750652
56.681545841603
56.026885175699476
55.37222450979584
54.71756384389232
54.0629031779888
53.40824251208528
52.75358184618176
52.09892118027824
51.44426051437472
50.7895998484712
50.134939182567564
49.48027851666404
48.82561785076052
48.170957184857
47.51629651895348
46.86163585304996
46.20697518714644
45.552314521242806
49.8676617956653
54.18300907008779
58.498356344510285
57.88555291134912
57.272749478188075
56.65994604502691
56.047142611865866
55.43433917870482
54.821535745543656
54.20873231238261
53.59592887922145
52.9831254460604
52.37032201289935
51.75751857973819
51.14471514657714
50.53191171341598
49.91910828025539
54.700821755058314
59.48253522986033
64.26424870466326
63.61031054016064
62.95637237565791
62.30243421115517
61.648496046652554
60.99455788214982
60.3406197176472
59.68668155314447
59.03274338864185
58.378805224139114
57.72486705963638
57.07092889513376
56.41699073063103
55.76305256612841
55.109114401625675
54.45517623712294
53.80123807262032
53.14729990811759
52.49336174361497
51.839423579112236
51.1854854146095
50.53154725010688
49.87760908560415
49.22367092110153
48.569732756598796
47.91579459209606
47.26185642759344
46.607918263090596
49.30863579275365
52.0093533224167
54.71007085207975
57.41078838174258
56.73958921161818
56.06839004149367
55.39719087136916
54.725991701244766
54.054792531120256
53.38359336099575
52.71239419087124
52.04119502074684
51.36999585062233
50.69879668049782
50.027597510373425
49.356398340248916
48.685199170124406
48.014000000000124
50.525717391304624
53.037434782609125
55.54915217391317
58.06086956521756
57.42733823229241
56.79380689936738
56.16027556644224
55.52674423351709
54.89321290059206
54.25968156766692
53.626150234741885
52.99261890181674
52.359087568891596
51.725556235966565
51.09202490304142
50.45849357011639
49.824962237191244
49.1914309042661
48.55789957134107
47.92436823841592
47.29083690549089
46.65730557256575
46.0237742396406
45.39024290671557
44.756711573790426
44.123180240865395
43.48964890794025
42.856117575015105
42.222586242090074
41.58905490916493
40.9555235762399
40.32199224331475
39.68846091038961
39.05492957746446
42.53102841648797
46.00712725551148
49.483226094534984
52.95932493355849
56.435423772582
59.911522611605506
63.38762145062901
66.86372028965252
70.33981912867603
73.81591796769953
77.2920168067227
76.5803419972641
75.86866718780539
75.15699237834667
74.44531756888807
73.73364275942936
73.02196794997064
72.31029314051204
71.59861833105333
70.88694352159462
70.17526871213602
69.4635939026773
68.75191909321859
68.04024428375999
67.32856947430128
66.61689466484256
65.90521985538396
65.19354504592525
64.48187023646653
63.770195427007934
63.05852061754922
62.34684580809051
61.63517099863191
60.92349618917319
60.21182137971448
59.50014657025588
58.788471760797165
58.07679695133845
57.36512214187985
56.65344733242114
55.941772522962424
55.23009771350371
54.51842290404511
53.806748094586396
53.09507328512768
52.38339847566908
51.67172366621037
50.960048856751655
50.248374047293055
49.53669923783434
48.82502442837563
48.11334961891703
47.401674809458314
46.6899999999996
50.29182655103432
53.89365310206813
57.49547965310194
61.09730620413666
64.69913275517001
64.04383490114617
63.38853704712221
62.73323919309826
62.077941339074414
61.42264348505046
60.7673456310265
60.112047777002545
59.4567499229787
58.801452068954745
58.14615421493079
57.490856360906946
56.83555850688299
56.18026065285903
55.52496279883508
54.869664944811234
54.21436709078728
53.55906923676332
52.90377138273948
52.24847352871552
51.593175674691565
50.93787782066761
50.282579966643766
49.62728211261981
48.97198425859585
48.31668640457201
47.661388550548054
50.66461872037735
53.66784889020664
56.67107906003548
59.674309229864775
59.02729492790388
58.3802806259431
57.73326632398232
57.08625202202154
56.43923772006076
55.79222341809998
55.1452091161392
54.49819481417842
53.85118051221764
53.20416621025686
52.55715190829608
51.9101376063353
51.26312330437452
50.61610900241374
49.96909470045284
49.32208039849206
48.67506609653128
48.0280517945705
47.38103749260972
46.73402319064894
46.08700888868816
45.43999458672738
44.7929802847666
44.14596598280582
43.49895168084504
42.85193737888426
42.20492307692348
46.05525119914819
49.90557932137199
53.75590744359579
57.606235565819816
56.96133864673425
56.31644172764868
55.67154480856311
55.026647889477545
54.38175097039198
53.73685405130641
53.09195713222084
52.44706021313527
51.802163294049706
51.15726637496414
50.51236945587857
49.867472536793
49.222575617707435
48.57767869862187
47.9327817795363
47.28788486045073
46.64298794136516
45.998091022279596
45.353194103194255
48.839362796401474
52.32553148960869
55.81170018281534
55.22415418576293
54.63660818871051
54.049062191658095
53.46151619460568
52.873970197553376
52.28642420050096
51.698878203448544
51.11133220639613
50.52378620934371
49.93624021229141
49.34869421523899
48.76114821818658
48.17360222113416
47.586056224081744
46.99851022702944
46.410964229977026
45.82341823292461
45.23587223587219
47.563568113567726
49.89126399126371
52.2189598689597
54.54665574665569
56.87435162435122
59.20204750204721
61.529743379743195
63.85743925743918
66.18513513513471
68.5128310128307
70.84052689052669
73.16822276822268
75.49591864591821
77.8236145236142
80.15131040131018
82.47900627900617
84.8067021567017
87.13439803439769
89.46209391209368
91.78978978978967
91.05095884719663
90.31212790460359
89.57329696201055
88.8344660194175
89.80247799236645
90.77048996531516
91.73850193826411
92.70651391121305
93.674525884162
92.95439892573904
92.23427196731609
91.51414500889314
90.79401805047041
90.07389109204746
89.35376413362451
88.63363717520156
87.9135102167786
87.19338325835565
86.4732562999327
85.75312934150975
85.0330023830868
84.31287542466384
83.59274846624112
82.87262150781817
82.15249454939521
81.43236759097226
80.71224063254931
79.99211367412636
79.2719867157034
78.55185975728045
77.8317327988575
77.11160584043455
76.39147888201182
75.67135192358887
74.95122496516592
74.23109800674297
73.51097104832002
72.79084408989706
72.07071713147388
74.08776975431556
76.10482237715769
78.12187499999982
76.46441828051593
74.8069615610325
73.14950484154906
71.49204812206517
69.83459140258174
68.1771346830983
66.51967796361441
64.86222124413098
63.204764524647544
61.547307805163655
59.88985108568022
58.232394366196786
63.19225572988398
68.15211709357027
65.14999218231878
62.1478672710673
59.14574235981581
56.14361744856433
53.14149253731375
55.97174647664178
58.802000415969815
61.632254355297846
64.46250829462508
63.865582008370325
63.26865572211568
62.671729435860925
62.074803149606296