93.40342298288509
93.53282708025803
93.66223117763099
93.79163527500393
93.92103937237687
94.05044346974981
94.17984756712275
94.3092516644957
94.43865576186865
94.56805985924159
94.69746395661453
94.82686805398748
94.95627215136042
95.08567624873336
95.2150803461063
94.0641946297076
92.91330891330891
93.3138966522276
93.71448439114629
94.11507213006496
94.51565986898365
94.91624760790233
95.31683534682102
95.7174230857397
96.11801082465838
96.51859856357707
96.91918630249575
97.31977404141443
97.72036178033312
98.12094951925181
98.52153725817048
98.92212499708917
99.32271273600786
99.72330047492655
100.12388821384522
100.52447595276391
100.9250636916826
101.32565143060128
101.72623916951996
102.12682690843864
102.52741464735733
102.928002386276
103.3285901251947
103.72917786411338
104.12976560303207
104.53035334195074
104.93094108086943
105.33152881978812
105.73211655870679
106.13270429762548
106.53329203654417
106.93387977546286
107.33446751438153
107.73505525330022
108.1356429922189
108.53623073113758
108.93681847005627
109.33740620897495
109.73799394789364
110.13858168681232
110.539169425731
110.93975716464969
111.34034490356836
111.74093264248705
111.68034731911945
111.61976199575183
111.55917667238421
111.72496953823045
111.89076240407668
112.05655526992291
102.61687738712999
93.17719950433704
94.88561456951199
96.59402963468693
98.3024446998619
100.01085976503683
101.71927483021176
103.42768989538672
105.13610496056165
106.84452002573661
108.55293509091155
110.26135015608651
111.96976522126144
113.67818028643643
110.69597303530782
107.71376578417915
104.73155853305053
101.74935128192192
98.76714403079325
95.78493677966463
92.80272952853598
92.91868279569893
93.03463606286186
93.15058933002481
93.26654259718777
93.3824958643507
93.49844913151365
93.61440239867659
93.73035566583954
93.84630893300248
93.96226220016543
94.07821546732836
94.19416873449131
94.31012200165425
94.4260752688172
94.54202853598014
94.65798180314309
94.77393507030604
94.88988833746897
95.00584160463193
95.12179487179486
95.23774813895781
95.35370140612075
95.4696546732837
95.58560794044664
94.7165432076157
93.84747847478475
93.95274089923537
94.058003323686
94.16326574813661
94.26852817258722
94.37379059703784
94.47905302148845
94.58431544593908
94.6895778703897
94.79484029484033
94.40157966992501
94.00831904500971
93.61505842009441
93.2217977951791
92.82853717026381
94.08242479361772
95.33631241697162
96.59020004032553
97.84408766367946
99.09797528703336
100.35186291038727
101.60575053374117
102.8596381570951
104.11352578044901
105.36741340380291
106.62130102715682
107.87518865051075
109.12907627386465
110.38296389721856
111.63685152057245
111.48259169144245
111.32833186231244
111.60418482999125
103.46997562667457
95.33576642335767
95.45893603557838
95.58210564779908
95.70527526001979
95.82844487224048
95.9516144844612
96.0747840966819
96.1979537089026
96.32112332112331
95.41509612247216
94.50906892382102
96.00242903925388
97.49578915468675
98.98914927011958
100.48250938555245
101.97586950098531
103.46922961641818
104.96258973185101
106.45594984728388
107.94930996271674
109.4426700781496
110.93603019358244
112.42939030901533
113.92275042444817
105.10616048829775
96.28957055214721
98.92839760924551
101.56722466634375
104.20605172344204
106.84487878054034
109.48370583763858
112.12253289473688
102.58599503602954
93.0494571773221
98.71154288011951
104.37362858291692
110.03571428571428
109.77214285714285
109.50857142857143
109.64242064988952
109.7762698712076
109.9101190925257
110.04396831384379
110.17781753516189
110.31166675647998
110.44551597779807
110.57936519911615
110.71321442043426
110.84706364175234
110.98091286307022
101.28126658872975
91.58162031438928
93.43089531491728
95.28017031544528
97.12944531597321
98.97872031650121
100.82799531702915
102.67727031755715
104.52654531808508
106.37582031861308
108.22509531914108
110.07437031966901
111.92364532019704
111.02924751793768
110.13484971567831
110.23855733599797
110.34226495631762
110.44597257663727
110.54968019695691
110.65338781727657
110.75709543759622
110.86080305791586
110.96451067823551
111.06821829855517
101.2473011398547
91.42638398115434
94.796480793667
98.16657760617966
101.5366744186922
104.90677123120486
108.27686804371751
111.64696485623006
108.1485669494582
104.65016904268646
101.15177113591471
97.65337322914297
94.15497532237123
90.65657741559953
91.53554706375887
92.41451671191818
93.2934863600775
94.17245600823681
95.05142565639612
95.93039530455543
96.80936495271474
97.68833460087409
98.5673042490334
99.44627389719271
100.32524354535202
101.20421319351134
102.08318284167065
102.96215248982996
103.8411221379893
104.72009178614861
105.59906143430793
106.47803108246724
107.35700073062655
108.23597037878586
109.11494002694518
109.99390967510452
110.87287932326383
111.75184897142314
112.63081861958244
103.39500836639536
94.15919811320754
95.05184630352713
95.94449449384669
96.83714268416628
97.72979087448584
98.62243906480543
99.515087255125
100.40773544544459
101.30038363576418
102.19303182608374
103.08568001640333
103.97832820672289
104.87097639704248
105.76362458736205
106.65627277768164
107.54892096800123
108.44156915832079
109.33421734864038
110.22686553895994
111.11951372927953
112.0121619195991
112.90481010991869
113.79745830023828
113.74182706344178
113.68619582664527
114.00955414012739
113.77153802323926
113.53352190635111
113.29550578946296
113.05748967257483
112.81947355568668
112.58145743879855
112.3434413219104
112.10542520502226
111.86740908813412
111.62939297124592
108.76373490488606
105.89807683852621
103.03241877216635
100.1667607058065
97.30110263944664
94.43544457308678
91.56978650672693
88.70412844036719
99.03646138330396
109.36879432624141
106.12360767496864
102.87842102369586
99.6332343724232
96.38804772115043
93.14286106987765
89.89767441860465
91.48884857014474
93.08002272168483
94.67119687322486
96.26237102476495
97.85354517630503
99.44471932784512
101.03589347938515
102.6270676309253
104.21824178246533
105.80941593400536
107.4005900855455
108.99176423708553
110.58293838862573
101.78037704414237
92.9778156996587
93.53400068802564
94.0901856763926
92.5457421888458
91.00129870129899
94.79179803694683
98.58229737259467
102.3727967082425
106.16329604389011
109.95379537953795
109.6100091706342
109.26622296173045
109.52257640055745
109.77892983938446
110.03528327821147
110.29163671703847
110.54799015586559
101.41019790812152
92.27240566037736
92.40041142690878
92.52841719344019
92.65642295997161
92.78442872650302
92.91243449303445
93.04044025956586
93.16844602609729
92.89820405570268
92.62796208530806
92.75934730734778
92.89073252938749
93.02211775142722
93.15350297346694
93.28488819550665
93.41627341754638
93.5476586395861
93.67904386162581
93.81042908366553
93.94181430570526
94.07319952774498
94.06549127330645
94.05778301886792
94.14468795355589
94.23159288824382
94.31849782293179
94.40540275761974
94.49230769230769
94.43162597148277
94.37094425065786
94.31026252983293
95.70767967673703
97.10509682364125
98.50251397054546
99.89993111744957
101.29734826435379
102.694765411258
104.09218255816211
105.48959970506633
106.88701685197054
108.28443399887465
109.68185114577886
111.07926829268308
105.0372392859581
98.99521027923356
92.953181272509
93.10367519260451
93.25416911270003
93.40466303279554
93.55515695289105
93.70565087298655
93.85614479308208
94.00663871317758
94.1571326332731
94.3076265533686
94.45812047346412
94.60861439355963
94.75910831365513
94.90960223375066
95.06009615384616
94.67777353718557
94.29545092052498
93.9131283038644
93.53080568720381
93.64790067607277
93.76499566494172
93.88209065381069
93.99918564267966
94.11628063154862
94.23337562041758
94.35047060928656
94.46756559815552
94.58466058702447
94.70175557589344
94.81885056476241
94.93594555363137
95.05304054250034
95.17013553136931
95.28723052023827
95.40432550910722
95.5214204979762
95.63851548684517
95.75561047571412
95.87270546458309
95.98980045345206
96.10689544232102
96.22399043118997
96.34108542005895
96.45818040892792
96.57527539779693
95.45102836228915
94.32678132678133
94.2922871098686
94.25779289295588
94.22329867604314
94.18880445913042
94.15431024221769
94.11981602530496
94.08532180839224
94.0508275914795
94.01633337456678
93.98183915765405
93.94734494074132
93.9128507238286
93.87835650691586
93.84386229000314
93.80936807309041
93.77487385617768
93.74037963926496
93.70588542235222
93.6713912054395
93.63689698852677
93.60240277161404
93.56790855470132
93.53341433778859
93.67162011664041
93.80982589549224
93.94803167434407
94.08623745319589
94.22444323204772
94.36264901089956
94.50085478975139
94.63906056860321
92.68070964548099
90.72235872235872
90.86339900133004
91.00443928030136
91.14547955927267
91.28651983824399
91.42756011721531
91.56860039618661
91.70964067515793
91.85068095412925
91.99172123310056
92.13276151207188
92.2738017910432
92.4148420700145
92.55588234898582
92.69692262795714
92.83796290692845
92.97900318589977
93.12004346487109
93.26108374384239
90.91066235384892
88.56024096385542
88.79071765404889
89.02119434424236
89.25167103443583
89.48214772462931
89.71262441482278
89.94310110501625
90.17357779520972
90.4040544854032
90.63453117559666
90.86500786579015
91.09548455598362
91.32596124617709
91.55643793637056
91.78691462656403
92.0173913167575
92.24786800695098
92.47834469714445
92.70882138733792
92.93929807753139
93.16977476772486
93.40025145791833
93.6307281481118
93.86120483830528
94.09168152849875
94.32215821869222
94.5526349088857
94.78311159907916
95.01358828927263
95.24406497946612
95.47454166965959
95.70501835985306
94.59539677564385
93.48577519143464
92.37615360722532
91.26653202301611
90.1569104388069
89.0472888545977
87.93766727038837
86.82804568617917
85.71842410196987
85.84222774480548
85.9660313876411
86.08983503047672
86.21363867331233
86.33744231614794
86.46124595898357
86.58504960181918
86.7088532446548
86.83265688749042
86.95646053032603
87.08026417316165
87.20406781599726
87.32787145883287
87.4516751016685
87.57547874450411
87.69928238733972
87.82308603017535
87.94688967301096
88.07069331584658
88.1944969586822
88.3183006015178
88.44210424435343
88.56590788718904
88.68971153002465
88.81351517286028
88.93731881569589
89.0611224585315
89.18492610136713
89.30872974420274
89.43253338703836
89.55633702987397
89.68014067270958
89.80394431554532
87.91072747213389
86.01751062872245
84.12429378531074
84.2339154188485
84.34353705238625
84.453158685924
84.56278031946175
84.67240195299951
84.78202358653726
84.89164522007502
85.00126685361278
85.11088848715053
85.22051012068829
85.33013175422604
85.4397533877638
85.54937502130156
85.65899665483931
85.76861828837707
85.87823992191483
85.98786155545258
86.09748318899034
86.2071048225281
86.31672645606585
86.42634808960361
86.53596972314136
86.64559135667912
86.75521299021688
86.86483462375463
86.97445625729239
87.08407789083014
87.1936995243679
87.30332115790566
87.41294279144341
87.52256442498117
87.63218605851893
87.74180769205668
87.85142932559444
87.9610509591322
88.07067259266995
88.1802942262077
88.28991585974546
88.39953749328322
88.50915912682098
88.61878076035873
88.72840239389649
88.83802402743424
88.947645660972
89.05726729450976
89.16688892804751
89.27651056158527
89.38613219512303
89.49575382866075
89.60537546219851
89.71499709573627
89.82461872927402
89.93424036281179
89.82431536717252
89.71439037153323
89.60446537589395
89.49454038025466
89.38461538461539
89.49546712990607
89.60631887519676
89.71717062048745
89.82802236577814
89.93887411106881
90.0497258563595
90.16057760165019
90.27142934694088
90.38228109223157
90.49313283752225
90.60398458281294
90.71483632810362
90.8256880733943
88.54065935201243
86.25563063063063
86.37338655899036
86.4911424873501
86.60889841570983
86.72665434406957
86.8444102724293
86.96216620078904
87.07992212914877
87.19767805750851
87.31543398586824
87.43318991422798
87.55094584258771
87.66870177094745
87.78645769930718
87.90421362766692
88.02196955602665
88.13972548438639
88.25748141274612
88.37523734110586
88.49299326946559
88.61074919782533
88.72850512618506
88.8462610545448
88.96401698290452
89.08177291126427
89.199528839624
89.31728476798374
89.43504069634346
89.5527966247032
89.67055255306293
89.78830848142267
89.9060644097824
90.02382033814214
90.14157626650187
90.25933219486161
90.37708812322134
90.49484405158108
90.61259997994081
90.73035590830055
90.84811183666028
90.96586776502002
91.08362369337976
91.04993595293794
91.01624821249612
90.98256047205432
90.9488727316125
90.91518499117068
90.88149725072886
90.84780951028704
90.81412176984522
90.78043402940341
90.74674628896159
90.71305854851977
90.67937080807795
90.64568306763613
90.61199532719431
90.57830758675249
90.54461984631067
90.51093210586873
89.17136994309442
87.83180778032036
87.96831253650774
88.10481729269512
88.2413220488825
88.37782680506987
88.51433156125725
88.65083631744463
88.78734107363202
88.9238458298194
89.06035058600678
89.19685534219416
89.33336009838153
89.46986485456891
89.60636961075629
89.74287436694367
89.87937912313105
90.01588387931842
90.1523886355058
90.28889339169318
90.42539814788057
90.56190290406795
90.69840766025533
90.8349124164427
90.97141717263008
91.10792192881752
90.48640032377398
89.86487871873038
89.24335711368678
88.62183550864319
88.00031390359959
87.378792298556
86.75727069351231
86.92069730586987
87.08412391822742
87.24755053058497
87.41097714294253
87.57440375530008
87.73783036765764
87.90125698001519
88.06468359237275
88.22811020473029
88.39153681708784
88.5549634294454
88.71839004180295
88.8818166541605
89.04524326651806
89.20866987887561
89.37209649123317
89.53552310359072
89.69894971594827
89.86237632830583
90.02580294066338
90.18922955302094
90.35265616537849
90.51608277773605
90.6795093900936
90.84293600245115
91.00636261480871
91.16978922716626
90.93713026194084
90.70447129671541
90.47181233148999
90.23915336626456
90.0064944010391
89.77383543581368
89.54117647058824
89.68412478198827
89.82707309338831
89.97002140478834
90.11296971618836
90.2559180275884
90.39886633898843
90.54181465038846
90.68476296178848
90.82771127318851
90.97065958458855
91.11360789598858
91.25655620738861
91.39950451878863
91.54245283018872
90.76592606173756
89.98939929328624
90.13169080007086
90.27398230685547
90.4162738136401
90.55856532042472
90.70085682720934
90.84314833399397
90.98543984077858
91.1277313475632
91.27002285434783
91.41231436113245
91.55460586791706
91.69689737470168
91.42903160655513
91.1611658384086
90.89330007026206
90.62543430211554
90.35756853396903
90.48329516060387
90.60902178723873
90.73474841387358
90.86047504050842
90.98620166714326
91.11192829377812
91.23765492041296
91.36338154704781
91.48910817368265
91.61483480031751
91.74056142695235
91.8662880535872
91.99201468022206
92.1177413068569
92.24346793349173
91.45169829492659
90.65992865636147
90.78621911004356
90.91250956372565
91.03880001740774
91.16509047108981
91.2913809247719
91.41767137845399
91.54396183213608
91.67025228581817
91.79654273950025
91.92283319318234
92.04912364686443
92.17541410054652
92.3017045542286
92.4279950079107
92.55428546159278
92.68057591527487
92.80686636895696
92.93315682263905
93.05944727632112
93.18573773000321
93.3120281836853
93.43831863736739
93.56460909104948
93.69089954473156
93.81718999841365
93.94348045209574
94.06977090577783
94.19606135945992
94.322351813142
94.4486422668241
94.12571178424707
93.80278130167005
93.47985081909303
93.15692033651607
92.83398985393904
92.51105937136204
92.617129591675
92.72319981198795
92.82927003230091
92.93534025261386
93.04141047292681
93.14748069323977
93.25355091355273
93.35962113386569
93.46569135417863
93.57176157449159
93.67783179480455
93.7839020151175
93.88997223543046
93.9960424557434
94.10211267605632
92.43423390812154
90.76635514018692
90.87851870238069
90.99068226457446
91.10284582676825
91.21500938896202
91.32717295115579
91.43933651334957
91.55150007554334
91.66366363773712
91.7758271999309
91.88799076212467
90.38824625214238
88.88850174216027
89.02606484277827
89.16362794339625
89.30119104401423
89.43875414463223
89.57631724525021
89.71388034586819
89.85144344648619
89.98900654710417
90.12656964772215
90.26413274834015
90.40169584895813
90.53925894957612
90.6768220501941
90.8143851508122
89.91367173319452
89.01295831557684
88.11224489795904
88.91700649518384
89.72176809240864
90.52652968963343
91.33129128685823
92.13605288408291
92.94081448130771
93.74557607853251
94.5503376757573
95.3550992729821
96.1598608702069
96.96462246743158
97.76938406465638
98.57414566188118
99.37890725910597
100.18366885633077
100.98843045355545
101.79319205078025
102.59795364800505
103.40271524522984
104.20747684245464
105.01223843967944
105.81700003690412
106.62176163412892
107.42652323135371
108.23128482857851
109.0360464258033
109.84080802302799
110.6455696202529
101.80865053450725
92.97173144876325
93.158145065398
90.50354680442751
87.84894854345657
85.19435028248574
85.76679547358765
86.33924066468956
86.91168585579146
87.48413104689337
88.05657623799527
88.62902142909718
89.20146662019908
89.77391181130099
90.3463570024029
90.9188021935048
91.49124738460671
92.06369257570861
92.63613776681052
93.20858295791231
93.78102814901422
94.35347334011612
94.92591853121803
95.49836372231994
96.07080891342184
96.64325410452375
97.21569929562565
97.78814448672756
98.36058967782947
98.93303486893137
99.50548006003328
100.07792525113518
100.65037044223709
101.22281563333888
101.79526082444079
102.3677060155427
102.9401512066446
103.5125963977465
104.08504158884841
104.65748677995032
105.22993197105222
105.80237716215413
106.37482235325604
106.94726754435794
107.51971273545985
108.09215792656175
108.66460311766366
109.23704830876545
109.80949349986736
110.38193869096949
108.2584531086627
106.13496752635592
104.01148194404959
101.88799636174281
99.76451077943615
99.78036549653831
99.79622021364048
82.16684841875681
82.34761159051757
82.52837476227833
82.70913793403909
82.88990110579982
83.07066427756058
83.25142744932134
83.4321906210821
83.61295379284283
83.79371696460359
83.97448013636435
84.15524330812511
84.33600647988587
84.5167696516466
84.69753282340736
84.87829599516812
85.05905916692888
85.23982233868963
85.42058551045037
85.60134868221112
85.78211185397188
85.96287502573264
86.1436381974934
86.32440136925413
86.50516454101489
86.68592771277565
86.86669088453641
87.04745405629717
87.2282172280579
87.40898039981866
87.58974357157942
87.77050674334018
87.95126991510091
88.13203308686167
88.31279625862243
88.49355943038319
88.67432260214395
88.85508577390468
89.03584894566544
89.2166121174262
89.39737528918695
89.57813846094771
89.75890163270844
89.93966480446943
87.89739996980279
85.85513513513547
87.31061353800965
88.76609194088383
90.221570343758
91.67704874663218
93.13252714950636
94.58800555238054
96.04348395525471
97.49896235812889
98.95444076100307
100.40991916387725
101.86539756675143
103.3208759696256
104.77635437249978
106.23183277537396
107.68731117824774
107.44731412570925
107.20731707317077
107.37587461841872
107.54443216366667
107.71298970891465
107.8815472541626
108.05010479941058
108.21866234465853
108.3872198899065
108.55577743515445
108.7243349804024
108.89289252565038
109.06145007089833
109.23000761614628
108.64806035064123
108.06611308513607
107.48416581963102
106.90221855412597
106.32027128862094
106.40015071590187
98.85955611530244
91.31896151470391
83.77836691410403
86.4136203669882
89.04887381987237
91.68412727275654
94.31938072564071
96.95463417852488
99.58988763140906
102.22514108429323
104.86039453717753
104.80708213047608
104.75376972377464
104.70045731707319
105.30914588057448
105.13271477590521
104.95628367123595
104.77985256656666
104.60342146189737
104.92783747979831
105.25225349769931
105.57666951560026
105.9010855335012
106.2255015514022
106.54991756930315
106.87433358720409
97.04965333827204
87.22497308934271
93.39536327215592
99.56575345496913
105.73614363778304
105.53706936006088
105.33799508233872
105.13892080461656
104.9398465268944
104.74077224917224
104.54169797145003
104.74363977710406
104.9455815827581
105.14752338841213
105.34946519406618
105.55140699972021
105.75334880537424
105.95529061102843
101.14903725464683
96.34278389826432
91.53653054188271
86.73027718550156
89.53629670087321
92.34231621624531
95.14833573161695
97.95435524698905
100.7603747623607
103.56639427773234
106.37241379310399
97.2893051871506
88.20619658119676
89.29595580118712
90.3857150211777
91.47547424116806
92.56523346115841
93.65499268114877
94.74475190113913
95.83451112112971
96.92427034112006
98.01402956111042
99.10378878110077
100.19354800109136
101.28330722108171
102.37306644107207
103.46282566106242
104.55258488105301
105.64234410104336
106.73210332103372
97.04948981565394
87.36687631027235
93.90576595703533
100.44465560379831
106.98354525056095
106.42014421104295
105.85674317152495
105.29334213200696
104.72994109248896
104.16654005297096
103.6031390134529
104.08875739645009
94.66376645332639
85.23877551020408
85.37895812053125
84.15665077743733
82.93434343434343
83.07774324843065
83.22114306251787
83.36454287660509
83.50794269069233
83.65134250477955
83.79474231886677
83.93814213295398
84.0815419470412
84.22494176112842
84.36834157521567
84.51174138930288
84.6551412033901
84.79854101747732
84.94194083156454
85.08534064565175
85.228740459739
85.37214027382622
85.51554008791344
85.65893990200065
85.80233971608787
85.94573953017509
86.08913934426232
84.55885538641678
83.02857142857142
83.0328039592259
83.03703648988036
83.04126902053484
83.04550155118932
80.35159362549801
80.41307439703102
80.47455516856405
80.53603594009707
80.59751671163008
80.65899748316309
80.7204782546961
80.78195902622912
80.84343979776214
80.90492056929516
80.96640134082817
81.02788211236118
81.0893628838942
81.15084365542721
81.21232442696024
81.27380519849325
81.33528597002626
81.39676674155928
81.45824751309229
81.5197282846253
81.58120905615833
81.64268982769134
81.70417059922435
81.76565137075737
81.82713214229038
81.8886129138234
81.95009368535642
82.01157445688943
82.07305522842245
82.13453599995546
82.19601677148876
86.5345582243126
90.87309967713645
95.2116411299603
99.55018258278506
103.8887240356083
103.82890257726802
103.76908111892776
103.70925966058749
103.64943820224721
104.03271188791814
104.41598557358907
104.79925925926
94.96193492557904
85.1246105919003
85.23161280029558
85.33861500869085
85.44561721708612
85.5526194254814
85.65962163387664
85.76662384227191
85.87362605066718
85.98062825906246
86.08763046745773
86.194632675853
86.30163488424827
86.40863709264352
86.51563930103879
86.62264150943383
85.78318014884462
84.94371878825564
84.10425742766643
83.26479606707721
82.42533470648817
82.65168539325828
81.077379581875
79.50307377049194
80.6191573243907
81.73524087828946
82.85132443218822
83.96740798608698
85.08349153998574
86.19957509388473
87.3156586477835
88.43174220168225
89.54782575558102
90.66390930947978
91.77999286337854
92.89607641727753
94.01215997117629
95.12824352507505
96.24432707897381
97.36041063287257
98.47649418677133
99.59257774067032
100.70866129456908
101.82474484846784
102.9408284023666
93.12036249487392
83.29989658738396
88.52510492228976
93.75031325719647
98.97552159210227
104.20072992700807
94.13222518960902
84.06372045220905
86.21831921771081
88.37291798321257
90.52751674871388
92.68211551421564
94.8367142797174
96.9913130452187
99.14591181072046
101.30051057622222
97.74604395002007
94.19157732381791
90.63711069761575
87.0826440714136
83.52817744521144
79.97371081900911
80.15329098718382
80.33287115535853
80.51245132353324
80.69203149170798
80.87161165988269
81.0511918280574
81.23077199623211
81.41035216440682
81.58993233258153
81.76951250075624
81.94909266893094
82.12867283710565
82.30825300528039
82.4878331734551
82.66741334162981
82.84699350980452
83.02657367797923
83.20615384615394
81.59802641802662
79.98989898989896
80.13297462643865
80.27605026297834
80.41912589951804
80.5622015360577
80.70527717259739
80.84835280913708
80.99142844567677
81.13450408221647
81.27757971875616
81.42065535529582
81.56373099183551
81.7068066283752
81.8498822649149
81.99295790145459
82.13603353799425
82.27910917453394
82.42218481107363
82.56526044761333
82.70833608415302
82.85141172069268
82.99448735723237
83.13756299377206
83.28063863031176
83.42371426685145
83.56678990339114
83.7098655399308
83.8529411764705
83.15179243414525
82.45064369182
81.74949494949493
81.89804305580856
82.04659116212221
82.19513926843587
82.34368737474949
82.24308092565323
82.14247447655697
82.04186802746071
81.94126157836445
81.84065512926821
81.74004868017195
81.63944223107569
81.82535915716349
82.01127608325132
82.19719300933914
82.38310993542694
82.56902686151477
82.7549437876026
82.9408607136904
83.12677763977823
83.31269456586605
83.49861149195385
83.68452841804168
83.87044534412962
83.06656302737588
82.26268071062213
81.45879839386816
80.65491607711442
79.85103376036068
79.04715144360671
78.24326912685297
77.43938681009922
76.63550449334525
75.83162217659122
76.15603877038211
76.48045536417294
76.80487195796383
77.12928855175466
77.45370514554554
77.77812173933637
78.1025383331272
78.42695492691809
78.75137152070891
79.0757881144998
79.40020470829069
79.09540868548032
78.79061266266996
78.48581663985959
78.18102061704923
77.87622459423892
77.57142857142844
81.25102491327561
84.9306212551237
88.61021759697178
92.28981393881986
95.96941028066794
99.64900662251603
89.51059738078766
79.37218813905932
79.54973917056708
79.72729020207484
79.9048412335826
80.08239226509036
80.25994329659812
80.43749432810588
80.61504535961365
80.7925963911214
80.97014742262914
81.1476984541369
81.32524948564466
81.50280051715242
81.68035154866018
81.85790258016794
82.0354536116757
82.21300464318347
82.39055567469123
82.56810670619896
82.74565773770672
82.92320876921448
83.10075980072224
83.27831083223
83.45586186373777
83.63341289524553
83.81096392675329
83.98851495826105
84.16606598976878
84.34361702127654
84.07156369625204
83.7995103712276
83.52745704620315
83.25540372117865
82.98335039615415
82.71129707112968
82.88328369272534
83.05527031432104
83.2272569359167
83.39924355751236
83.57123017910806
83.74321680070372
83.91520342229938
84.08719004389508
84.25917666549074
84.43116328708652
83.48055283857252
82.52994239005875
81.57933194154487
81.75200875875763
81.92468557597039
82.09736239318318
82.27003921039594
82.4427160276087
82.61539284482146
82.78806966203422
82.960746479247
83.13342329645977
83.30610011367253
83.47877693088529
83.65145374809808
83.82413056531084
83.9968073825236
84.16948419973636
84.34216101694892
82.77695052943864
81.21174004192864
81.41563251370968
81.61952498549073
81.82341745727177
82.02730992905282
82.23120240083387
82.43509487261491
82.63898734439596
82.84287981617695
83.04677228795799
83.25066475973904
83.45455723152008
83.65844970330113
83.86234217508218
84.06623464686322
84.27012711864427
82.9736379828023
81.67714884696016
81.8465078051245
82.01586676328887
82.18522572145321
82.35458467961757
82.52394363778194
82.69330259594628
82.86266155411064
83.03202051227498
83.20137947043935
83.37073842860372
83.54009738676805
83.70945634493242
83.87881530309679
84.04817426126112
84.21753321942549
84.38689217758986