83.74852817493692
83.90298647258487
84.05744477023283
84.21190306788078
84.36636136552873
84.35083005763931
84.3352987497499
84.31976744186046
84.38154613466334
83.5262781780726
82.67101022148186
81.81574226489113
80.96047430830039
81.10750462967015
81.25453495103991
81.40156527240967
81.54859559377942
81.69562591514918
81.84265623651893
81.98968655788869
82.13671687925846
82.28374720062821
82.43077752199797
82.57780784336772
82.72483816473748
82.87186848610723
83.018898807477
83.16592912884676
83.31295945021651
83.45998977158627
83.60702009295602
83.75405041432577
83.90108073569554
84.0481110570653
84.19514137843505
84.34217169980481
84.48920202117456
84.63623234254433
84.78326266391409
84.93029298528384
85.0773233066536
85.22435362802335
85.20514163813228
85.1859296482412
85.24263357604347
85.29933750384576
85.35604143164804
85.41274535945031
85.46944928725259
85.52615321505486
85.58285714285714
86.16902705268153
86.75519696250592
87.34136687233033
87.92753678215472
88.51370669197911
89.09987660180352
89.68604651162791
89.64467614837594
89.60330578512396
89.87560975609756
89.86072658910608
89.84584342211461
89.88504271983764
89.92424201756067
89.9634413152837
90.00264061300673
90.04183991072976
90.0810392084528
90.12023850617582
90.15943780389885
90.19863710162188
90.23783639934491
90.27703569706794
90.31623499479097
90.355434292514
90.39463359023704
90.43383288796007
90.4730321856831
90.51223148340613
90.55143078112916
90.50697261529731
90.46251444946546
90.41805628363362
90.37359811780178
90.32913995196992
90.28468178613808
90.24022362030622
90.19576545447438
90.15130728864253
90.10684912281069
90.06239095697885
90.01793279114699
89.97347462531515
89.9290164594833
89.88455829365145
89.8401001278196
89.79564196198776
89.75118379615591
89.70672563032406
89.66226746449222
89.61780929866036
89.62591091892266
89.63401253918495
89.34649354079887
89.0589745424128
88.77145554402672
88.48393654564066
88.19641754725458
87.9088985488685
87.62137955048243
87.33386055209635
87.04634155371028
86.7588225553242
86.47130355693812
86.18378455855205
85.89626556016597
86.13543654585617
86.37460753154636
86.61377851723654
86.85294950292673
87.09212048861693
87.33129147430712
87.57046245999732
87.8096334456875
88.04880443137769
88.28797541706788
88.52714640275806
88.76631738844826
89.00548837413845
89.24465935982865
89.48383034551884
89.72300133120902
89.96217231689921
90.20134330258941
90.44051428827959
90.6796852739698
90.91885625965996
90.39284506523785
89.86683387081573
89.34082267639361
88.8148114819715
88.28880028754939
87.76278909312728
87.23677789870516
86.71076670428305
86.18475550986093
85.65874431543882
85.13273312101671
84.60672192659459
84.08071073217248
83.55469953775038
83.86796438128749
84.18122922482459
84.4944940683617
84.80775891189882
85.12102375543591
85.43428859897303
85.74755344251014
86.06081828604724
86.37408312958435
86.26965399911288
86.16522486864142
86.06079573816994
85.95636660769848
85.85193747722701
85.74750834675555
85.64307921628408
85.5386500858126
85.43422095534115
85.32979182486967
85.22536269439821
85.12093356392674
85.01650443345528
84.91207530298381
84.80764617251234
84.70321704204088
84.5987879115694
84.49435878109794
84.38992965062647
84.28550052015501
84.18107138968354
84.07664225921206
83.9722131287406
83.86778399826913
83.76335486779767
83.6589257373262
83.55449660685474
83.45006747638327
83.66271581817459
83.87536415996593
84.08801250175725
84.30066084354857
84.51330918533989
84.72595752713121
84.93860586892254
85.15125421071386
85.3639025525052
85.57655089429652
85.78919923608785
86.00184757787918
86.2144959196705
86.42714426146182
86.63979260325314
86.85244094504446
87.06508928683579
87.27773762862712
87.49038597041844
87.70303431220978
87.9156826540011
88.12833099579242
88.1204340061471
88.11253701650176
88.10464002685644
88.09674303721111
88.08884604756578
88.08094905792045
88.12232602414578
88.16370299037109
88.20507995659642
88.24645692282174
88.28783388904705
88.32921085527238
88.3705878214977
88.41196478772302
88.45334175394834
88.49471872017367
88.53609568639898
88.57747265262431
88.6188496188496
87.81993060739347
87.02101159593738
86.22209258448129
85.42317357302517
84.62425456156907
83.82533555011298
83.02641653865686
82.2274975272008
82.34985641985438
82.47221531250797
82.59457420516155
82.71693309781514
82.83929199046872
82.9616508831223
83.08400977577588
83.20636866842948
83.32872756108306
83.45108645373665
83.57344534639023
83.69580423904381
83.8181631316974
83.94052202435098
84.06288091700458
84.18523980965816
84.30759870231174
84.42995759496532
84.55231648761891
84.67467538027249
84.79703427292608
84.91939316557966
85.04175205823324
85.16411095088682
85.28646984354042
85.40882873619401
85.53118762884759
85.65354652150117
85.77590541415475
85.89826430680834
86.02062319946192
86.14298209211552
86.2653409847691
86.38769987742268
86.51005877007626
86.63241766272985
86.75477655538344
86.87713544803702
86.9994943406906
87.12185323334418
87.24421212599776
87.36657101865131
86.76138200335859
86.1561929880659
85.55100397277317
84.94581495748045
84.34062594218773
83.735436926895
83.13024791160228
82.52505889630956
81.91986988101687
81.31468086572414
80.70949185043146
80.99081622916034
81.27214060788921
81.5534649866181
81.83478936534696
82.11611374407583
82.11181181274938
82.10750988142293
82.19968866345678
82.29186744549064
82.3840462275245
82.47622500955835
82.5684037915922
82.66058257362606
82.75276135565991
82.84494013769377
82.93711891972762
83.02929770176146
83.12147648379533
83.21365526582917
83.30583404786304
83.39801282989689
83.49019161193075
83.5823703939646
83.67454917599845
83.7667279580323
83.85890674006616
83.95108552210002
84.04326430413387
84.13544308616773
84.22762186820158
84.31980065023544
84.41197943226929
84.50415821430315
84.59633699633704
83.93573032373035
83.27512365112369
82.614516978517
81.95391030591034
81.29330363330368
80.63269696069699
79.97209028809033
79.31148361548364
78.65087694287698
77.99027027027026
77.85834262834263
77.72641498641498
77.59448734448733
77.4625597025597
77.33063206063206
77.19870441870441
77.06677677677678
76.93484913484913
76.80292149292148
76.67099385099385
76.53906620906619
76.40713856713856
76.27521092521091
76.14328328328327
76.01135564135564
75.87942799942799
75.74750035750034
75.61557271557271
75.48364507364506
75.35171743171742
75.21978978978979
75.08786214786214
74.9559345059345
74.82400686400686
74.6920792220792
74.56015158015157
74.42822393822392
74.29629629629629
74.31341871466482
74.33054113303334
74.34766355140187
74.31545206017836
74.28324056895485
74.32120144663699
74.35916232431913
74.39712320200128
74.09577759982889
73.7944319976565
73.49308639548411
73.19174079331172
72.89039519113933
72.58904958896694
72.28770398679455
71.98635838462216
71.68501278244976
71.38366718027736
71.38366718027737
70.41111255910147
69.43855793792551
68.46600331674959
68.70252847626743
68.93905363578527
69.17557879530311
69.41210395482095
69.64862911433879
69.88515427385663
70.12167943337447
70.3582045928923
70.59472975241015
70.83125491192799
71.06778007144581
71.30430523096365
71.54083039048149
71.77735554999933
72.01388070951717
72.250405869035
72.48693102855285
72.72345618807068
72.95998134758852
73.19650650710636
73.4330316666242
73.66955682614204
73.90608198565988
74.14260714517772
74.37913230469556
74.6156574642134
74.85218262373122
75.08870778324906
75.3252329427669
75.56175810228474
75.79828326180258
75.58783370307177
75.37738414434095
75.16693458561015
74.95648502687934
74.74603546814852
74.5355859094177
74.23205772170124
73.92852953398477
73.6250013462683
73.32147315855181
73.46746011231468
73.61344706607754
73.7594340198404
73.90542097360327
74.05140792736614
74.197394881129
74.34338183489186
74.48936878865473
74.6353557424176
74.78134269618046
74.92732964994332
75.07331660370619
75.21930355746905
75.36529051123192
75.51127746499479
75.65726441875765
75.8032513725205
75.94923832628338
76.09522528004625
76.24121223380911
76.38719918757197
76.53318614133484
76.67917309509771
76.82516004886057
76.97114700262343
77.1171339563863
77.11111672943693
77.10509950248756
77.16226877580183
77.21943804911612
77.27660732243041
77.33377659574467
77.0684514194287
76.80312624311273
76.53780106679676
76.27247589048079
76.00715071416482
75.74182553784885
75.4765003615329
75.58154551954684
75.68659067756076
75.7916358355747
75.89668099358863
76.00172615160255
76.10677130961649
76.21181646763043
76.19754910068828
76.18328173374613
76.2812854747162
76.37928921568628
76.12906302814551
75.87883684060473
75.62861065306396
75.37838446552318
75.12815827798241
74.87793209044163
74.62770590290086
74.37747971536008
74.12725352781932
73.87702734027854
73.62680115273776
73.09239130434783
73.18559584858474
73.27880039282167
73.37200493705858
73.46520948129549
73.55841402553241
73.65161856976931
73.74482311400624
73.83802765824315
73.93123220248006
74.02443674671699
74.11764129095388
74.21084583519081
74.30405037942772
74.39725492366463
74.49045946790156
74.58366401213846
74.67686855637538
74.7700731006123
74.8632776448492
74.95648218908613
75.04968673332304
75.14289127755995
75.23609582179688
75.32930036603378
75.4225049102707
75.51570945450761
75.60891399874453
75.5997970497501
75.59068010075566
75.80054701737687
76.01041393399807
76.22028085061928
76.43014776724047
76.64001468386168
76.84988160048289
77.05974851710408
77.26961543372529
77.47948235034649
77.6893492669677
77.8992161835889
78.1090831002101
78.31895001683131
78.5288169334525
78.73868385007371
78.94855076669492
79.15841768331612
79.36828459993733
79.57815151655852
79.78801843317973
79.76731748726657
79.74661654135339
79.76814618203801
79.78967582272263
79.81120546340725
79.83273510409188
79.79678046516146
79.76082582623104
79.72487118730062
79.6889165483702
79.65296190943978
79.61700727050936
79.58105263157894
79.67154811715483
79.17459737032885
78.67764662350294
78.18069587667702
77.6837451298511
77.18679438302519
76.68984363619921
76.1928928893733
75.69594214254738
75.19899139572146
74.70204064889555
74.20508990206957
73.70813915524366
73.21118840841774
72.71423766159182
72.21728691476591
72.41574285843868
72.61419880211145
72.81265474578422
73.01111068945698
73.20956663312974
73.40802257680251
73.60647852047528
73.80493446414803
73.7818035819986
73.75867269984917
73.81015828435707
73.86164386886496
73.91312945337286
73.96461503788075
74.01610062238865
74.06758620689655
74.05388687437929
74.04018754186203
74.09289962199483
74.14561170212765
74.12148636333589
74.09736102454411
74.07323568575234
74.08919720795554
74.10515873015876
73.82910073428431
73.55304273840986
73.27698474253543
73.00092674666101
72.72486875078656
72.44881075491216
72.99262524626548
73.53643973761879
74.08025422897217
74.62406872032554
75.16788321167883
75.02832362831134
74.88876404494387
75.07012810115897
75.25149215737409
75.4328562135892
75.61422026980432
75.79558432601942
75.97694838223454
76.15831243844966
76.33967649466477
76.52104055087987
76.51906410902092
76.51708766716196
76.56678849004507
76.61648931292818
76.66619013581129
76.60850715581773
76.55082417582418
76.68008814102565
76.80935210622711
76.93861607142858
77.06788003663004
77.1971440018315
77.32640796703298
77.45567193223444
77.58493589743591
77.71419986263737
77.84346382783883
77.9727277930403
78.10199175824177
78.23125572344323
78.3605196886447
78.48978365384616
78.61904761904762
78.54987698153167
78.4807063440157
78.59948320413437
78.40098615461854
78.20248910510269
78.00399205558685
77.805495006071
77.60699795655515
77.4085009070393
77.21000385752347
77.01150680800762
76.81300975849177
76.61451270897592
76.41601565946007
76.21751860994425
76.0190215604284
75.82052451091255
75.6220274613967
75.42353041188085
75.225033362365
75.02653631284916
75.22260352430315
75.41867073575712
75.61473794721111
75.8108051586651
76.00687237011907
76.20293958157306
76.39900679302706
76.59507400448105
76.79114121593504
76.987208427389
76.89480072349673
76.80239301960445
76.70998531571219
76.73145038380362
76.75291545189506
76.4922425405806
76.23156962926615
75.97089671795169
75.71022380663723
75.44955089532277
75.18887798400834
74.92820507269388
74.66753216137943
74.40685925006497
74.14618633875051
73.88551342743605
73.6248405161216
73.36416760480714
73.10349469349268
72.84282178217822
72.97384724186705
73.10487270155588
73.2358981612447
73.36692362093352
73.49794908062235
73.62897454031118
73.76
73.74632891660173
73.73265783320343
73.79315707620529
73.75349355563812
73.71383003507094
73.67416651450375
73.63450299393658
73.5948394733694
73.55517595280222
73.51551243223504
73.47584891166787
73.43618539110068
73.3965218705335
73.35685834996633
73.31719482939914
73.27753130883197
73.23786778826478
73.1982042676976
73.15854074713042
73.11887722656324
73.07921370599607
73.03955018542888
72.9998866648617
72.96022314429453
72.92055962372734
72.88089610316017
72.841232582593
72.8015690620258
72.76190554145863
72.72224202089144
72.68257850032427
72.64291497975708
72.60170669432364
72.56049840889021
72.51929012345678
72.53090746016672
72.54252479687665
72.55414213358658
72.56575947029651
72.57737680700643
72.58899414371636
72.6006114804263
72.61222881713623
72.62384615384616
72.59123113105561
72.55861610826506
72.5260010854745
72.49338606268395
72.4607710398934
72.42815601710285
72.39554099431228
72.36292597152175
72.33031094873118
72.29769592594063
72.26508090315008
72.23246588035953
72.19985085756898
72.20142355612532
72.20299625468165
72.12439372484617
72.04579119501071
71.96718866517523
72.3694476260008
72.77170658682634
72.76365598399613
72.75560538116592
72.84234234234233
72.72947319743872
72.61660405253511
72.50373490763148
72.39086576272787
72.27799661782426
72.16512747292064
72.05225832801702
71.9393891831134
71.8265200382098
71.71365089330617
71.60078174840255
71.48791260349894
71.37504345859531
71.2621743136917
71.14930516878809
71.03643602388448
70.92356687898086
71.21053144403925
71.49749600909763
71.78446057415601
72.0714251392144
72.35838970427278
72.64535426933116
72.93231883438955
73.21928339944793
73.50624796450631
73.7932125295647
74.08017709462308
74.36714165968147
74.35499882440368
74.3428559891259
74.33071315384811
74.31857031857032
74.36183145558147
74.4050925925926
74.4553474830851
74.5056023735776
74.55585726407011
74.60611215456262
74.65636704505513
74.70662193554764
74.75687682604016
74.80713171653267
74.85738660702518
74.90764149751769
74.9578963880102
75.00815127850271
75.05840616899522
75.10866105948773
75.15891594998023
75.20917084047274
75.25942573096525
75.30968062145774
75.35993551195025
75.41019040244277
75.46044529293528
75.51070018342779
75.5609550739203
75.61120996441281
75.56223458015336
75.51325919589392
75.60245942103037
75.69165964616681
75.61342393110304
75.53518821603927
75.55497590470995
75.57476359338061
75.59455128205133
75.43075328063185
75.2669552792124
75.10315727779292
74.93935927637344
74.77556127495399
74.6117632735345
74.44796527211506
74.28416727069558
74.1203692692761
73.95657126785665
73.79277326643717
73.62897526501767
73.62897526501774
72.3762886597938
72.61589510177794
72.85550154376205
73.09510798574618
73.33471442773029
73.57432086971443
73.81392731169854
74.05353375368267
74.29314019566681
74.53274663765092
74.77235307963505
75.01195952161913
75.00996206169452
75.00796460176991
75.02086541776808
75.03376623376623
75.02929750044476
75.02482876712328
75.08610400682012
75.0447117544474
75.00331950207469
75.01822700911349
74.88740814556887
74.75658928202424
74.62577041847962
74.49495155493499
74.36413269139037
74.23331382784573
74.10249496430112
73.97167610075648
73.84085723721186
73.71003837366723
73.5792195101226
73.44840064657798
73.31758178303335
73.18676291948873
73.05594405594411
71.65611510791366
71.76166745386446
71.86721979981526
71.97277214576606
72.07832449171686
72.18387683766764
72.28942918361844
72.39498152956924
72.50053387552003
72.60608622147083
72.514319336476
72.4225524514812
72.33078556648637
72.23901868149154
72.14725179649673
72.0554849115019
71.96371802650708
71.87195114151226
71.78018425651743
71.68841737152262
71.59665048652779
71.50488360153297
71.41311671653816
71.32134983154333
71.2295829465485
71.13781606155368
71.04604917655885
70.95428229156404
70.86251540656922
70.77074852157439
70.67898163657958
70.58721475158475
70.49544786658993
70.40368098159513
70.64942562151305
70.89517026143096
71.14091490134888
71.3866595412668
71.63240418118467
71.63161875725899
71.63083333333333
71.68952025232403
71.74820717131475
71.74464441779025
71.74108166426578
71.7375189107413
72.01640318264111
72.29528745454098
72.5741717264408
72.85305599834061
73.13194027024042
73.41082454214023
73.68970881404005
73.96859308593991
74.24747735783973
74.52636162973954
74.80524590163934
74.7132055054789
74.62116510931844
74.529124713158
74.43708431699756
74.34504392083711
74.25300352467667
74.16096312851622
74.06892273235577
73.97688233619533
73.88484194003489
73.79280154387443
73.70076114771399
73.60872075155355
73.5166803553931
73.42463995923265
73.33259956307221
73.24055916691177
73.14851877075132
73.05647837459087
72.96443797843042
72.87239758226998
72.96640013341687
73.06040268456377
72.9847508574851
72.90909903040644
72.83344720332778
72.7577953762491
72.68214354917045
72.60649172209177
72.53083989501312
72.53874452043692
72.5466491458607
72.75596816330523
72.96528718074978
73.17460619819431
73.38392521563887
73.5932442330834
73.80256325052795
74.01188226797248
74.22120128541704
74.43052030286157
74.63983932030612
74.84915833775068
75.05847735519521
75.26779637263976
75.4771153900843
75.68643440752885
75.89575342497338
76.10507244241794
76.31439145986246
76.52371047730702
76.73302949475155
76.9423485121961
77.15166752964063
77.36098654708522
77.29664052161522
77.23229449614522
77.16794847067523
77.10360244520524
77.03925641973524
76.97491039426524
76.97574595562165
76.97658151697807
76.9774170783345
76.95202246246905
76.9266278466036
76.90123323073814
76.87583861487269
76.85044399900724
76.82504938314179
76.79965476727634
76.774260151411
78.2381602516
79.70206035178876
81.16596045197738
80.9710501892381
80.77613992649881
80.58122966375953
80.38631940102022
80.19140913828093
79.99649887554165
79.80158861280236
79.60667835006308
79.4117680873238
79.21685782458448
79.0219475618452
78.82703729910591
78.63212703636663
78.43721677362734
78.24230651088806
78.04739624814877
77.85248598540946
77.65757572267017
77.46266545993089
77.2677551971916
77.07284493445232
76.87793467171304
76.68302440897372
76.48811414623444
76.29320388349521
76.75111176859372
77.20901965369228
77.66692753879084
78.12483542388941
78.58274330898797
79.04065119408654
79.49855907918504
79.9564669642836
80.41437484938217
80.87228273448073
81.3301906195793
81.7880985046778
82.24600638977634
82.23099370121729
82.21598101265823
82.21806853582555
82.20665148543776
82.19523443504997
82.3610066131487
82.52677879124747
82.6925509693462
82.85832314744493
83.02409532554367
83.1898675036424
83.35563968174117
83.5214118598399
83.68718403793864
83.85295621603737
84.0187283941361
84.18450057223484
84.3502727503336
84.51604492843234
84.68181710653107
84.8475892846298
85.01336146272855
84.89500128262966
84.77664110253077
84.65828092243187
84.66644498470248
84.67460904697307
84.68277310924367
84.43290713495827
84.18304116067281
83.93317518638742
83.68330921210202
83.43344323781662
83.18357726353122
82.93371128924582
82.68384531496037
82.43397934067497
82.18411336638957
81.93424739210417
81.68438141781877
81.43451544353331
81.18464946924792
80.93478349496252
80.68491752067712
80.43505154639178
80.73124623045095
81.02744091451018
81.32363559856935
81.61983028262853
81.91602496668776
82.21221965074693
82.5084143348061
82.80460901886534
83.10080370292451
83.39699838698368
83.69319307104291
83.98938775510203
83.7902099338171
83.59103211253216
83.39185429124726
83.19267646996232
82.99349864867739
82.79432082739245
82.59514300610752
82.39596518482259
82.19678736353765
81.99760954225275
81.79843172096781
81.59925389968288
81.40007607839794
81.20089825711301
81.00172043582808
80.80254261454314
80.60336479325821
80.40418697197327
80.20500915068837
80.00583132940343
79.8066535081185
79.60747568683357
79.40829786554863
79.2091200442637
79.00994222297876
78.81076440169386
78.61158658040893
78.41240875912399
79.39194139194139
79.3919413919414
79.59917897656953
79.8064165611977
80.01365414582585
80.22089173045399
80.42812931508215
80.6353668997103
80.84260448433844
81.0498420689666
81.25707965359476
81.46431723822289
81.67155482285105
81.87879240747921
82.08602999210734
81.65982685156791
81.23362371102843
80.807420570489
80.38121742994952
79.95501428941009
79.52881114887066
79.10260800833117
78.67640486779175
78.25020172725226
77.82399858671283
77.3977954461734
76.97159230563392
76.54538916509449
76.11918602455506
75.69298288401558
75.26677974347615
74.84057660293666
74.41437346239724
73.98817032185781
73.56196718131832
73.1357640407789
72.70956090023941
72.28335775969998
71.85715461916055
71.43095147862107
71.00474833808163
71.05980363394548
71.11485892980932
71.16991422567315
71.22496952153699
71.28002481740084
71.33508011326468
71.39013540912852
71.44519070499237
71.50024600085621
71.55530129672006
71.54521956305895
71.53513782939784
71.52505609573673
71.54950376530766
71.57395143487858
71.52916391314332
71.48437639140806
71.4395888696728
71.39480134793756
71.3500138262023
71.30522630446704
71.26043878273185
71.86365287831939
72.46686697390692
73.07008106949456
73.6732951650821
74.27650926066963
74.87972335625716
75.48293745184469
76.08615154743222
76.68936564301987
77.2925797386074
77.89579383419493
78.49900792978246
79.10222202537
79.70543612095753
80.30865021654506
80.9118643121327
81.51507840772013
81.45584726732855
81.39661612693698
81.3373849865454
81.27815384615384
81.3920245398773
81.32422965096059
81.25643476204388
81.18863987312716
81.12084498421045
81.05305009529374
80.98525520637702
80.9174603174603
81.1223602763651
81.32726023526993
81.53216019417476
81.43570011981109
81.33924004544741
81.24277997108373
81.14631989672006
81.04985982235638
80.9533997479927
80.85693967362903
80.76047959926535
80.66401952490168
80.567559450538
80.47109937617432
80.37463930181065
80.27817922744697
80.1817191530833
80.08525907871962
79.98879900435594
80.33196244757363
80.67512589079126
81.01828933400895
81.36145277722659
81.70461622044422
82.04777966366191
82.39094310687955
82.73410655009724
83.07726999331487
83.42043343653245
82.94279213766288
82.4651508387933
81.98750953992362
81.50986824105405
81.03222694218448
80.5545856433148
80.07694434444522
79.59930304557565
79.12166174670597
78.6440204478364
78.16637914896683
77.68873785009714
77.21109655122757
76.733455252358
76.25581395348837
76.32295117826256
76.39008840303676
76.45722562781094
76.52436285258513
76.59150007735933
76.65863730213351
76.49539682936836
76.33215635660324
76.16891588383808
76.00567541107293
75.84243493830778
75.67919446554262
75.5159539927775
75.35271352001234
75.18947304724719
75.02623257448204
74.86299210171691
74.69975162895176
74.5365111561866
74.53651115618669
74.27536277110318
74.01421438601966
73.7530660009362
73.49191761585269
73.23076923076917
72.7494866529774
72.98466613291595
73.2198456128545
73.455025092793
73.69020457273155
73.92538405267008
73.90411787982192
73.88285170697377
73.86158553412561
73.84031936127745
73.91093093970267
73.98154251812787
73.97924293231821
73.97694334650856
74.00380564745265
74.03066794839673
74.05753024934081
74.08439255028489
74.11125485122898
74.11486360073128
74.11847235023359
74.1220810997359
74.1256898492382
74.1292985987405
74.13290734824281
74.13791823528214
74.14292912232148
74.14794000936082
74.15295089640016
74.15796178343948
73.87407774979835
73.59019371615727
73.30630968251614
73.02242564887501
72.73854161523394
72.45465758159281
72.17077354795174
71.88688951431061
71.60300548066948
71.31912144702846
71.578858845595
71.83859624416158
72.09833364272811
72.35807104129464
72.61780843986116
72.87754583842775
73.13728323699422
73.11966901575738
73.10205479452055
73.13035444064664
73.15865408677271
73.18695373289879
73.21525337902487
73.24355302515096
73.27185267127703
73.30015231740312
73.3284519635292
73.35675160965528
73.38505125578135
73.41335090190745
73.44165054803352
73.4380198441525
73.43438914027149
73.50143229623393
73.56847545219637
73.55342232218963
73.5383691921829
73.52331606217616
73.50348151931519
73.48364697645421
73.46381243359323
73.44397789073227
73.4241433478713
73.40430880501032
73.38447426214934
73.36463971928836
73.3448051764274
73.32497063356642
73.30513609070545
73.28530154784447
73.26546700498349
73.24563246212253
73.22579791926155
73.20596337640058
73.18612883353961
73.16629429067864
73.14645974781766
73.22777355645275
73.30908736508782
73.39040117372289
73.47171498235798
73.55302879099305
73.63434259962814
73.71565640826321
73.7969702168983
73.87828402553338
73.95959783416846
74.04091164280354
74.12222545143861
74.2035392600737
74.28485306870877
74.36616687734386
74.44748068597893
74.52879449461402
74.61010830324909
74.57690228916036
74.54369627507164
74.57757404795487
74.55337620333162
74.52917835870838
74.50498051408515
74.48078266946192
74.51626571017707
74.55174875089222
74.22415775594374
73.89656676099526
73.56897576604678
73.2413847710983
72.91379377614982
72.58620278120128
72.2586117862528
71.93102079130432
71.60342979635583
71.68883173572294
71.77423367509004
71.85963561445716
71.94503755382428
72.03043949319138
72.1158414325585
72.2012433719256
72.28664531129272
72.37204725065983
72.45744919002694
72.54285112939405
72.62825306876115
72.71365500812827
72.79905694749539
72.88445888686249
72.9698608262296
73.05526276559671
73.14066470496383
73.22606664433094
73.31146858369804
73.39687052306516
73.48227246243226
73.56767440179938
73.6530763411665
73.7384782805336
73.82388021990072
73.90928215926782
73.99468409863493
74.08008603800205
74.16548797736917
74.15433280888281
74.14317764039646
74.13202247191009
74.20477528089886
74.27752808988762
74.35028089887639
74.42303370786516
74.49578651685393
74.47647471910112
74.45716292134831
74.4627808988764
74.460921590096
74.45906228131561
74.4832888930656
74.50751550481559
74.5317421165656
74.55596872831558
74.58019534006559
74.60442195181557
74.62864856356556
74.65287517531624
72.27775288314797
69.9026305909797
67.52750829881143
65.15238600664361
62.77726371447454
63.0600826518604
63.34290158924625
63.625720526632165
63.90853946401802
64.19135840140387
64.47417733878973
64.75699627617558
65.03981521356144
65.3226341509473
65.6054530883332
65.88827202571906
66.17109096310492
66.45390990049077
66.73672883787661
66.7308060732926
66.7248833087086
66.7189605441246
66.71303777954058
66.70711501495657
66.70119225037257
66.70519201525958
66.7091917801466
66.71319154503362
66.71719130992064
66.72119107480765
66.72519083969466