90.13632842757552
90.01760971043699
89.89889099329847
89.78017227615993
89.6614535590214
89.54273484188286
89.42401612474433
89.30529740760579
89.18657869046727
89.06785997332874
88.9491412561902
88.83042253905167
88.71170382191313
88.5929851047746
88.47426638763608
88.35554767049754
88.23682895335901
88.11811023622047
88.78227638472478
89.44644253322909
89.38970796902967
89.33297340483027
89.27623884063085
89.21950427643145
89.16276971223203
89.10603514803262
89.04930058383322
88.9925660196338
88.9358314554344
88.87909689123498
88.82236232703558
88.76562776283616
88.70889319863674
88.65215863443734
88.59542407023793
88.53868950603852
88.4819549418391
88.4252203776397
88.36848581344029
88.31175124924088
88.25501668504147
88.19828212084205
88.14154755664265
88.08481299244323
88.02807842824383
87.97134386404441
87.91460929984501
87.8578747356456
87.80114017144618
87.74440560724678
87.68767104304736
87.63093647884796
87.57420191464854
87.51746735044914
87.46073278624972
87.40399822205032
87.3472636578509
87.29052909365149
87.23379452945208
87.17705996525267
87.12032540105326
87.06359083685385
87.00685627265445
86.95012170845503
86.89338714425563
86.83665258005621
86.7799180158568
86.72318345165739
86.66644888745797
86.60971432325857
86.55297975905916
86.49624519485975
86.43951063066034
86.38277606646092
86.32604150226152
86.2693069380621
86.2125723738627
86.64110162317296
87.06963087248322
86.89752066115703
86.91190266891314
86.92628467666927
86.9406666844254
86.9550486921815
86.96943069993762
86.98381270769374
86.99819471544987
87.01257672320598
87.0269587309621
87.04134073871822
87.05572274647434
87.07010475423046
87.43992711416459
87.80974947409874
88.17957183403288
88.54939419396703
88.91921655390117
89.2890389138353
89.65886127376945
90.0286836337036
90.39850599363774
90.76832835357189
91.13815071350602
91.50797307344016
91.8777954333743
92.24761779330845
92.6174401532426
92.98726251317673
93.35708487311086
93.72690723304501
94.09672959297916
94.4665519529133
94.83637431284744
95.20619667278157
95.57601903271572
95.94584139264987
99.31266490765171
99.25927640657517
99.20588790549864
99.1524994044221
99.09911090334556
99.04572240226904
98.9923339011925
100.1664389034176
101.3405439056427
102.51464890786781
103.68875391009291
104.86285891231802
106.03696391454312
107.21106891676823
108.38517391899333
109.55927892121844
110.73338392344354
111.90748892566864
113.08159392789372
112.7770671993397
112.47254047078567
112.16801374223164
111.8634870136776
111.55896028512356
111.25443355656952
110.9499068280155
110.64538009946146
110.34085337090744
110.0363266423534
109.73179991379936
109.42727318524533
109.1227464566913
108.81821972813727
108.51369299958324
108.2091662710292
107.90463954247517
107.60011281392113
107.29558608536709
106.99105935681307
106.68653262825904
106.382005899705
108.78923394543676
111.19646199116852
113.60369003690036
113.44568471418182
113.28767939146329
113.12967406874475
112.97166874602621
112.81366342330769
112.65565810058915
112.49765277787063
112.33964745515209
112.18164213243355
112.02363680971501
111.86563148699648
111.70762616427795
111.54962084155942
111.39161551884088
111.23361019612236
111.07560487340382
110.91759955068528
110.75959422796674
110.6015889052482
110.44358358252968
110.28557825981115
110.12757293709261
109.96956761437409
109.81156229165555
109.65355696893701
109.49555164621847
109.33754632349994
109.17954100078141
109.02153567806288
108.86353035534434
108.70552503262581
108.54751970990728
108.38951438718874
108.2315090644702
108.07350374175168
107.91549841903314
107.7574930963146
107.59948777359608
107.44148245087754
107.283477128159
107.12547180544047
106.96746648272193
106.8094611600034
106.65145583728487
106.49345051456635
106.33544519184781
106.17743986912927
106.01943454641074
105.8614292236922
105.70342390097366
105.54541857825514
105.3874132555366
105.22940793281808
105.07140261009954
104.913397287381
104.75539196466246
104.59738664194393
104.43938131922539
104.28137599650687
104.12337067378833
103.9653653510698
103.80736002835127
103.64935470563273
103.4913493829142
103.33334406019566
103.17533873747712
103.0173334147586
102.85932809204006
102.70132276932154
102.543317446603
102.38531212388446
102.22730680116592
102.06930147844739
101.91129615572886
101.75329083301033
101.5952855102918
101.43728018757326
101.45721533170187
101.47715047583048
101.4970856199591
101.5170207640877
101.53695590821633
101.55689105234494
101.57682619647355
101.4630040619965
101.34918192751945
101.23535979304242
101.12153765856536
101.00771552408833
100.89389338961126
100.78007125513423
100.66624912065718
100.55242698618014
100.43860485170309
100.32478271722604
100.210960582749
100.09713844827195
99.9833163137949
99.86949417931785
99.75567204484081
99.64184991036376
99.52802777588673
99.41420564140967
99.30038350693263
99.18656137245557
99.07273923797854
98.95891710350149
98.84509496902444
98.7312728345474
98.61745070007035
98.5036285655933
98.38980643111626
98.27598429663921
98.16216216216216
98.37572216712124
98.58928217208035
98.80284217703942
99.01640218199852
99.22996218695761
99.44352219191668
99.65708219687579
99.87064220183488
99.75488945706124
99.63913671228758
99.52338396751394
99.40763122274029
99.29187847796663
99.17612573319298
99.06037298841935
98.94462024364569
98.82886749887203
98.71311475409837
98.74536221819896
98.77760968229956
98.66831648346741
98.55902328463526
98.44973008580313
98.34043688697099
98.23114368813884
98.1218504893067
98.01255729047458
97.90326409164243
97.79397089281028
97.68467769397814
97.57538449514601
97.46609129631386
97.35679809748171
97.24750489864958
97.13821169981745
97.0289185009853
96.91962530215316
96.810332103321
98.80867927202166
100.80702644072221
102.80537360942287
104.80372077812353
106.80206794682422
106.73571435548412
106.66936076414402
107.66051252039938
108.65166427665474
109.6428160329101
110.63396778916544
110.4680458079647
110.30212382676395
110.13620184556319
109.97027986436245
109.80435788316171
109.63843590196096
109.4725139207602
109.30659193955947
109.14066995835873
108.97474797715797
108.80882599595722
108.64290401475648
108.47698203355574
108.31106005235499
108.14513807115424
107.9792160899535
107.81329410875276
107.647372127552
107.48145014635125
107.31552816515051
107.14960618394977
106.98368420274902
106.81776222154826
106.65184024034752
106.48591825914677
106.31999627794602
106.15407429674528
105.98815231554454
105.82223033434379
105.65630835314303
105.4903863719423
105.32446439074155
105.1585424095408
104.99262042834005
104.82669844713931
104.66077646593857
104.49485448473781
104.32893250353706
104.16301052233632
103.99708854113558
103.83116655993483
103.66524457873408
103.49932259753334
103.3334006163326
103.16747863513184
103.00155665393109
102.83563467273035
102.66971269152961
102.50379071032884
102.3378687291281
102.17194674792736
102.00602476672661
101.84010278552586
101.67418080432512
101.50825882312438
101.34233684192363
101.17641486072287
101.01049287952213
100.8445708983214
100.67864891712064
100.51272693591989
100.34680495471915
100.1808829735184
100.01496099231765
99.8490390111169
99.68311702991616
99.51719504871541
99.35127306751467
99.18535108631391
99.01942910511318
98.85350712391242
98.68758514271168
98.52166316151093
98.35574118031019
98.18981919910944
98.0238972179087
97.85797523670794
99.60355030056974
101.34912536443152
101.18123346810803
101.01334157178454
100.84544967546104
100.67755777913756
100.50966588281406
100.34177398649057
100.17388209016708
100.00599019384359
99.8380982975201
99.67020640119661
99.50231450487311
99.33442260854963
99.16653071222613
98.99863881590264
98.83074691957916
98.66285502325566
98.49496312693216
98.32707123060868
98.15917933428518
97.9912874379617
97.8233955416382
97.65550364531471
97.48761174899123
97.31971985266773
97.15182795634423
96.98393606002075
96.81604416369726
96.64815226737377
96.48026037105028
96.31236847472678
96.1444765784033
95.9765846820798
95.8086927857563
95.64080088943282
95.47290899310933
95.30501709678585
95.13712520046235
94.96923330413885
94.80134140781537
94.63344951149188
94.46555761516838
94.2976657188449
94.1297738225214
93.96188192619792
93.79399002987442
93.62609813355093
93.45820623722744
93.29031434090395
93.12242244458045
92.95453054825697
92.78663865193347
92.61874675560998
92.4508548592865
92.28296296296298
92.9940942677498
93.70522557253662
94.41635687732344
94.31697880728022
94.21760073723702
94.1182226671938
94.0188445971506
93.9194665271074
93.8200884570642
93.720710387021
93.62133231697779
93.52195424693458
93.42257617689137
93.32319810684817
93.22382003680497
93.12444196676176
93.02506389671856
92.92568582667535
92.82630775663215
92.72692968658893
92.62755161654573
92.52817354650253
92.42879547645933
92.32941740641613
92.23003933637291
92.13066126632971
92.0312831962865
91.93190512624331
92.0850391364286
92.23817314661389
92.39130715679919
92.54444116698447
92.69757517716977
92.85070918735505
93.00384319754033
92.91115349487319
92.81846379220606
92.72577408953893
92.63308438687179
92.54039468420464
92.4477049815375
92.35501527887037
92.26232557620324
92.1696358735361
92.07694617086895
91.9842564682018
91.89156676553466
91.79887706286753
91.7061873602004
91.61349765753326
91.52080795486611
91.42811825219897
91.33542854953184
91.24273884686471
91.15004914419757
91.05735944153042
90.96466973886328
92.01750691598448
93.0703440931058
94.12318127022701
95.1760184473482
95.17591054331918
95.17580263929014
95.17569473526112
95.1755868312321
95.17547892720305
95.40879205798073
95.6421051887584
95.8754183195361
96.10873145031377
96.34204458109147
96.2366117215397
96.13117886198793
96.02574600243616
95.92031314288438
95.8148802833326
95.70944742378083
95.60401456422906
95.49858170467728
95.3931488451255
95.28771598557373
95.18228312602196
95.07685026647017
94.97141740691839
94.86598454736662
94.76055168781485
94.65511882826307
94.54968596871129
94.44425310915952
94.33882024960775
94.23338739005597
94.12795453050418
94.02252167095241
93.91708881140065
93.81165595184886
93.70622309229708
93.60079023274531
93.49535737319354
93.38992451364176
93.28449165408998
93.17905879453821
93.07362593498644
92.96819307543466
92.86276021588287
94.27651952014946
95.69027882441597
95.53224976742293
95.37422071042988
95.21619165343682
95.05816259644378
94.90013353945074
94.74210448245768
94.58407542546463
94.42604636847159
94.26801731147853
94.10998825448549
93.95195919749244
93.79393014049938
93.63590108350634
93.4778720265133
93.31984296952024
93.1618139125272
93.00378485553415
92.84575579854109
92.68772674154805
92.529697684555
92.37166862756195
92.2136395705689
92.05561051357586
91.8975814565828
91.73955239958975
91.58152334259671
91.42349428560365
91.26546522861061
91.10743617161756
90.9494071146245
91.13770471575359
91.32600231688265
91.51429991801172
91.7025975191408
91.89089512026987
92.07919272139894
92.267490322528
92.45578792365708
92.64408552478616
92.83238312591523
93.0206807270443
93.20897832817337
93.1125469750959
93.01611562201842
92.91968426894094
92.82325291586346
92.72682156278599
92.63039020970851
92.53395885663103
92.43752750355355
92.34109615047608
92.2446647973986
92.14823344432112
92.05180209124364
91.95537073816617
91.85893938508869
91.76250803201121
91.66607667893373
91.56964532585626
91.47321397277878
91.3767826197013
91.28035126662382
91.18391991354635
91.08748856046887
90.99105720739139
90.89462585431392
90.79819450123644
90.70176314815896
90.60533179508148
90.508900442004
90.41246908892653
90.31603773584905
90.43744208513239
90.55884643441574
90.68025078369908
90.34017504509907
90.0000993064991
89.66002356789909
89.31994782929908
88.9798720906991
88.6397963520991
88.29972061349912
87.95964487489911
88.00736416899029
88.05508346308147
88.10280275717265
88.15052205126383
88.19824134535502
88.2459606394462
88.29367993353738
88.34139922762856
88.38911852171974
88.43683781581093
88.35590182745605
88.27496583910117
88.19402985074628
88.19734387274156
88.20065789473682
87.88788622880759
87.57511456287838
87.26234289694915
86.94957123101992
86.63679956509071
86.32402789916148
86.01125623323225
85.69848456730304
85.38571290137381
85.07294123544457
84.76016956951537
84.44739790358614
84.1346262376569
83.8218545717277
83.50908290579846
83.19631123986923
82.88353957394
82.5707679080108
82.25799624208156
81.94522457615233
81.63245291022312
81.31968124429389
81.00690957836466
80.69413791243545
80.38136624650622
80.06859458057698
79.75582291464778
79.44305124871855
79.13027958278931
78.81750791686011
78.50473625093088
78.19196458500164
77.87919291907244
77.5664212531432
77.25364958721397
76.94087792128477
76.62810625535553
78.89074550128521
81.153384747215
79.71066730755194
78.26794986788889
76.82523242822572
75.38251498856266
73.9397975488996
72.49708010923655
71.05436266957349
69.61164522991032
68.16892779024727
66.72621035058431
66.97871211170836
67.23121387283237
67.15449947633095
67.07778507982954
67.00107068332812
66.92435628682671
66.8476418903253
66.77092749382389
66.69421309732249
66.61749870082107
66.54078430431966
66.46406990781824
66.38735551131683
66.31064111481543
66.23392671831401
66.15721232181261
66.08049792531125
66.76947199934756
67.45844607338387
68.14742014742014
68.03441314026718
67.92140613311422
67.80839912596126
67.69539211880831
67.58238511165536
67.4693781045024
67.35637109734944
67.24336409019648
67.13035708304352
67.01735007589056
66.9043430687376
66.79133606158464
66.6783290544317
66.56532204727874
66.45231504012578
66.33930803297282
66.22630102581986
66.1132940186669
66.00028701151395
65.88728000436099
65.77427299720803
65.66126599005509
65.54825898290213
65.43525197574917
65.32224496859621
65.20923796144325
65.09623095429026
66.06338659224662
67.03054223020308
67.99769786815955
68.9648535061159
69.93200914407237
70.89916478202883
71.86632041998519
72.83347605794165
73.80063169589812
74.76778733385459
74.65171464261135
74.5356419513681
74.41956926012487
74.30349656888163
74.1874238776384
74.07135118639516
73.95527849515192
73.83920580390868
73.72313311266544
73.6070604214222
73.49098773017897
73.37491503893573
73.2588423476925
73.14276965644925
73.02669696520601
72.91062427396278
72.79455158271954
72.6784788914763
72.56240620023306
72.44633350898982
72.33026081774659
72.21418812650334
72.09811543526011
71.98204274401687
71.86597005277363
71.74989736153039
71.63382467028714
73.22326029752617
74.81269592476491
74.68520519016946
74.55771445557399
74.43022372097852
74.30273298638306
74.1752422517876
74.04775151719213
73.92026078259666
73.7927700480012
73.66527931340573
73.53778857881026
73.41029784421481
73.28280710961934
73.15531637502387
73.02782564042842
72.90033490583295
72.77284417123748
72.64535343664203
72.51786270204656
72.39037196745109
72.26288123285563
72.13539049826016
72.0078997636647
71.88040902906923
71.75291829447377
71.6254275598783
71.49793682528284
71.37044609068738
71.24295535609191
71.11546462149644
70.98797388690099
70.86048315230552
70.73299241771005
70.6055016831146
70.47801094851913
70.35052021392366
70.22302947932819
70.09553874473274
69.96804801013727
69.84055727554187
71.49469724242203
73.14883720930234
72.91459603519405
72.68035486108579
72.4461136869775
72.2118725128692
71.97763133876092
71.74339016465262
71.50914899054436
71.27490781643607
71.04066664232778
70.80642546821952
70.57218429411122
70.33794312000293
70.10370194589464
69.86946077178635
69.63521959767809
69.4009784235698
69.1667372494615
68.93249607535313
69.44374672946094
69.95499738356875
70.46624803767656
70.97749869178438
71.48874934589213
72.0
71.9717908082409
71.9435816164818
71.91537242472268
71.88716323296357
71.85895404120447
72.3887279924628
72.91850194372114
73.44827589497947
73.97804984623781
74.50782379749609
75.03759774875442
75.56737170001276
76.09714565127109
76.62691960252937
76.17832466612953
75.72972972972973
75.82137986610462
75.91303000247953
76.00468013885443
76.09633027522929
75.84594479993825
75.59555932464724
75.3451738493562
75.09478837406516
74.84440289877412
74.59401742348311
74.34363194819207
74.09324647290103
73.84286099761002
73.59247552231898
73.34209004702794
73.0917045717369
72.84131909644589
72.59093362115485
72.3405481458638
72.0901626705728
71.83977719528175
71.58939171999072
71.33900624469968
71.08862076940866
70.83823529411762
71.34811351843439
71.85799174275115
72.36786996706797
72.87774819138474
73.3876264157015
73.89750464001827
74.40738286433509
74.91726108865186
75.42713931296862
75.93701753728544
76.4468957616022
76.95677398591897
77.4666522102358
77.97653043455256
78.48640865886932
78.99628688318609
79.50616510750291
80.01604333181967
80.52592155613644
81.03579978045326
81.54567800477002
82.05555622908679
82.56543445340361
83.07531267772038
83.58519090203714
84.0950691263539
84.60494735067073
85.11482557498749
85.62470379930426
86.13458202362108
86.64446024793784
87.15433847225461
87.66421669657137
88.1740949208882
88.68397314520496
89.19385136952172
89.70372959383855
90.21360781815531
90.72348604247208
91.2333642667889
91.74324249110566
92.25312071542243
92.76299893973919
93.27287716405607
93.1208015665296
92.96872596900309
92.81665037147661
92.66457477395011
92.51249917642363
92.36042357889716
92.20834798137065
92.05627238384417
91.90419678631767
91.7521211887912
91.60004559126469
91.44796999373821
91.29589439621174
91.14381879868523
90.99174320115876
90.83966760363225
90.68759200610577
90.5355164085793
90.3834408110528
90.23136521352632
90.07928961599981
89.92721401847334
89.77513842094686
89.62306282342036
89.47098722589388
89.31891162836737
89.1668360308409
89.01476043331442
88.86268483578792
88.71060923826144
88.55853364073494
88.40645804320846
88.25438244568198
88.10230684815548
87.950231250629
87.7981556531025
87.64608005557602
87.49400445804955
87.34192886052304
87.18985326299656
87.03777766547006
86.88570206794358
86.73362647041711
86.5815508728906
86.42947527536413
86.27739967783762
86.12532408031115
85.97324848278467
85.82117288525816
85.66909728773169
85.51702169020518
85.36494609267871
85.21287049515223
85.06079489762573
84.90871930009925
84.75664370257275
84.60456810504627
84.45249250751976
84.30041690999329
84.14834131246681
83.99626571494031
83.84419011741383
83.69211451988733
83.54003892236085
83.38796332483437
83.23588772730787
83.08381212978139
82.93173653225489
82.77966093472841
82.62758533720194
82.47550973967543
82.32343414214895
82.17135854462245
82.01928294709597
81.8672073495695
81.71513175204299
81.56305615451652
81.41098055699001
81.25890495946354
81.10682936193706
80.95475376441055
80.80267816688408
80.65060256935757
80.4985269718311
80.34645137430462
80.19437577677812
80.04230017925164
79.89022458172514
79.73814898419863
80.3001606344215
80.8621722846442
80.71658081469295
80.57098934474169
80.42539787479043
80.27980640483918
80.13421493488792
79.98862346493667
79.84303199498541
79.69744052503415
79.5518490550829
79.40625758513164
79.26066611518038
79.11507464522916
78.9694831752779
78.82389170532664
78.67830023537539
78.53270876542413
78.38711729547288
78.24152582552162
78.09593435557036
77.95034288561911
77.80475141566785
77.6591599457166
77.51356847576534
77.36797700581408
77.22238553586283
77.07679406591157
76.93120259596034
76.78561112600909
76.64001965605783
76.49442818610657
76.34883671615532
76.20324524620406
76.0576537762528
75.91206230630155
75.7664708363503
75.62087936639904
75.47528789644778
75.32969642649653
75.18410495654527
75.03851348659401
74.89292201664276
74.7473305466915
74.60173907674027
74.45614760678902
74.31055613683776
74.1649646668865
74.01937319693525
73.87378172698399
73.72819025703274
73.58259878708148
73.43700731713022
73.29141584717897
73.14582437722771
73.00023290727646
72.8546414373252
72.70904996737394
72.56345849742269
72.41786702747146
72.2722755575202
72.12668408756895
71.98109261761769
71.83550114766649
73.09319012555306
74.35087910343964
75.60856808132621
76.86625705921301
78.12394603709947
78.01537922941134
77.9068124217232
77.79824561403508
77.82525033423371
77.85225505443233
77.72324575855325
77.59423646267416
77.46522716679507
77.33621787091602
77.20720857503693
77.07819927915784
76.94918998327879
76.8201806873997
76.69117139152061
76.56216209564155
76.43315279976247
76.30414350388338
76.1751342080043
76.04612491212524
75.91711561624615
75.78810632036706
75.659097024488
75.53008772860892
75.40107843272983
75.27206913685075
75.14305984097169
75.0140505450926
74.88504124921351
74.75603195333446
74.62702265745537
74.49801336157628
74.36900406569723
74.23999476981814
74.11098547393905
73.98197617805997
73.85296688218091
73.72395758630182
73.59494829042274
73.46593899454368
73.33692969866459
73.2079204027855
73.07891110690642
72.94990181102736
72.82089251514827
72.69188321926919
72.56287392339013
72.43386462751104
72.30485533163196
72.1758460357529
72.04683673987381
71.91782744399472
71.78881814811564
71.65980885223658
71.5307995563575
71.4017902604784
71.27278096459935
71.14377166872026
71.01476237284118
70.88575307696209
70.75674378108303
70.62773448520394
70.49872518932486
70.3697158934458
70.24070659756671
70.11169730168763
69.98268800580854
69.85367870992948
69.7246694140504
69.59566011817131
69.46665082229225
69.33764152641317
69.20863223053408
69.07962293465502
68.95061363877593
68.82160434289685
68.69259504701776
68.5635857511387
68.43457645525962
68.30556715938053
68.17655786350149
68.1765578635015
68.04768272428484
67.91880758506821
67.78993244585155
67.66105730663492
67.53218216741826
67.4033070282016
67.27443188898496
67.1455567497683
67.01668161055167
66.88780647133501
66.75893133211835
66.63005619290172
66.50118105368506
66.37230591446843
66.24343077525177
66.11455563603513
65.98568049681847
65.85680535760181
65.72793021838518
65.59905507916852
65.47017993995189
65.34130480073523
65.21242966151857
65.08355452230194
64.95467938308528
64.82580424386865
64.69692910465199
64.56805396543533
64.4391788262187
64.31030368700203
64.1814285477854
64.05255340856874
63.92367826935208
63.79480313013545
63.66592799091879
63.53705285170216
63.4081777124855
63.279302573268836
63.150427434052204
63.021552294835544
62.89267715561891
62.76380201640225
62.63492687718559
62.50605173796896
62.3771765987523
62.24830145953567
62.11942632031901
61.99055118110236
62.005018380886334
62.019485580670306
61.89175250005715
61.764019419444
61.63628633883087
61.50855325821772
61.38082017760456
61.25308709699141
61.12535401637825
60.997620935764644
63.852349509209944
66.7070780826557
69.56180665610142
69.43562586753174
69.30944507896206
69.18326429039237
69.05708350182269
68.930902713253
68.80472192468332
68.67854113611364
68.55236034754398
68.4261795589743
68.29999877040461
68.17381798183493
68.04763719326525
67.92145640469556
67.79527561612588
67.6690948275562
67.54291403898651
67.41673325041683
67.29055246184714
67.16437167327746
67.03819088470777
66.91201009613809
66.7858293075684
67.54009701015946
68.29436471275051
69.04863241534144
69.80290011793238
70.55716782052343
71.31143552311437
71.15669953472488
71.00196354633542
70.84722755794596
70.69249156955647
70.537755581167
70.38301959277752
70.22828360438805
70.07354761599859
69.9188116276091
69.76407563921964
69.60933965083015
69.45460366244069
69.29986767405123
69.14513168566174
68.99039569727228
68.83565970888282
68.68092372049333
68.52618773210386
68.37145174371437
68.21671575532491
68.06197976693545
67.90724377854596
67.7525077901565
67.59777180176701
67.44303581337755
67.28829982498809
67.1335638365986
66.97882784820914
66.82409185981965
66.66935587143018
66.51461988304072
69.1961838903826
71.87774789772448
74.55931190506635
77.2408759124088
76.6296565382221
76.0184371640355
75.40721778984891
74.79599841566232
74.18477904147562
73.57355966728903
72.96234029310244
72.35112091891585
71.73990154472915
71.12868217054263
71.19041112418182
71.25214007782101
71.2298141886765
71.20748829953199
71.33165112651018
71.45581395348836
71.1887856891799
70.92175742487143
70.65472916056297
70.3877008962545
70.12067263194604
69.85364436763757
69.5866161033291
69.31958783902064
69.05255957471218
68.78553131040371
68.51850304609525
68.25147478178678
67.98444651747832
67.71741825316985
67.45038998886139
67.18336172455292
66.91633346024446
66.649305195936
66.38227693162753
66.11524866731907
65.8482204030106
65.58119213870214
65.31416387439367
65.0471356100852
64.78010734577674
64.51307908146828
64.24605081715981
63.97902255285135
63.71199428854288
63.44496602423442
63.17793775992595
62.91090949561749
62.643881231309024
62.37685296700056
62.109824702692094
61.84279643838363
61.575768174075165
61.3087399097667
61.041711645458236
60.77468338114977
60.507655116841306
61.77826184490482
63.04886857296833
64.31947530103184
65.59008202909536
66.86068875715887
68.13129548522238
69.4019022132859
70.6725089413494
71.94311566941292
73.21372239747635
73.08153073674646
72.9493390760166
72.81714741528674
72.68495575455688
72.552764093827
72.42057243309713
72.28838077236728
72.15618911163742
72.02399745090756
71.89180579017767
71.75961412944781
71.62742246871795
71.4952308079881
71.3630391472582
71.23084748652835
71.09865582579849
70.96646416506863
70.83427250433877
70.70208084360888
70.56988918287902
70.43769752214916
70.3055058614193
70.17331420068942
70.04112253995956
69.9089308792297
69.77673921849984
69.64454755776998
69.5123558970401
69.38016423631024
69.24797257558038
69.11578091485052
68.98358925412063
68.85139759339077
68.71920593266091
68.58701427193105
68.4548226112012
68.32263095047131
68.19043928974145
68.05824762901159
67.92605596828173
67.79386430755184
67.66167264682198
67.52948098609212
67.39728932536227
67.2650976646324
67.13290600390252
67.00071434317266
66.8685226824428
66.73633102171294
66.60413936098305
66.4719477002532
66.33975603952334
66.20756437879348
66.07537271806362
65.94318105733373
65.81098939660387
65.67879773587401
65.54660607514415
65.4144144144143
67.09875380002495
68.78309318563515
70.46743257124581
72.15177195685669
72.00723865691506
71.86270535697341
71.71817205703175
71.5736387570901
71.42910545714844
71.28457215720678
71.14003885726513
70.99550555732347
70.85097225738181
70.70643895744016
70.5619056574985
70.41737235755684
70.27283905761519
70.12830575767353
69.98377245773187
69.83923915779022
69.69470585784859
69.55017255790693
69.40563925796528
69.26110595802362
69.11657265808196
68.97203935814031
68.82750605819865
68.682972758257
68.53843945831534
68.39390615837368
68.24937285843203
68.10483955849037
67.96030625854871
67.81577295860706
67.6712396586654
67.52670635872374
67.38217305878212
67.23763975884046
67.0931064588988
66.94857315895715
66.80403985901549
66.65950655907383
66.51497325913218
66.37043995919052
66.22590665924886
66.08137335930721
65.93684005936555
65.7923067594239
65.64777345948224
65.50324015954058
65.35870685959893
65.21417355965727
65.06964025971561
64.92510695977398
64.78057365983233
64.63604035989067
64.49150705994902
64.34697376000736
64.2024404600657
64.05790716012405
63.91337386018222
66.46686462473644
69.02035538929113
71.57384615384615
71.29622540250449
71.01860465116279