98.99517684887459
99.1786546280213
99.36213240716802
99.54561018631472
99.72908796546142
96.91955012141287
94.11001227736432
91.30047443331576
91.53165354924192
91.76283266516809
91.99401178109426
92.22519089702043
92.45637001294659
92.68754912887277
92.91872824479894
93.14990736072511
93.38108647665128
93.61226559257744
93.84344470850363
94.07462382442979
94.30580294035596
94.53698205628213
94.7681611722083
94.99934028813448
95.23051940406064
95.46169851998681
95.69287763591298
95.92405675183915
96.15523586776533
96.3864149836915
96.61759409961766
96.84877321554383
97.07995233147
97.31113144739618
97.54231056332235
97.77348967924851
98.00466879517468
98.23584791110085
98.46702702702703
98.2068246343621
97.9466222416972
97.68641984903228
97.42621745636735
97.16601506370245
96.90581267103752
96.6456102783726
96.84922668505392
97.05284309173523
97.25645949841653
97.46007590509785
97.66369231177916
97.86730871846046
98.07092512514178
98.27454153182308
97.51048360220766
96.74642567259224
95.9823677429768
95.21830981336139
94.45425188374597
94.75810586479453
95.06195984584309
95.36581382689167
93.87040602071764
92.37499821454361
90.87959040836958
89.38418260219555
87.88877479602152
86.3933669898475
84.89795918367346
85.20536860857868
85.5127780334839
85.8201874583891
86.12759688329432
86.43500630819952
86.74241573310474
87.04982515800995
87.35723458291517
87.66464400782037
87.97205343272559
88.2794628576308
88.586872282536
88.89428170744122
89.20169113234644
89.50910055725166
89.81650998215686
90.12391940706208
90.43132883196729
90.7387382568725
91.04614768177771
91.35355710668293
91.66096653158814
91.96837595649335
92.27578538139856
92.58319480630377
92.89060423120898
93.1980136561142
91.52576655977518
89.85351946343616
88.18127236709714
86.50902527075812
86.91723488625294
87.32544450174774
87.73365411724257
88.14186373273738
88.55007334823219
88.95828296372702
89.36649257922181
89.77470219471664
90.18291181021145
90.59112142570626
90.99933104120107
91.40754065669589
91.81575027219071
92.22395988768551
92.63216950318034
93.04037911867515
93.44858873416996
93.85679834966479
94.26500796515958
94.67321758065441
95.08142719614922
95.48963681164403
95.89784642713884
96.30605604263366
96.71426565812848
97.12247527362328
97.5306848891181
97.93889450461292
98.34710412010773
98.75531373560256
99.16352335109735
99.57173296659218
99.97994258208699
100.3881521975818
100.79636181307662
101.20457142857143
101.16122648877318
101.11788154897494
101.34391347589676
101.56994540281859
101.79597732974041
102.02200925666224
102.24804118358406
102.47407311050588
102.7001050374277
102.92613696434954
103.15216889127136
103.37820081819319
103.60423274511501
103.83026467203683
103.60273089397337
103.37519711590991
103.14766333784645
102.92012955978299
102.69259578171953
102.46506200365607
102.23752822559261
102.00999444752915
102.30888859330703
102.60778273908491
102.90667688486279
103.20557103064067
101.10917696651694
99.01278290239321
96.91638883826948
94.81999477414575
92.72360071002203
90.62720664589824
90.93586916277991
91.24453167966158
91.55319419654325
91.86185671342491
92.17051923030658
92.47918174718824
92.7878442640699
93.09650678095157
93.40516929783323
93.7138318147149
94.02249433159656
94.33115684847823
94.6398193653599
94.94848188224157
95.25714439912323
95.5658069160049
95.87446943288657
96.18313194976822
96.49179446664989
96.80045698353156
97.10911950041321
97.41778201729488
97.72644453417655
98.03510705105822
98.34376956793983
96.94390363834026
95.54403770874063
94.1441717791411
94.37526417002395
94.60635656090682
94.83744895178967
95.06854134267252
95.29963373355538
95.53072612443825
95.7618185153211
95.99291090620395
96.2240032970868
96.45509568796966
96.68618807885252
96.91728046973537
97.14837286061822
97.37946525150109
97.61055764238395
97.84165003326677
96.56272522069946
95.28380040813221
94.00487559556495
92.72595078299776
92.9709744739317
93.21599816486565
93.4610218557996
93.70604554673355
93.9510692376675
94.19609292860144
94.44111661953539
94.68614031046934
94.93116400140329
95.17618769233724
95.42121138327119
95.66623507420513
95.91125876513908
96.15628245607303
96.40130614700698
96.64632983794087
94.85315455145144
93.05997926496195
91.26680397847252
89.47362869198312
89.80076871782003
90.12790874365695
90.45504876949386
90.78218879533077
91.10932882116768
91.43646884700459
91.7636088728415
92.09074889867838
91.31680365042575
90.54285840217315
89.76891315392055
88.99496790566792
88.22102265741529
87.44707740916272
87.53915364003736
87.631229870912
87.72330610178662
87.81538233266126
87.9074585635359
87.35188595593752
86.79631334833914
86.24074074074076
86.61004911721759
86.97935749369442
87.34866587017126
87.7179742466481
88.08728262312492
88.45659099960176
88.8258993760786
89.19520775255543
89.56451612903226
89.161102261162
88.75768839329174
88.35427452542149
87.95086065755123
87.54744678968098
87.14403292181072
85.97624190064795
86.44466813234857
86.91309436404919
87.3815205957498
87.8499468274504
88.31837305915101
88.78679929085163
89.25522552255225
88.9438661239697
88.63250672538715
88.3211473268046
88.00978792822208
87.77343410851968
87.53708028881728
87.30072646911488
87.06437264941248
86.82801882971008
86.59166501000767
86.35531119030527
86.11895737060287
85.88260355090046
85.64624973119805
85.40989591149565
85.17354209179325
84.93718827209085
84.70083445238845
84.46448063268605
84.22812681298365
83.99177299328124
83.75541917357884
83.51906535387644
83.28271153417403
83.04635771447163
82.81000389476922
82.57365007506682
82.33729625536442
82.10094243566202
81.86458861595962
81.62823479625722
81.39188097655482
81.15552715685241
80.91917333715
80.6828195174476
80.4464656977452
80.2101118780428
79.9737580583404
79.73740423863799
79.50105041893559
79.26469659923319
79.02834277953079
78.79198895982839
78.55563514012599
78.31928132042357
78.08292750072117
77.84657368101875
75.68937594942031
73.53217821782178
73.96985270560955
74.4075271933973
74.84520168118507
75.28287616897285
75.7205506567606
76.15822514454837
76.59589963233611
77.03357412012389
77.47124860791166
77.90892309569941
78.34659758348718
78.78427207127493
79.2219465590627
79.65962104685048
80.09729553463822
80.534970022426
80.97264451021374
81.41031899800151
81.84799348578929
82.28566797357703
82.72334246136481
83.16101694915255
81.38470237435843
79.60838779956427
79.68665382851282
79.76491985746136
79.84318588640991
79.92145191535846
79.99971794430701
80.07798397325556
80.1562500022041
80.23451603115265
80.3127820601012
80.39104808904975
80.4693141179983
80.54758014694684
80.62584617589539
80.70411220484394
80.78237823379249
80.86064426274103
80.93891029168958
79.94130407586135
78.94369786003313
77.94609164420486
77.95464755370416
77.96320346320347
77.93198550353156
77.90076754385966
78.23616804784155
78.57156855182345
78.90696905580535
79.24236955978725
79.57777006376912
79.91317056775102
80.24857107173293
80.58397157571483
80.91937207969673
81.25477258367863
81.59017308766045
80.14094501887132
78.69171695008228
78.98968182380074
79.2876466975192
79.58561157123764
79.88357644495608
80.18154131867453
80.47950619239299
80.77747106611143
81.07543593982987
81.37340081354833
81.67136568726679
81.96933056098523
82.26729543470367
82.56526030842213
82.86322518214058
83.16119005585902
83.45915492957747
83.09558359671178
82.73201226384609
82.3684409309804
82.00486959811471
81.641298265249
81.94444000319768
82.24758174114636
82.55072347909504
82.85386521704372
83.1570069549924
83.46014869294108
83.76329043088981
82.46581188211167
81.16833333333334
81.42163220472573
81.67493107611813
81.92822994751052
82.1815288189029
82.4348276902953
82.6881265616877
82.94142543308008
83.19472430447247
83.44802317586488
83.70132204725726
83.95462091864965
82.09797841310512
80.24133590756071
78.3846934020163
76.52805089647194
76.75684479159632
76.98563868672069
77.21443258184507
77.44322647696946
77.67202037209383
77.90081426721821
78.12960816234259
78.35840205746696
78.58719595259134
78.81598984771574
78.18646816669388
77.55694648567203
76.92742480465023
76.29790312362837
75.66838144260652
75.03885976158466
74.4093380805628
73.77981639954095
73.15029471851909
72.52077303749724
71.89125135647538
71.26172967545352
70.63220799443167
70.00268631340981
69.37316463238795
68.7436429513661
68.11412127034424
67.48459958932239
67.90262818858392
68.32065678784545
68.73868538710698
69.15671398636852
69.57474258563005
69.99277118489158
70.41079978415311
70.82882838341465
71.24685698267618
71.66488558193768
72.08291418119921
72.50094278046075
72.91897137972228
73.33699997898381
73.75502857824534
74.17305717750688
74.59108577676841
75.00911437602994
75.42714297529147
75.845171574553
76.26320017381451
76.68122877307604
77.09925737233758
77.51728597159911
77.93531457086064
78.35334317012217
78.77137176938368
77.1736591232044
75.57594647702513
73.97823383084577
74.3540247985595
74.72981576627325
75.10560673398697
75.48139770170073
75.85718866941446
76.23297963712818
76.60877060484194
76.98456157255566
77.36035254026939
77.73614350798314
78.11193447569687
78.48772544341062
78.86351641112435
79.23930737883808
79.61509834655183
79.99088931426556
80.36668028197931
80.74247124969304
81.11826221740677
81.49405318512052
81.86984415283425
82.245635120548
82.62142608826173
82.99721705597545
83.37300802368921
83.74879899140294
84.12458995911669
84.50038092683042
84.87617189454414
85.2519628622579
85.62775382997162
86.00354479768535
86.3793357653991
86.75512673311283
87.13091770082659
87.50670866854031
87.88249963625404
88.2582906039678
88.63408157168152
89.00987253939527
89.38566350710903
88.43764065515052
87.489617803192
86.5415949512335
86.81768040237408
87.09376585351465
87.36985130465523
87.64593675579583
87.9220222069364
88.19810765807698
88.47419310921758
88.75027856035815
89.02636401149873
89.3024494626393
89.5785349137799
89.85462036492049
89.09956081927498
88.34450127362953
87.58944172798402
86.83438218233852
86.079322636693
85.3242630910475
84.56920354540199
83.81414399975654
83.05908445411103
82.30402490846552
81.54896536282001
80.79390581717449
81.07754519588666
81.36118457459882
81.64482395331099
81.92846333202316
82.21210271073532
82.49574208944749
82.77938146815966
83.06302084687182
83.34666022558399
83.63029960429628
82.13252096832082
80.63474233234524
79.13696369636963
79.40022948783172
79.66349527929381
79.9267610707559
80.19002686221799
80.45329265368008
80.71655844514217
80.97982423660426
81.24309002806635
81.50635581952844
81.76962161099053
82.03288740245262
81.71668947274077
81.40049154302889
81.08429361331704
80.76809568360517
80.45189775389332
80.13569982418144
79.81950189446957
79.5033039647577
79.83258720713384
80.16187044951
80.49115369188617
80.8204369342623
81.14972017663844
81.4790034190146
81.80828666139077
82.1375699037669
82.46685314614304
82.7961363885192
83.12541963089537
83.4547028732715
83.78398611564764
84.1132693580238
84.44255260039996
84.7718358427761
85.10111908515223
85.4304023275284
85.75968556990449
85.28209819864372
84.80451082738296
84.32692345612213
83.8493360848613
83.37174871360054
82.89416134233977
82.416573971079
82.74891913212048
83.08126429316192
83.41360945420337
83.74595461524484
84.07829977628603
80.96913855234448
77.85997732840292
74.75081610446136
75.10951600662025
75.46821590877917
75.82691581093809
76.18561571309698
76.54431561525587
76.90301551741479
77.2617154195737
77.6204153217326
77.97911522389148
78.33781512605037
77.15944659985803
75.98107807366557
74.80270954747323
73.62434102128077
72.44597249508843
72.21643507942312
71.98689766375782
71.75736024809251
71.52782283242718
71.29828541676187
71.06874800109657
70.83921058543126
70.60967316976593
70.38013575410062
70.15059833843532
69.92106092277001
69.69152350710468
69.46198609143937
69.23244867577407
69.00291126010876
68.77337384444346
68.54383642877812
68.31429901311282
68.08476159744751
67.8552241817822
67.62568676611687
67.39614935045157
67.16661193478626
66.93707451912096
66.70753710345562
66.47799968779032
66.24846227212501
66.0189248564597
65.78938744079437
65.55985002512907
65.33031260946376
65.10077519379843
66.0608144935926
67.02085379338666
67.98089309318073
68.9409323929749
69.90097169276896
70.86101099256302
71.8210502923572
72.78108959215126
73.74112889194532
74.7011681917395
75.66120749153356
76.62124679132774
77.5812860911218
78.54132539091586
77.7959414807691
77.05055757062223
76.30517366047548
75.55978975032855
75.96383775693084
76.36788576353314
76.77193377013538
77.17598177673767
77.58002978333997
77.9840777899422
78.3881257965445
78.7921738031468
79.19622180974903
79.60026981635133
80.00431782295362
80.40836582955586
80.81241383615816
81.21646184276045
81.62050984936269
81.38909030886839
81.15767076837409
80.92625122787979
80.69483168738549
80.46341214689119
80.23199260639689
80.00057306590259
80.32629024188779
80.65200741787302
80.97772459385823
81.30344176984346
81.62915894582866
81.9548761218139
82.2805932977991
82.60631047378433
82.93202764976957
82.05301947460225
81.17401129943502
81.49907987520416
81.82414845097327
82.1492170267424
82.47428560251154
82.79935417828068
83.12442275404982
83.44949132981895
83.77455990558809
84.09962848135723
84.42469705712642
82.74831242991354
81.07192780270043
79.39554317548746
79.69088451240762
79.98622584932778
80.28156718624794
80.5769085231681
80.87224986008829
81.16759119700845
81.46293253392861
81.75827387084877
82.05361520776893
82.34895654468909
82.64429788160928
82.93963921852944
83.2349805554496
83.53032189236976
83.82566322928992
84.12100456621033
82.6713194439194
81.22163432162847
79.77194919933734
80.090055649985
80.40816210063267
80.72626855128033
81.04437500192799
81.36248145257565
81.68058790322328
81.99869435387095
82.3168008045186
82.63490725516627
82.95301370581393
83.27112015646159
83.58922660710925
83.90733305775692
84.22543950840458
84.54354595905221
84.86165240969987
85.17975886034753
85.4978653109952
85.81597176164286
86.13407821229066
84.06010621651694
81.98613422074322
82.27539451959757
82.56465481845191
82.85391511730626
83.1431754161606
83.43243571501495
83.72169601386926
84.01095631272361
84.30021661157795
84.5894769104323
84.87873720928664
85.16799750814099
85.45725780699533
85.74651810584965
83.50705026171613
81.26758241758242
81.46894879573449
81.67031517388659
81.8716815520387
82.07304793019077
82.27441430834287
82.47578068649497
82.67714706464704
82.87851344279915
83.07987982095125
83.28124619910332
83.48261257725542
83.68397895540753
83.8853453335596
84.08671171171204
82.15447575234839
80.22223979298474
78.29000383362109
76.35776787425743
74.42553191489361
74.78238760868027
75.13924330246698
75.49609899625364
75.85295469004029
76.20981038382695
76.5666660776136
76.92352177140032
77.28037746518697
77.63723315897363
77.99408885276029
78.35094454654694
78.70780024033365
79.06465593412031
79.42151162790697
78.92062443370583
78.41973723950468
77.91885004530354
77.4179628511024
76.91707565690126
76.41618846270012
75.91530126849898
75.41441407429784
74.9135268800967
74.41263968589556
73.91175249169441
73.41086529749327
72.90997810329213
72.40909090909099
70.22316384180795
70.75418064639922
71.2851974509905
71.81621425558177
72.34723106017304
72.87824786476426
73.40926466935554
73.94028147394681
74.47129827853809
75.00231508312936
75.53333188772064
76.06434869231191
76.59536549690313
77.1263823014944
77.65739910608568
78.1884159106769
76.4810043860723
74.77359286146748
73.066181336863
73.34335995362295
73.6205385703829
73.89771718714286
74.17489580390281
74.45207442066277
74.7292530374227
75.00643165418265
75.2836102709426
75.56078888770256
75.83796750446251
76.11514612122247
76.39232473798242
76.66950335474237
76.9466819715023
77.22386058826226
77.50103920502221
77.77821782178228
76.67848966816962
75.57876151455696
74.4790333609443
73.37930520733164
72.27957705371898
71.17984890010632
70.08012074649366
68.980392592881
67.88066443926834
66.78093628565568
65.68120813204303
64.58147997843037
63.48175182481752
63.49167101147029
63.501590198123054
63.51150938477581
63.5214285714286
63.216040100250666
62.91065162907273
62.60526315789471
62.882507994123216
63.15975283035172
63.436997666580254
63.71424250280876
63.99148733903726
64.26873217526577
64.5459770114943
65.044590360408
65.54320370932163
66.04181705823532
66.54043040714902
67.03904375606271
67.5376571049764
68.03627045389004
68.53488380280373
69.03349715171743
69.53211050063112
70.03072384954481
70.52933719845845
71.02795054737214
71.52656389628584
72.02517724519953
72.52379059411322
73.02240394302686
73.52101729194055
74.01963064085425
74.51824398976794
75.01685733868163
75.51547068759527
76.01408403650896
76.51269738542265
77.01131073433635
77.50992408325004
78.00853743216368
78.50715078107737
79.00576412999106
79.50437747890476
80.00299082781845
80.50160417673209
81.00021752564578
81.49883087455947
81.99744422347317
82.49605757238686
82.9946709213005
83.49328427021419
83.99189761912788
84.49051096804158
84.98912431695527
85.4877376658689
85.9863510147826
86.48496436369629
86.98357771260999
83.99689668831388
81.01021566401818
81.29543295888948
81.58065025376078
81.86586754863208
82.15108484350338
82.43630213837474
82.72151943324604
83.00673672811735
83.29195402298865
80.8067711949393
78.32158836689032
78.62549688464875
78.92940540240718
79.23331392016561
79.53722243792404
79.84113095568247
80.1450394734409
80.44894799119933
80.75285650895776
81.05676502671619
81.36067354447462
81.664582062233
81.96849057999142
82.27239909774985
82.57630761550828
82.88021613326671
83.18412465102514
83.48803316878357
83.791941686542
84.09585020430043
84.39975872205886
84.70366723981729
85.00757575757552
82.95985363842487
80.91213151927445
81.20852690188508
81.5049222844957
81.80131766710639
82.09771304971702
82.3941084323277
82.69050381493832
82.98689919754895
83.28329458015963
83.57968996277026
83.87608534538094
84.17248072799157
84.4688761106022
84.76527149321282
81.89110639679711
79.01694130038186
76.14277620396598
76.48391684679405
76.82505748962211
77.16619813245012
77.50733877527819
77.84847941810625
78.18962006093432
78.53076070376233
78.87190134659039
79.21304198941846
79.55418263224647
79.89532327507453
80.2364639179026
80.57760456073066
80.91874520355867
81.25988584638674
81.6010264892148
81.94216713204281
82.28330777487088
82.62444841769894
82.96558906052701
83.30672970335502
83.64787034618308
83.98901098901126
83.26199230618101
82.53497362335077
81.80795494052052
81.08093625769027
80.35391757486002
79.62689889202977
78.89988020919952
78.17286152636927
77.44584284353903
76.71882416070878
75.99180547787853
75.26478679504817
75.59324390176465
75.9217010084812
76.25015811519773
76.57861522191428
76.90707232863082
77.2355294353473
77.56398654206384
77.89244364878039
78.22090075549687
78.54935786221341
78.87781496892995
79.2062720756465
79.53472918236304
79.86318628907952
80.19164339579606
80.5201005025126
78.6974435645061
76.8747866264996
75.05212968849332
75.30462180634999
75.5571139242067
75.80960604206342
76.06209815992008
76.3145902777768
76.56708239563346
76.81957451349018
77.0720666313469
77.32455874920356
77.57705086706028
77.82954298491694
78.08203510277366
78.33452722063043
76.84394052825473
75.35335383587903
73.86276714350356
72.37218045112786
72.75102171715122
73.12986298317463
73.50870424919799
73.88754551522135
74.26638678124476
74.64522804726812
75.02406931329153
75.40291057931489
75.7817518453383
76.16059311136166
76.53943437738502
76.91827564340844
77.2971169094318
77.67595817545521
78.05479944147856
78.43364070750192
78.81248197352534
79.1913232395487
79.57016450557211
79.94900577159547
80.32784703761882
80.70668830364224
81.0855295696656
81.46437083568901
81.84321210171237
82.22205336773573
82.60089463375914
82.9797358997825
83.35857716580585
80.85278661771508
78.3469960696238
78.6623209595943
78.97764584956474
79.29297073953518
79.60829562950562
79.92362051947606
80.2389454094465
80.554270299417
80.86959518938744
81.18492007935788
81.50024496932832
81.81556985929876
82.1308947492692
82.4462196392397
82.76154452921014
83.07686941918058
83.39219430915102
83.70751919912146
84.0228440890919
82.15695274873724
80.29106140838212
78.42517006802717
78.7191363104381
79.01310255284903
79.30706879525997
79.6010350376709
79.89500128008183
80.18896752249276
80.48293376490369
80.77690000731462
81.07086624972555
81.36483249213649
81.65879873454742
81.9527649769584
80.46305335052057
78.97334172408273
77.48363009764503
77.77020316205423
78.05677622646348
78.34334929087268
78.62992235528193
78.91649541969113
79.20306848410038
79.48964154850964
79.77621461291884
80.06278767732809
80.34936074173729
80.63593380614634
78.92034333465108
77.20475286315582
75.48916239166033
73.77357192016518
74.07069536682252
74.36781881347991
74.66494226013725
74.96206570679465
75.25918915345204
75.55631260010938
75.85343604676677
76.15055949342411
76.4476829400815
76.74480638673884
77.04192983339624
77.33905328005358
77.63617672671097
77.93330017336831
78.23042362002548
76.62983563550392
75.02924765098237
73.42865966646076
73.75548201969974
74.08230437293878
74.40912672617776
74.7359490794168
75.06277143265578
75.38959378589476
75.7164161391338
76.04323849237278
76.37006084561176
76.6968831988508
77.02370555208972
76.17030707586366
75.3169085996376
74.46351012341142
73.61011164718536
72.7567131709593
71.90331469473324
71.04991621850718
70.196517742281
69.34311926605504
69.37441691433003
69.405714562605
69.43701221087997
69.46830985915494
69.27042979132935
69.07254972350376
68.87466965567813
68.67678958785251
68.3470873786406
68.86401198963438
69.38093660062805
69.89786121162172
70.41478582261539
70.93171043360906
71.44863504460272
71.96555965559656
71.88631243649391
71.80706521739125
72.21794164709888
72.62881807680651
73.03969450651408
73.45057093622165
73.86144736592928
74.27232379563691
74.68320022534448
75.09407665505205
75.16314093824147
75.2322052214309
75.30126950462032
75.37033378780976
75.43939807099918
75.5084623541886
75.57752663737803
75.64659092056745
75.71565520375688
75.7847194869463
75.85378377013572
75.92284805332515
75.99191233651457
76.06097661970401
76.13004090289343
76.19910518608285
76.26816946927228
76.3372337524617
76.40629803565113
76.47536231884078
75.21492177845198
73.95448123806318
72.69404069767444
73.07470256574584
73.45536443381724
73.83602630188864
74.21668816996004
74.59735003803138
74.97801190610278
75.35867377417418
75.73933564224558
76.11999751031698
76.50065937838838
76.88132124645978
77.26198311453118
77.64264498260258
78.02330685067398
78.40396871874532
78.78463058681672
79.16529245488812
79.54595432295952
79.92661619103092
77.33809514832637
74.74957410562183
75.0777502274799
75.40592634933796
75.73410247119602
76.06227859305409
76.39045471491221
76.71863083677027
77.04680695862834
77.3749830804864
77.70315920234447
78.03133532420253
78.35951144606065
78.68768756791872
79.01586368977678
77.17635984846129
75.3368560071458
73.4973521658303
71.65784832451493
71.954244986866
72.25064164921707
72.54703831156814
72.84343497391916
73.13983163627023
73.4362282986213
73.73262496097237
74.02902162332344
74.32541828567446
74.62181494802553
74.9182116103766
75.21460827272767
75.51100493507869
75.80740159742976
76.10379825978083
76.4001949221319
76.69659158448297
76.99298824683399
77.28938490918506
77.58578157153613
77.8821782338872
78.17857489623822
78.47497155858935
78.00922894755172
77.54348633651409
77.07774372547647
76.61200111443895
76.14625850340127
76.43563225744293
76.7250060114846
77.01437976552626
77.30375351956792
77.59312727360958
77.8825010276513
78.17187478169296
78.46124853573463
78.75062228977629
79.03999604381795
79.32936979785973
78.54310495175696
77.75684010565396
76.97057525955097
76.1843104134482
75.3980455673452
74.61178072124221
73.82551587513922
73.03925102903645
72.25298618293345
71.46672133683046
70.68045649072747
71.02626601434179
71.37207553795616
71.71788506157048
72.0636945851848
72.40950410879913
72.7553136324135
73.10112315602782
73.44693267964215
73.79274220325652
74.13855172687084
74.48436125048516
74.83017077409949
75.17598029771386
75.52178982132818
75.8675993449425
76.21340886855688
76.5592183921712
76.90502791578552
77.25083743939985
77.59664696301422
77.94245648662854
78.28826601024286
78.63407553385724
78.97988505747162
77.848892480843
76.71789990421462
75.58690732758623
74.45591475095785
73.32492217432946
72.19392959770107
71.06293702107268
69.93194444444444
69.97928116676411
70.02661788908378
70.07395461140345
70.12129133372312
70.16862805604279
70.21596477836246
70.26330150068219
69.99445690325308
69.72561230582392
69.4567677083948
69.1879231109657
68.91907851353659
68.65023391610742
68.38138931867832
68.11254472124921
67.8437001238201
67.57485552639093
67.30601092896177
67.61397840627899
67.92194588359627
68.22991336091354
68.53788083823076
68.84584831554798
69.15381579286526
69.46178327018254
69.76975074749976
70.07771822481698
70.38568570213425
70.69365317945153
71.00162065676875
71.30958813408597
71.61755561140325
71.92552308872052
72.23349056603774
70.67273304688979
69.11197552774138
67.55121800859342
65.99046048944501
64.42970297029706
65.01309315825893
65.59648334622068
66.17987353418255
66.76326372214442
67.34665391010628
67.93004409806804
68.5134342860299
69.09682447399177
69.68021466195353
70.2636048499154
70.84699503787726
71.43038522583913
72.01377541380089
72.59716560176275
73.18055578972462
73.76394597768649
73.44975478488993
73.13556359209332
72.8213723992967
72.50718120650015
72.19299001370354
71.87879882090698
71.56460762811037
71.2504164353137
71.68227632601179
72.11413621670988
72.54599610740797
72.97785599810607
73.40971588880427
73.84157577950236
74.27343567020046
74.70529556089855
75.13715545159664
75.56901534229473
76.00087523299283
76.43273512369103
76.86459501438912
77.29645490508722
77.72831479578531
78.1601746864834
78.5920345771815
79.02389446787959
79.45575435857779
79.88761424927588
80.31947413997398
80.75133403067207
81.18319392137016
81.61505381206825
82.04691370276646
82.47877359346455
82.91063348416264
82.0815465052417
81.25245952632054
80.42337254739937
79.59428556847843
78.76519858955726
77.93611161063609
77.10702463171492
76.27793765279398
75.44885067387281
74.61976369495164
75.04406435968554
75.46836502441931
75.8926656891532
76.3169663538871
76.74126701862087
77.16556768335477
77.58986834808854
78.01416901282244
78.43846967755621
78.8627703422901
79.28707100702388
79.71137167175777
80.13567233649167
80.55997300122544
80.98427366595934
81.40857433069311
81.832874995427
82.25717566016056
80.38918332450658
78.5211909888526
76.65319865319867
76.96465094274515
77.27610323229163
77.58755552183811
77.89900781138459
78.21046010093107
78.52191239047755
78.83336468002403
79.14481696957051
79.456269259117
79.76772154866347
80.07917383820995
78.78641687031904
77.49365990242813
76.20090293453728
76.36186677849258
76.52283062244788
76.68379446640316