73.15592783505154
73.39107563832538
73.62622344159922
73.86137124487307
74.0965190481469
74.33166685142075
74.5668146546946
74.80196245796843
75.03711026124228
75.27225806451612
75.15826183445688
75.04426560439764
74.9302693743384
74.81627314427915
74.70227691421991
74.58828068416067
74.47428445410142
74.3602882240422
74.24629199398295
74.13229576392371
74.01829953386446
73.90430330380522
73.79030707374598
73.67631084368674
73.56231461362749
73.44831838356825
73.334322153509
73.22032592344976
73.10632969339052
72.99233346333128
72.87833723327205
72.7643410032128
72.65034477315356
72.53634854309432
72.42235231303508
72.30835608297583
72.19435985291659
72.08036362285735
71.9663673927981
71.85237116273886
71.73837493267962
71.62437870262039
71.51038247256115
71.3963862425019
71.28239001244266
71.16839378238342
71.50474309534471
71.841092408306
72.17744172126729
72.51379103422857
72.85014034718986
73.18648966015115
73.52283897311244
73.85918828607373
74.19553759903502
74.53188691199631
74.86823622495758
75.20458553791887
75.23034449870241
75.25610345948596
75.2818624202695
75.30762138105304
75.33338034183659
75.35913930262014
75.38489826340367
75.41065722418722
75.43641618497077
75.42211647309969
75.40781676122863
75.39351704935756
75.37921733748648
75.36491762561542
75.35061791374434
75.33631820187327
75.32201849000221
75.30771877813113
75.29341906626006
75.279119354389
75.26481964251792
75.25051993064685
75.23622021877578
75.22192050690471
75.20762079503363
75.19332108316257
75.1790213712915
75.16472165942042
75.15042194754936
75.13612223567829
75.12182252380721
75.10752281193615
75.09322310006507
75.078923388194
75.06462367632294
75.05032396445186
75.03602425258079
75.02172454070973
75.00742482883865
74.99312511696758
74.97882540509652
74.96452569322544
74.95022598135436
74.9359262694833
74.92162655761223
74.90732684574117
74.89302713387009
74.87872742199902
74.86442771012796
74.85012799825688
74.8358282863858
74.82152857451474
74.80722886264367
74.7929291507726
74.77862943890153
74.76432972703046
74.75003001515938
74.73573030328832
74.72143059141725
74.70713087954617
74.69283116767511
74.67853145580403
74.66423174393296
74.6499320320619
74.63563232019082
74.62133260831975
74.60703289644869
74.59273318457761
74.57843347270654
74.56413376083547
74.5498340489644
74.53553433709332
74.52123462522226
74.50693491335119
74.49263520148011
74.47833548960905
74.46403577773798
74.4497360658669
74.43543635399584
74.42113664212476
74.40683693025369
74.39253721838263
74.37823750651155
74.36393779464048
74.34963808276942
74.33533837089834
74.32103865902727
74.3067389471562
74.29243923528513
74.27813952341407
74.263839811543
76.80700803738137
79.35017626321974
79.14893114611883
78.94768602901793
78.74644091191703
78.54519579481612
78.34395067771523
78.14270556061432
77.94146044351342
77.74021532641251
77.53897020931161
77.33772509221072
77.13647997510981
76.93523485800891
76.73398974090802
76.5327446238071
76.3314995067062
76.1302543896053
75.9290092725044
75.72776415540349
75.5265190383026
75.3252739212017
75.12402880410079
74.92278368699988
74.721538569899
74.52029345279809
74.31904833569718
74.11780321859628
73.91655810149538
73.71531298439447
73.51406786729358
73.31282275019268
73.11157763309177
72.91033251599086
72.70908739888996
72.50784228178907
72.30659716468816
72.10535204758726
71.90410693048636
71.70286181338545
71.50161669628454
71.30037157918366
71.09912646208275
70.89788134498184
70.69663622788094
70.49539111078005
70.29414599367914
70.09290087657824
69.89165575947735
69.69041064237643
69.48916552527552
69.28792040817463
69.08667529107373
69.1506075878448
69.21453988461587
69.27847218138695
69.34240447815802
69.4063367749291
69.47026907170017
69.53420136847124
69.59813366524232
69.66206596201339
69.72599825878447
69.78993055555554
70.53915993480726
71.28838931405895
72.03761869331066
72.78684807256236
72.82135076252723
72.66121926409204
72.50108776565685
72.34095626722166
72.18082476878647
72.02069327035127
71.86056177191608
71.70043027348089
71.5402987750457
71.3801672766105
71.22003577817532
71.33410519855184
71.44817461892833
71.56224403930486
71.67631345968137
71.79038288005788
71.90445230043439
72.0185217208109
72.1325911411874
72.24666056156391
72.36072998194044
72.47479940231693
72.58886882269346
72.70293824306997
72.81700766344647
72.93107708382298
73.0451465041995
73.159215924576
73.27328534495251
73.38735476532904
73.50142418570553
73.61549360608205
73.72956302645856
73.84363244683507
73.95770186721158
74.07177128758809
74.1858407079646
74.22912725053402
74.27241379310345
74.11645356754437
73.96049334198526
73.80453311642616
73.64857289086706
73.49261266530796
73.33665243974886
73.18069221418976
73.02473198863066
72.86877176307155
72.71281153751247
72.55685131195335
72.89633803553451
73.23582475911567
73.57531148269685
73.91479820627802
73.85502958579882
73.88432299202094
73.91361639824305
73.7230999180912
73.53258343793934
73.34206695778748
73.3501270461452
73.35818713450293
73.23153149127063
73.10487584803835
72.97822020480605
72.85156456157375
72.72490891834147
72.59825327510917
72.66898954703832
72.6689895470372
147.12878787878788
145.35888938205852
143.58899088532917
141.81909238859976
140.04919389187035
138.27929539514093
136.50939689841152
134.73949840168223
132.96959990495282
131.1997014082234
129.429802911494
127.65990441476458
125.89000591803529
124.12010742130587
122.35020892457646
120.58031042784705
118.81041193111764
117.04051343438834
115.27061493765893
113.50071644092952
111.73081794420011
109.9609194474707
108.1910209507414
106.42112245401199
104.65122395728258
102.88132546055317
101.11142696382376
99.34152846709446
97.57162997036505
95.80173147363564
94.03183297690623
92.26193448017682
90.49203598344741
88.72213748671811
86.9522389899887
85.18234049325929
83.41244199652988
81.64254349980047
79.87264500307117
78.10274650634176
76.33284800961235
74.56294951288294
72.79305101615353
71.02315251942423
69.25325402269482
67.48335552596541
68.80050129239453
70.11764705882354
70.10036467417156
70.08308228951958
70.06579990486762
70.04851752021564
70.06592542677448
70.08333333333331
69.96112641567203
69.83891949801074
69.71671258034944
69.59450566268814
69.47229874502685
69.35009182736555
69.22788490970424
69.10567799204296
68.98347107438167
68.9900990822351
68.99672709008854
69.00335509794196
69.0099831057954
69.01661111364884
69.02323912150227
69.0298671293557
69.03649513720913
69.04312314506257
69.049751152916
69.05637916076942
69.06300716862286
69.0696351764763
69.07626318432973
69.08289119218315
69.08951920003659
69.09614720789003
69.10277521574346
69.10940322359689
69.11603123145032
69.12265923930376
69.1292872471572
69.13591525501062
69.14254326286405
69.14917127071749
69.09201098822184
69.03485070572619
68.97769042323054
68.92053014073488
68.86336985823922
68.80620957574357
68.74904929324792
68.69188901075226
68.63472872825662
68.57756844576096
68.5204081632653
68.6958177637252
68.87122736418512
68.72999709971542
68.5887668352457
68.44753657077601
68.30630630630631
68.92912273608479
69.55193916586325
70.1747555956417
70.79757202542015
71.4203884551986
72.04320488497706
72.66602131475551
73.28883774453395
73.18926812937259
73.08969851421122
72.99012889904986
72.8905592838885
72.79098966872715
72.69142005356579
72.59185043840442
72.49228082324305
72.39271120808169
72.29314159292034
72.98815854093039
73.68317548894044
74.37819243695048
75.07320938496053
75.76822633297061
75.65323137656067
75.53823642015072
75.4232414637408
75.30824650733085
75.1932515509209
75.07825659451098
74.96326163810102
74.84826668169109
74.73327172528116
74.6182767688712
74.50328181246127
74.38828685605132
74.27329189964138
74.15829694323145
75.25001375091477
76.34173055859804
76.200636401405
76.05954224421197
75.91844808701893
75.77735392982589
75.63625977263285
75.49516561543982
75.35407145824678
75.21297730105375
75.07188314386072
74.93078898666768
74.78969482947466
74.64860067228162
74.50750651508858
74.36641235789554
74.2253182007025
74.08422404350947
73.94312988631643
73.80203572912339
73.66094157193035
73.51984741473731
73.37875325754428
73.23765910035125
73.09656494315821
72.95547078596518
72.81437662877214
72.6732824715791
72.53218831438608
72.39109415719304
72.25
72.78980934479054
73.32961868958111
73.86942803437165
74.40923737916219
74.26548470436694
74.12173202957169
73.97797935477645
73.8342266799812
73.69047400518595
73.54672133039071
73.40296865559546
73.2592159808002
73.11546330600497
72.97171063120972
72.82795795641447
72.68420528161923
72.54045260682398
72.39669993202872
72.25294725723349
72.10919458243823
71.96544190764298
71.82168923284775
71.6779365580525
71.53418388325724
71.390431208462
71.24667853366675
71.1029258588715
70.95917318407626
70.81542050928101
70.67166783448576
70.52791515969052
70.38416248489527
70.24040981010002
70.09665713530478
69.95290446050953
69.80915178571428
70.54859203296701
71.28803228021974
72.02747252747253
71.89883301386854
71.77019350026454
71.64155398666055
71.51291447305655
71.38427495945257
71.25563544584857
71.12699593224457
70.99835641864058
70.86971690503658
70.7410773914326
70.6124378778286
70.48379836422461
70.35515885062061
70.22651933701661
71.46446316960237
72.70240700218818
72.57814172034698
72.45387643850577
72.32961115666457
72.20534587482338
72.08108059298218
71.95681531114097
71.83255002929977
71.70828474745856
71.58401946561737
71.45975418377617
71.33548890193497
71.21122362009376
71.08695833825257
70.96269305641137
70.83842777457016
70.71416249272896
70.58989721088776
70.46563192904654
71.33769942734239
72.20976692563818
72.09621254162042
71.98265815760266
71.8691037735849
71.75554938956714
71.64199500554938
71.52844062153162
71.41488623751385
71.3013318534961
71.18777746947833
71.07422308546057
70.96066870144281
70.84711431742505
70.73355993340729
70.62000554938953
70.50645116537177
70.39289678135401
71.85847511673501
73.3240534521158
73.20000720467999
73.07596095724419
72.95191470980838
72.82786846237256
72.70382221493675
72.57977596750094
72.45572972006512
72.33168347262931
72.20763722519351
72.0835909777577
71.95954473032188
71.83549848288607
71.71145223545025
71.58740598801444
71.46335974057862
71.33931349314281
71.21526724570701
71.0912209982712
70.96717475083538
70.84312850339957
70.71908225596376
70.59503600852794
70.47098976109214
72.0705288941515
73.67006802721089
73.5495721119498
73.42907619668871
73.30858028142764
73.18808436616655
73.06758845090548
72.94709253564439
72.8265966203833
72.70610070512222
72.58560478986114
72.46510887460006
72.34461295933897
72.22411704407789
72.10362112881681
71.98312521355572
71.86262929829464
71.74213338303356
71.62163746777247
71.5011415525114
73.48042321666435
75.45970488081724
75.32105201623357
75.1823991516499
75.04374628706623
74.90509342248255
74.76644055789889
74.62778769331521
74.48913482873155
74.35048196414787
74.2118290995642
74.07317623498054
73.93452337039686
73.79587050581318
73.65721764122952
73.51856477664585
73.37991191206217
73.24125904747851
73.10260618289483
72.96395331831117
72.8253004537275
72.68664758914382
72.54799472456016
72.40934185997648
72.2706889953928
72.13203613080914
71.99338326622546
71.8547304016418
71.71607753705814
73.23621074005291
74.75634394304757
76.27647714604237
76.13194033372469
75.98740352140699
75.8428667090893
75.69832989677161
75.55379308445393
75.40925627213623
75.26471945981854
75.12018264750085
74.97564583518317
74.83110902286548
74.68657221054778
74.5420353982301
75.2399099037296
75.93778440922915
76.63565891472868
76.52223346945368
76.40880802417867
76.29538257890366
76.18195713362864
76.06853168835363
75.95510624307862
75.84168079780362
75.7282553525286
75.6148299072536
75.50140446197858
75.38797901670357
75.27455357142856
76.31097267916596
77.34739178690344
77.17853495978466
77.00967813266585
76.84082130554707
76.67196447842827
76.50310765130948
76.33425082419068
76.16539399707189
75.99653716995309
75.8276803428343
75.6588235157155
75.48996668859671
75.32110986147791
75.15225303435912
74.98339620724033
74.81453938012153
74.64568255300274
74.47682572588394
74.30796889876515
74.13911207164635
73.97025524452756
73.80139841740876
73.63254159028997
73.46368476317117
73.29482793605239
73.12597110893358
72.9571142818148
72.788257454696
72.6194006275772
72.4505438004584
72.28168697333962
72.11283014622082
71.94397331910203
71.77511649198324
71.60625966486444
71.43740283774565
71.26854601062685
71.09968918350806
70.93083235638926
71.69750772715201
72.46418309791477
73.23085846867748
73.08550931330589
72.94016015793429
72.7948110025627
72.64946184719109
72.5041126918195
72.35876353644791
72.2134143810763
72.06806522570471
71.92271607033311
71.77736691496152
71.63201775958993
71.48666860421832
71.34131944884673
71.19597029347513
71.05062113810354
70.90527198273195
70.75992282736034
70.61457367198875
70.46922451661715
70.32387536124556
70.17852620587396
70.03317705050236
69.88782789513077
69.74247873975916
69.59712958438757
69.45178042901597
69.30643127364436
69.95408816111564
70.6017450485869
71.24940193605812
71.8970588235294
71.7705685742617
71.64407832499401
71.51758807572631
71.39109782645862
71.26460757719092
71.13811732792323
71.01162707865552
70.88513682938782
70.75864658012013
70.63215633085242
70.50566608158474
70.37917583231703
70.25268558304933
70.12619533378164
69.99970508451393
69.87321483524624
69.74672458597854
69.62023433671085
69.49374408744315
69.36725383817544
69.24076358890775
69.11427333964005
68.98778309037236
68.86129284110466
68.73480259183697
68.60831234256926
69.34825638114006
70.08820041971074
70.82814445828147
70.68951935390294
70.5508942495244
70.41226914514588
70.27364404076735
70.13501893638882
69.99639383201028
69.85776872763176
69.71914362325323
69.5805185188747
69.44189341449618
69.30326831011764
69.16464320573911
69.02601810136058
68.88739299698206
68.74876789260352
68.61014278822499
68.47151768384646
68.33289257946794
68.1942674750894
68.05564237071087
67.91701726633235
67.77839216195382
67.63976705757528
67.50114195319675
67.36251684881823
67.2238917444397
67.08526664006116
66.94664153568263
66.80801643130411
66.66939132692558
66.53076622254704
66.39214111816852
66.25351601378999
66.11489090941146
65.97626580503292
65.8376407006544
65.69901559627587
65.56039049189734
65.4217653875188
65.28314028314026
65.94247255264202
66.60180482214378
67.26113709164554
67.92046936114733
67.78331922024043
67.64616907933352
67.5090189384266
67.37186879751971
67.2347186566128
67.09756851570589
66.96041837479898
66.82326823389207
66.68611809298517
66.54896795207826
66.41181781117135
66.27466767026445
66.13751752935754
66.00036738845063
65.86321724754372
65.7260671066368
65.58891696572991
65.451766824823
65.31461668391609
65.17746654300919
65.04031640210228
64.90316626119537
64.76601612028846
64.62886597938154
65.05341892153348
65.47797186368541
65.90252480583734
66.32707774798928
66.20975131975347
66.09242489151765
65.97509846328184
65.85777203504603
65.74044560681021
65.6231191785744
65.50579275033859
65.38846632210277
65.27113989386696
65.15381346563115
65.03648703739533
64.91916060915952
64.8018341809237
64.68450775268789
64.56718132445208
64.44985489621627
64.33252846798045
64.21520203974464
64.09787561150883
63.98054918327301
63.8632227550372
63.745896326801386
63.62856989856557
63.51124347032976
63.393917042093946
63.27659061385813
63.15926418562232
63.041937757386506
62.92461132915069
62.80728490091488
62.689958472679066
62.57263204444325
62.45530561620744
62.33797918797163
62.22065275973581
62.1033263315
61.98599990326419
61.86867347502837
61.75134704679256
61.63402061855675
62.05996817269778
62.485915726838755
62.91186328097979
63.33781083512076
63.76375838926175
63.64092149257074
63.518084595879714
63.3952476991887
63.27241080249769
63.14957390580666
63.02673700911565
62.90390011242464
62.78106321573361
62.6582263190426
62.535389422351585
62.41255252566056
62.289715628969546
62.16687873227853
62.04404183558751
61.921204938896494
61.79836804220548
61.67553114551447
61.55269424882344
61.42985735213243
61.30702045544142
61.18418355875039
61.06134666205938
60.938509765368366
60.81567286867734
60.69283597198633
60.569999075295314
60.44716217860429
60.324325281913275
60.20148838522226
60.078651488531236
59.95581459184022
59.83297769514921
59.710140798458184
59.58730390176717
59.46446700507613
60.47777503256816
61.49108306006019
62.50439108755211
63.51769911504425
63.41927127431309
63.32084343358193
63.222415592850766
63.123987752119604
63.02555991138844
62.92713207065728
62.82870422992612
62.730276389194955
62.63184854846379
62.533420707732645
62.65470029168837
62.7759798756441
62.89725945959982
63.01853904355555
63.139818627511275
63.261098211467015
63.38237779542274
63.50365737937847
63.62493696333419
63.74621654728992
63.867496131245645
63.98877571520137
64.11005529915711
64.23133488311284
64.35261446706856
64.47389405102429
64.59517363498001
64.71645321893574
64.83773280289147
64.9590123868472
65.08029197080259
66.95998854335699
68.83968511591138
70.71938168846611
70.57142359461571
70.4234655007653
70.2755074069149
70.12754931306449
69.97959121921409
69.83163312536368
69.68367503151327
69.53571693766287
69.38775884381246
69.23980074996209
69.09184265611168
68.94388456226127
68.79592646841087
68.64796837456046
68.50001028071006
68.35205218685965
68.20409409300925
68.05613599915884
67.90817790530843
68.66282506605194
69.41747222679555
70.17211938753906
70.92676654828256
71.68141370902617
72.43606086976968
73.19070803051329
73.94535519125682
73.7709560657363
73.59655694021578
73.42215781469525
73.24775868917473
73.07335956365424
72.89896043813371
72.72456131261319
72.55016218709267
72.37576306157217
72.20136393605165
72.02696481053113
71.8525656850106
71.67816655949008
71.50376743396959
71.32936830844906
71.15496918292854
70.98057005740802
70.8061709318875
70.631771806367
70.45737268084648
70.28297355532595
70.10857442980543
69.9341753042849
69.75977617876441
69.58537705324389
69.41097792772337
69.23657880220284
69.06217967668235
68.88778055116182
68.7133814256413
68.53898230012078
68.36458317460026
68.19018404907976
68.47193931518026
68.75369458128078
68.63540122066702
68.51710786005326
68.39881449943948
68.28052113882572
68.16222777821194
68.04393441759818
67.9256410569844
67.80734769637064
67.68905433575686
67.5707609751431
67.45246761452933
67.33417425391556
67.2158808933018
67.17933295277084
67.14278501223988
67.10623707170893
67.06968913117797
67.033141190647
66.99659325011605
66.9600453095851
66.92349736905413
66.88694942852318
66.85040148799223
66.81385354746126
66.7773056069303
66.74075766639935
66.7042097258684
66.66766178533743
66.63111384480646
66.59456590427553
66.55801796374456
66.5214700232136
66.48492208268264
66.44837414215169
66.41182620162073
66.37527826108976
66.33873032055881
66.30218238002786
66.26563443949689
66.22908649896594
66.19253855843499
66.15599061790402
66.11944267737306
66.0828947368421
66.02222478535745
65.9615548338728
65.90088488238813
65.84021493090347
65.77954497941882
65.71887502793416
65.6582050764495
65.59753512496485
65.5368651734802
65.47619522199554
65.41552527051087
65.35485531902621
65.29418536754156
65.2335154160569
65.17284546457225
65.11217551308759
65.05150556160294
64.99083561011828
64.93016565863361
64.86949570714896
64.8088257556643
64.74815580417965
64.68748585269499
64.62681590121034
64.56614594972568
64.50547599824102
64.44480604675637
64.3841360952717
64.32346614378704
64.26279619230239
64.20212624081773
64.14145628933308
64.08078633784842
64.02011638636377
63.95944643487911
63.89877648339444
63.83810653190979
63.77743658042513
63.716766628940476
63.65609667745582
63.595426725971166
63.53475677448651
63.474086823001855
63.413416871517185
63.35274692003253
63.292076968547875
63.23140701706322
63.170737065578564
63.110067114094136
64.1742496916363
65.23843226917847
66.30261484672064
67.36679742426304
68.43098000180521
69.49516257934738
70.55934515688949
70.43904160042692
70.31873804396437
70.19843448750183
70.07813093103925
69.95782737457668
69.83752381811414
69.71722026165159
69.59691670518902
69.47661314872644
69.3563095922639
69.23600603580135
69.11570247933878
70.39028664086186
71.66487080238517
72.93945496390825
74.21403912543153
74.03031568864279
73.84659225185402
73.66286881506528
73.47914537827651
73.29542194148775
73.111698504699
72.92797506791024
72.7442516311215
72.56052819433273
72.376804757544
72.19308132075523
72.00935788396646
71.82563444717772
71.64191101038895
71.45818757360021
71.27446413681145
71.09074070002268
70.90701726323394
70.72329382644517
70.53957038965643
70.35584695286767
70.1721235160789
69.98840007929016
69.80467664250139
69.62095320571265
69.43722976892388
69.25350633213512
69.06978289534638
68.88605945855761
68.70233602176887
68.5186125849801
68.33488914819134
69.19399885482437
70.0531085614573
70.91221826809013
70.731967807908
70.55171734772586
70.3714668875437
70.19121642736158
70.01096596717943
69.83071550699728
69.65046504681516
69.470214586633
69.28996412645085
69.10971366626873
68.92946320608658
68.74921274590446
68.56896228572231
68.38871182554016
68.20846136535803
68.02821090517588
67.84796044499387
68.47100493556752
69.09404942614117
69.71709391671493
70.34013840728858
70.96318289786223
70.7977608344911
70.63233877111998
70.46691670774885
70.30149464437773
70.1360725810066
69.97065051763548
69.80522845426435
69.63980639089323
69.4743843275221
69.30896226415075
70.21153701996218
71.11411177577361
72.01668653158524
71.8752565395547
71.73382654752416
71.59239655549362
71.45096656346306
71.30953657143252
71.16810657940198
71.02667658737144
70.8852465953409
70.74381660331034
70.6023866112798
70.46095661924926
70.31952662721869
72.62667065416281
74.9338146811071
74.77180917720699
74.60980367330686
74.44779816940675
74.28579266550665
74.12378716160651
73.96178165770641
73.7997761538063
73.63777064990617
73.47576514600607
73.31375964210596
73.15175413820583
72.98974863430573
72.82774313040562
72.66573762650552
72.50373212260538
72.34172661870525
73.9117613676051
75.48179611650485
75.30240417541711
75.1230122343294
74.94362029324165
74.7642283521539
74.58483641106619
74.40544446997845
74.2260525288907
74.04666058780299
73.86726864671525
73.6878767056275
73.50848476453979
73.32909282345204
73.14970088236433
72.97030894127658
72.79091700018884
72.61152505910113
72.43213311801338
72.25274117692564
72.07334923583792
71.89395729475018
71.71456535366244
71.53517341257472
71.35578147148698
71.17638953039923
70.99699758931152
70.81760564822378
70.63821370713603
70.45882176604832
70.27942982496057
70.10003788387283
69.92064594278511
69.74125400169737
69.56186206060966
69.38247011952191
69.6018659944672
69.82126186941244
70.04065774435767
70.26005361930297
70.080270711433
69.90048780356301
69.72070489569305
69.54092198782308
69.36113907995312
69.18135617208316
69.00157326421319
68.8217903563432
68.64200744847324
68.46222454060327
68.28244163273331
68.10265872486335
67.92287581699338
69.00529755761954
70.08771929824562
69.94286425283067
69.79800920741573
69.65315416200076
69.50829911658582
69.36344407117087
69.2185890257559
69.07373398034096
68.92887893492602
68.78402388951105
68.6391688440961
68.49431379868116
68.34945875326619
68.20460370785125
68.0597486624363
67.91489361702133
69.38736594597708
70.85983827493257
70.75587657844406
70.65191488195555
70.54795318546704
70.4439914889785
70.34002979248999
70.23606809600147
70.13210639951294
70.02814470302442
69.92418300653594
70.69468103213512
71.46517905773419
72.23567708333329
72.08862168688225
71.94156629043124
71.7945108939802
71.64745549752917
71.50040010107813
71.35334470462709
71.20628930817611
72.22626856923875
73.2462478303014
74.26622709136404
75.28620635242669
76.30618561348933
77.32616487455195
77.1562168522938
76.98626883003564
76.81632080777752
76.64637278551936
76.4764247632612
76.30647674100305
76.1365287187449
75.96658069648677
75.79663267422862
75.62668465197046
75.45673662971234
75.28678860745418
75.11684058519603
74.94689256293788
74.77694454067972
74.6069965184216
74.43704849616344
74.26710047390529
74.09715245164716
73.92720442938901
73.75725640713085
73.5873083848727
73.41736036261455
73.24741234035642
73.07746431809827
72.90751629584011
72.73756827358199
72.56762025132383
72.39767222906568
72.22772420680752
72.05777618454937
71.88782816229127
72.88156541286457
73.87530266343825
73.71135361862116
73.54740457380407
73.38345552898701
73.21950648416993
73.05555743935287
72.89160839453578
72.72765934971872
72.56371030490163
72.39976126008457
72.23581221526749
72.07186317045043
71.90791412563334
71.74396508081625
71.5800160359992
71.4160669911821
71.25211794636505
71.08816890154796
70.9242198567309
70.76027081191381
70.59632176709675
70.43237272227967
70.26842367746261
70.10447463264552
69.94052558782846
70.06533994487114
70.1901543019138
70.31496865895645
70.4397830159991
70.56459737304175
70.68941173008443
70.81422608712708
70.93904044416973
71.06385480121241
71.18866915825507
71.31348351529772
71.4382978723404
71.14423076923077
71.16920276325615
71.19417475728159
70.99705558241538
70.79993640754924
70.60281723268304
70.40569805781689
70.20857888295069
70.01145970808454
69.8143405332184
69.6172213583522
69.42010218348605
69.22298300861985
69.0258638337537
68.8287446588875
68.63162548402136
68.43450630915515
68.23738713428901
68.04026795942286
67.84314878455666
67.64602960969069
69.19644137827208
70.74685314685314
70.58485569854571
70.42285825023828
70.26086080193085
70.09886335362339
69.93686590531595
69.77486845700852
69.61287100870109
69.45087356039366
69.2888761120862
69.12687866377877
68.96488121547134
68.8028837671639
68.64088631885647
68.47888887054901
68.31689142224158
68.15489397393415
67.99289652562672
67.83089907731929
67.66890162901186
67.5069041807044
67.34490673239696
67.18290928408953
67.0209118357821
66.85891438747467
66.69691693916721
66.53491949085978
66.37292204255235
66.21092459424491
66.04892714593748
65.88692969763002
65.72493224932259
66.49580555147236
67.26667885362212
68.03755215577186
67.89123188822921
67.7449116206866
67.59859135314397
67.45227108560132
67.3059508180587
67.15963055051608
67.01331028297346
66.86699001543082
66.7206697478882
66.57434948034557
66.42802921280293
66.28170894526033
66.91888066972183
67.55605239418321
68.19322411864471
68.83039584310609
69.46756756756758
69.33725562607142
69.20694368457526
69.07663174307913
68.94631980158297
68.81600786008681
68.68569591859068
68.55538397709452
68.42507203559836
68.29476009410223
68.16444815260607
68.03413621110991
67.90382426961378
67.77351232811762
67.64320038662146
67.51288844512533
67.38257650362917
67.252264562133
67.12195262063688
66.99164067914072
66.86132873764456
66.73101679614842
66.60070485465226
66.4703929131561
66.34008097165997
67.54839975032792
68.75671852899572
68.66936276996316
68.58200701093057
68.49465125189798
68.40729549286539
68.3199397338328
68.2325839748002
68.14522821576763