85.54158964879852
85.16915089039358
84.79671213198866
84.42427337358372
84.05183461517879
83.67939585677385
83.30695709836893
82.934518339964
82.56207958155906
82.18964082315414
81.8172020647492
81.44476330634427
81.07232454793933
80.6998857895344
80.32744703112948
79.95500827272454
79.58256951431962
79.21013075591468
78.83769199750975
78.46525323910483
80.64859277231301
82.83193230552119
85.01527183872938
84.69949923068856
84.38372662264774
84.06795401460693
83.75218140656611
83.43640879852529
83.12063619048448
82.80486358244366
82.9845632858483
83.16426298925293
83.34396269265757
83.52366239606222
83.70336209946686
83.8830618028715
84.06276150627615
83.71234353169505
83.36192555711396
83.01150758253287
82.66108960795178
82.31067163337069
81.9602536587896
81.6098356842085
81.25941770962741
80.90899973504632
80.55858176046523
80.20816378588414
79.85774581130305
79.50732783672196
79.15690986214086
78.80649188755977
78.45607391297868
78.10565593839759
77.7552379638165
77.4048199892354
77.05440201465431
76.70398404007322
76.35356606549213
76.00314809091104
75.65273011632995
75.30231214174886
74.95189416716777
75.70675865281999
76.4616231384722
77.21648762412443
77.97135210977663
78.72621659542887
79.48108108108107
87.11904761904762
86.68284832451499
86.24664902998236
85.81044973544974
85.37425044091711
84.93805114638448
84.50185185185185
84.06565255731923
83.6294532627866
83.19325396825397
82.75705467372134
82.32085537918871
81.88465608465609
81.44845679012346
81.01225749559083
80.5760582010582
80.13985890652557
79.70365961199295
79.26746031746032
78.83126102292769
78.39506172839506
79.08823893604801
79.78141614370097
80.47459335135392
81.16777055900687
81.86094776665982
82.55412497431277
83.24730218196572
83.94047938961867
84.63365659727162
85.32683380492458
86.02001101257753
86.71318822023046
86.27815556488648
85.84312290954247
85.40809025419847
84.97305759885447
84.53802494351048
84.10299228816649
83.66795963282249
83.23292697747848
82.79789432213448
82.3628616667905
81.9278290114465
81.4927963561025
81.0577637007585
80.6227310454145
80.18769839007051
79.7526657347265
79.31763307938252
78.88260042403851
78.44756776869451
78.01253511335051
77.57750245800652
77.14246980266253
76.70743714731853
76.27240449197453
75.83737183663052
75.40233918128655
77.2169941639956
79.03164914670467
80.84630412941374
82.66095911212278
84.47561409483183
86.2902690775409
88.10492406024997
89.91957904295901
91.73423402566806
93.54888900837713
95.3635439910862
97.17819897379525
98.99285395650429
100.80750893921336
100.31895097246195
99.83039300571053
99.34183503895912
98.85327707220772
98.3647191054563
97.87616113870489
97.38760317195347
96.89904520520206
96.41048723845064
95.92192927169924
95.43337130494783
94.94481333819641
94.456255371445
93.96769740469358
93.47913943794218
92.99058147119077
92.50202350443935
92.01346553768794
91.52490757093652
91.03634960418512
90.5477916374337
90.05923367068229
89.57067570393087
89.08211773717946
88.59355977042806
88.10500180367664
87.61644383692523
87.12788587017381
86.6393279034224
86.150769936671
85.66221196991958
85.17365400316817
84.68509603641675
84.19653806966534
83.70798010291394
83.21942213616252
82.7308641694111
82.24230620265969
81.75374823590828
81.26519026915688
80.77663230240546
83.80544719977706
86.83426209714867
89.86307699452027
92.89189189189189
92.47880786630786
92.06572384072383
91.6526398151398
91.23955578955578
90.82647176397175
90.41338773838773
90.0003037128037
89.58721968721969
89.17413566163566
88.76105163605163
88.3479676104676
87.93488358488358
87.52179955929955
87.10871553371553
86.6956315081315
86.28254748254747
85.86946345696344
85.45637943137942
85.0432954057954
84.63021138021138
84.21712735462735
83.80404332904332
83.3909593034593
82.97787527787527
82.56479125229124
82.15170722670722
81.73862320112319
81.32553917553916
80.91245514995514
80.49937112437111
80.0862870987871
79.67320307320307
79.26011904761904
79.34103253968253
79.42194603174602
79.5028595238095
79.58377301587299
79.66468650793648
79.74559999999997
82.54881572708871
85.35203145417745
88.15524718126628
87.7390700522624
87.32289292325855
86.90671579425468
86.49053866525082
86.07436153624695
85.65818440724308
85.24200727823923
84.82583014923536
84.4096530202315
83.99347589122763
83.57729876222376
83.1611216332199
82.74494450421604
82.32876737521218
81.91259024620831
81.49641311720444
81.08023598820057
83.74085384288003
86.40147169755937
89.06208955223877
88.67881886210874
88.29554817197871
87.91227748184868
87.52900679171864
87.14573610158861
86.76246541145858
86.37919472132855
85.99592403119851
85.61265334106848
85.22938265093845
84.84611196080841
84.46284127067838
84.07957058054835
83.69629989041832
83.31302920028828
82.92975851015825
82.54648782002822
82.16321712989819
81.77994643976815
81.39667574963812
81.01340505950809
80.63013436937807
80.24686367924804
79.863592989118
79.48032229898797
79.09705160885794
78.71378091872793
81.6232494006299
84.53271788253176
87.44218636443372
90.35165484633569
89.92537000820539
89.49908517007509
89.07280033194479
88.64651549381449
88.22023065568419
87.79394581755389
87.36766097942359
86.94137614129329
86.51509130316299
86.08880646503269
85.66252162690239
85.23623678877209
84.80995195064179
84.38366711251149
83.95738227438119
83.53109743625089
83.10481259812059
82.67852775999029
82.25224292185999
81.82595808372969
81.39967324559939
80.97338840746909
80.54710356933879
83.48540117691334
86.4236987844879
89.36199639206252
88.96210477984953
88.56221316763654
88.16232155542356
87.76242994321058
87.36253833099758
86.9626467187846
86.56275510657161
86.16286349435862
85.76297188214564
85.36308026993265
84.96318865771966
84.56329704550667
84.16340543329369
83.76351382108069
83.36362220886772
82.96373059665473
82.56383898444173
82.16394737222876
81.76405576001576
81.36416414780277
80.9642725355898
80.5643809233768
80.16448931116383
81.98257749265747
83.8006656741511
85.61875385564471
85.2194188039189
84.82008375219309
84.42074870046727
84.02141364874146
83.62207859701562
83.2227435452898
82.82340849356399
82.42407344183817
82.02473839011236
81.62540333838655
81.22606828666073
80.82673323493492
80.4273981832091
80.0280631314833
79.62872807975745
79.22939302803164
78.83005797630582
78.43072292458001
78.0313878728542
77.63205282112858
80.68943094479187
83.74680906845515
86.80418719211823
86.43175311346386
86.05931903480948
85.6868849561551
85.31445087750072
84.94201679884634
84.56958272019196
84.19714864153758
83.8247145628832
83.45228048422882
83.07984640557444
82.70741232692006
82.33497824826568
81.96254416961129
82.17234061209743
82.38213705458355
82.59193349706968
82.80172993955581
83.01152638204194
83.22132282452806
83.4311192670142
83.64091570950032
83.85071215198644
84.06050859447257
84.2703050369587
84.48010147944483
84.68989792193095
84.89969436441709
85.10949080690321
85.31928724938933
85.52908369187547
85.7388801343616
85.94867657684772
86.15847301933384
86.36826946181998
86.5780659043061
86.78786234679222
86.99765878927836
87.20745523176448
87.41725167425061
87.62704811673674
87.83684455922287
88.04664100170899
88.25643744419511
88.46623388668125
88.67603032916738
88.88582677165351
88.52062492209978
88.15542307254606
87.79022122299233
87.4250193734386
87.05981752388487
86.69461567433115
86.32941382477742
85.96421197522369
87.0040654470713
88.04391891891893
87.6181061143736
87.19229330982827
86.76648050528294
86.34066770073758
85.91485489619225
85.48904209164692
85.06322928710159
84.63741648255626
84.21160367801093
83.7857908734656
83.35997806892024
82.93416526437491
82.50835245982958
82.08253965528425
81.65672685073892
81.23091404619359
80.80510124164826
80.3792884371029
80.91735156705144
81.45541469699995
81.99347782694846
82.53154095689698
83.06960408684552
82.64485434408309
82.22010460132063
81.79535485855817
81.37060511579574
80.94585537303328
80.52110563027082
80.0963558875084
79.67160614474594
79.24685640198351
78.82210665922105
78.39735691645859
77.97260717369616
77.5478574309337
77.12310768817125
76.69835794540882
76.27360820264636
75.8488584598839
75.42410871712147
74.99935897435898
77.44659206943493
79.89382516451087
82.34105825958682
84.78829135466307
84.44783677750064
84.10738220033824
83.7669276231758
83.4264730460134
83.08601846885097
82.74556389168856
82.40510931452616
82.06465473736372
81.72420016020132
81.38374558303887
81.44054428363863
81.49734298423839
81.55414168483816
81.61094038543791
81.66773908603767
81.72453778663743
81.7813364872372
81.83813518783695
81.89493388843673
81.95173258903648
82.00853128963624
82.065329990236
82.12212869083575
82.17892739143552
82.23572609203528
82.29252479263505
82.3493234932348
83.56377864799049
84.77823380274617
85.99268895750174
87.20714411225742
88.42159926701311
89.6360544217687
89.50146567101417
89.36687692025963
89.23228816950508
89.09769941875055
88.963110667996
89.0152436799238
89.06737669185158
89.11950970377937
89.11550708593029
89.11150446808121
89.10750185023213
89.10349923238306
89.09949661453398
89.0954939966849
89.09149137883581
89.08748876098673
89.08348614313766
89.07948352528858
89.0754809074395
89.07147828959042
89.06747567174133
89.06347305389227
88.49727886985664
87.93108468582096
87.36489050178534
86.79869631774972
86.23250213371404
85.66630794967841
85.10011376564277
85.14286820779833
85.18562264995388
85.22837709210944
85.27113153426501
85.31388597642055
85.35664041857612
85.39939486073168
85.44214930288723
85.48490374504279
85.52765818719834
85.57041262935391
85.61316707150947
85.65592151366502
85.29155298984222
84.92718446601941
85.28569895045987
85.64421343490034
86.0027279193408
86.3612424037812
85.98259936520182
85.60395632662244
85.22531328804305
84.84667024946367
84.46802721088432
84.91830275237112
85.36857829385792
85.8188538353447
86.2691293768315
86.7194049183183
87.16968045980511
87.61995600129191
88.07023154277869
88.52050708426549
88.46416821484274
88.40782934542
88.35149047599727
88.29515160657452
88.23881273715178
88.18247386772903
88.12613499830628
88.06979612888354
88.0134572594608
87.95711839003805
87.9007795206153
87.84444065119256
87.78810178176981
87.73176291234708
87.67542404292433
87.61908517350155
87.97505264941175
88.33102012532196
88.68698760123216
89.04295507714237
89.39892255305257
89.75489002896278
90.11085750487298
90.46682498078319
90.82279245669339
91.1787599326036
91.53472740851382
91.5151557574278
91.4955841063418
91.4760124552558
91.4564408041698
91.42729109823537
91.39814139230096
91.36899168636653
91.33984198043211
91.31069227449768
91.28154256856325
91.25239286262884
91.22324315669441
91.19409345076
91.16494374482556
91.13579403889113
91.10664433295672
91.07749462702229
91.04834492108787
91.01919521515345
90.99004550921902
90.9608958032846
90.93174609735017
90.90259639141576
90.87344668548133
90.8442969795469
90.81514727361248
90.78599756767805
90.75684786174364
90.72769815580921
90.69854844987478
90.66939874394035
90.64024903800593
90.6110993320715
90.58194962613709
90.55279992020266
90.52365021426823
90.49450050833381
90.46535080239939
90.43620109646497
90.40705139053054
90.37790168459611
90.3487519786617
90.31960227272727
90.35085714285714
89.82533480073243
89.29981245860768
88.77429011648292
88.24876777435816
87.72324543223345
87.1977230901087
86.67220074798394
86.14667840585918
85.62115606373447
85.09563372160972
84.57011137948496
84.0445890373602
83.5190666952355
82.99354435311074
82.46802201098598
81.94249966886122
81.41697732673651
80.89145498461176
80.365932642487
82.6070402974924
84.84814795249781
87.08925560750322
89.33036326250851
88.89382626315495
88.45728926380139
88.02075226444788
87.58421526509431
87.14767826574075
86.71114126638719
86.27460426703372
86.47919302263956
86.6837817782454
86.88837053385127
87.09295928945711
87.29754804506291
86.8394651446161
86.38138224416934
85.92329934372259
85.46521644327578
85.00713354282902
84.54905064238221
84.0909677419354
85.84429260690422
87.59761747187292
87.13224059271096
86.66686371354899
86.20148683438708
85.73610995522512
85.27073307606315
84.80535619690119
84.33997931773922
83.87460243857731
83.40922555941535
82.94384868025338
82.47847180109147
85.29985218159868
88.12123256210589
90.94261294261293
90.42908899540942
89.91556504820596
89.40204110100251
88.888517153799
88.37499320659555
87.86146925939204
87.34794531218859
86.83442136498525
88.62398612269249
90.4135508803995
92.20311563810668
91.7087298008716
91.21434396363651
90.71995812640148
90.2255722891664
89.73118645193131
89.23680061469622
88.74241477746114
88.24802894022605
87.75364310299096
87.25925726575588
86.76487142852079
86.2704855912857
85.77609975405062
85.28171391681553
84.78732807958045
84.29294224234536
83.79855640511028
83.30417056787525
82.80978473064016
82.31539889340507
81.82101305616999
81.32662721893485
83.53496540963829
85.7433036003415
87.95164179104478
87.50812505717977
87.06460832331476
86.6210915894498
86.1775748555848
85.73405812171978
85.29054138785483
84.84702465398982
84.40350792012481
83.9599911862598
83.51647445239485
83.07295771852984
82.62944098466483
82.18592425079987
81.74240751693486
81.29889078306985
80.85537404920484
80.41185731533989
79.96834058147488
79.52482384760987
79.08130711374491
78.6377903798799
78.19427364601489
77.75075691214988
77.30724017828493
76.86372344441992
76.42020671055491
75.97668997669007
77.63404739570547
79.29140481472086
80.94876223373632
80.59618706946179
80.24361190518732
79.8910367409128
79.53846157663833
79.1858864123638
78.83331124808927
78.4807360838148
78.12816091954028
79.73253330157036
81.33690568360043
82.9412780656304
82.54876130624802
82.15624454686565
81.76372778748328
81.3712110281009
80.97869426871853
80.58617750933615
80.19366074995378
79.8011439905714
79.40862723118903
79.01611047180677
80.57272694300013
82.1293434141935
83.68595988538681
83.28761926847903
82.8892786515712
82.49093803466337
82.09259741775554
81.69425680084771
81.29591618393988
80.8975755670321
80.49923495012428
80.10089433321644
79.70255371630861
79.30421309940078
78.90587248249301
78.50753186558516
78.72572125876543
78.9439106519457
79.16210004512594
79.3802894383062
79.59847883148647
79.81666822466674
80.03485761784701
80.25304701102726
79.82544639883866
79.39784578665007
78.97024517446147
78.54264456227287
78.11504395008427
77.68744333789573
77.25984272570713
76.83224211351853
76.40464150132993
75.97704088914134
75.54944027695274
75.12183966476414
74.69423905257554
74.26663844038694
73.83903782819834
73.41143721600974
72.98383660382115
72.55623599163255
72.12863537944395
71.70103476725535
71.27343415506675
70.84583354287815
70.41823293068956
69.99063231850096
73.00880640035257
76.02698048220435
75.67861281974757
75.33024515729073
74.98187749483395
74.63350983237711
74.28514216992033
73.9367745074635
73.58840684500672
73.24003918254988
72.89167152009304
76.84269123978129
80.79371095946908
84.74473067915682
84.31618729430664
83.88764390945647
83.4591005246063
83.03055713975607
82.6020137549059
82.17347037005572
81.7449269852055
81.31638360035532
80.88784021550515
80.45929683065498
80.03075344580475
79.60221006095458
79.1736666761044
78.74512329125423
78.316579906404
77.88803652155383
77.45949313670366
77.03094975185343
76.60240636700325
76.1738629821532
78.03388422195917
79.89390546176492
81.75392670157072
81.32318510896579
80.89244351636086
80.46170192375598
80.03096033115105
79.60021873854612
79.16947714594119
78.73873555333626
78.30799396073138
77.87725236812645
77.44651077552152
77.01576918291659
76.58502759031171
76.15428599770678
75.72354440510185
75.29280281249692
74.86206121989198
74.43131962728711
74.00057803468212
75.49884975424379
76.99712147380541
76.68153109371309
76.36594071362077
76.05035033352846
75.7347599534362
75.41916957334388
75.10357919325156
74.78798881315925
74.47239843306693
74.15680805297461
73.8412176728823
73.52562729278998
73.21003691269766
72.89444653260534
72.5788561525128
74.69088494458697
76.80291373666137
78.91494252873565
78.56687117220008
78.21879981566451
77.87072845912894
77.52265710259337
77.1745857460578
76.82651438952223
76.47844303298666
76.13037167645109
75.78230031991558
75.43422896338001
75.08615760684444
74.73808625030887
74.3900148937733
74.04194353723773
73.69387218070216
73.34580082416659
72.99772946763102
72.64965811109545
72.30158675455993
71.95351539802436
74.03381970624719
76.11412401447001
78.19442832269306
77.83745166546771
77.48047500824237
77.12349835101702
76.76652169379167
76.40954503656633
76.05256837934098
75.69559172211564
75.33861506489029
74.98163840766495
74.6246617504396
74.26768509321425
73.91070843598891
73.5537317787635
73.19675512153816
72.83977846431281
72.48280180708747
72.12582514986212
71.76884849263678
71.41187183541143
71.05489517818609
70.69791852096074
70.3409418637354
69.98396520651005
69.6269885492847
69.27001189205936
68.91303523483401
68.55605857760867
68.19908192038332
67.84210526315792
70.8872550543515
73.93240484554553
76.97755463673951
76.5924580822462
76.20736152775294
75.82226497325968
75.43716841876636
75.0520718642731
74.66697530977984
74.28187875528653
73.89678220079327
73.51168564629995
73.1265890918067
72.74149253731343
74.80251796240896
76.86354338750425
78.92456881259955
80.98559423769507
80.62802650712638
80.27045877655769
79.91289104598894
79.55532331542025
79.1977555848515
78.84018785428282
78.48262012371407
78.12505239314538
77.76748466257663
78.4360501417242
79.10461562087187
79.77318110001954
80.44174657916722
81.11031205831489
81.77887753746256
82.44744301661024
83.1160084957578
83.78457397490547
84.45313945405314
85.12170493320082
85.79027041234849
86.45883589149616
87.12740137064372
87.7959668497914
88.46453232893913
88.45690456252673
88.44927679611433
88.44164902970194
88.43402126328954
88.88835019550771
89.34267912772589
89.05070691052413
88.75873469332237
88.46676247612055
88.17479025891879
87.88281804171697
87.59084582451521
87.29887360731345
87.00690139011164
86.71492917290988
86.42295695570806
87.56466642830856
88.70637590090882
89.8480853735091
89.35334908300166
88.85861279249417
88.36387650198668
87.86914021147919
87.3744039209717
86.87966763046427
86.38493133995678
85.89019504944929
85.3954587589418
84.90072246843437
84.40598617792688
83.91124988741939
83.4165135969119
82.92177730640446
82.42704101589698
81.93230472538949
81.437568434882
80.94283214437456
80.44809585386707
79.95335956335958
79.4586232728521
78.9638869823446
78.46915069183717
77.97441440132968
77.47967811082219
76.9849418203147
76.49020552980727
75.99546923929978
75.50073294879229
75.0059966582848
74.51126036777737
74.01652407726988
73.52178778676239
73.0270514962549
72.53231520574741
72.03757891523992
71.54284262473243
71.04810633422505
70.55337004371756
70.05863375321007
69.56389746270258
69.0691611721951
68.5744248816876
68.07968859118012
67.58495230067263
67.09021601016525
68.63522116079957
70.1802263114339
71.72523146206822
73.27023661270238
72.95704349746751
72.6438503822327
72.33065726699789
72.01746415176308
71.70427103652821
71.3910779212934
71.07788480605859
70.76469169082372
70.45149857558891
70.1383054603541
69.82511234511924
69.51191922988443
69.19872611464939
70.65449718864738
72.11026826264538
73.56603933664314
75.02181041064114
76.47758148463913
77.9333525586369
79.38912363263489
80.84489470663289
82.30066578063065
83.75643685462865
85.21220792862664
86.66797900262469
86.52832714758313
86.38867529254159
86.2490234375
86.3538903037812
86.4587571700624
86.5636240363436
86.6684909026248
86.77335776890601
86.87822463518721
86.98309150146841
87.08795836774961
87.1928252340308
87.29769210031202
87.40255896659322
87.50742583287442
87.61229269915562
87.71715956543682
87.82202643171803
87.45949806434385
87.0969696969697
87.1425450153711
87.18812033377247
87.23369565217376
86.70021763254385
86.16673961291383
85.6332615932838
85.09978357365378
84.56630555402376
84.03282753439373
83.49934951476371
82.96587149513368
82.43239347550366
81.89891545587363
81.36543743624361
80.8319594166137
80.99363232082084
81.15530522502797
81.31697812923508
81.47865103344222
81.64032393764936
81.80199684185649
81.96366974606363
82.12534265027074
82.28701555447788
82.44868845868501
82.61036136289215
82.77203426709929
82.9337071713064
83.09538007551353
83.25705297972067
83.4187258839278
83.58039878813494
83.74207169234205
83.90374459654919
84.06541750075633
84.22709040496346
84.3887633091706
84.55043621337771
84.71210911758484
84.87378202179198
85.03545492599912
85.19712783020626
85.35880073441336
85.5204736386205
85.68214654282758
85.33780656056479
84.99346657830199
84.64912659603925
84.30478661377646
83.96044663151366
83.61610664925087
83.27176666698807
82.92742668472533
82.58308670246254
82.23874672019974
81.89440673793695
81.55006675567424
81.71258183517926
81.87509691468429
82.03761199418929
82.20012707369432
82.36264215319935
82.52515723270432
82.15156315513616
81.77796907756806
81.40437499999996
82.17807979805889
82.9517845961177
82.58723970941026
82.22269482270275
81.85814993599524
81.49360504928774
81.12906016258023
80.76451527587272
80.39997038916522
80.03542550245777
79.67088061575026
79.30633572904276
78.94179084233525
78.57724595562775
78.21270106892024
77.84815618221319
80.11183896996044
82.3755217577077
84.63920454545462
84.15892743360655
83.6786503217586
83.19837320991053
82.71809609806246
82.2378189862145
81.75754187436644
81.27726476251837
80.79698765067042
80.31671053882235
79.83643342697428
79.35615631512633
78.87587920327826
78.39560209143019
77.91532497958224
77.43504786773417
76.9547707558861
78.51045996104949
80.06614916621265
81.62183837137582
81.22536182143972
80.82888527150362
80.43240872156753
80.03593217163143
79.63945562169533
79.24297907175924
78.84650252182308
78.45002597188699
78.05354942195089
77.65707287201485
79.54708599957712
81.43709912713894
83.3271122547012
85.21712538226299
85.18221094410836
85.14729650595372
85.11238206779908
85.07746762964445
85.04255319148933
88.19328540952074
91.34401762755215
94.49474984558378
93.97042676891908
93.44610369225438
92.92178061558968
92.39745753892498
91.87313446226028
91.34881138559558
90.82448830893088
90.30016523226618
89.77584215560148
89.25151907893678
88.72719600227208
88.20287292560738
87.67854984894262
88.04689094645738
88.41523204397208
88.78357314148684
88.20075723487037
87.61794132825389
87.03512542163742
86.45230951502094
85.86949360840447
85.286677701788
84.70386179517152
84.12104588855505
83.53822998193851
83.81645051004739
84.0946710381562
84.37289156626514
83.8726016495068
83.37231173274847
82.87202181599014
82.37173189923192
81.87144198247358
81.37115206571525
80.87086214895692
80.37057223219858
79.87028231544036
79.36999239868203
78.8697024819237
78.36941256516536
77.86912264840703
77.3688327316487
77.83265483780121
78.29647694395373
78.76029905010625
79.22412115625878
79.6879432624113
79.29802604930472
78.90810883619815
78.51819162309158
78.12827440998501
77.7383571968785
77.34843998377193
76.95852277066535
76.56860555755878
76.17868834445221
75.78877113134564
75.39885391823907
75.0089367051325
74.61901949202638
76.55486807562829
78.4907166592302
80.42656524283211
80.03267175830558
79.63877827377911
79.24488478925258
78.85099130472611
78.45709782019964
78.0632043356731
77.66931085114663
77.2754173666201
76.88152388209363
76.48763039756716
76.09373691304063
75.6998434285141
75.30594994398768
74.91205645946116
74.51816297493463
74.12426949040821
73.73037600588168
73.33648252135515
72.94258903682874
72.5486955523022
72.15480206777568
71.76090858324926
71.36701509872228
73.8419947401444
76.31697438156607
78.79195402298865
78.38712643678173
77.98229885057481
77.577471264368
77.17264367816108
76.76781609195416
76.36298850574724
75.95816091954032
75.55333333333351
75.14850574712659
74.74367816091944
77.70583336587652
80.66798857083313
83.6301437757902
86.5922989807475
86.160924599199
85.72955021765063
85.29817583610213
84.86680145455364
84.43542707300514
84.00405269145676
83.57267830990827
83.14130392835978
82.70992954681128
82.2785551652629
81.8471807837144
81.41580640216591
80.98443202061753
80.55305763906904
80.12168325752054
79.69030887597205
79.25893449442367
78.82756011287518
78.39618573132668
77.9648113497783
77.53343696822981
77.10206258668131
76.67068820513282
76.23931382358444
75.80793944203594
75.37656506048745
74.94519067893896
74.51381629739058
74.08244191584208
73.65106753429359
73.21969315274521
72.78831877119671
72.35694438964822
71.92557000809973
71.49419562655135
71.06282124500285
73.42142066647284
75.78002008794238
78.13861950941248
77.7454314629473
77.352243416482
76.95905537001681
76.56586732355152
76.17267927708633
75.77949123062103
75.38630318415585
74.99311513769067
74.59992709122537
74.20673904476018
73.81355099829489
73.4203629518297
73.0271749053644
72.63398685889922
72.24079881243404
71.84761076596874
71.45442271950355
71.06123467303826
70.66804662657307
70.27485858010778
69.88167053364305
72.46477566092653
75.04788078821002
77.63098591549283
77.2107104284878
76.79043494148266
76.37015945447763
75.94988396747249
75.52960848046746
75.10933299346232
74.68905750645717
74.26878201945215
73.848506532447
73.42823104544198
73.00795555843683
72.5876800714318
72.16740458442666
71.74712909742152
71.32685361041649
70.90657812341135
70.48630263640632
70.06602714940118
69.64575166239615
69.22547617539101
68.80520068838587
68.38492520138107
70.42659127973093
72.46825735808079
74.5099234364302
76.55158951477972
76.16799146093626
75.78439340709281
75.40079535324935
75.0171972994059
74.63359924556244
74.25000119171898
73.86640313787552
73.48280508403207
73.09920703018861
72.71560897634515
72.3320109225017
71.94841286865824
71.56481481481478
72.2703601214497
72.97590542808462
73.68145073471953
74.38699604135434
75.09254134798925
75.79808665462417
76.50363196125909
76.07921201279248
75.65479206432587
75.23037211585927
74.80595216739255
74.38153221892594
73.95711227045933
73.53269232199273
73.10827237352612
72.6838524250594
72.25943247659279
71.83501252812619
71.41059257965958
70.98617263119297
70.56175268272625
70.13733273425964
69.71291278579304
69.28849283732643
68.86407288885971
68.4396529403931
68.0152329919265
67.59081304345989
67.16639309499328
66.74197314652656
69.30912380819109
71.87627446985562
74.44342513152014
77.01057579318456
76.63232935626172
76.25408291933877
75.87583648241593
75.4975900454931
75.11934360857015
74.74109717164731
74.36285073472447
73.98460429780152
73.60635786087869
73.22811142395585
72.8498649870329
72.47161855011007
72.09337211318723
71.71512567626428
71.33687923934144
70.9586328024186
70.58038636549566
70.20213992857282
69.82389349164998
69.44564705472703
69.0674006178042
68.68915418088136
68.31090774395841
67.93266130703557
67.55441487011274
67.17616843318979
66.79792199626695
66.41967555934411
66.04142912242116
65.66318268549833
65.28493624857549
64.90668981165254
64.5284433747297
64.15019693780687
63.77195050088392
63.80117647058823