100.36641929499072
100.75282618544246
101.1392330758942
101.52563996634595
101.91204685679769
102.29845374724943
102.68486063770116
103.0712675281529
103.45767441860464
100.93937535008195
98.42107628155924
95.90277721303653
93.38447814451382
93.82937060609135
94.27426306766887
94.7191555292464
95.16404799082392
95.60894045240144
96.05383291397895
96.49872537555648
96.943617837134
97.38851029871152
97.83340276028905
98.27829522186657
98.7231876834441
99.1680801450216
99.61297260659913
100.05786506817665
100.50275752975418
100.9476499913317
101.39254245290923
101.83743491448675
102.28232737606427
102.72721983764178
103.17211229921931
103.61700476079683
104.06189722237436
104.50678968395188
104.9516821455294
105.39657460710691
105.84146706868444
106.28635953026193
103.5286914214171
100.77102331257227
98.01335520372744
95.2556870948826
92.49801898603778
89.74035087719298
90.07287810422051
90.40540533124803
90.73793255827556
91.07045978530307
91.4029870123306
91.73551423935811
92.06804146638564
92.40056869341316
92.73309592044069
93.06562314746822
93.39815037449573
93.73067760152325
94.06320482855077
94.39573205557829
94.72825928260582
95.06078650963335
95.39331373666087
95.72584096368838
96.05836819071591
96.39089541774342
96.72342264477089
92.70497201872678
88.68652139268266
84.66807076663858
85.10066335864904
85.53325595065951
85.96584854266996
86.39844113468043
86.83103372669089
87.26362631870134
87.6962189107118
88.12881150272227
88.56140409473274
88.9939966867432
89.42658927875365
89.85918187076412
90.29177446277458
90.72436705478503
91.1569596467955
91.58955223880596
91.46827687289692
91.34700150698788
91.22572614107884
91.6249973105886
92.02426848009836
92.4235396496081
92.82281081911788
93.22208198862762
93.6213531581374
94.02062432764714
94.4198954971569
94.81916666666666
93.64943611345127
92.47970556023589
91.3099750070205
90.14024445380511
88.97051390058972
89.22061462339087
89.47071534619204
89.72081606899319
89.97091679179434
90.2210175145955
90.15378606822212
90.08655462184873
90.2827567811044
90.47895894036006
90.67516109961572
90.87136325887138
91.06756541812705
91.26376757738271
91.45996973663837
91.65617189589403
91.8523740551497
92.04857621440536
91.54780296140382
91.04702970840226
90.54625645540071
90.04548320239917
89.54470994939763
89.04393669639607
88.54316344339452
88.04239019039298
87.54161693739142
87.04084368438988
86.54007043138833
86.03929717838679
85.53852392538525
85.91074061137166
86.28295729735808
86.6551739833445
87.02739066933091
87.39960735531733
87.77182404130374
88.14404072729018
88.5162574132766
88.88847409926302
89.26069078524944
89.63290747123585
90.00512415722227
90.37734084320869
90.7495575291951
91.12177421518153
91.49399090116796
91.86620758715438
92.2384242731408
92.61064095912721
92.98285764511363
93.35507433110004
93.72729101708646
94.09950770307289
94.47172438905932
94.84394107504573
95.21615776103215
95.58837444701857
95.96059113300493
93.37098098416232
90.78137083531965
88.19176068647704
85.60215053763442
86.11442093690505
86.62669133617568
87.13896173544633
87.65123213471696
88.16350253398761
88.67577293325824
89.18804333252888
89.70031373179953
90.21258413107016
90.72485453034085
88.3759035247702
86.02695251919954
83.67800151362889
81.32905050805823
78.98009950248756
79.34180460209276
79.70350970169795
80.06521480130314
80.42691990090835
80.18069991769414
79.93447993447994
80.24025974025977
79.45053255325536
78.66080536625094
77.87107817924652
77.08135099224211
76.29162380523769
75.50189661823327
74.71216943122886
73.9224422442244
74.78343297292692
75.6444237016294
76.5054144303319
77.36640515903441
78.2273958877369
79.0883866164394
79.94937734514191
80.8103680738444
81.67135880254689
82.53234953124941
83.3933402599519
84.25433098865439
85.1153217173569
85.9763124460594
86.83730317476191
87.6982939034644
88.5592846321669
89.42027536086941
90.2812660895719
91.14225681827439
92.00324754697691
92.8642382756794
93.72522900438189
94.5862197330844
95.4472104617869
96.30820119048938
97.16919191919192
96.21508814004585
95.26098436089976
94.30688058175369
93.3527768026076
92.3986730234615
91.44456924431543
90.49046546516934
89.53636168602327
88.58225790687717
87.62815412773108
86.67405034858501
85.71994656943892
84.76584279029285
83.81173901114676
82.85763523200066
81.9035314528546
80.9494276737085
79.9953238945624
79.04122011541632
79.67843965752017
80.31565919962405
80.95287874172793
81.59009828383178
82.22731782593566
82.86453736803954
83.50175691014338
84.13897645224726
84.77619599435111
85.41341553645499
86.05063507855887
86.68785462066272
87.3250741627666
87.96229370487048
88.59951324697433
89.2367327890782
89.87395233118208
90.51117187328593
91.14839141538981
91.78561095749366
92.42283049959754
93.0600500417014
91.5454674248574
90.03088480801335
90.52201724171545
91.01314967541757
91.50428210911969
91.99541454282178
92.4865469765239
92.97767941022602
93.46881184392811
93.95994427763023
94.45107671133235
94.94220914503447
95.43334157873656
95.92447401243868
96.4156064461408
96.25799207317117
96.10037770020153
95.94276332723192
95.78514895426228
95.62753458129265
95.46992020832303
95.3123058353534
95.15469146238377
95.4001037684169
95.64551607445003
92.88453366492911
90.1235512554083
87.36256884588738
84.60158643636646
81.84060402684564
82.32340167887857
82.8061993309115
83.2889969829444
83.77179463497733
84.25459228701025
84.73738993904315
85.22018759107608
85.70298524310901
86.18578289514194
86.66858054717484
87.15137819920777
87.6341758512407
88.11697350327363
88.59977115530653
89.08256880733946
88.91741982893811
88.75227085053675
89.1935169899597
89.63476312938266
90.07600926880562
90.5172554082286
90.95850154765157
91.39974768707452
91.84099382649748
92.28223996592044
92.7234861053434
93.16473224476636
93.60597838418931
94.04722452361229
93.67334516575211
93.29946580789192
92.92558645003174
92.55170709217155
92.17782773431138
91.8039483764512
91.43006901859101
91.05618966073084
90.68231030287065
90.30843094501047
89.9345515871503
89.5606722292901
89.18679287142993
88.81291351356974
88.43903415570956
88.06515479784939
87.6912754399892
87.31739608212902
86.94351672426885
86.56963736640864
86.19575800854847
85.82187865068829
85.44799929282811
85.07411993496794
84.70024057710773
84.32636121924756
83.95248186138738
83.57860250352721
83.20472314566703
82.83084378780683
82.45696442994665
82.08308507208648
81.7092057142263
81.33532635636612
80.96144699850592
80.58756764064574
80.21368828278557
79.83980892492539
79.46592956706522
79.092050209205
79.347755922991
79.60346163677701
79.85916735056301
80.11487306434903
80.37057877813504
78.82003257328992
79.37794176098305
79.93585094867618
80.4937601363693
81.05166932406243
81.60957851175556
82.16748769944869
82.72539688714181
83.28330607483497
83.8412152625281
84.39912445022122
84.95703363791435
85.51494282560748
86.0728520133006
86.63076120099373
87.18867038868686
87.74657957637999
88.30448876407311
88.86239795176624
89.42030713945937
89.9782163271525
90.53612551484565
91.09403470253878
91.6519438902319
92.20985307792503
92.76776226561816
93.32567145331129
93.88358064100441
94.44148982869754
94.99939901639067
95.5573082040838
96.11521739177692
96.67312657947005
97.23103576716318
97.78894495485633
98.34685414254946
98.90476333024259
99.46267251793572
100.02058170562884
100.57849089332194
96.28453065204508
91.99057041076844
87.69661016949149
88.23369703985287
88.77078391021422
89.3078707805756
89.84495765093698
90.38204452129835
90.91913139165973
91.45621826202111
91.99330513238246
92.53039200274384
93.06747887310522
93.6045657434666
94.141652613828
90.7728367981415
87.40402098245477
84.03520516676804
80.66638935108156
81.23611155320845
81.80583375533533
82.37555595746221
82.9452781595891
83.515000361716
84.08472256384289
84.65444476596977
85.22416696809665
85.79388917022357
86.36361137235045
86.93333357447733
87.50305577660421
88.0727779787311
88.64250018085801
89.21222238298489
89.78194458511177
90.35166678723866
90.92138898936557
91.49111119149245
92.06083339361933
92.63055559574622
93.2002777978731
93.76999999999998
90.92685714285722
88.08371428571445
85.24057142857146
82.39742857142869
79.55428571428567
80.11078245243951
80.66727919059335
81.22377592874719
81.78027266690103
82.33676940505487
82.8932661432087
83.44976288136249
84.00625961951633
84.5627563576702
81.87999830870535
79.19724025974028
79.72901531947588
80.26079037921144
80.79256543894704
81.3243404986826
81.8561155584182
82.38789061815376
82.91966567788936
83.45144073762495
83.98321579736051
84.51499085709611
85.04676591683167
85.57854097656727
86.11031603630286
86.64209109603843
87.173866155774
87.70564121550959
88.23741627524518
88.76919133498077
89.30096639471631
89.8327414544519
90.3645165141875
90.8962915739231
91.42806663365869
91.95984169339422
92.49161675312982
93.0233918128655
90.98045400858473
88.93751620430385
86.89457840002308
84.85164059574231
82.80870279146143
83.34418941888174
83.87967604630205
84.41516267372242
84.95064930114273
85.48613592856304
86.02162255598341
86.55710918340372
87.0925958108241
87.6280824382444
88.16356906566472
88.69905569308509
89.2345423205054
89.77002894792577
90.30551557534608
90.84100220276639
91.37648883018676
91.91197545760707
92.44746208502744
92.98294871244775
93.51843533986806
94.05392196728843
94.58940859470874
95.12489522212923
93.50490122446706
91.8849072268049
90.26491322914262
88.64491923148046
87.0249252338183
85.40493123615602
83.78493723849377
84.26640987292868
84.74788250736358
85.22935514179846
85.71082777623337
86.19230041066828
86.67377304510319
87.15524567953804
87.63671831397295
88.11819094840786
88.59966358284274
88.1951916838805
87.79071978491825
87.38624788595601
86.98177598699377
86.57730408803152
86.17283218906925
85.76836029010701
85.36388839114477
84.95941649218253
84.55494459322028
84.15047269425804
83.7460007952958
83.34152889633356
82.93705699737131
82.53258509840907
82.12811319944683
81.72364130048459
81.31916940152232
80.91469750256007
80.51022560359783
80.10575370463559
79.70128180567335
79.2968099067111
78.89233800774886
78.48786610878665
79.2446832159215
80.00150032305635
80.7583174301912
81.5151345373261
82.27195164446096
83.0287687515958
83.78558585873066
84.5424029658655
85.29922007300036
86.0560371801352
86.81285428727006
87.56967139440496
88.32648850153981
89.08330560867466
89.84012271580951
90.59693982294436
91.35375693007921
92.11057403721406
92.86739114434897
93.62420825148382
94.38102535861867
95.13784246575347
93.85137330135262
92.56490413695178
91.27843497255094
89.9919658081501
88.70549664374926
87.41902747934841
86.13255831494757
84.84608915054667
85.28400818046191
85.72192721037715
86.15984624029238
86.59776527020762
87.03568430012291
87.47360333003815
87.91152235995338
88.34944138986862
88.78736041978385
89.22527944969897
87.09965514849296
84.97403084728694
82.84840654608098
83.3361240228935
83.82384149970608
84.31155897651865
84.79927645333117
85.2869939301437
85.77471140695627
86.26242888376885
86.75014636058137
87.23786383739389
87.72558131420647
88.21329879101904
86.31242887362623
84.4115589562332
82.51068903884016
80.60981912144695
81.11990815874708
81.62999719604721
82.14008623334735
82.65017527064748
83.16026430794761
83.67035334524775
84.18044238254782
84.69053141984796
85.20062045714809
85.71070949444822
86.22079853174836
86.73088756904849
87.24097660634862
87.75106564364876
87.65914311320961
87.56722058277045
87.47529805233128
87.38337552189213
87.29145299145299
87.75586265269484
88.2202723139367
88.68468197517856
89.14909163642042
89.61350129766222
90.07791095890411
89.92537217016691
89.7728333814297
89.6202945926925
89.4677558039553
89.94034676749641
90.41293773103746
90.88552869457857
91.35811965811966
91.25715778512534
91.15619591213101
91.05523403913668
90.95427216614236
90.85331029314804
90.75234842015371
90.84861445202804
90.94488048390238
91.04114651577673
91.13741254765107
91.2336785795254
91.32994461139974
91.42621064327409
91.52247667514848
91.03229620571602
90.54211573628356
90.05193526685116
89.5617547974187
89.07157432798624
88.58139385855384
88.09121338912134
88.38170118108151
88.67218897304166
88.96267676500183
89.25316455696202
89.05233731203805
88.85151006711413
89.52308812948593
90.19466619185778
90.86624425422963
91.53782231660142
92.20940037897327
92.88097844134512
93.55255650371691
94.22413456608876
94.89571262846061
95.56729069083241
96.23886875320426
96.91044681557611
97.5820248779479
98.25360294031975
98.9251810026916
99.5967590650634
100.26833712743525
100.9399151898071
101.61149325217889
102.28307131455074
102.95464937692259
103.62622743929438
104.29780550166623
104.96938356403808
105.64096162640988
106.31253968878173
106.98411775115358
107.65569581352537
108.32727387589722
108.99885193826907
109.67043000064086
110.34200806301271
111.01358612538456
111.68516418775636
112.3567422501282
113.0283203125
110.97092364603964
108.91352697957905
106.85613031311846
104.79873364665787
102.74133698019727
100.68394031373691
98.62654364727632
96.56914698081573
94.51175031435537
92.45435364789478
90.39695698143419
88.3395603149736
86.282163648513
84.22476698205264
82.16737031559205
80.10997364913146
78.0525769826711
75.99518031621051
73.93778364974992
71.88038698328933
72.66754527384637
73.4547035644033
74.24186185496035
75.02902014551728
75.81617843607432
76.60333672663126
77.3904950171883
78.17765330774523
78.96481159830228
79.75196988885921
80.53912817941625
81.32628646997318
82.11344476053023
82.90060305108716
83.6877613416442
84.47491963220114
85.26207792275818
86.04923621331523
86.83639450387216
87.6235527944292
88.41071108498613
89.19786937554318
89.98502766610011
90.77218595665715
91.55934424721409
92.34650253777113
93.13366082832806
93.9208191188851
94.70797740944204
95.49513569999908
96.28229399055601
97.06945228111306
97.85661057166999
98.64376886222703
99.43092715278397
100.21808544334101
101.00524373389794
101.79240202445499
102.57956031501192
103.36671860556896
104.1538768961259
104.94103518668294
105.72819347723987
106.51535176779691
107.30251005835396
108.08966834891089
108.87682663946794
109.66398493002487
110.45114322058191
111.23830151113884
112.02545980169589
112.81261809225282
113.59977638280986
114.3869346733668
113.4290607969424
112.47118692051811
111.5133130440937
110.5554391676693
109.5975652912449
108.63969141482062
107.68181753839622
106.72394366197186
106.94959225867477
107.17524085537765
107.40088945208056
107.62653804878347
107.85218664548638
108.07783524218927
108.30348383889218
108.52913243559509
108.754781032298
108.98042962900088
109.20607822570379
109.4317268224067
109.65737541910961
109.8830240158125
110.1086726125154
110.33432120921832
110.55996980592123
110.78561840262414
111.01126699932702
111.23691559602993
111.46256419273284
111.68821278943575
111.91386138613859
111.56838293408441
111.22290448203023
110.877426029976
110.53194757792181
110.18646912586757
109.8409906738134
109.49551222175916
109.15003376970498
108.8045553176508
108.45907686559656
108.11359841354238
107.76811996148814
107.42264150943396
107.44592140729182
107.46920130514967
107.49248120300757
107.17553003181484
106.85857886062212
106.54162768942938
106.54162768942939
106.33610825302077
106.13058881661215
105.92506938020352
106.27051031067958
106.61595124115564
106.96139217163176
107.30683310210782
107.65227403258388
107.99771496305993
108.34315589353628
106.06413845584439
103.78512101815227
101.50610358046015
99.22708614276826
96.94806870507614
94.66905126738425
92.39003382969213
90.11101639200024
87.83199895430812
85.552981516616
83.27396407892411
80.99494664123199
78.71592920353982
79.0495916327393
79.38325406193883
79.71691649113836
80.0505789203379
80.38424134953743
80.71790377873697
81.05156620793645
81.38522863713598
81.71889106633552
82.05255349553505
82.38621592473459
82.71987835393406
83.0535407831336
83.38720321233313
83.72086564153267
84.0545280707322
84.38819049993168
84.72185292913122
85.05551535833075
85.38917778753029
85.72284021672982
86.05650264592936
86.39016507512883
86.72382750432837
87.0574899335279
87.39115236272744
87.72481479192697
88.05847722112645
88.39213965032599
88.72580207952552
89.05946450872506
89.39312693792459
89.72678936712413
90.0604517963236
90.39411422552314
90.72777665472267
91.06143908392221
91.39510151312174
91.72876394232122
92.06242637152076
92.39608880072029
92.72975122991983
93.06341365911936
93.39707608831884
93.73073851751838
94.06440094671791
94.39806337591745
94.73172580511698
95.06538823431652
95.399050663516
95.73271309271553
96.06637552191506
96.4000379511146
96.73370038031413
97.06736280951361
97.40102523871315
97.73468766791268
98.06835009711222
98.40201252631175
98.73567495551123
99.06933738471076
99.4029998139103
99.73666224310983
100.07032467230937
100.4039871015089
100.73764953070838
101.07131195990792
101.40497438910745
101.73863681830699
102.07229924750652
102.405961676706
102.73962410590553
103.07328653510507
103.4069489643046
103.74061139350414
104.07427382270362
104.40793625190315
104.74159868110269
105.07526111030222
105.40892353950176
105.74258596870129
106.07624839790077
106.4099108271003
106.74357325629984
107.07723568549937
107.41089811469891
107.74456054389839
108.07822297309792
108.41188540229746
108.74554783149699
109.07921026069653
109.412872689896
109.74653511909554
110.08019754829508
110.41385997749461
110.74752240669415
111.08118483589368
111.41484726509316
111.7485096942927
112.08217212349223
112.41583455269176
112.7494969818913
111.78039858239538
110.81130018289934
109.84220178340331
108.87310338390739
107.90400498441136
106.93490658491544
105.9658081854194
104.99670978592337
104.02761138642745
103.05851298693142
102.08941458743539
101.12031618793947
100.15121778844343
99.1821193889474
98.21302098945148
97.24392258995545
96.27482419045953
95.30572579096349
94.33662739146746
93.36752899197145
93.42742452175634
93.4873200515412
93.54721558132607
93.60711111111095
91.25589447876837
88.90467784642539
89.28328417026677
89.66189049410815
90.04049681794953
90.41910314179091
90.79770946563224
91.17631578947356
90.78832575265312
90.40033571583268
90.01234567901236
90.44579595979656
90.87924624058081
91.31269652136501
91.74614680214921
92.17959708293341
92.61304736371761
92.37370166908613
92.13435597445468
91.89501027982323
91.65566458519163
92.1627071693506
92.66974975350945
93.1767923376683
93.68383492182716
94.19087750598612
94.69792009014498
95.20496267430383
95.7120052584628
96.21904784262165
96.7260904267805
97.23313301093947
97.74017559509832
98.24721817925717
98.75426076341614
99.261303347575
99.76834593173385
100.27538851589281
100.78243110005167
101.28947368421063
100.04541884409628
98.80136400398169
97.55730916386733
96.31325432375274
95.06919948363839
93.8251446435238
92.58108980340944
91.33703496329485
90.0929801231805
88.84892528306591
87.60487044295132
86.36081560283685
87.02147178538382
87.6821279679308
88.34278415047788
89.00344033302486
89.66409651557194
90.32475269811891
90.985408880666
91.64606506321297
92.30672124576006
92.96737742830703
93.62803361085412
94.28868979340109
94.94934597594806
95.61000215849515
96.27065834104212
96.93131452358921
97.59197070613618
98.25262688868327
98.91328307123024
99.57393925377733
100.2345954363243
100.89525161887127
101.55590780141836
102.21656398396533
102.87722016651242
103.53787634905939
104.19853253160647
104.85918871415345
105.51984489670053
106.1805010792475
106.84115726179459
107.50181344434156
108.16246962688854
108.82312580943562
109.4837819919826
110.14443817452968
110.80509435707665
111.46575053962374
112.12640672217071
112.7870629047178
113.44771908726477
114.10837526981186
114.76903145235883
115.4296876349058
116.09034381745289
116.75099999999998
117.54776422764257
116.29696476964796
115.04616531165334
113.79536585365872
112.54456639566433
111.29376693766972
110.0429674796751
108.79216802168048
107.54136856368586
106.29056910569125
105.03976964769663
103.78897018970224
102.53817073170762
101.287371273713
100.03657181571839
98.78577235772377
97.53497289972915
96.28417344173454
95.03337398374015
93.78257452574553
92.53177506775091
91.2809756097563
90.03017615176168
88.77937669376706
87.52857723577267
86.27777777777794
87.01070319634721
87.74362861491647
88.47655403348574
89.209479452055
89.94240487062416
90.67533028919343
91.40825570776269
92.14118112633196
92.87410654490122
93.60703196347049
94.33995738203976
95.07288280060902
95.80580821917829
96.53873363774755
97.27165905631671
98.00458447488597
98.73750989345524
99.4704353120245
100.20336073059377
100.93628614916304
101.6692115677323
102.40213698630157
103.13506240487084
103.8679878234401
104.60091324200948
103.50763423906756
102.41435523612586
101.32107623318387
101.79053760556002
102.25999897793616
102.72946035031231
103.19892172268857
103.66838309506471
104.13784446744086
104.607305839817
105.07676721219326
105.5462285845694
106.01568995694555
106.4851513293217
106.95461270169784
107.42407407407427
105.30057500801331
103.17707594195235
101.0535768758914
98.93007780983044
96.80657874376902
94.68307967770815
94.8170081707006
94.95093666369326
93.72282143355483
92.4947062034164
91.26659097327797
90.03847574313954
88.81036051300111
87.58224528286269
86.35413005272409
86.85818160113394
87.36223314954367
87.86628469795352
88.37033624636325
88.8743877947731
89.37843934318283
89.88249089159268
90.38654244000242
90.89059398841226
91.394645536822
91.89869708523184
92.40274863364158
92.90680018205143
93.41085173046127
93.91490327887101
94.41895482728069
93.10644459741911
91.79393436755754
90.48142413769597
89.1689139078344
87.85640367797282
86.54389344811125
85.23138321824968
83.91887298838833
82.60636275852676
81.29385252866518
79.98134229880361
78.66883206894204
77.35632183908035
78.17315044967677
78.98997906027319
79.8068076708696
80.62363628146602
81.44046489206244
82.25729350265874
83.07412211325516
83.89095072385157
84.70777933444799
85.52460794504441
86.34143655564083
87.15826516623724
87.97509377683366
88.79192238743008
89.60875099802638
90.4255796086228
91.24240821921921
92.05923682981563
92.87606544041205
93.69289405100847
94.50972266160488
95.3265512722013
96.14337988279772
96.96020849339413
97.77703710399044
98.59386571458685
99.41069432518327
100.22752293577992
98.86130888135085
97.49509482692179
96.1288807724925
94.76266671806343
93.39645266363436
92.0302386092053
90.66402455477623
89.29781050034694
87.93159644591788
86.56538239148881
85.19916833705975
83.83295428263068
82.46674022820139
81.10052617377232
79.73431211934326
78.3680980649142
77.00188401048513
75.63566995605584
74.26945590162677
72.9032418471977
71.53702779276864
70.17081373833958
68.80459968391028
67.43838562948122
66.07217157505215
64.70595752062309
63.33974346619402
61.97352941176496
62.9087611197599
63.84399282775507
64.77922453575025
65.71445624374542
66.64968795174036
67.58491965973553
68.5201513677307
69.45538307572588
70.39061478372082
71.32584649171599
72.26107819971116
73.19630990770611
74.13154161570128
75.06677332369645
76.00200503169162
76.93723673968657
77.87246844768174
78.80770015567691
79.74293186367186
80.67816357166703
81.6133952796622
82.54862698765737
83.48385869565232
84.41909040364749
85.35432211164266
86.28955381963783
87.22478552763278
88.16001723562795
89.09524894362312
90.03048065161806
90.96571235961324
91.9009440676084
92.83617577560358
93.77140748359852
94.7066391915937
95.64187089958887
96.57710260758404
97.51233431557898
98.44756602357415
99.3827977315691
98.08395289449709
96.78510805742508
95.48626322035307
94.18741838328106
92.88857354620905
91.58972870913703
90.29088387206502
88.99203903499301
87.693194197921
86.39434936084899
85.09550452377698
83.79665968670497
82.49781484963296
81.19897001256095
79.90012517548894
78.60128033841693
77.30243550134492
76.0035906642729
76.45460738250756
76.90562410074233
77.3566408189771
77.80765753721175
78.25867425544652
78.70969097368129
79.16070769191606
79.61172441015083
80.06274112838548
80.51375784662025
80.96477456485502
81.41579128308967
81.86680800132444
82.31782471955921
82.76884143779398
83.21985815602966
79.78481267852567
76.34976720102259
72.91472172351882
73.457377724347
74.00003372517529
74.54268972600357
75.08534572683175
75.62800172766003
76.17065772848832
76.7133137293165
77.25596973014478
77.79862573097307
78.34128173180125
78.88393773262953
79.42659373345782
79.969249734286
80.51190573511428
81.05456173594257
81.59721773677074
82.13987373759903
82.68252973842732
83.2251857392555
83.76784174008378
84.31049774091207
84.85315374174024
85.39580974256853
85.93846574339682
86.48112174422499
87.02377774505328
87.56643374588145
88.10908974670974
88.65174574753804
88.62734605521217
88.60294636288631
88.57854667056046
88.5541469782346
88.52974728590874
88.50534759358288
88.79175861635895
89.07816963913501
89.36458066191113
89.6509916846872
89.93740270746326
90.22381373023939
90.51022475301545
90.79663577579151
91.08304679856764
91.3694578213437
91.65586884411977
91.94227986689589
92.22869088967195
92.51510191244802
92.80151293522414
93.0879239580002
93.37433498077627
93.66074600355239
93.06994709228195
92.47914818101151
92.99010277348361
93.5010573659556
94.0120119584277
94.52296655089981
95.03392114337191
95.54487573584402
96.055830328316
96.56678492078811
97.07773951326021
97.5886941057322
98.0996486982043
98.61060329067641
96.91677498415129
95.22294667762662
93.5291183711015
91.83529006457638
90.14146175805172
88.4476334515266
86.75380514500148
85.05997683847681
83.36614853195164
83.4017432374537
83.43733794295576
81.86183506144334
80.28633217993092
80.78645222606701
81.2865722722031
81.78669231833919
82.28681236447528
82.78693241061137
83.28705245674746
83.78717250288355
84.28729254901964
84.78741259515573
85.28753264129182
85.78765268742791
86.287772733564
86.78789277970009
87.28801282583618
87.78813287197227
88.28825291810836
88.78837296424445
89.28849301038053
89.78861305651662
90.28873310265271
90.7888531487888
91.28897319492489
91.78909324106098
92.28921328719719
92.78933333333339
91.6116698745991
90.43400641586481
89.25634295713041
89.70186419005324
90.14738542297596
90.59290665589879
91.03842788882162
91.48394912174433
91.92947035466716
92.37499158758999
92.82051282051293
92.29401409769514
91.76751537487735
91.24101665205944
91.69402610145812
92.14703555085669
92.60004500025536
93.05305444965393
93.5060638990526
93.95907334845128
94.41208279784985
94.86509224724853
95.31810169664709
95.77111114604577
96.22412059544433
96.6771300448429
95.83182571995462
94.98652139506612
94.14121707017762
93.29591274528912
92.45060842040061
91.60530409551211
90.75999977062361
89.91469544573533
89.06939112084683
88.22408679595833
87.37878247106983
86.53347814618132
85.68817382129282
84.84286949640432
83.99756517151604
83.15226084662754
82.30695652173904
83.09709402692579
83.88723153211254
84.67736903729929
85.46750654248603
86.25764404767278
87.04778155285953
87.83791905804628
88.62805656323303
89.41819406841978
90.20833157360653
90.99846907879328
91.78860658398003
92.57874408916678
93.36888159435352
94.15901909954027
94.94915660472702
95.73929410991377
96.52943161510052
97.31956912028726