88.23821989528795
88.50619546247817
88.77417102966841
89.04214659685863
89.31012216404886
89.57809773123908
89.84607329842932
90.11404886561954
90.38202443280977
90.65
89.56225165562915
88.47450331125829
87.38675496688742
87.63325391112392
87.87975285536041
88.1262517995969
88.3727507438334
88.61924968806989
88.86574863230638
89.11224757654286
89.35874652077935
89.60524546501584
89.85174440925233
90.09824335348883
90.34474229772532
90.59124124196181
90.83774018619829
91.08423913043477
89.67753145195212
88.27082377346946
86.86411609498681
87.12284918635609
87.38158227772539
87.64031536909467
87.89904846046396
88.15778155183324
88.41651464320253
88.67524773457181
88.93398082594109
89.19271391731039
89.45144700867966
89.71018010004896
89.96891319141824
90.22764628278753
90.48637937415681
90.74511246552609
91.00384555689539
91.26257864826466
91.52131173963396
91.78004483100324
92.03877792237253
92.29751101374181
92.55624410511109
92.81497719648038
93.07371028784966
93.33244337921896
93.59117647058824
93.08187392220732
92.5725713738264
92.06326882544549
91.55396627706457
91.04466372868366
90.53536118030274
90.02605863192183
90.43370803766084
90.84135744339983
91.24900684913884
91.65665625487784
92.06430566061685
92.47195506635586
92.87960447209485
93.28725387783386
93.69490328357287
94.10255268931186
94.51020209505087
94.91785150078988
91.45256981819153
87.98728813559322
88.25368355161787
88.52007896764252
88.78647438366717
89.05286979969182
89.31926521571648
89.58566063174113
89.85205604776579
90.11845146379045
90.3848468798151
90.65124229583975
90.9176377118644
91.18403312788905
91.45042854391372
91.71682395993837
91.98321937596302
92.24961479198768
90.60397772234577
88.95834065270384
87.3127035830619
87.6688749426807
88.0250463022995
88.38121766191831
88.73738902153713
89.09356038115592
89.44973174077472
89.80590310039354
90.16207446001235
90.51824581963115
90.87441717924995
91.23058853886876
91.58675989848757
91.94293125810637
90.89654136982821
89.85015148155006
88.80376159327189
87.75737170499373
86.71098181671557
85.66459192843742
84.61820204015926
83.5718121518811
82.52542226360295
81.47903237532479
80.43264248704662
81.18927324255591
81.94590399806519
82.70253475357448
83.45916550908376
84.21579626459305
84.97242702010233
85.72905777561162
86.48568853112091
87.24231928663019
87.99895004213948
88.75558079764876
89.51221155315805
90.26884230866733
91.02547306417662
91.7821038196859
92.53873457519519
93.29536533070447
94.05199608621376
94.80862684172304
95.56525759723233
96.32188835274161
97.0785191082509
97.8351498637602
95.4171804904152
92.99921111707022
90.58124174372523
90.88191236646617
91.1825829892071
91.48325361194804
91.78392423468898
92.08459485742992
92.38526548017086
92.6859361029118
92.98660672565273
93.28727734839367
93.58794797113461
93.88861859387555
94.18928921661649
94.48995983935743
91.59947727417608
88.70899470899471
89.02631456197877
89.34363441496282
89.66095426794686
89.97827412093092
90.29559397391498
90.61291382689902
90.93023367988309
91.24755353286713
91.56487338585117
91.88219323883524
92.19951309181928
92.51683294480334
92.8341527977874
93.15147265077144
91.21544563654072
89.27941862231
87.34339160807929
85.40736459384857
83.47133757961785
83.98669370006951
84.50204982052117
85.01740594097284
85.53276206142449
86.04811818187616
86.56347430232782
87.07883042277949
87.59418654323115
88.10954266368282
88.62489878413447
89.14025490458614
89.6556110250378
90.17096714548946
90.68632326594113
91.20167938639278
91.71703550684445
92.23239162729611
92.7477477477479
90.39332462233239
88.03890149691688
85.68447837150127
85.99784010888217
86.31120184626309
86.624563583644
86.93792532102492
87.25128705840582
87.56464879578674
87.87801053316764
88.19137227054856
88.50473400792946
88.81809574531037
89.13145748269129
89.44481922007219
89.7581809574531
90.07154269483401
90.38490443221492
90.69826616959584
91.01162790697686
88.25551694437024
85.49940598176374
82.7432950191571
83.07434170361188
83.40538838806667
83.73643507252145
84.06748175697624
84.39852844143101
84.7295751258858
85.06062181034058
85.39166849479537
85.72271517925014
86.05376186370493
86.38480854815973
86.7158552326145
87.04690191706929
87.37794860152407
87.70899528597886
88.04004197043363
88.37108865488842
88.7021353393432
89.03318202379799
89.36422870825277
89.69527539270756
90.02632207716233
90.35736876161712
90.68841544607187
88.24812111989206
85.80782679371225
83.36753246753247
83.38786803258853
83.40820359764459
83.42853916270064
83.4488747277567
83.46921029281276
83.48954585786882
83.50988142292488
81.39711664482306
81.72244360992306
82.04777057502307
82.37309754012308
82.69842450522309
83.02375147032309
83.3490784354231
83.6744054005231
83.9997323656231
84.32505933072312
84.65038629582313
84.97571326092313
85.30104022602313
85.62636719112314
85.95169415622314
86.27702112132314
86.60234808642316
86.92767505152317
87.25300201662317
87.57832898172322
86.82850808245081
86.07868718317843
85.32886628390605
84.57904538463364
83.82922448536127
83.07940358608889
82.32958268681648
81.5797617875441
80.82994088827172
80.08011998899934
79.33029908972692
79.92587079984519
80.52144250996345
81.11701422008171
81.7125859302
82.30815764031827
82.90372935043654
83.4993010605548
84.09487277067306
84.69044448079133
85.28601619090962
85.88158790102788
86.47715961114615
87.07273132126441
87.66830303138268
88.26387474150094
88.85944645161923
89.4550181617375
90.05058987185576
90.64616158197403
91.24173329209229
91.83730500221056
92.43287671232883
91.26777863850464
90.10268056468044
88.93758249085619
87.77248441703199
86.60738634320779
85.44228826938354
84.27719019555934
83.11209212173515
81.94699404791089
80.7818959740867
79.61679790026247
79.93514729960802
80.25349669895357
80.57184609829912
80.89019549764467
81.20854489699022
81.52689429633577
81.84524369568132
82.16359309502687
82.48194249437242
82.80029189371797
83.11864129306352
83.43699069240907
83.75534009175462
84.07368949110017
84.39203889044572
84.71038828979127
85.02873768913682
85.34708708848237
85.66543648782792
85.98378588717347
86.30213528651902
86.62048468586457
86.93883408521012
87.25718348455567
87.57553288390122
87.89388228324677
88.21223168259232
88.53058108193787
88.84893048128345
87.6835746040336
86.51821872678374
85.35286284953395
85.67255529418502
85.99224773883608
86.31194018348715
86.63163262813822
86.95132507278929
87.27101751744036
87.59070996209142
87.91040240674249
88.23009485139356
88.54978729604463
88.8694797406957
89.18917218534676
89.50886462999783
89.8285570746489
90.14824951929998
90.46794196395105
90.78763440860212
89.09371705671515
87.39979970482818
85.70588235294122
88.82022809123669
91.93457382953193
95.04891956782717
98.16326530612264
101.27761104441788
104.39195678271335
107.50630252100859
110.62064825930383
113.7349939975993
116.84933973589455
119.96368547419002
123.07803121248526
126.1923769507805
129.30672268907597
132.4210684273712
135.53541416566668
138.64975990396192
141.76410564225716
144.87845138055263
147.99279711884788
151.10714285714312
118.5109357696565
85.91472868217056
86.43478121596516
86.95483374975976
87.47488628355435
87.99493881734898
88.51499135114358
89.03504388493818
89.55509641873277
87.59719502435814
85.63929362998363
83.68139223560911
83.98674678794862
84.29210134028811
84.59745589262762
84.90281044496713
85.20816499730662
85.51351954964613
85.81887410198564
86.12422865432514
86.42958320666465
86.73493775900414
87.04029231134365
87.34564686368316
87.65100141602265
87.95635596836216
88.26171052070166
88.56706507304114
86.92113924834234
85.27521342364344
83.62928759894456
83.9585314576778
84.28777531641103
84.61701917514424
84.94626303387747
85.27550689261071
85.60475075134391
85.93399461007715
86.26323846881039
86.59248232754359
86.92172618627683
87.25097004501006
87.58021390374336
86.25574767021078
84.9312814366782
83.6068152031455
83.92660861686788
84.24640203059029
84.56619544431267
84.88598885803508
85.20578227175749
85.52557568547986
85.84536909920227
86.16516251292465
86.48495592664706
86.80474934036943
83.70921113192162
80.61367292347381
77.51813471502591
77.85876190541636
78.19938909580681
78.54001628619729
78.88064347658774
79.22127066697819
79.56189785736863
79.90252504775908
80.24315223814956
80.58377942854001
80.92440661893046
81.26503380932091
81.60566099971139
81.94628819010184
82.28691538049229
82.62754257088274
82.9681697612732
79.80442834166706
76.64068692206075
77.43559813668912
78.2305093513175
79.02542056594586
79.82033178057429
80.61524299520266
81.41015420983103
82.2050654244594
82.99997663908778
83.79488785371615
84.58979906834458
85.38471028297295
86.17962149760132
86.97453271222969
87.76944392685806
88.56435514148649
89.35926635611486
90.15417757074323
90.9490887853716
91.74400000000014
88.20236998254813
84.66073996509613
81.11910994764398
81.48414425696723
81.84917856629048
82.21421287561375
82.579247184937
82.94428149426028
83.30931580358353
83.67435011290678
84.03938442223006
84.4044187315533
84.76945304087656
85.1344873501996
82.57787812875426
80.02126890730892
77.46465968586388
77.85234537769672
78.24003106952956
78.62771676136241
79.01540245319522
79.40308814502806
79.79077383686091
80.17845952869375
80.5661452205266
80.95383091235941
81.34151660419225
81.7292022960251
82.11688798785794
82.50457367969078
82.89225937152362
83.27994506335644
83.66763075518928
84.05531644702212
84.44300213885496
84.83068783068757
81.28542271149786
77.74015759230792
74.19489247311827
74.58258840385173
74.97028433458519
75.35798026531864
75.7456761960521
76.13337212678559
76.52106805751905
76.9087639882525
77.29645991898596
77.68415584971942
78.07185178045287
78.45954771118633
78.84724364191979
79.23493957265325
79.6226355033867
80.01033143412016
80.39802736485362
80.78572329558708
81.17341922632056
81.56111515705402
81.94881108778748
82.33650701852093
82.72420294925439
83.11189887998785
83.4995948107213
83.88729074145476
84.27498667218822
84.66268260292145
82.31561390530328
79.96854520768511
77.62147651006711
78.02732234676787
78.43316818346861
78.83901402016937
79.24485985687014
79.6507056935709
80.05655153027163
80.4623973669724
80.86824320367316
81.27408904037392
81.67993487707469
82.08578071377542
82.49162655047618
82.89747238717695
83.30331822387771
83.70916406057844
84.11500989727921
84.52085573397997
84.92670157068073
83.99941038959253
83.07211920850432
82.14482802741611
81.2175368463279
80.2902456652397
79.36295448415149
78.43566330306328
77.50837212197496
76.58108094088675
75.65378975979854
74.72649857871033
73.79920739762213
74.49423952105417
75.18927164448621
75.88430376791825
76.5793358913503
77.27436801478234
77.96940013821438
78.66443226164643
79.35946438507847
80.05449650851051
80.74952863194255
81.4445607553746
82.13959287880664
82.83462500223868
83.52965712567072
84.22468924910277
84.91972137253481
85.61475349596685
86.3097856193989
87.00481774283094
87.69984986626298
88.39488198969502
89.08991411312707
89.78494623655888
86.88244301840905
83.97993980025922
81.0774365821095
81.52895301672072
81.98046945133194
82.43198588594316
82.88350232055438
83.3350187551656
83.78653518977683
84.2380516243881
84.68956805899933
85.14108449361055
85.59260092822177
86.04411736283299
86.49563379744421
86.94715023205544
87.39866666666671
84.97150347684578
82.54434028702462
80.11717709720375
80.53834151260713
80.95950592801057
81.38067034341395
81.80183475881739
82.22299917422077
82.64416358962421
83.0653280050276
83.48649242043103
83.90765683583442
84.3288212512378
84.74998566664124
85.17115008204462
85.59231449744806
86.01347891285144
86.43464332825488
86.85580774365826
83.75396207288736
80.65211640211638
81.01491598741597
81.37771557271557
81.74051515801514
82.10331474331471
82.46611432861431
82.82891391391391
83.19171349921348
83.55451308451305
83.91731266981265
84.28011225511224
84.64291184041181
85.00571142571138
85.36851101101098
85.73131059631058
86.09411018161015
86.45690976690972
86.81970935220932
87.18250893750891
87.54530852280848
87.90810810810808
84.79408082781583
81.6800535475245
86.62382523290535
91.56759691828665
96.5113686036675
101.45514028904881
106.39891197442967
111.34268365981097
116.28645534519183
121.23022703057313
126.17399871595399
131.1177704013353
136.06154208671614
141.00531377209745
145.9490854574783
150.8928571428587
117.14744638313277
83.40203562340969
83.81331289936134
84.22459017531293
84.63586745126457
85.04714472721622
85.45842200316787
85.86969927911946
86.2809765550711
86.69225383102275
87.10353110697434
87.51480838292599
87.92608565887764
88.33736293482929
88.74864021078088
89.15991748673252
89.57119476268417
86.1175158872843
82.66383701188454
83.08949064806131
83.51514428423809
83.94079792041487
84.36645155659164
84.79210519276847
85.21775882894525
85.64341246512203
86.0690661012988
86.49471973747558
86.92037337365235
87.34602700982913
87.7716806460059
88.19733428218268
88.62298791835951
89.04864155453629
89.47429519071306
87.42368471651412
85.37307424231517
83.32246376811594
83.72228918220628
84.12211459629663
84.52194001038697
84.92176542447731
85.32159083856766
85.721416252658
86.12124166674835
86.52106708083869
86.92089249492903
87.11446770678421
87.30804291863939
87.50161813049456
87.69519334234974
87.88876855420494
88.08234376606012
88.2759189779153
88.46949418977047
88.66306940162565
88.85664461348082
89.050219825336
89.24379503719118
89.43737024904635
89.63094546090153
89.8245206727567
90.01809588461191
90.21167109646709
90.40524630832226
90.59882152017744
90.79239673203261
90.98597194388776
87.99511794982027
85.00426395575323
82.01340996168585
82.40053808308522
82.7876662044846
83.17479432588402
83.5619224472834
83.94905056868276
84.33617869008219
84.72330681148156
85.11043493288093
85.49756305428036
85.88469117567973
86.2718192970791
86.65894741847853
87.0460755398779
87.43320366127728
87.8203317826767
88.20745990407607
88.59458802547545
88.98171614687487
89.36884426827424
89.75597238967362
90.14310051107304
86.81158491758151
83.48006932409004
83.87139211515426
84.26271490621849
84.65403769728272
85.04536048834689
85.43668327941111
85.82800607047534
86.21932886153951
86.61065165260374
87.00197444366796
87.39329723473219
87.78462002579636
88.17594281686058
88.56726560792481
88.95858839898904
89.34991119005326
87.5398922202055
85.72987325035774
83.91985428051004
84.30837575544342
84.6968972303768
85.08541870531019
85.47394018024357
85.86246165517696
86.25098313011034
86.63950460504373
87.02802607997717
87.41654755491055
87.80506902984393
88.19359050477732
88.5821119797107
88.97063345464409
89.35915492957747
86.93086519114695
84.5025754527162
82.07428571428574
82.50216536004643
82.93004500580719
83.35792465156794
83.7858042973287
84.21368394308945
84.64156358885015
85.0694432346109
85.49732288037166
85.92520252613241
86.35308217189316
86.78096181765386
87.20884146341461
86.30839234751386
85.4079432316131
84.50749411571235
83.60704499981159
82.70659588391072
81.80614676800997
80.90569765210921
80.00524853620846
79.1047994203077
78.20435030440694
77.30390118850619
76.40345207260543
75.50300295670468
74.60255384080392
73.70210472490317
72.8016556090023
71.90120649310154
71.00075737720078
70.10030826130003
69.19985914539927
68.29941002949857
68.78958999594471
69.27976996239084
69.76994992883698
70.26012989528311
70.75030986172925
71.24048982817544
71.73066979462158
72.22084976106771
72.71102972751385
73.20120969395998
73.69138966040612
74.18156962685225
74.67174959329844
75.16192955974458
75.65210952619071
76.14228949263685
76.63246945908298
77.12264942552912
77.61282939197525
78.10300935842139
78.59318932486758
79.08336929131372
79.5735492577598
79.47186840492161
79.37018755208342
79.26850669924525
79.16682584640706
79.06514499356888
78.96346414073071
79.99334512015639
81.02322609958219
82.05310707900787
83.08298805843367
84.11286903785935
85.14275001728515
86.17263099671084
87.20251197613663
88.23239295556232
89.26227393498812
90.2921549144138
91.3220358938396
92.35191687326528
93.38179785269097
94.4116788321171
91.70442454353997
88.9971702549633
86.28991596638662
86.73584694172939
87.18177791707211
87.62770889241489
88.0736398677576
88.51957084310038
88.9655018184431
89.41143279378588
89.8573637691286
90.30329474447137
90.74922571981409
91.19515669515704
88.34943870876396
85.50372072237087
82.65800273597813
83.0714191755635
83.48483561514888
83.89825205473426
84.31166849431963
84.72508493390501
85.13850137349039
85.55191781307576
85.96533425266114
86.37875069224651
86.79216713183189
87.20558357141726
87.61900001100264
88.03241645058802
88.44583289017339
88.85924932975922
85.46938461064383
82.07951989152889
78.68965517241372
79.15573114105194
79.62180710969011
80.08788307832828
80.5539590469665
81.02003501560466
81.48611098424283
81.95218695288105
82.41826292151922
82.88433889015738
83.3504148587956
83.81649082743377
84.28256679607193
84.74864276471016
85.21471873334832
85.68079470198609
81.1158266772809
76.55085865257593
76.98262371710189
77.41438878162785
77.84615384615381
78.27791891067977
78.70968397520573
79.1414490397317
79.57321410425766
80.00497916878362
80.43674423330958
80.86850929783554
81.3002743623615
81.73203942688747
82.1638044914132
80.04635080528533
77.92889711915745
75.81144343302992
76.26109975849897
76.71075608396802
77.16041240943707
77.61006873490612
78.05972506037517
78.50938138584428
78.95903771131333
79.40869403678238
79.85835036225143
80.30800668772048
80.75766301318953
81.20731933865858
81.65697566412769
82.10663198959674
79.08379589103697
76.06095979247726
76.49440661478593
76.92785343709465
77.36130025940332
77.79474708171205
78.22819390402071
78.66164072632944
79.0950875486381
79.52853437094677
79.9619811932555
80.39542801556416
80.82887483787289
81.26232166018156
81.69576848249022
82.12921530479895
82.56266212710761
82.99610894941634
80.70144376696499
78.40677858451363
76.11211340206182
76.58072426712039
77.0493351321789
77.5179459972374
77.98655686229597
78.45516772735448
78.92377859241299
79.39238945747155
79.86100032253006
80.32961118758857
80.79822205264713
81.26683291770541
78.63904149400923
76.0112500703126
73.38345864661653
73.86072376513238
74.33798888364822
74.81525400216407
75.29251912067991
75.76978423919576
76.2470493577116
76.72431447622745
77.2015795947433
77.67884471325908
78.15610983177493
78.63337495029077
79.11064006880662
79.58790518732246
80.06517030583831
80.54243542435415
76.85206348332122
73.16169154228851
73.62885906904393
74.0960265957994
74.56319412255488
75.0303616493103
75.49752917606577
75.96469670282124
76.43186422957666
76.89903175633214
77.36619928308761
77.83336680984303
78.3005343365985
78.76770186335398
76.5197978752326
74.27189388711122
72.02398989898984
72.91767851223801
73.8113671254863
74.70505573873447
75.59874435198265
76.49243296523082
77.3861215784791
78.27981019172728
79.17349880497545
80.06718741822374
80.96087603147191
81.85456464472009
82.74825325796826
83.64194187121655
84.53563048446472
85.42931909771289
86.32300771096106
87.21669632420935
88.11038493745752
89.0040735507057
89.89776216395387
90.79145077720204
88.73207260520257
86.6726944332031
84.61331626120369
85.12402318627375
85.63473011134391
86.14543703641397
86.65614396148413
87.1668508865543
87.67755781162435
88.18826473669452
88.69897166176457
89.20967858683474
89.72038551190491
90.2310924369749
87.45916915153157
84.68724586608823
81.91532258064518
82.37409251252808
82.83286244441098
83.29163237629388
83.75040230817677
84.20917224005967
84.66794217194257
85.12671210382541
85.58548203570831
86.04425196759121
86.5030218994741
86.96179183135655
84.63555953039713
82.30932722943771
79.98309492847852
80.51123467642083
81.03937442436313
81.56751417230544
82.09565392024774
82.62379366819005
83.15193341613235
83.68007316407466
84.20821291201696
84.73635265995927
85.26449240790157
85.79263215584388
86.32077190378618
86.84891165172849
85.59743848038215
84.34596530903559
83.09449213768903
81.8430189663427
80.59154579499614
79.3400726236498
78.08859945230324
76.83712628095668
75.58565310961035
74.33417993826379
73.0827067669174
73.60047236679321
74.11823796666891
74.63600356654473
75.15376916642055
75.67153476629625
76.18930036617206
76.70706596604788
77.22483156592358
77.7425971657994
78.2603627656751
78.77812836555091
79.29589396542673
79.81365956530243
80.33142516517825
80.84919076505406
81.36695636492976
81.88472196480558
82.4024875646814
82.92025316455647
79.7935193362332
76.66678550790948
73.54005167958655
74.03145467994443
74.5228576803022
75.01426068066007
75.50566368101784
75.9970666813756
76.48846968173348
76.97987268209124
77.47127568244912
77.96267868280688
78.45408168316476
78.94548468352252
79.4368876838804
79.92829068423816
80.41969368459604
80.9110966849538
81.40249968531168
81.89390268566945
82.38530568602732
82.87670868638509
83.36811168674296
83.85951468710073
82.08698427102217
80.31445385494362
78.54192343886507
76.76939302278652
74.99686260670842
73.22433219062987
71.45180177455131
69.67927135847276
67.90674094239421
66.13421052631566
66.70122743760919
67.26824434890273
67.83526126019615
68.40227817148957
68.9692950827831
69.53631199407664
70.10332890537006
70.67034581666348
71.23736272795702
71.80437963925056
72.37139655054398
72.9384134618374
73.50543037313093
74.07244728442447
74.63946419571789
75.20648110701131
75.77349801830485
76.34051492959838
76.9075318408918
77.47454875218523
78.04156566347876
78.6085825747723
77.8832863546213
77.15799013447031
76.43269391431943
75.70739769416844
74.98210147401744
74.25680525386656
73.53150903371557
72.80621281356468
72.08091659341369
71.3556203732627
70.63032415311181
69.90502793296082
70.49249150859123
71.07995508422175
71.66741865985227
72.2548822354828
72.84234581111332
73.42980938674373
74.01727296237425
74.60473653800477
75.1922001136353
75.77966368926582
76.36712726489623
76.95459084052675
77.54205441615727
78.1295179917878
78.71698156741832
79.30444514304872
79.89190871867925
80.47937229430977
81.06683586994029
81.65429944557081
82.24176302120134
82.82922659683175
83.41669017246227
84.00415374809279
84.59161732372331
85.17908089935383
85.76654447498424
86.35400805061477
86.94147162624529
87.52893520187581
88.11639877750633
88.70386235313674
89.29132592876726
89.87878950439779
90.46625308002831
91.05371665565883
91.64118023128924
92.22864380691976
92.8161073825504
90.75471362882445
88.6933198750985
86.63192612137203
87.04843978426828
87.46495344716442
87.88146711006056
88.29798077295669
88.71449443585283
89.13100809874908
89.54752176164521
89.96403542454135
90.3805490874376
90.79706275033323
88.05326506719211
85.309467384051
82.56566970091023
83.08331785249857
83.60096600408701
84.11861415567535
84.63626230726368
85.15391045885201
85.67155861044034
86.18920676202868
86.70685491361701
87.22450306520534
87.74215121679367
88.259799368382
88.77744751997034
89.29509567155867
89.81274382314723
88.35516588043811
86.89758793772899
85.44000999501986
83.98243205231097
82.52485410960185
81.06727616689273
79.6096982241836
78.15212028147471
76.69454233876559
75.23696439605646
73.77938645334757
72.32180851063822
72.81050474497476
73.29920097931131
73.78789721364785
74.2765934479844
74.76528968232083
75.25398591665737
75.74268215099391
76.23137838533046
76.720074619667
77.20877085400343
77.69746708833998
78.18616332267652
78.67485955701306
79.16355579134961
79.65225202568604
80.14094826002258
80.62964449435913
81.11834072869567
81.60703696303221
82.09573319736865
82.58442943170519
83.07312566604173
83.56182190037828
84.05051813471482
81.29304690694335
78.5355756791721
79.00148892821005
79.46740217724812
79.93331542628619
80.39922867532414
80.8651419243622
81.33105517340027
81.79696842243834
82.2628816714763
82.72879492051436
83.19470816955243
83.6606214185905
84.12653466762845
84.59244791666697
81.06403398471957
77.53562005277047
78.01379991213764
78.4919797715047
78.97015963087188
79.44833949023905
79.92651934960611
80.40469920897328
80.88287906834034
81.36105892770752
81.83923878707469
82.31741864644175
82.79559850580893
83.2737783651761
83.75195822454361
81.52520986549916
79.29846150645471
77.07171314741026
77.57101474287174
78.07031633833321
78.56961793379469
79.06891952925616
79.56822112471764
80.06752272017911
80.56682431564059
81.06612591110206
81.56542750656354
82.06472910202501
82.56403069748649
83.06333229294785
83.56263388840932
84.06193548387091
81.11969592923833
78.17745637460621
75.23521681997374
75.72565305195053
76.21608928392732
76.7065255159041
77.19696174788089
77.68739797985768
78.17783421183447
78.66827044381125
79.15870667578804
79.64914290776483
80.13957913974161
80.6300153717184
81.12045160369519
81.61088783567197
82.10132406764876
82.59176029962555
80.27862144975006
77.96548259987503
75.65234375
76.12802095561858
76.60369816123716
77.07937536685574
77.55505257247444
78.03072977809302
78.5064069837116
78.98208418933018
79.45776139494876
79.93343860056734
80.40911580618604
80.88479301180462
81.3604702174232
81.83614742304178
82.31182462866036
82.78750183427894
83.26317903989764
83.73885624551622
84.2145334511348
84.69021065675338
83.99568690197873
83.30116314720419
82.60663939242954
81.912115637655
81.21759188288047
80.52306812810582
79.82854437333128
79.13402061855675
79.6592388441569
80.18445706975706
80.70967529535721
81.23489352095726
81.76011174655741
82.28532997215757
82.81054819775761
83.33576642335765
83.14647201946468
82.95717761557177
82.76788321167885
82.57858880778588
82.38929440389296
82.20000000000005
80.98176291793311
81.48019467524773
81.97862643256235
82.47705818987697
82.97548994719159
83.47392170450621
83.97235346182083
84.47078521913545
84.96921697645007
85.46764873376469
85.96608049107931
86.46451224839393
86.96294400570855
87.46137576302317
87.95980752033779
88.45823927765196
85.22513570891078
81.99203214016961
78.75892857142856
78.8691270216031
78.97932547177766
79.0895239219522
79.19972237212676
79.30992082230131
79.42011927247586
79.53031772265041
79.64051617282496
79.75071462299951
79.86091307317406
79.97111152334861
80.08130997352316
80.19150842369771
80.30170687387226
80.41190532404681
80.52210377422136
80.63230222439591
80.74250067457046
80.85269912474502
80.96289757491954
81.07309602509409
81.18329447526864
81.29349292544319
81.40369137561774
81.51388982579229
81.62408827596684
81.73428672614139
81.84448517631594
81.95468362649049
82.06488207666504
82.1750805268396
82.28527897701414
82.3954774271887
82.50567587736325
82.6158743275378
82.72607277771235
82.8362712278869
82.94646967806145
83.056668128236
83.16686657841055
83.27706502858507
83.38726347875962
83.49746192893417
83.63346438110685
83.76946683327952
83.9054692854522
84.04147173762487
84.17747418979755
84.31347664197023
84.4494790941429
84.58548154631558
84.72148399848825
84.85748645066093
84.9934889028336
85.12949135500628
85.26549380717896
85.40149625935157
85.08282360137395
84.7641509433962
85.36456750796367
85.96498407253125
86.56540063709872
87.16581720166619
87.76623376623377