91.51197357555739
91.26366046892555
91.01534736229372
90.7670342556619
90.51872114903006
90.27040804239823
90.0220949357664
89.77378182913456
89.52546872250274
89.27715561587091
89.02884250923907
88.78052940260724
88.53221629597542
88.28390318934358
88.03559008271175
87.78727697607992
87.53896386944808
87.29065076281626
87.04233765618443
86.79402454955259
86.54571144292076
86.29739833628894
86.0490852296571
85.80077212302527
85.55245901639344
87.62350135589986
89.6945436954063
91.76558603491272
91.50919097911319
91.25279592331366
90.99640086751413
90.74000581171458
90.48361075591505
90.22721570011552
89.97082064431599
89.71442558851646
89.45803053271693
89.2016354769174
88.94524042111786
88.68884536531833
88.4324503095188
88.17605525371927
87.91966019791974
87.66326514212021
87.40687008632068
87.15047503052114
86.8940799747216
86.63768491892208
86.38128986312255
86.12489480732302
85.86849975152349
85.61210469572396
85.35570963992441
85.09931458412488
84.84291952832535
84.58652447252582
84.3301294167263
84.07373436092676
83.81733930512723
83.56094424932769
83.30454919352816
83.04815413772863
82.7917590819291
82.53536402612957
82.27896897033003
82.02257391453051
81.76617885873097
81.50978380293144
81.25338874713191
80.99699369133238
80.74059863553285
80.4842035797333
80.22780852393379
79.97141346813424
79.71501841233471
79.45862335653517
80.80319234823885
82.14776133994255
83.49233033164623
84.83689932334991
86.18146831505359
87.52603730675727
88.87060629846097
90.21517529016465
91.55974428186833
92.90431327357201
94.24888226527571
93.98945907119227
93.73003587710883
93.47061268302538
93.21118948894194
92.95176629485849
92.69234310077505
92.43291990669161
92.17349671260816
91.91407351852472
91.6546503244412
95.40120517256236
99.1477600206835
102.89431486880466
102.57666076634735
102.25900666389003
101.94135256143274
101.62369845897543
101.30604435651811
100.98839025406082
100.6707361516035
100.3530820491462
100.03542794668888
99.71777384423157
99.40011974177426
99.08246563931695
98.76481153685964
98.44715743440233
98.12950333194502
97.81184922948772
97.49419512703041
97.1765410245731
96.85888692211579
96.54123281965849
96.22357871720118
95.90592461474387
95.58827051228656
95.27061640982924
94.95296230737193
94.63530820491462
94.31765410245731
94.0
97.00969696969696
100.01939393939392
103.02909090909093
102.71365894974592
102.39822699040091
102.08279503105592
101.76736307171092
101.45193111236591
101.1364991530209
100.8210671936759
100.5056352343309
100.19020327498589
99.87477131564088
99.55933935629588
99.24390739695087
98.92847543760588
98.61304347826086
98.89325804630153
99.17347261434217
99.45368718238282
99.73390175042348
100.01411631846415
100.2943308865048
100.57454545454544
100.30796548366258
100.04138551277973
99.77480554189685
99.50822557101398
99.24164560013112
98.97506562924826
98.70848565836539
98.44190568748252
98.17532571659966
97.9087457457168
97.64216577483393
97.37558580395105
97.1090058330682
96.84242586218534
96.57584589130246
96.30926592041959
96.04268594953673
95.77610597865387
95.509526007771
95.24294603688813
94.97636606600527
94.70978609512241
94.44320612423954
94.17662615335668
93.91004618247382
93.64346621159095
93.37688624070807
93.11030626982522
92.84372629894236
92.57714632805948
92.31056635717661
92.04398638629375
91.7774064154109
91.51082644452802
91.24424647364515
94.07279089260896
96.90133531157268
96.62846986594133
96.35560442030996
96.0827389746786
95.80987352904725
95.53700808341588
95.26414263778454
94.99127719215318
94.71841174652181
94.44554630089047
94.1726808552591
93.89981540962773
93.6269499639964
93.35408451836503
93.08121907273367
92.80835362710232
92.53548818147095
92.2626227358396
91.98975729020825
91.71689184457688
91.44402639894552
91.17116095331417
90.8982955076828
90.62543006205145
90.3525646164201
90.07969917078873
89.80683372515738
89.53396827952602
89.26110283389465
88.9882373882633
88.71537194263195
88.44250649700058
88.16964105136923
87.89677560573787
87.6239101601065
87.35104471447515
87.0781792688438
86.80531382321243
86.53244837758109
88.31378341451142
90.09511845144175
91.87645348837209
91.61386207434839
91.3512706603247
91.08867924630098
90.8260878322773
90.56349641825359
90.30090500422989
90.0383135902062
89.77572217618248
89.5131307621588
89.25053934813509
88.98794793411139
88.7253565200877
88.46276510606398
88.2001736920403
87.93758227801659
87.67499086399289
87.41239944996919
87.14980803594548
86.8872166219218
86.62462520789809
86.36203379387439
86.09944237985069
85.83685096582698
85.5742595518033
85.31166813777959
85.04907672375589
84.78648530973219
84.52389389570848
84.2613024816848
83.99871106766109
83.73611965363739
83.47352823961369
83.21093682558998
82.9483454115663
82.68575399754259
82.42316258351889
85.19976657319387
87.97637056286896
90.75297455254395
93.52957854221904
96.30618253189401
95.95079823134108
95.59541393078814
95.24002963023521
94.88464532968229
94.52926102912936
94.17387672857642
93.81849242802349
93.46310812747056
93.10772382691763
92.7523395263647
92.39695522581177
92.04157092525884
91.68618662470591
91.33080232415297
90.97541802360004
90.62003372304711
90.26464942249419
89.90926512194125
89.55388082138832
89.19849652083539
88.84311222028245
88.48772791972952
88.1323436191766
87.77695931862367
87.42157501807073
87.0661907175178
86.71080641696487
86.35542211641194
86.000037815859
85.64465351530608
85.28926921475315
84.93388491420022
84.57850061364728
84.22311631309447
86.8019304832394
89.38074465338445
91.95955882352939
91.67963851442997
91.39971820533054
91.11979789623112
90.8398775871317
90.55995727803227
90.28003696893285
90.00011665983342
89.720196350734
89.44027604163458
89.16035573253515
88.88043542343573
88.6005151143363
88.32059480523688
88.04067449613746
87.76075418703803
87.48083387793861
87.20091356883918
86.92099325973976
86.64107295064034
86.36115264154091
86.08123233244149
85.80131202334206
85.52139171424264
85.24147140514322
84.96155109604379
84.68163078694437
84.40171047784494
84.12179016874552
86.79798176699819
89.47417336525086
92.15036496350365
91.89042256987588
91.63048017624813
91.37053778262036
91.11059538899259
90.85065299536484
90.59071060173707
90.33076820810932
90.07082581448155
89.8108834208538
89.55094102722603
89.29099863359828
89.03105623997051
88.77111384634276
88.51117145271499
88.25122905908724
87.99128666545947
87.73134427183172
87.47140187820395
87.2114594845762
86.95151709094843
86.69157469732068
86.43163230369291
86.17168991006515
85.91174751643739
85.65180512280962
85.39186272918187
85.1319203355541
84.87197794192635
84.61203554829858
84.35209315467083
84.09215076104306
83.8322083674153
83.57226597378754
83.31232358015978
83.05238118653202
82.79243879290426
82.5324963992765
82.27255400564874
82.01261161202098
81.75266921839322
81.49272682476546
81.23278443113759
84.81001239361035
88.38724035608308
88.12151129708042
87.85578223807777
87.59005317907511
87.32432412007246
87.0585950610698
86.79286600206714
86.52713694306449
86.26140788406182
85.99567882505917
85.72994976605652
85.46422070705385
85.1984916480512
84.93276258904855
84.6670335300459
84.40130447104323
84.13557541204058
83.86984635303793
83.60411729403526
83.33838823503261
83.07265917603013
85.6503456090445
88.22803204205889
90.80571847507333
90.51489640193155
90.22407432878977
89.93325225564797
89.64243018250619
89.3516081093644
89.06078603622261
88.76996396308083
88.47914188993903
88.18831981679725
87.89749774365546
87.60667567051367
87.31585359737188
87.0250315242301
86.7342094510883
86.44338737794652
86.15256530480474
85.86174323166294
85.57092115852116
85.28009908537938
84.98927701223758
84.6984549390958
84.40763286595401
84.11681079281222
83.82598871967043
83.53516664652864
83.24434457338685
82.95352250024507
82.66270042710327
82.37187835396149
82.08105628081971
81.79023420767791
81.49941213453613
81.20859006139435
80.91776798825254
83.60112338125577
86.28447877425901
88.9678341672623
88.68179263673123
88.39575110620015
88.10970957566909
87.82366804513802
87.53762651460696
87.25158498407586
86.9655434535448
86.67950192301373
86.39346039248267
86.1074188619516
85.82137733142054
89.8358490363446
93.85032074126872
93.53128162438608
93.21224250750345
92.89320339062081
92.57416427373815
92.25512515685551
91.93608603997288
91.61704692309024
91.29800780620761
90.97896868932497
90.65992957244234
90.34089045555967
90.02185133867704
89.7028122217944
89.38377310491177
89.06473398802913
88.7456948711465
88.42665575426386
88.1076166373812
87.78857752049856
87.46953840361593
87.1504992867334
88.67464434880048
90.19878941086745
91.72293447293447
91.42923031035775
91.13552614778106
90.84182198520435
90.54811782262763
90.25441366005094
89.96070949747423
89.66700533489751
89.37330117232082
89.0795970097441
88.78589284716742
88.4921886845907
88.19848452201398
87.9047803594373
87.61107619686058
87.31737203428389
87.02366787170718
86.72996370913046
86.43625954655377
86.14255538397705
85.84885122140034
85.55514705882365
87.00275602281442
88.4503649868052
89.89797395079594
89.63148597682115
89.36499800284636
89.09851002887157
88.83202205489678
88.56553408092202
88.29904610694723
88.03255813297244
87.76607015899765
87.49958218502286
87.23309421104807
86.96660623707328
86.70011826309852
86.43363028912373
86.16714231514894
85.90065434117415
85.63416636719936
85.36767839322457
85.10119041924978
84.83470244527498
84.56821447130022
84.30172649732543
84.03523852335064
83.76875054937585
83.50226257540106
83.23577460142627
82.96928662745148
82.70279865347669
82.43631067950193
82.16982270552714
81.90333473155235
81.63684675757756
81.37035878360277
81.10387080962798
80.83738283565319
80.5708948616784
80.30440688770364
80.03791891372884
79.77143093975405
79.50494296577926
82.84678286013514
86.188622754491
85.92107867871891
85.65353460294682
85.38599052717473
85.11844645140263
84.85090237563054
84.58335829985847
84.31581422408638
84.04827014831429
83.7807260725422
83.5131819967701
83.245637920998
82.97809384522591
82.71054976945385
82.44300569368176
82.17546161790966
81.90791754213757
81.64037346636547
81.37282939059338
81.10528531482129
80.83774123904922
80.57019716327713
80.30265308750504
80.03510901173294
79.76756493596085
79.50002086018876
79.23247678441666
78.9649327086446
78.69738863287262
80.34900535723841
82.00062208160432
83.65223880597014
83.39870554122109
83.14517227647201
82.89163901172293
82.63810574697388
82.3845724822248
82.13103921747572
81.87750595272666
81.62397268797758
81.37043942322853
81.11690615847945
80.86337289373037
80.60983962898132
80.35630636423224
80.10277309948319
79.8492398347341
79.59570656998503
79.34217330523597
79.0886400404869
78.83510677573784
78.58157351098876
78.32804024623968
78.07450698149063
77.82097371674155
77.5674404519925
77.31390718724342
77.06037392249434
76.80684065774528
76.5533073929962
78.65155805763061
80.7498087222647
80.50865126699216
80.26749381171962
80.02633635644705
79.7851789011745
79.54402144590196
79.30286399062942
79.06170653535685
78.8205490800843
78.57939162481176
78.33823416953919
78.09707671426665
77.8559192589941
77.61476180372154
77.37360434844899
77.13244689317645
76.89128943790388
76.65013198263134
76.4089745273588
76.16781707208625
75.92665961681368
75.68550216154114
75.4443447062686
75.20318725099617
76.58976042174015
77.97633359248414
79.36290676322812
80.74947993397211
82.1360531047161
83.52262627546008
84.90919944620418
86.29577261694817
87.68234578769216
89.06891895843614
90.45549212918013
91.84206529992409
91.52574742935593
91.20942955878778
90.89311168821962
90.57679381765146
90.26047594708331
89.94415807651515
89.627840205947
89.31152233537884
88.99520446481068
88.67888659424253
88.36256872367437
88.04625085310622
87.72993298253806
87.4136151119699
87.09729724140175
86.78097937083359
86.46466150026544
86.14834362969728
85.83202575912912
85.51570788856097
85.19939001799281
84.88307214742466
84.5667542768565
84.25043640628834
83.93411853572019
83.61780066515203
83.30148279458388
82.98516492401572
82.66884705344756
82.35252918287938
84.44117284832032
86.52981651376149
86.13885906862367
85.7479016234858
85.35694417834793
84.96598673321006
84.57502928807219
84.18407184293432
83.79311439779644
83.40215695265857
83.0111995075207
82.62024206238283
82.22928461724496
81.83832717210714
81.44736972696927
81.0564122818314
80.66545483669353
80.27449739155566
79.88353994641778
79.49258250127991
79.10162505614204
78.71066761100417
78.3197101658663
77.92875272072843
77.5377952755905
79.18971216297268
80.84162905035487
82.49354593773731
82.21055687803477
81.92756781833222
81.64457875862968
81.36158969892713
81.07860063922459
80.79561157952205
80.51262251981953
80.22963346011699
79.94664440041444
79.6636553407119
79.38066628100935
79.09767722130681
78.81468816160427
78.53169910190172
78.24871004219918
77.96572098249666
77.68273192279412
77.39974286309157
77.11675380338903
76.83376474368649
76.55077568398394
76.2677866242814
75.98479756457886
75.70180850487631
75.4188194451738
75.13583038547125
74.85284132576871
74.56985226606616
74.28686320636362
74.00387414666108
73.72088508695853
73.43789602725599
73.15490696755344
72.87191790785093
72.58892884814838
72.30593978844581
75.90081127712665
79.49568276580749
83.09055425448867
82.78655629299982
82.482558331511
82.17856037002215
81.87456240853331
81.57056444704449
81.26656648555564
80.96256852406682
80.65857056257798
80.35457260108916
80.05057463960031
79.74657667811147
79.44257871662265
79.1385807551338
78.83458279364498
78.53058483215614
78.22658687066732
77.92258890917847
77.61859094768963
77.31459298620081
77.01059502471196
76.70659706322314
76.4025991017343
76.09860114024548
75.79460317875663
75.49060521726778
75.18660725577897
74.88260929429012
74.5786113328013
77.78818924354573
80.99776715429016
84.20734506503447
83.81623434713106
83.42512362922764
83.03401291132423
82.64290219342081
82.2517914755174
81.86068075761398
81.46957003971056
81.07845932180714
80.68734860390379
80.29623788600037
79.90512716809695
79.51401645019354
79.12290573229012
78.7317950143867
78.34068429648329
77.94957357857987
77.55846286067646
77.1673521427731
76.77624142486968
76.38513070696627
75.99401998906285
75.60290927115943
75.21179855325602
74.8206878353526
74.42957711744918
74.03846639954577
73.64735568164241
73.25624496373848
77.36249664249226
81.46874832124604
85.57500000000002
85.25934921042867
84.94369842085729
84.62804763128591
84.31239684171456
83.99674605214318
83.6810952625718
83.36544447300045
83.04979368342907
82.7341428938577
82.41849210428634
82.10284131471496
81.78719052514361
81.47153973557221
81.15588894600086
80.8402381564295
80.5245873668581
80.20893657728675
79.8932857877154
79.57763499814399
79.26198420857264
78.94633341900129
78.63068262942988
78.31503183985853
77.99938105028718
77.68373026071578
77.36807947114443
77.05242868157302
79.99306763762797
82.93370659368293
85.87434554973822
85.46523677583662
85.05612800193495
84.64701922803329
84.23791045413162
83.82880168022996
83.4196929063283
83.01058413242663
82.60147535852497
82.1923665846233
81.78325781072164
81.37414903681997
80.96504026291831
80.55593148901664
80.14682271511498
79.73771394121331
79.32860516731165
78.91949639340999
78.51038761950832
78.10127884560666
77.692170071705
77.28306129780333
76.87395252390166
76.46484375
77.35262366310155
78.24040357620322
79.12818348930477
80.01596340240644
80.903743315508
80.64155084274336
80.37935836997875
80.11716589721414
79.85497342444955
82.18113469932314
84.50729597419695
86.83345724907065
86.50306121995777
86.17266519084484
85.84226916173196
85.51187313261903
85.18147710350615
84.85108107439322
84.52068504528035
84.19028901616741
83.85989298705454
83.5294969579416
83.19910092882873
82.8687048997158
82.53830887060292
82.20791284149004
81.87751681237711
81.54712078326423
81.2167247541513
80.8863287250384
80.9129110030197
80.93949328100099
80.96607555898228
80.7261034596466
80.48613136031094
80.24615926097528
80.00618716163959
80.28324541887838
80.5603036761172
80.83736193335602
81.11442019059481
81.3914784478336
81.66853670507243
81.94559496231125
82.22265321955004
82.04662004661998
82.4851788156675
82.92373758471501
83.36229635376264
83.11766920672284
82.873042059683
82.62841491264317
82.38378776560336
82.13916061856352
81.89453347152372
81.64990632448388
81.40527917744404
81.16065203040424
80.9160248833644
80.67139773632456
80.42677058928476
80.18214344224492
79.93751629520509
79.69288914816528
79.44826200112544
79.2036348540856
78.9590077070458
78.71438056000596
78.46975341296616
78.22512626592632
77.98049911888648
77.73587197184668
77.49124482480684
77.246617677767
77.0019905307272
76.75736338368736
76.5127362366475
76.83691149800333
77.16108675935916
77.48526202071506
77.80943728207089
78.13361254342672
78.45778780478261
78.78196306613845
79.10613832749428
79.43031358885017
79.26537855691058
79.10044352497096
78.93550849303136
78.77057346109174
78.60563842915215
78.44070339721256
78.27576836527294
78.1108333333334
79.42980291871254
80.7487725040917
80.51235673112018
80.27594095814862
80.0395251851771
79.80310941220557
79.56669363923402
79.33027786626249
79.09386209329097
78.85744632031941
78.62103054734789
78.38461477437636
78.1481990014048
77.91178322843328
77.67536745546175
77.4389516824902
77.20253590951867
76.96612013654715
76.72970436357559
76.4932885906046
79.94953048519801
83.40577237979187
86.86201427438539
86.53161251064188
86.20121074689843
85.87080898315492
85.54040721941146
85.21000545566801
84.8796036919245
84.54920192818105
84.2188001644376
83.88839840069409
83.55799663695063
83.22759487320712
82.89719310946367
82.56679134572022
82.23638958197671
81.90598781823326
81.57558605448975
81.2451842907463
80.91478252700284
80.58438076325933
80.25397899951588
79.92357723577243
83.12527563296089
86.3269740301489
89.52867242733703
89.2397938812939
88.95091533525078
88.6620367892076
88.37315824316448
88.08427969712136
87.79540115107824
87.50652260503512
87.217644058992
86.92876551294887
86.63988696690575
86.35100842086257
86.06212987481945
85.77325132877633
85.4843727827332
85.19549423669008
84.90661569064696
84.61773714460384
84.32885859856071
84.03998005251754
83.75110150647441
83.46222296043129
83.17334441438817
82.88446586834505
82.59558732230192
82.3067087762588
82.01783023021568
81.7289516841725
81.44007313812938
81.15119459208626
80.86231604604313
80.57343750000001
80.96763225200726
81.36182700401451
81.75602175602182
81.50103544281194
81.24604912960206
80.99106281639223
80.73607650318235
80.48109018997246
80.22610387676264
79.97111756355275
79.71613125034293
79.46114493713304
79.20615862392316
78.95117231071333
78.69618599750345
78.44119968429357
78.69207616083708
78.94295263738053
79.19382911392407
78.98574718554096
78.77766525715788
78.56958332877477
78.36150140039166
78.15341947200858
77.94533754362547
77.73725561524236
77.52917368685928
77.32109175847617
77.11300983009306
76.90492790170998
76.69684597332687
76.48876404494376
78.60803236509491
80.72730068524606
82.8465690053971
82.55554621697962
82.26452342856214
81.97350064014466
81.68247785172713
81.39145506330965
81.10043227489217
80.80940948647469
80.51838669805721
80.22736390963973
79.9363411212222
79.64531833280472
79.35429554438724
79.06327275596976
78.77224996755228
78.4812271791348
78.19020439071733
77.89918160229979
77.60815881388231
77.31713602546483
77.02611323704735
76.73509044862988
76.4440676602124
76.15304487179492
79.01421632937581
81.87538778695671
84.73655924453806
87.59773070211895
90.45890215969985
93.32007361728074
96.18124507486209
95.74886509552744
95.31648511619278
94.88410513685807
94.45172515752341
94.01934517818876
93.5869651988541
93.15458521951945
92.72220524018479
92.28982526085008
91.85744528151542
91.42506530218077
90.99268532284611
90.56030534351135
92.21608681886937
93.87186829422717
95.52764976958531
95.04683437964388
94.56601898970246
94.08520359976103
93.60438820981972
93.12357281987829
92.64275742993686
92.16194203999544
91.68112665005413
91.2003112601127
90.71949587017127
90.23868048022985
89.75786509028842
89.2770497003471
88.79623431040568
88.31541892046425
87.83460353052283
87.35378814058151
86.87297275064009
86.39215736069866
85.91134197075723
85.43052658081592
84.9497111908745
84.46889580093307
85.71558227524883
86.96226874956483
88.2089552238806
87.91225529075285
87.61555535762506
87.31885542449731
87.02215549136952
86.72545555824178
86.42875562511398
86.13205569198624
85.83535575885844
85.5386558257307
85.2419558926029
84.94525595947516
84.64855602634742
84.35185609321962
84.05515616009188
83.75845622696409
83.46175629383634
83.16505636070856
83.27287115342878
83.380685946149
83.4885007388692
83.59631553158943
83.70413032430965
83.81194511702984
83.51551380759145
83.21908249815311
82.92265118871472
82.62621987927639
82.32978856983806
82.03335726039967
81.73692595096134
81.44049464152295
81.14406333208461
80.84763202264628
80.55120071320789
80.25476940376956
79.95833809433117
79.66190678489284
79.3654754754545
79.06904416601611
78.77261285657778
78.47618154713939
78.17975023770106
77.88331892826272
79.28941527815141
80.69551162803987
82.10160797792855
83.50770432781724
84.91380067770592
86.3198970275946
87.72599337748346
87.51238653872144
87.29877969995945
87.08517286119746
86.87156602243545
86.65795918367347
86.65795918367348
86.27805694831557
85.89815471295765
85.51825247759967
85.13835024224176
84.75844800688378
84.37854577152586
83.99864353616795
83.61874130080997
83.23883906545205
82.85893683009414
82.47903459473616
82.09913235937825
81.71923012402027
81.33932788866235
80.95942565330444
80.57952341794646
80.19962118258854
79.81971894723063
79.43981671187265
79.05991447651473
78.68001224115682
78.30011000579884
77.92020777044092
77.54030553508295
77.16040329972498
77.76304001255403
78.36567672538308
78.96831343821214
79.57095015104119
80.17358686387024
80.7762235766993
81.37886028952835
81.9814970023574
82.58413371518645
83.1867704280155
82.67292164641037
82.15907286480524
81.6452240832001
81.13137530159497
80.61752651998984
80.1036777383847
79.58982895677957
79.07598017517444
78.5621313935693
78.04828261196417
77.53443383035903
77.02058504875413
77.62660924714135
78.23263344552845
78.83865764391567
79.44468184230288
80.05070604068999
80.6567302390772
81.26275443746431
81.86877863585153
82.47480283423863
83.08082703262585
83.68685123101295
84.29287542940017
84.89889962778727
85.50492382617449
86.1109480245616
86.71697222294881
87.32299642133603
87.92902061972313
88.53504481811035
89.14106901649745
89.74709321488467
90.35311741327178
90.95914161165899
91.5651658100461
92.17119000843331
92.77721420682042
93.38323840520758
93.00009255601424
92.6169467068209
92.23380085762756
91.85065500843422
91.46750915924088
91.08436331004754
90.7012174608542
90.31807161166086
89.93492576246751
89.55177991327423
89.16863406408083
92.94320935341693
96.71778464275212
100.49235993208833
100.08662116916321
99.68088240623808
99.27514364331296
98.86940488038795
98.46366611746282
98.0579273545377
97.65218859161257
97.24644982868745
96.84071106576232
96.4349723028372
96.02923353991218
95.62349477698706
95.21775601406193
94.81201725113681
94.40627848821168
94.00053972528656
93.59480096236143
93.18906219943631
92.7833234365113
92.37758467358617
91.97184591066105
91.56610714773592
91.1603683848108
90.75462962188567
90.34889085896054
89.94315209603553
89.53741333311041
89.13167457018528
88.72593580726016
88.32019704433515
88.95006880415258
89.57994056397013
90.20981232378756
90.839684083605
91.46955584342254
92.09942760323997
92.7292993630573
92.40366300350763
92.07802664395797
91.7523902844083
91.42675392485864
91.10111756530898
90.77548120575932
90.44984484620966
90.12420848666
89.79857212711033
89.47293576756067
89.14729940801101
88.82166304846135
88.49602668891168
88.17039032936202
87.84475396981236
87.5191176102627
87.19348125071303
86.86784489116337
86.54220853161365
86.21657217206399
85.89093581251433
85.56529945296467
85.23966309341506
85.9461111393847
86.65255918535422
87.35900723132374
88.06545527729327
88.77190332326279
88.48327915412023
88.19465498497766
87.9060308158351
87.61740664669253
87.32878247754996
87.04015830840734
86.75153413926478
86.46290997012221
86.17428580097965
85.88566163183708
85.59703746269446
85.3084132935519
85.01978912440933
84.73116495526676
84.4425407861242
84.15391661698163
83.86529244783901
83.57666827869645
83.28804410955388
82.99941994041131
82.71079577126875
82.42217160212613
84.5944588871671
86.76674617220806
88.93903345724902
88.63649667308232
88.33395988891567
88.03142310474897
87.72888632058226
87.42634953641556
87.12381275224885
86.8212759680822
86.5187391839155
86.2162023997488
85.91366561558209
85.61112883141539
85.30859204724874
85.00605526308203
84.70351847891533
84.40098169474862
84.09844491058197
83.79590812641527
83.49337134224857
83.19083455808186
82.88829777391516
82.58576098974851
82.2832242055818
81.9806874214151
81.6781506372484
81.37561385308169
81.07307706891504
80.77054028474834
80.46800350058163
80.16546671641493
79.86292993224822
79.56039314808157
79.25785636391487
78.95531957974816
78.65278279558146
78.35024601141481
78.0477092272481
77.7451724430814
77.4426356589147
80.66897103629162
83.89530641366764
87.12164179104485
86.82142433499064
86.52120687893643
86.22098942288221
85.920771966828
85.62055451077379
85.32033705471957
85.02011959866536
84.71990214261115
84.41968468655693
84.11946723050272
83.81924977444851
83.5190323183943
83.21881486234014
82.91859740628593
82.61837995023171
82.3181624941775
82.01794503812329
81.71772758206907
81.41751012601486
81.11729266996065
80.81707521390643
80.51685775785222
80.21664030179801
79.9164228457438
79.61620538968958
79.31598793363537
82.94259796385722
86.56920799407845
86.27552127166075
85.98183454924305
85.68814782682534
85.39446110440764
85.10077438198994
84.80708765957223
84.51340093715453
84.21971421473683
83.92602749231912
83.63234076990142
83.33865404748377
83.04496732506607
82.75128060264836
82.45759388023066
82.16390715781296
81.87022043539525
81.57653371297755
81.28284699055985
80.98916026814214
80.69547354572444
80.40178682330674
80.10810010088909
79.81441337847139
79.52072665605368
79.22703993363598
78.93335321121828
78.63966648880057
78.34597976638287
78.05229304396516
77.75860632154746
77.46491959912976
77.17123287671257
80.48371518306521
83.79619748941786
87.10867979576943
86.79280769270332
86.47693558963721
86.1610634865711
85.84519138350498
85.52931928043887
85.21344717737281
84.8975750743067
84.58170297124059
84.26583086817448
83.94995876510836
83.63408666204225
83.31821455897614
83.00234245591002
82.68647035284391
82.3705982497778
82.05472614671169
81.73885404364557
81.42298194057946
81.10710983751335
80.79123773444724
80.47536563138112
80.15949352831501
79.8436214252489
79.52774932218279
79.21187721911667
78.89600511605062
78.5801330129845
78.26426090991839
77.94838880685228
77.6325167037862