120.71163748712667
120.88045857017907
121.04927965323147
121.21810073628387
121.38692181933628
121.55574290238869
121.7245639854411
121.89338506849349
122.0622061515459
122.2310272345983
122.39984831765071
122.56866940070312
122.73749048375551
122.90631156680791
123.07513264986032
123.24395373291273
123.21962512821506
123.19529652351738
123.3046294784369
123.4139624333564
123.52329538827591
123.63262834319542
123.74196129811493
123.85129425303444
123.96062720795395
124.06996016287346
124.17929311779297
124.28862607271247
124.39795902763198
124.5072919825515
124.616624937471
124.72595789239051
124.83529084731002
124.94462380222953
125.05395675714904
125.16328971206855
125.27262266698806
125.38195562190757
125.49128857682707
125.60062153174658
125.70995448666609
125.8192874415856
125.92862039650511
126.03795335142462
126.14728630634413
126.25661926126364
126.36595221618315
126.47528517110266
125.08997906503058
123.7046729589585
122.3193668528864
122.05253090641355
121.7856949599407
121.51885901346785
121.252023066995
120.98518712052214
120.71835117404927
120.45151522757644
120.18467928110357
119.91784333463072
119.65100738815786
119.38417144168501
119.11733549521216
118.85049954873931
118.58366360226645
118.3168276557936
118.04999170932075
117.7831557628479
117.51631981637505
117.24948386990218
116.98264792342934
116.71581197695647
116.44897603048362
116.18214008401077
115.91530413753792
115.64846819106506
115.38163224459221
115.11479629811936
114.8479603516465
114.58112440517365
114.3142884587008
114.04745251222795
113.78061656575508
113.51378061928224
113.24694467280938
112.98010872633652
112.71327277986367
112.44643683339082
112.17960088691797
112.47576535573968
112.7719298245614
112.72476272648835
112.6775956284153
112.8331345408819
112.9886734533485
113.1442123658151
113.29975127828169
113.45529019074829
113.61082910321483
111.59699768098574
109.58316625875665
107.56933483652762
107.73930925083651
107.90928366514541
108.0792580794543
108.2492324937632
108.4192069080721
108.589181322381
108.75915573668989
108.92913015099879
109.09910456530768
109.26907897961658
109.43905339392548
109.60902780823437
109.77900222254327
109.94897663685217
110.11895105116106
110.28892546546996
110.45889987977885
110.62887429408775
110.79884870839665
110.96882312270554
111.13879753701444
111.30877195132334
111.47874636563223
111.64872077994113
111.81869519425003
111.98866960855892
112.15864402286782
112.32861843717671
112.49859285148561
112.66856726579451
112.8385416801034
113.0085160944123
113.1784905087212
113.3484649230301
113.51843933733899
113.68841375164789
113.85838816595678
114.02836258026568
114.19833699457457
114.36831140888347
114.53828582319237
114.70826023750126
114.87823465181016
115.04820906611906
115.21818348042795
115.38815789473685
114.50719298245616
113.62622807017544
112.74526315789475
111.86429824561404
110.98333333333335
111.21398457057578
111.44463580781823
111.67528704506066
111.90593828230311
112.13658951954554
112.367240756788
112.59789199403042
112.82854323127287
113.0591944685153
113.28984570575776
113.52049694300018
113.75114818024264
113.98179941748508
114.21245065472752
114.44310189196996
114.6737531292124
114.90440436645484
115.13505560369728
115.36570684093972
115.59635807818216
115.8270093154246
116.05766055266704
116.28831178990949
116.51896302715193
116.74961426439438
116.98026550163681
117.21091673887926
117.44156797612169
117.67221921336414
117.90287045060657
118.13352168784903
118.36417292509145
118.59482416233391
118.82547539957633
119.05612663681879
119.28677787406123
119.51742911130367
119.74808034854611
119.97873158578855
120.20938282303099
120.44003406027343
120.67068529751587
120.90133653475831
121.13198777200076
121.3626390092432
121.59329024648564
121.82394148372808
122.05459272097062
120.52520946498714
118.99582620900367
117.46644295302013
117.58137987108478
117.69631678914942
117.81125370721405
117.92619062527869
118.04112754334332
118.156064461408
117.23524562496755
116.31442678852713
115.39360795208671
114.47278911564626
114.65843252148956
114.84407592733285
115.02971933317615
115.21536273901944
115.40100614486273
115.58664955070603
115.56114998952084
115.53565042833566
115.51015086715049
115.4846513059653
115.45915174478012
115.43365218359494
115.40815262240976
115.38265306122459
115.24440262175965
115.10615218229472
114.96790174282978
114.82965130336484
114.69140086389991
114.55315042443499
114.41489998497005
114.27664954550512
114.1383991060402
114.00014866657526
113.86189822711032
113.72364778764539
113.58539734818046
113.44714690871552
113.30889646925058
113.17064602978566
113.03239559032073
112.89414515085579
112.75589471139085
112.61764427192593
112.479393832461
112.34114339299606
112.20289295353112
112.0646425140662
111.92639207460127
111.78814163513633
111.64989119567139
111.51164075620646
111.37339031674153
111.2351398772766
111.09688943781165
110.95863899834673
110.8203885588818
110.68213811941686
110.54388767995192
110.405637240487
110.26738680102207
110.12913636155713
109.99088592209219
109.85263548262726
109.71438504316234
109.5761346036974
109.43788416423246
109.29963372476753
109.16138328530259
109.24941371564049
109.33744414597838
109.42547457631628
109.51350500665416
109.60153543699205
109.68956586732995
109.77759629766784
109.86562672800574
109.95365715834362
110.04168758868151
110.1297180190194
110.2177484493573
110.3057788796952
110.39380931003308
110.48183974037097
110.56987017070887
110.65790060104676
110.74593103138466
110.83396146172254
110.92199189206043
111.01002232239833
111.09805275273622
111.18608318307412
111.274113613412
111.3621440437499
111.45017447408779
111.53820490442568
111.62623533476358
111.71426576510146
111.80229619543935
111.89032662577725
111.97835705611514
112.06638748645304
112.15441791679092
112.24244834712881
112.33047877746671
112.4185092078046
112.5065396381425
112.59457006848038
112.68260049881827
112.77063092915617
112.85866135949406
112.94669178983196
113.03472222016984
113.12275265050773
113.21078308084563
113.29881351118352
113.38684394152142
113.4748743718593
113.46845524413511
113.46203611641093
113.45561698868674
113.44919786096256
113.58981585530438
113.73043384964622
113.87105184398806
114.01166983832988
114.1522878326717
114.29290582701354
114.43352382135538
114.5741418156972
114.71475981003903
114.85537780438086
114.9959957987227
115.13661379306453
115.27723178740635
115.41784978174819
115.55846777609003
115.69908577043185
115.83970376477367
115.98032175911551
116.12093975345735
116.26155774779917
116.402175742141
116.54279373648284
116.68341173082467
116.8240297251665
116.96464771950832
117.10526571385016
117.245883708192
117.38650170253382
117.52711969687564
117.66773769121748
117.80835568555932
117.94897367990114
118.08959167424297
118.2302096685848
118.37082766292664
118.51144565726847
118.65206365161029
118.79268164595213
118.93329964029397
119.0739176346359
117.2436589776537
115.41340032067149
113.58314166368928
111.75288300670707
109.92262434972497
108.0923656927427
108.28060522784084
108.46884476293899
108.65708429803713
108.84532383313527
109.03356336823342
109.22180290333156
109.4100424384297
109.59828197352785
109.786521508626
109.97476104372413
110.16300057882228
110.35124011392041
110.53947964901856
110.72771918411671
110.91595871921484
111.10419825431299
111.29243778941114
111.48067732450927
111.66891685960742
111.85715639470557
112.0453959298037
112.23363546490185
112.421875
108.68268369175644
104.94349238351265
101.20430107526882
101.35542089196431
101.5065407086598
101.65766052535531
101.8087803420508
101.95990015874631
102.11101997544179
102.26213979213729
102.41325960883279
102.56437942552829
102.71549924222379
102.86661905891928
103.01773887561478
103.16885869231027
103.31997850900578
103.47109832570126
103.62221814239678
103.77333795909226
103.92445777578776
104.07557759248326
104.22669740917875
104.37781722587425
104.52893704256975
104.68005685926525
104.83117667596073
104.98229649265625
105.13341630935173
105.28453612604723
105.43565594274273
105.58677575943823
105.73789557613372
105.88901539282922
106.04013520952472
106.19125502622022
106.34237484291572
106.49349465961122
106.6446144763067
106.7957342930022
106.9468541096977
107.0979739263932
107.2490937430887
107.40021355978419
107.55133337647969
107.70245319317519
107.85357300987069
108.00469282656618
108.15581264326168
108.30693245995717
108.45805227665267
108.60917209334816
108.76029191004366
108.91141172673916
109.06253154343466
109.21365136013016
109.36477117682566
109.51589099352115
109.66701081021665
109.81813062691214
109.96925044360763
110.12037026030313
110.27149007699863
110.42260989369413
110.57372971038963
110.72484952708513
110.80271387529915
110.88057822351317
110.95844257172718
111.03630691994121
111.11417126815522
111.19203561636925
111.26989996458326
111.34776431279728
111.4256286610113
111.50349300922532
111.58135735743934
111.65922170565335
111.73708605386739
111.8149504020814
111.89281475029541
111.97067909850944
112.04854344672346
112.12640779493748
112.20427214315148
112.28213649136552
112.36000083957953
112.43786518779356
112.51572953600757
112.59359388422159
112.67145823243561
112.74932258064962
112.82718692886365
112.90505127707766
112.9829156252917
113.0607799735057
113.13864432171972
113.21650866993375
113.29437301814777
113.37223736636179
113.4501017145758
113.52796606278983
113.60583041100384
113.68369475921786
113.76155910743188
113.8394234556459
113.91728780385992
113.99515215207393
114.07301650028796
114.15088084850197
114.228745196716
114.30660954493001
114.38447389314403
114.46233824135805
114.54020258957208
114.6180669377861
114.6959312860001
114.77379563421414
114.85165998242815
114.92952433064217
115.00738867885619
115.08525302707021
115.16311737528423
115.24098172349824
115.31884607171227
115.39671041992628
115.4745747681403
115.55243911635432
115.63030346456834
115.70816781278236
115.78603216099637
115.8638965092104
115.94176085742441
116.01962520563845
116.09748955385245
116.17535390206648
116.2532182502805
116.33108259849452
116.40894694670854
116.48681129492255
116.56467564313658
116.64253999135059
116.72040433956461
116.79826868777863
116.87613303599265
116.95399738420667
117.03186173242068
117.10972608063472
117.18759042884872
117.26545477706274
117.34331912527676
117.42118347349079
117.4990478217048
117.57691216991881
117.65477651813285
117.73264086634686
117.81050521456089
117.8883695627749
117.96623391098892
118.04409825920294
118.12196260741696
118.19982695563098
118.27769130384499
118.35555565205902
118.43342000027303
118.51128434848705
118.58914869670107
118.6670130449151
118.74487739312912
118.82274174134312
118.90060608955716
118.97847043777116
119.05633478598519
119.13419913419932
117.55915913176682
115.98411912933443
114.40907912690193
112.83403912446943
111.25899912203687
111.46068316235193
111.66236720266699
111.86405124298204
112.0657352832971
112.26741932361216
112.4691033639272
112.67078740424226
112.87247144455732
113.07415548487238
113.27583952518744
113.4775235655025
113.67920760581755
113.88089164613261
114.08257568644767
114.28425972676271
114.48594376707777
114.68762780739283
114.88931184770789
115.09099588802295
115.292679928338
115.49436396865306
115.69604800896812
115.89773204928318
116.09941608959822
116.30110012991328
116.50278417022834
116.7044682105434
116.90615225085845
117.10783629117351
117.30952033148857
117.51120437180363
117.71288841211869
117.91457245243373
118.11625649274879
118.31794053306385
118.5196245733789
115.57837096457206
112.63711735576544
109.69586374695865
109.9387137194442
110.18156369192974
110.42441366441525
110.6672636369008
110.91011360938634
111.15296358187189
111.3958135543574
111.63866352684295
111.88151349932849
112.12436347181401
112.36721344429955
112.6100634167851
112.85291338927064
113.09576336175616
113.3386133342417
113.58146330672724
113.82431327921279
114.0671632516983
114.31001322418385
114.55286319666939
114.79571316915491
115.03856314164045
115.281413114126
115.52426308661154
115.76711305909706
116.0099630315826
116.25281300406814
116.49566297655366
116.7385129490392
115.02556768569252
113.31262242234584
111.59967715899919
111.81035012875205
112.02102309850491
112.23169606825778
112.44236903801067
112.65304200776353
112.8637149775164
113.07438794726926
113.28506091702212
113.49573388677499
113.70640685652785
113.91707982628074
114.1277527960336
114.33842576578647
114.54909873553933
114.7597717052922
114.97044467504506
115.18111764479792
115.39179061455081
115.60246358430368
115.81313655405654
116.0238095238094
112.99513159896537
109.9664536741214
110.18121410698362
110.39597453984581
110.61073497270803
110.82549540557022
111.04025583843242
111.25501627129464
111.46977670415683
111.68453713701902
111.89929756988124
112.11405800274343
112.32881843560565
112.54357886846785
112.75833930133004
112.97309973419226
113.18786016705445
113.40262059991667
113.61738103277887
113.83214146564106
114.04690189850328
114.26166233136547
114.47642276422744
112.08283256745608
109.6892423706845
107.29565217391306
107.54284584980238
107.7900395256917
108.03723320158102
108.28442687747034
108.53162055335969
108.77881422924901
109.02600790513833
109.27320158102765
109.52039525691697
109.76758893280635
108.13170508926783
106.49582124572953
104.85993740219092
105.0740080188518
105.28807863551268
105.50214925217355
105.71621986883446
105.93029048549533
106.14436110215621
106.35843171881709
106.57250233547796
106.78657295213884
107.00064356879972
107.21471418546062
107.4287848021215
107.64285541878237
107.85692603544325
108.07099665210413
108.285067268765
108.49913788542588
108.71320850208676
108.92727911874763
109.14134973540854
109.35542035206942
109.56949096873029
109.78356158539117
109.99763220205205
108.65024976692189
107.30286733179162
105.95548489666135
106.17832785623901
106.40117081581667
106.62401377539433
106.84685673497196
107.06969969454963
107.29254265412729
107.51538561370492
107.73822857328258
107.96107153286025
108.18391449243788
108.40675745201554
108.6296004115932
108.85244337117086
109.0752863307485
109.29812929032616
109.52097224990382
109.74381520948145
109.96665816905912
110.18950112863678
110.41234408821441
110.63518704779207
110.85803000736973
111.0808729669474
111.30371592652503
111.52655888610269
111.74940184568035
111.97224480525799
112.19508776483565
112.41793072441331
112.64077368399097
112.8636166435686
113.08645960314627
113.30930256272393
113.53214552230156
113.75498848187922
113.97783144145689
114.20067440103452
114.42351736061218
114.64636032018984
114.8692032797675
115.09204623934514
115.3148891989228
115.53773215850046
115.7605751180781
115.98341807765576
116.20626103723342
116.42910399681105
116.65194695638871
116.8747899159664
115.24629116885649
113.61779242174629
113.77334845201554
113.92890448228479
114.08446051255406
114.24001654282333
114.39557257309258
114.55112860336183
114.7066846336311
114.86224066390037
113.4376842521242
112.0131278403478
110.58857142857143
110.75157015202505
110.91456887547871
111.07756759893233
111.24056632238596
111.40356504583961
111.56656376929324
111.7295624927469
111.89256121620052
112.05555993965417
112.2185586631078
112.38155738656143
112.54455611001508
112.70755483346898
110.65971727761507
108.6118797217614
106.56404216590772
104.51620461005405
102.46836705420014
100.42052949834647
98.37269194249279
96.32485438663889
94.27701683078521
92.22917927493154
90.18134171907758
90.63734906375839
91.09335640843915
91.54936375311996
92.00537109780078
92.46137844248159
92.9173857871624
93.37339313184316
93.82940047652397
94.28540782120479
94.7414151658856
95.19742251056641
95.65342985524723
96.10943719992798
96.5654445446088
97.02145188928961
97.47745923397042
97.93346657865123
98.38947392333199
98.8454812680128
99.30148861269362
99.75749595737443
100.21350330205524
100.669510646736
101.12551799141681
101.58152533609763
102.03753268077844
102.49354002545925
102.94954737014001
103.40555471482082
103.86156205950164
104.31756940418245
104.77357674886326
105.22958409354402
105.68559143822483
106.14159878290565
106.59760612758646
107.05361347226727
107.50962081694803
107.96562816162884
108.42163550630966
108.87764285099047
109.33365019567128
109.7896575403521
110.24566488503285
110.70167222971367
111.15767957439448
111.61368691907529
112.0696942637561
112.52570160843686
112.98170895311767
113.43771629779849
113.8937236424793
114.34973098716011
114.80573833184087
115.26174567652168
115.7177530212025
116.17376036588331
116.62976771056412
117.08577505524488
117.5417823999257
117.99778974460651
118.45379708928732
118.90980443396813
119.36581177864889
119.8218191233297
120.2778264680104
119.40820220794751
118.5385779478845
117.66895368782161
117.85039367996313
118.03183367210465
118.21327366424617
118.39471365638767
118.3501114191788
118.30550918197002
117.21066108655816
116.1158129911463
115.02096489573444
113.92611680032257
112.83126870491071
111.73642060949885
110.64157251408699
109.54672441867513
108.45187632326326
107.3570282278514
106.26218013243954
105.16733203702768
104.07248394161581
102.97763584620395
101.88278775079192
102.23957831309247
102.59636887539301
102.95315943769361
103.30994999999416
103.6667405622947
104.02353112459531
104.38032168689585
104.7371122491964
105.09390281149695
105.45069337379755
105.8074839360981
106.16427449839864
106.52106506069919
106.87785562299979
107.23464618530033
107.59143674760088
107.94822730990143
108.30501787220203
108.66180843450257
109.01859899680312
109.37538955910367
109.73218012140427
110.08897068370482
110.44576124600536
110.8025518083059
111.15934237060651
111.51613293290706
111.8729234952076
112.22971405750815
112.58650461980875
112.9432951821093
113.30008574440984
113.65687630671044
114.01366686901099
114.37045743131154
114.72724799361208
115.08403855591268
115.44082911821323
115.79761968051378
116.15441024281432
116.51120080511492
116.86799136741547
117.22478192971602
117.58157249201656
117.93836305431716
118.29515361661771
118.65194417891826
119.0087347412188
119.3655253035194
119.72231586581995
120.0791064281205
120.43589699042104
120.79268755272165
121.14947811502219
121.50626867732274
121.86305923962328
122.21984980192389
122.57664036422443
122.93343092652498
123.29022148882558
123.64701205112613
124.00380261342667
124.36059317572722
124.71738373802782
125.07417430032837
125.43096486262891
125.78775542492946
126.14454598723006
126.5013365495306
126.85812711183115
127.2149176741317
127.5717082364323
127.92849879873285
128.2852893610334
128.64207992333394
128.99887048563454
129.3556610479351
129.71245161023563
130.06924217253618
130.42603273483678
130.78282329713738
129.11534412126002
127.44786494538232
127.45401215396606
127.4601593625498
127.26209156463975
127.06402376672972
126.86595596881966
126.66788817090963
126.4698203729996
126.27175257508955
126.07368477717952
125.8756169792695
126.01628375518524
126.15695053110102
126.29761730701676
126.43828408293251
126.57895085884829
126.71961763476403
126.86028441067978
127.00095118659553
127.14161796251128
127.28228473842705
127.4229515143428
127.56361829025855
126.16988695798568
124.77615562571305
123.38242429344018
121.98869296116732
120.59496162889468
119.20123029662182
117.80749896434918
116.41376763207631
115.02003629980345
113.62630496753081
112.23257363525795
110.83884230298509
109.44511097071245
108.05137963843958
108.24450111246233
108.43762258648508
108.63074406050782
108.8238655345306
109.01698700855334
109.21010848257609
109.40322995659884
109.59635143062161
109.78947290464436
109.9825943786671
110.17571585268985
110.3688373267126
110.56195880073537
110.75508027475811
110.94820174878086
111.1413232228036
111.33444469682638
111.52756617084913
111.72068764487187
111.91380911889462
112.10693059291737
112.30005206694014
112.49317354096289
112.68629501498563
112.87941648900838
113.07253796303115
113.2656594370539
113.45878091107664
113.65190238509939
113.84502385912216
114.03814533314491
114.23126680716766
114.4243882811904
114.61750975521315
114.81063122923592
114.22144701190007
113.63226279456421
113.04307857722836
112.45389435989256
112.67590500981626
112.89791565974
113.1199263096637
113.3419369595874
113.56394760951113
113.78595825943484
114.00796890935857
114.22997955928227
114.451990209206
114.6740008591297
114.89601150905344
115.11802215897714
115.34003280890084
115.56204345882458
115.78405410874828
116.00606475867201
116.22807540859571
116.45008605851945
111.85378365291581
107.25748124731308
102.66117884170944
98.0648764361058
93.46857403050217
88.87227162489899
89.18250070393208
89.49272978296511
89.8029588619982
90.11318794103124
90.42341702006433
90.73364609909737
91.04387517813046
91.3541042571635
91.66433333619659
91.97456241522968
92.28479149426272
92.59502057329581
92.90524965232885
93.21547873136194
93.52570781039498
93.83593688942807
94.14616596846116
94.4563950474942
94.76662412652729
95.07685320556033
95.38708228459342
95.69731136362645
96.00754044265955
96.31776952169258
96.62799860072568
96.93822767975877
97.2484567587918
97.5586858378249
97.86891491685793
98.17914399589102
98.48937307492406
98.79960215395715
99.10983123299019
99.42006031202328
99.73028939105637
100.04051847008941
100.3507475491225
100.66097662815554
100.97120570718863
101.28143478622167
101.59166386525476
101.90189294428785
102.21212202332089
102.52235110235398
102.83258018138702
103.14280926042011
103.45303833945314
103.76326741848624
104.07349649751927
104.38372557655237
104.69395465558546
105.0041837346185
105.31441281365159
105.62464189268462
105.93487097171771
106.24510005075075
106.55532912978384
106.86555820881694
107.17578728784997
107.48601636688306
107.7962454459161
108.10647452494919
108.41670360398223
108.72693268301532
109.03716176204836
109.34739084108145
109.65761992011454
109.96784899914758
110.27807807818067
110.5883071572137
110.8985362362468
111.20876531527983
111.51899439431293
111.82922347334596
112.13945255237905
112.44968163141215
112.75991071044518
113.07013978947828
113.38036886851131
113.6905979475444
114.00082702657744
114.31105610561053
111.71427759871995
109.11749909182936
106.52072058493923
103.92394207804864
101.32716357115805
98.73038506426747
96.1336065573771
96.4361931363984
96.7387797154197
97.04136629444099
97.34395287346229
97.64653945248364
97.94912603150493
98.25171261052623
98.55429918954752
98.85688576856882
99.15947234759017
99.46205892661146
99.76464550563276
100.06723208465405
100.36981866367535
100.6724052426967
100.97499182171799
101.27757840073929
101.58016497976058
101.88275155878193
102.18533813780323
102.48792471682452
102.79051129584582
103.09309787486711
103.39568445388846
103.69827103290976
104.00085761193105
104.30344419095235
104.60603076997364
104.908617348995
105.21120392801629
105.51379050703758
105.81637708605888
106.11896366508017
106.42155024410152
106.72413682312282
107.02672340214411
107.32930998116541
107.6318965601867
107.93448313920806
108.23706971822935
108.53965629725064
108.84224287627194
109.14482945529323
109.44741603431459
109.75000261333588
110.05258919235717
110.35517577137847
110.65776235039976
110.96034892942106
110.84020873792275
110.72006854642441
110.5999283549261
110.47978816342777
110.35964797192946
110.23950778043113
110.11936758893279
110.38451462271337
110.64966165649395
110.91480869027453
111.1799557240551
111.44510275783568
111.71024979161626
111.97539682539686
111.91267749378775
111.84995816217864
111.78723883056952
111.72451949896042
111.66180016735132
111.5990808357422
111.53636150413308
111.47364217252397
111.77061980153968
112.0675974305554
112.36457505957105
111.53462323841563
110.70467141726056
110.93130657886309
111.15794174046562
111.3845769020682
111.61121206367073
111.83784722527326
112.06448238687585
112.29111754847838
112.51775271008091
112.7443878716835
112.97102303328603
113.19765819488856
113.42429335649115
113.65092851809368
113.87756367969621
114.1041988412988
114.33083400290133
114.55746916450386
114.78410432610644
115.01073948770897
115.2373746493115
115.46400981091409
115.69064497251662
115.91728013411915
116.14391529572174
116.37055045732427
116.5971856189268
116.82382078052939
117.05045594213192
117.27709110373445
117.50372626533704
117.73036142693957
117.9569965885421
118.18363175014468
118.41026691174721
118.63690207334975
118.86353723495233
119.09017239655486
119.3168075581574
119.54344271975998
119.77007788136251
119.99671304296504
120.22334820456763
120.44998336617016
120.67661852777269
120.90325368937528
121.1298888509778
121.35652401258034
121.58315917418292
121.80979433578545
122.03642949738799
122.26306465899006
120.6853593618157
119.10765406464134
117.52994876746652
115.95224347029216
114.3745381731178
112.79683287594298
111.21912757876862
109.64142228159426
108.06371698441944
106.48601168724508
104.90830639007027
103.33060109289619
103.53120972506917
103.7318183572421
103.93242698941509
104.13303562158808
104.33364425376107
104.53425288593405
104.73486151810704
104.93547015027997
105.13607878245296
104.73462941169464
104.33318004093633
103.93173067017801
103.5302812994197
103.12883192866138
102.72738255790307
102.32593318714476
101.92448381638644
101.52303444562813
101.12158507486981
100.7201357041115
100.31868633335307
99.91723696259476
99.51578759183644
99.11433822107813
98.71288885031981
98.3114394795615
97.90999010880324
98.26385576320973
98.61772141761617
98.97158707202266
99.32545272642915
99.67931838083564
100.03318403524207
100.38704968964856
100.74091534405505
101.09478099846154
101.44864665286798
101.80251230727447
102.15637796168096
102.5102436160874
102.86410927049388
103.21797492490037
103.57184057930687
103.9257062337133
104.27957188811979
104.63343754252628
104.98730319693271
105.3411688513392
105.6950345057457
106.04890016015219
106.40276581455862
106.75663146896511
107.1104971233716
107.46436277777804
107.81822843218453
108.17209408659102
108.52595974099751
108.87982539540394
109.23369104981043
109.58755670421692
109.94142235862341
110.29528801302985
110.64915366743634
111.00301932184283
111.35688497624926
111.71075063065575
112.06461628506224
112.41848193946873
112.77234759387517
113.12621324828166
113.48007890268815
113.83394455709458
114.18781021150107
114.54167586590756
114.89554152031405
115.24940717472049
115.60327282912698
115.95713848353347
116.3110041379399
116.6648697923464
117.01873544675288
117.37260110115938
117.72646675556581
118.08033240997224
117.76556729502317
117.45080218007416
117.1360370651251
116.82127195017603
116.50650683522696
116.19174172027789
115.87697660532882
115.56221149037981
115.24744637543074
114.93268126048167
114.6179161455326
114.30315103058354
113.98838591563447
113.67362080068546
113.35885568573639
113.04409057078732
112.72932545583825
112.41456034088918
112.09979522594011
111.7850301109911
111.47026499604203
111.15549988109296
110.8407347661439
110.52596965119483
110.21120453624576
109.89643942129675
109.58167430634768
109.26690919139861
108.95214407644954
108.63737896150047
108.3226138465514
108.0078487316024
107.69308361665333
107.37831850170426
107.06355338675519
106.74878827180612
106.43402315685711
106.11925804190804
105.80449292695897
105.4897278120099
105.17496269706083
104.86019758211177
104.54543246716275
104.23066735221369
103.91590223726462
103.60113712231555
103.28637200736648
103.6293918939175
103.97241178046852
104.31543166701948
104.6584515535705
105.00147144012152
105.34449132667254
105.6875112132235
106.03053109977452
106.37355098632554
106.7165708728765
107.05959075942752
107.40261064597854
107.74563053252956
108.08865041908052
108.43167030563154
108.77469019218256
109.11771007873358
109.46072996528454
109.80374985183556
110.14676973838658
110.48978962493754
110.83280951148856
111.17582939803958
111.5188492845906
111.86186917114156
112.20488905769258
112.5479089442436
112.89092883079462
113.23394871734558
113.5769686038966
113.91998849044762
114.26300837699858
114.6060282635496
114.94904815010062
115.29206803665164
115.6350879232026
115.97810780975362
116.32112769630464
116.66414758285566
117.00716746940662
117.35018735595764
117.69320724250866
118.03622712905963
118.37924701561064
117.1921678366316
116.00508865765232
114.81800947867299
114.96977995095614
115.12155042323926
115.27332089552239
115.25700934579439