105.23779724655819
105.43281149141197
105.62782573626573
105.82283998111951
106.01785422597328
106.21286847082705
106.40788271568083
106.6028969605346
106.79791120538837
106.99292545024214
107.1879396950959
107.38295393994969
107.57796818480345
107.77298242965723
107.967996674511
108.16301091936477
108.35802516421855
108.55303940907231
108.74805365392609
108.94306789877986
109.13808214363362
109.3330963884874
109.52811063334117
109.72312487819494
109.91813912304872
110.11315336790248
110.30816761275626
110.50318185761003
110.6981961024638
110.89321034731758
111.08822459217134
111.28323883702512
111.47825308187889
111.67326732673264
110.55268086332441
109.43209439991617
108.31150793650794
108.35269087318267
108.39387380985741
108.43505674653215
108.34175197575055
108.24844720496895
108.45376248325417
108.6590777615394
108.86439303982462
109.06970831810985
109.27502359639507
109.4803388746803
109.68565415296553
109.89096943125075
110.09628470953598
110.3015999878212
110.50691526610643
110.71223054439166
110.91754582267689
111.12286110096211
111.32817637924734
111.53349165753257
111.73880693581779
111.944122214103
112.14943749238823
112.35475277067346
112.56006804895868
112.76538332724391
112.97069860552914
113.17601388381436
113.38132916209959
113.58664444038482
113.79195971867004
113.99727499695527
114.2025902752405
114.40790555352572
114.61322083181095
114.81853611009618
115.0238513883814
115.22916666666663
114.5578320661896
113.88649746571258
113.21516286523556
112.54382826475853
108.28391959798995
108.52096651055733
108.75801342312471
108.99506033569207
109.23210724825944
109.46915416082682
109.7062010733942
109.94324798596156
110.18029489852893
110.4173418110963
110.65438872366367
110.89143563623105
111.12848254879842
111.3655294613658
111.60257637393316
111.83962328650054
112.0766701990679
112.31371711163528
112.55076402420265
112.78781093677003
113.0248578493374
113.26190476190473
110.87097897669702
108.48005319148936
108.66134101806003
108.84262884463067
109.02391667120133
109.20520449777199
109.38649232434264
109.5677801509133
109.74906797748395
109.9303558040546
110.11164363062525
110.2929314571959
110.47421928376656
110.65550711033721
110.83679493690786
111.01808276347852
111.19937059004917
111.38065841661982
111.56194624319048
111.74323406976113
111.92452189633178
112.10580972290244
112.28709754947309
112.46838537604376
112.64967320261438
112.41271646386315
112.17575972511192
111.93880298636068
111.70184624760945
111.46488950885822
111.22793277010699
110.99097603135576
110.75401929260454
110.64224071108943
110.53046212957432
110.4186835480592
110.3069049665441
110.19512638502898
110.08334780351387
109.97156922199876
109.85979064048365
109.74801205896856
109.63623347745344
109.52445489593833
109.41267631442322
109.30089773290811
109.189119151393
109.07734056987789
106.50437014731307
103.93139972474825
101.35842930218342
98.7854588796186
99.08934259458047
99.39322630954233
99.69711002450418
100.00099373946605
100.30487745442792
100.60876116938978
100.91264488435164
101.2165285993135
101.52041231427536
101.82429602923722
102.12817974419909
102.43206345916096
102.73594717412281
103.03983088908467
103.34371460404654
103.6475983190084
103.95148203397025
104.25536574893212
104.55924946389399
104.86313317885585
105.1670168938177
105.47090060877957
105.77478432374143
106.07866803870328
106.38255175366515
106.68643546862702
106.99031918358888
107.29420289855072
107.13331859181662
106.9724342850825
106.8115499783484
106.65066567161428
106.48978136488017
106.32889705814605
106.16801275141195
106.00712844467785
105.84624413794373
105.68535983120961
105.52447552447552
105.58265504986817
105.64083457526081
105.69901410065346
105.7571936260461
105.81537315143875
105.8735526768314
105.93173220222404
105.98991172761669
103.38571216632943
100.78151260504202
101.0835380760317
101.38556354702138
101.68758901801105
101.98961448900073
102.2916399599904
102.59366543098008
102.89569090196974
103.19771637295943
103.49974184394911
103.80176731493879
104.10379278592845
104.40581825691812
104.7078437279078
105.00986919889748
105.31189466988715
105.61392014087683
105.9159456118665
104.12354120603305
102.33113680019966
100.5387323943662
100.75306342718726
100.96739446000831
101.18172549282936
101.39605652565041
101.61038755847147
101.82471859129251
102.03904962411357
102.25338065693461
102.46771168975567
102.68204272257671
102.89637375539778
103.11070478821883
103.32503582103988
103.53936685386093
103.75369788668198
103.96802891950303
104.18235995232408
101.77180489860223
99.36124984488038
96.95069479115853
94.54013973743668
92.12958468371482
89.71902962999297
87.30847457627118
87.89701406483098
88.48555355339082
89.07409304195062
89.66263253051042
90.25117201907025
90.83971150763006
91.42825099618986
92.01679048474969
92.6053299733095
93.1938694618693
93.78240895042913
94.37094843898893
94.95948792754874
95.54802741610857
96.13656690466837
96.72510639322817
97.313645881788
97.90218537034781
98.49072485890761
99.07926434746744
99.66780383602725
100.25634332458705
100.84488281314688
101.43342230170668
102.02196179026649
102.61050127882632
103.19904076738612
100.63653632902344
98.0740318906606
98.38187482331071
98.68971775596083
98.99756068861093
99.30540362126105
99.61324655391115
99.92108948656127
100.22893241921138
100.53677535186148
100.8446182845116
101.1524612171617
101.46030414981182
101.76814708246192
102.07599001511204
102.38383294776214
102.69167588041226
102.99951881306237
103.30736174571247
103.6152046783626
102.36062011852903
101.10603555869545
99.85145099886188
98.5968664390283
97.34228187919463
97.67886838180462
98.01545488441462
98.35204138702461
98.6886278896346
99.02521439224459
99.3618008948546
99.69838739746459
100.03497390007458
100.37156040268457
100.70814690529457
101.04473340790456
101.38131991051455
101.71790641312454
102.05449291573454
102.39107941834453
102.72766592095452
103.06425242356451
103.40083892617452
103.7374254287845
104.0740119313945
104.41059843400448
104.74718493661447
105.08377143922448
105.42035794183447
105.75694444444446
103.80257483510911
101.84820522577377
99.89383561643837
100.16544035144207
100.43704508644578
100.70864982144948
100.9802545564532
101.25185929145691
101.52346402646062
101.79506876146432
102.06667349646803
102.33827823147173
102.60988296647544
102.88148770147914
103.15309243648285
103.42469717148656
103.69630190649026
103.96790664149397
104.23951137649767
104.5111161115014
104.7827208465051
105.0543255815088
105.32593031651251
105.59753505151622
105.86913978651992
106.14074452152363
106.41234925652734
106.68395399153104
106.95555872653475
107.22716346153845
104.7243043414918
102.22144522144522
102.50485117446657
102.78825712748791
103.07166308050924
103.35506903353058
103.63847498655191
103.92188093957326
104.2052868925946
104.48869284561593
104.77209879863727
105.05550475165862
105.33891070467995
105.62231665770129
105.90572261072263
106.18912856374396
106.47253451676531
106.75594046978665
107.03934642280798
107.32275237582932
107.60615832885067
107.889564281872
108.17297023489334
108.45637618791469
108.73978214093601
109.02318809395736
109.3065940469787
109.59000000000015
107.58620448179283
105.58240896358552
103.57861344537832
101.57481792717101
99.5710224089637
97.56722689075627
97.95043106303049
98.33363523530468
98.7168394075789
99.1000435798531
99.48324775212731
99.86645192440153
100.24965609667572
100.63286026894994
101.01606444122413
101.39926861349835
101.78247278577254
102.16567695804676
102.54888113032098
102.93208530259517
103.31528947486939
103.69849364714358
104.0816978194178
104.46490199169199
104.84810616396621
105.23131033624043
105.61451450851462
105.99771868078884
106.38092285306303
106.76412702533725
107.14733119761144
107.53053536988565
107.91373954215985
108.29694371443406
108.68014788670828
109.06335205898247
109.4465562312567
109.82976040353083
107.6315375167269
105.43331462992307
103.23509174311926
103.54040957293046
103.84572740274163
104.15104523255283
104.456363062364
104.7616808921752
105.06699872198641
105.37231655179758
105.67763438160878
105.98295221141996
106.28827004123116
106.59358787104236
106.89890570085353
107.20422353066473
107.50954136047594
107.81485919028711
108.12017702009831
108.42549484990948
108.73081267972069
109.03613050953189
109.34144833934306
109.64676616915426
106.77641518921428
103.90606420927466
104.16192229471208
104.41778038014952
104.67363846558695
104.92949655102439
105.18535463646181
105.44121272189925
105.69707080733667
105.9529288927741
106.20878697821153
106.46464506364896
106.7205031490864
106.97636123452382
107.23221931996126
107.48807740539868
107.74393549083612
107.99979357627355
108.25565166171098
108.51150974714841
108.76736783258585
109.02322591802327
109.2790840034607
109.53494208889813
109.79080017433556
110.04665825977301
109.8205056255426
109.59435299131218
109.36820035708176
109.14204772285134
108.91589508862091
108.6897424543905
108.46358982016008
108.23743718592966
108.48592483741598
108.73441248890231
108.98290014038862
109.23138779187495
109.47987544336128
109.7283630948476
109.97685074633392
110.22533839782024
110.47382604930657
110.7223137007929
110.97080135227921
111.21928900376554
111.46777665525185
111.71626430673818
111.9647519582245
109.47670783171179
106.98866370519909
104.50061957868651
104.74440245646736
104.9881853342482
105.23196821202905
105.4757510898099
105.71953396759075
105.9633168453716
106.20709972315245
106.4508826009333
106.69466547871414
106.93844835649499
107.18223123427585
107.42601411205669
107.66979698983754
107.91357986761838
108.15736274539924
108.40114562318008
108.64492850096093
108.88871137874179
109.13249425652263
109.37627713430348
109.62006001208432
109.86384288986518
110.10762576764603
110.35140864542687
110.59519152320772
110.83897440098858
111.08275727876942
111.32654015655027
111.57032303433112
111.81410591211197
112.05788878989283
112.30167166767366
112.5454545454545
109.50233246103085
106.45921037660696
103.4160882921833
100.3729662077597
100.6590306083618
100.9450950089639
101.231159409566
101.51722381016813
101.80328821077023
102.08935261137233
102.37541701197443
102.66148141257653
102.94754581317866
103.23361021378076
103.51967461438286
103.80573901498497
104.09180341558707
104.3778678161892
104.6639322167913
104.9499966173934
105.2360610179955
105.5221254185976
105.80818981919973
106.09425421980183
106.38031862040393
106.66638302100603
106.95244742160813
107.23851182221023
107.52457622281236
107.81064062341446
108.09670502401656
108.38276942461866
108.66883382522076
108.95489822582289
109.24096262642499
109.52702702702709
106.76425457715777
104.00148212728845
101.23870967741937
101.5223067775097
101.80590387760003
102.08950097769039
102.37309807778072
102.65669517787106
102.94029227796139
103.22388937805172
103.50748647814206
103.79108357823239
104.07468067832275
104.35827777841308
104.64187487850342
104.92547197859375
105.20906907868408
105.49266617877441
105.77626327886475
106.05986037895508
106.34345747904544
106.62705457913577
106.9106516792261
107.19424877931644
107.47784587940677
107.7614429794971
108.04504007958744
108.32863717967777
108.61223427976813
108.89583137985846
109.1794284799488
109.46302558003913
109.74662268012946
110.0302197802198
107.60215006624571
105.17408035227186
102.7460106382979
103.02338303934052
103.30075544038313
103.57812784142574
103.85550024246835
104.13287264351096
104.41024504455358
104.68761744559619
104.9649898466388
105.24236224768141
105.51973464872403
105.79710704976664
106.07447945080925
106.35185185185173
104.26839610042725
102.18494034900277
100.10148459757829
98.01802884615381
98.38935546512272
98.76068208409166
99.13200870306056
99.50333532202947
99.87466194099838
100.24598855996729
100.6173151789362
100.9886417979051
101.35996841687401
101.73129503584292
102.10262165481183
102.47394827378074
102.84527489274964
103.21660151171855
103.58792813068749
103.9592547496564
104.3305813686253
104.70190798759421
105.07323460656312
105.44456122553203
105.81588784450093
106.18721446346984
106.55854108243875
106.92986770140766
107.30119432037657
107.67252093934547
108.04384755831438
108.41517417728332
108.78650079625223
109.15782741522113
109.52915403419004
109.90048065315895
110.27180727212786
110.64313389109677
111.01446051006567
111.38578712903458
111.75711374800349
112.12844036697243
108.74094432141737
105.35344827586209
105.62574737712936
105.8980464783966
106.17034557966386
106.4426446809311
106.71494378219836
106.98724288346563
107.25954198473283
107.22913175696644
107.19872152920003
107.16831130143362
107.13790107366722
107.10749084590083
107.07708061813442
107.046670390368
107.01626016260161
108.20583941605855
107.16238741372717
106.1189354113958
105.07548340906442
104.03203140673315
102.98857940440178
101.9451274020704
100.90167539973902
99.85822339740764
98.81477139507618
99.16279223091632
99.5108130667565
99.85883390259667
100.20685473843682
100.55487557427696
100.90289641011714
101.25091724595731
101.59893808179746
101.9469589176376
102.29497975347778
102.64300058931795
102.9910214251581
103.33904226099824
103.68706309683841
104.03508393267859
104.38310476851873
104.73112560435888
105.07914644019905
105.42716727603923
105.77518811187937
106.12320894771952
106.47122978355969
106.81925061939987
107.16727145524001
107.51529229108016
107.86331312692033
108.2113339627605
108.55935479860065
108.9073756344408
109.25539647028097
109.60341730612114
109.95143814196129
110.29945897780144
110.64747981364161
110.99550064948178
111.34352148532193
111.69154232116207
112.03956315700225
112.38758399284242
112.73560482868257
113.08362566452271
113.43164650036289
113.77966733620306
114.12768817204278
109.35949367907506
104.59129918610779
99.82310469314083
100.16299913202647
100.50289357091211
100.84278800979774
101.18268244868338
101.52257688756902
101.86247132645465
102.20236576534029
102.5422602042259
102.88215464311153
103.22204908199717
103.5619435208828
103.90183795976844
104.24173239865408
104.58162683753972
104.92152127642532
105.26141571531096
105.6013101541966
105.94120459308223
106.28109903196787
106.6209934708535
106.96088790973914
107.30078234862478
107.64067678751039
107.98057122639605
108.32046566528166
108.66036010416727
109.00025454305293
109.34014898193854
109.6800434208242
110.01993785970981
110.35983229859548
110.69972673748109
111.03962117636675
111.37951561525236
111.71941005413797
112.05930449302363
112.39919893190927
110.52128726044816
108.64337558898683
106.76546391752578
107.04963695820862
107.33380999889147
107.61798303957431
107.90215608025716
108.18632912094
108.47050216162285
108.75467520230569
109.03884824298851
109.32302128367135
109.6071943243542
109.89136736503704
110.17554040571989
110.45971344640273
110.74388648708558
111.02805952776842
111.31223256845126
111.59640560913411
111.88057864981693
112.16475169049977
112.44892473118261
109.76149977880686
107.07407482643112
104.38664987405542
104.6967775824829
105.00690529091034
105.31703299933778
105.62716070776526
105.9372884161927
106.24741612462017
106.55754383304762
106.86767154147506
107.17779924990253
107.48792695832998
107.79805466675745
108.1081823751849
108.41831008361234
108.72843779203981
109.03856550046726
109.34869320889473
109.65882091732217
109.96894862574962
110.27907633417709
110.58920404260454
110.89933175103201
111.2094594594596
107.93383155883157
104.65820365820355
101.38257575757575
101.71242314448835
102.04227053140096
102.37211791831356
102.70196530522617
103.03181269213877
103.36166007905138
103.69150746596398
104.02135485287658
104.35120223978919
104.68104962670179
105.0108970136144
105.340744400527
105.6705917874396
106.00043917435221
106.33028656126481
106.66013394817742
106.98998133509002
107.31982872200263
107.64967610891523
107.97952349582783
108.30937088274044
108.63921826965304
108.96906565656565
109.29891304347802
106.84010223570385
104.38129142792968
101.92248062015511
102.24403368611723
102.56558675207935
102.88713981804148
103.2086928840036
103.53024594996572
103.85179901592784
104.17335208188996
104.49490514785202
104.81645821381414
105.13801127977626
105.45956434573839
105.7811174117005
106.10267047766263
106.42422354362475
106.74577660958687
107.06732967554899
107.38888274151111
107.71043580747323
108.03198887343524
105.54341212363397
103.0548353738327
100.56625862403098
98.07768187422934
98.43552281303855
98.79336375184769
99.1512046906569
99.5090456294661
99.8668865682753
100.22472750708445
100.58256844589366
100.94040938470286
101.29825032351201
101.65609126232121
102.01393220113042
102.37177313993962
102.72961407874877
103.08745501755797
103.44529595636718
103.80313689517638
104.16097783398553
104.51881877279473
104.87665971160393
105.23450065041314
105.59234158922229
105.95018252803149
106.3080234668407
106.6658644056499
107.02370534445905
107.38154628326825
107.73938722207745
108.09722816088666
108.4550690996958
108.81291003850501
109.17075097731421
109.52859191612342
109.88643285493256
110.24427379374177
110.60211473255097
110.95995567136018
111.31779661016981
109.14011752620968
106.96243844224955
104.78475935828874
105.059822890195
105.33488642210128
105.60994995400753
105.88501348591382
106.16007701782007
106.43514054972633
106.71020408163281
104.49278046200834
102.27535684238364
100.05793322275917
97.8405096031347
95.62308598351001
96.06638294689003
96.50967991027005
96.95297687365007
97.3962738370301
97.83957080041012
98.28286776379014
98.72616472717016
99.16946169055012
99.61275865393014
100.05605561731016
100.49935258069019
100.9426495440702
101.38594650745023
101.82924347083025
102.27254043421027
102.71583739759029
103.15913436097031
103.60243132435028
104.0457282877303
104.48902525111032
104.93232221449034
105.37561917787036
105.81891614125038
106.2622131046304
106.70551006801043
107.14880703139045
107.59210399477047
108.03540095815043
108.47869792153045
108.92199488491042
106.57596918163699
104.22994347836402
101.88391777509074
102.20891322091828
102.53390866674582
102.85890411257336
103.1838995584009
103.50889500422849
103.83389045005603
104.15888589588357
104.48388134171111
104.80887678753865
105.13387223336619
105.45886767919373
105.78386312502133
106.10885857084887
106.4338540166764
106.75884946250395
107.08384490833149
107.40884035415903
107.73383579998657
108.05883124581416
108.3838266916417
108.70882213746924
109.03381758329678
109.35881302912432
109.68380847495186
110.0088039207794
110.333799366607
110.65879481243454
110.98379025826208
111.30878570408962
111.63378114991716
111.9587765957449
109.49546281490666
107.03214903406842
104.56883525323065
102.10552147239264
102.45067312188985
102.79582477138706
103.14097642088421
103.48612807038143
103.83127971987858
104.17643136937579
104.521583018873
104.86673466837016
105.21188631786737
105.55703796736458
105.90218961686173
106.24734126635894
106.5924929158561
106.93764456535331
107.28279621485052
107.62794786434768
107.97309951384489
108.31825116334204
108.66340281283925
109.00855446233646
109.35370611183373
108.63929458232121
107.92488305280881
107.2104715232964
106.496059993784
105.7816484642716
105.0672369347592
104.35282540524679
103.63841387573439
102.92400234622198
102.20959081670958
101.49517928719717
100.78076775768477
100.06635622817231
100.4692292835669
100.8721023389615
101.27497539435609
101.67784844975068
102.08072150514533
102.48359456053993
102.88646761593452
103.28934067132911
103.69221372672371
104.0950867821183
104.4979598375129
104.90083289290754
105.30370594830214
105.70657900369673
106.10945205909132
106.51232511448592
106.91519816988051
107.3180712252751
107.72094428066976
108.12381733606435
108.52669039145894
107.13550756430868
105.74432473715842
104.35314191000816
102.9619590828579
101.57077625570781
101.96538766072246
102.3599990657371
102.75461047075174
103.14922187576644
103.54383328078109
103.93844468579573
104.33305609081037
104.72766749582502
105.12227890083966
105.51689030585436
105.911501710869
106.30611311588365
106.70072452089829
107.09533592591293
107.48994733092758
107.88455873594228
108.27917014095692
108.67378154597156
109.06839295098621
109.46300435600085
109.8576157610155
110.2522271660302
110.64683857104484
111.04144997605948
111.43606138107407
105.9059781845699
100.37589498806682
100.74699514974213
101.11809531141739
101.48919547309265
101.86029563476791
102.23139579644317
102.60249595811842
102.97359611979374
103.344696281469
103.71579644314426
104.08689660481951
104.45799676649477
104.82909692817003
105.20019708984529
105.5712972515206
105.94239741319586
106.31349757487112
106.68459773654638
107.05569789822164
107.4267980598969
107.79789822157221
108.16899838324747
108.54009854492273
108.91119870659799
109.28229886827324
109.6533990299485
110.02449919162382
110.39559935329908
110.76669951497433
111.13779967664959
111.50889983832485
111.88000000000011
108.51952324195463
105.15904648390915
101.79856972586413
102.17768913655186
102.5568085472396
102.93592795792733
103.31504736861507
103.6941667793028
104.07328618999054
104.45240560067828
104.83152501136601
105.21064442205375
105.58976383274148
105.96888324342922
106.34800265411695
106.72712206480469
107.10624147549242
107.48536088618016
107.8644802968679
108.24359970755563
108.62271911824337
109.0018385289311
109.38095793961884
109.76007735030657
110.13919676099431
110.51831617168205
110.89743558236978
111.27655499305752
111.65567440374525
112.03479381443276
109.37393414587132
106.71307447730987
104.05221480874843
101.39135514018687
101.76886419988551
102.14637325958421
102.52388231928285
102.90139137898149
103.27890043868013
103.65640949837876
104.0339185580774
104.41142761777604
104.78893667747468
105.16644573717332
105.54395479687196
105.9214638565706
106.29897291626924
106.67648197596787
107.05399103566657
107.43150009536521
107.80900915506385
108.18651821476249
108.56402727446113
108.94153633415976
109.3190453938584
109.69655445355704
110.07406351325568
110.45157257295432
110.82908163265301
108.4366073443598
106.04413305606613
103.65165876777246
104.02202884163779
104.39239891550312
104.76276898936845
105.13313906323378
105.50350913709912
105.87387921096445
106.24424928482978
106.61461935869511
106.98498943256044
107.35535950642571
107.72572958029104
108.09609965415638
108.4664697280217
108.83683980188704
109.20720987575237
109.5775799496177
109.94795002348303
110.31832009734836
110.6886901712137
111.05906024507902
111.42943031894436
111.79980039280969
112.17017046667502
112.5405405405404
109.13435876149197
105.72817698244307
102.32199520339464
98.91581342434586
99.3209955502644
99.726177676183
100.13135980210154
100.53654192802014
100.94172405393869
101.34690617985729
101.75208830577583
102.15727043169443
102.56245255761297
102.96763468353157
103.37281680945017
103.77799893536871
104.18318106128731
104.58836318720586
104.99354531312446
105.398727439043
105.8039095649616
106.20909169088014
106.61427381679874
107.01945594271729
107.42463806863589
107.82982019455443
108.23500232047303
108.64018444639157
109.04536657231017
109.45054869822872
109.85573082414732
110.26091295006586
110.66609507598446
111.071277201903
111.4764593278216
111.88164145374014
112.28682357965874
112.69200570557729
113.09718783149589
113.50236995741443
113.90755208333348
110.88261479339644
107.85767750345985
104.8327402135231
105.20303780241329
105.57333539130354
105.94363298019374
106.31393056908394
106.68422815797413
107.05452574686433
107.42482333575458
107.79512092464478
108.16541851353497
108.53571610242517
108.90601369131537
109.27631128020562
109.64660886909581
110.01690645798601
110.3872040468762
110.75750163576646
111.12779922465666
111.49809681354685
111.86839440243705
112.23869199132724
112.6089895802175
112.97928716910769
113.34958475799789
113.71988234688808
114.09017993577828
114.46047752466853
114.83077511355873
115.20107270244893
115.57137029133912
115.94166788022932
116.31196546911957
116.68226305800977
117.05256064690002
112.95727339146197
108.86198613602392
104.76669888058586
100.67141162514838
101.11847501476132
101.56553840437425
102.0126017939873
102.45966518360024
102.90672857321317
103.35379196282611
103.80085535243916
104.2479187420521
104.69498213166503
105.14204552127796
105.5891089108909
102.3685677339663
99.1480265570417
95.92748538011699
96.39815861968964
96.8688318592624
97.33950509883516
97.81017833840792
98.28085157798068
98.75152481755345
99.2221980571262
99.69287129669897
100.16354453627173
100.63421777584449
101.10489101541725
101.57556425499001
102.04623749456277
102.51691073413554
102.9875839737083
103.45825721328106
103.92893045285382
104.39960369242658
104.87027693199934
105.3409501715721
105.81162341114486
106.2822966507174
104.73841269485115
103.19452873898467
101.65064478311842
102.05692663663854
102.46320849015865
102.86949034367876
103.27577219719876
103.68205405071888
104.08833590423899
104.4946177577591
104.9008996112791
105.30718146479921
105.71346331831933
106.11974517183944
106.52602702535944
106.93230887887955
107.33859073239967
107.74487258591967
108.15115443943978
108.55743629295989
108.96371814648
109.36999999999989
106.59383835457675
103.81767670915406
101.04151506373091
98.26535341830822
98.73214782124205
99.198942224176
99.66573662710982
100.13253103004365
100.5993254329776
101.06611983591142
101.53291423884536
101.9997086417792
102.46650304471314
102.93329744764696
103.4000918505808
103.86688625351474
104.33368065644856
104.80047505938273
102.80206309957339
100.80365113976404
98.80523917995458
99.24230986381883
99.67938054768308
100.11645123154733
100.55352191541158
100.99059259927583
101.42766328314008
101.86473396700444
102.30180465086869
102.73887533473294
103.17594601859719
103.61301670246144
104.05008738632569
104.48715807018993
104.9242287540543
105.36129943791855
105.7983701217828
106.23544080564704
106.6725114895113
107.10958217337554
107.54665285723979
107.98372354110415
108.4207942249684
108.85786490883265
109.2949355926969
109.73200627656115
110.1690769604254
110.60614764428965
111.0432183281539
111.48028901201826
111.91735969588251
112.35443037974665
109.76159844631093
107.16876651287521
104.57593457943915
104.97970199634335
105.38346941324755
105.78723683015176
106.19100424705596
106.59477166396005
106.99853908086425
107.40230649776845
107.80607391467265
108.20984133157685
108.61360874848106
106.82986249989835
105.0461162513161
103.2623700027334
101.4786237541507
99.69487750556794
100.018128133691
100.3413787618141
100.6646293899372
100.98788001806031
101.31113064618336
101.63438127430646
101.95763190242957
102.28088253055267
102.60413315867572
102.92738378679883
103.25063441492193
103.57388504304504
103.89713567116809
104.22038629929119
104.5436369274143
104.86688755553735
105.19013818366045
105.51338881178356
105.83663943990666
106.26357907266481
106.69051870542296
107.11745833818111
107.54439797093926
107.9713376036974
108.39827723645556
108.8252168692137
109.25215650197185
109.67909613473
110.10603576748815
110.53297540024641
110.95991503300456
111.38685466576271
111.81379429852086
112.24073393127901
112.66767356403716
113.09461319679531
113.52155282955346
113.9484924623116
112.18538550741869
110.42227855252622
108.65917159763313
109.01336350287397
109.36755540811487
109.72174731335576
110.07593921859655
110.43013112383744
110.78432302907834
111.13851493431923
111.49270683956013
111.84689874480091
112.2010906500418
112.5552825552827
111.69083390621881
110.8263852571547
109.96193660809058
109.09748795902647
108.23303930996258
107.36859066089846
106.50414201183429
106.70169973723517
106.899257462636
107.09681518803683
107.29437291343766
107.49193063883854
107.68948836423937
107.8870460896402
108.08460381504108
108.2821615404419
108.47971926584273
108.67727699124356
108.87483471664444
109.07239244204527
109.2699501674461
109.46750789284698
109.66506561824781
109.86262334364864
110.06018106904946
110.25773879445035
110.45529651985117
110.652854245252
110.85041197065289
111.04796969605371
111.24552742145454
111.44308514685537
111.64064287225625
111.83820059765708
112.03575832305796
112.3995589088563
112.76335949465465
113.12716008045288
113.49096066625123
113.85476125204957
114.2185618378478
114.58236242364615
114.94616300944449
115.30996359524272
115.67376418104107
116.03756476683938