92.15209580838324
92.01149158465304
91.87088736092284
91.73028313719263
91.58967891346242
91.44907468973223
91.30847046600202
91.16786624227181
91.0272620185416
90.88665779481141
90.7460535710812
90.605449347351
90.46484512362079
90.3242408998906
90.18363667616039
90.04303245243018
89.90242822869997
89.76182400496978
89.62121978123957
89.48061555750937
89.34001133377916
89.19940711004897
89.05880288631876
88.91819866258855
88.77759443885834
88.63699021512815
88.49638599139794
88.35578176766774
88.21517754393753
88.07457332020734
87.93396909647713
87.79336487274692
87.65276064901671
87.51215642528652
87.37155220155631
87.2309479778261
87.0903437540959
86.9497395303657
86.8091353066355
86.66853108290529
86.52792685917508
86.38732263544489
86.24671841171468
86.10611418798447
85.96550996425427
85.82490574052407
85.68430151679387
85.54369729306366
85.40309306933345
85.26248884560326
85.12188462187305
84.98128039814284
84.84067617441264
84.70007195068244
84.55946772695224
84.41886350322203
85.41396481747651
86.409066131731
87.40416744598548
88.39926876023998
89.39437007449445
90.38947138874894
91.38457270300343
92.37967401725791
92.19287828521259
92.00608255316726
91.81928682112193
91.63249108907661
91.44569535703127
91.25889962498594
91.07210389294062
90.88530816089529
90.69851242884997
90.51171669680463
90.3249209647593
90.13812523271397
89.95132950066865
89.76453376862331
89.57773803657798
89.39094230453266
89.20414657248733
89.01735084044199
88.83055510839667
88.64375937635134
88.45696364430601
88.27016791226069
88.08337218021535
87.89657644817002
87.7097807161247
87.52298498407937
87.33618925203405
87.1493935199887
86.96259778794338
86.77580205589805
86.58900632385273
86.4022105918074
86.21541485976206
86.02861912771674
85.84182339567141
85.65502766362609
85.46823193158076
85.28143619953542
85.0946404674901
84.90784473544477
84.72104900339944
84.53425327135412
84.34745753930878
84.16066180726345
83.97386607521813
83.78707034317279
83.60027461112746
83.41347887908213
83.22668314703681
83.03988741499148
82.85309168294614
82.66629595090082
82.47950021885549
82.29270448681017
82.10590875476484
81.9191130227195
81.73231729067417
81.54552155862885
81.35872582658352
81.1719300945382
80.98513436249286
82.33845759220532
83.6917808219178
83.56926177931656
83.44674273671532
83.3242236941141
83.20170465151287
83.07918560891163
82.95666656631039
82.83414752370916
82.71162848110792
82.58910943850668
82.46659039590546
82.34407135330422
82.22155231070299
82.09903326810175
81.97651422550052
81.85399518289928
81.73147614029804
81.60895709769682
81.48643805509558
81.36391901249435
81.24139996989311
81.11888092729188
80.99636188469064
80.8738428420894
80.75132379948818
80.62880475688694
80.5062857142857
81.9991474233529
83.4920091324201
83.38017325402791
83.26833737563572
83.15650149724354
83.04466561885135
82.93282974045917
82.82099386206698
82.7091579836748
82.5973221052826
82.48548622689042
82.37365034849823
82.26181447010605
82.14997859171386
82.03814271332166
81.92630683492948
81.81447095653729
81.70263507814511
81.59079919975292
81.47896332136074
81.36712744296855
81.25529156457637
81.14345568618418
81.03161980779198
80.9197839293998
80.80794805100761
80.69611217261543
80.58427629422324
80.47244041583104
80.36060453743886
80.24876865904668
80.13693278065449
80.0250969022623
79.91326102387012
79.80142514547794
79.68958926708575
79.57775338869357
79.46591751030137
79.35408163190918
79.242245753517
79.13040987512481
79.01857399673263
78.90673811834044
78.79490223994824
78.683066361556
80.3161730289161
81.9492796962762
83.58238636363636
83.44245184541025
83.30251732718413
83.16258280895802
83.02264829073191
82.8827137725058
82.74277925427968
82.60284473605357
82.46291021782746
82.32297569960134
82.18304118137523
82.04310666314912
81.903172144923
81.76323762669689
81.62330310847078
81.48336859024467
81.34343407201855
81.20349955379244
81.06356503556633
80.92363051734021
80.7836959991141
80.64376148088799
80.50382696266189
80.36389244443578
80.22395792620966
80.08402340798355
79.94408888975744
79.80415437153133
79.66421985330521
79.5242853350791
79.38435081685299
80.71205099142759
82.03975116600219
83.36745134057685
84.69515151515151
84.55764784195242
84.42014416875332
84.28264049555422
84.14513682235511
84.00763314915602
83.87012947595693
83.73262580275784
83.59512212955873
83.45761845635963
83.32011478316053
83.18261110996144
83.04510743676234
82.90760376356324
82.77010009036414
82.63259641716505
82.49509274396596
82.35758907076685
82.22008539756774
82.08258172436865
81.94507805116956
81.80757437797047
81.67007070477136
81.53256703157226
81.39506335837316
81.25755968517407
81.12005601197498
80.98255233877588
80.84504866557677
80.70754499237768
80.57004131917859
80.4325376459795
80.29503397278039
80.15753029958128
80.02002662638219
79.8825229531831
79.745019279984
79.6075156067849
79.4700119335858
79.3325082603867
79.19500458718761
79.05750091398852
78.91999724078941
78.78249356759031
78.64498989439122
78.50748622119212
78.36998254799302
78.8556032399262
79.3412239318594
79.82684462379261
80.31246531572579
80.798086007659
81.28370669959217
81.76932739152538
82.25494808345856
82.74056877539176
82.64178462956454
82.54300048373733
82.4442163379101
82.34543219208288
82.24664804625567
82.14786390042845
82.04907975460122
82.05109102319217
82.05310229178312
82.02061234234839
81.98812239291364
81.95563244347889
81.92314249404416
81.89065254460941
81.85816259517466
81.82567264573991
81.93819648093115
82.05072031612241
82.16324415131365
82.27576798650489
82.38829182169613
82.50081565688737
82.61333949207861
82.72586332726985
82.83838716246109
82.95091099765234
83.06343483284358
83.17595866803482
83.28848250322608
83.40100633841732
83.51353017360856
83.6260540087998
83.73857784399104
83.85110167918228
83.96362551437352
84.07614934956476
84.18867318475601
84.30119701994725
84.41372085513851
84.52624469032975
84.63876852552099
84.75129236071223
84.53591671374795
84.32054106678368
84.10516541981939
83.88978977285511
83.67441412589083
83.45903847892656
83.24366283196227
83.02828718499799
82.81291153803372
82.59753589106944
82.38216024410517
82.16678459714088
81.9514089501766
81.73603330321232
81.52065765624805
81.30528200928377
81.08990636231948
80.8745307153552
80.65915506839093
80.44377942142665
80.22840377446238
80.01302812749809
79.79765248053381
79.58227683356954
79.36690118660526
79.15152553964099
78.9361498926767
78.72077424571242
78.50539859874814
78.29002295178387
78.07464730481959
77.8592716578553
77.64389601089103
77.42852036392675
77.21314471696247
76.9977690699982
76.78239342303391
76.56701777606963
76.35164212910536
80.92780744366746
85.50397275822928
85.31829636903926
85.13261997984924
84.94694359065923
84.76126720146921
84.57559081227919
84.38991442308918
84.20423803389916
84.01856164470914
83.83288525551913
83.64720886632911
83.46153247713909
83.27585608794908
83.09017969875906
82.90450330956904
82.71882692037903
82.53315053118901
82.34747414199899
82.16179775280898
84.45905225305978
86.75630675331058
89.05356125356127
88.9013148169634
88.74906838036554
88.59682194376767
88.44457550716979
88.29232907057192
88.14008263397406
87.98783619737618
87.8355897607783
87.68334332418044
87.53109688758258
87.3788504509847
87.22660401438682
87.07435757778896
86.9221111411911
86.76986470459322
86.61761826799534
86.46537183139748
86.31312539479961
86.16087895820174
86.00863252160386
85.856386085006
85.70413964840813
85.55189321181025
85.39964677521237
85.24740033861451
85.09515390201665
84.94290746541877
84.7906610288209
84.63841459222303
84.48616815562517
84.33392171902729
84.18167528242942
84.02942884583155
83.87718240923368
83.7249359726358
83.57268953603794
83.42044309944006
83.2681966628422
83.11595022624431
85.09220215248331
87.06845407872217
86.93630905101041
86.80416402329865
86.67201899558691
86.53987396787514
86.4077289401634
86.27558391245162
86.14343888473988
86.01129385702811
85.87914882931636
85.7470038016046
85.61485877389285
85.48271374618109
85.35056871846933
85.21842369075758
85.08627866304582
84.95413363533407
86.6139208778601
88.27370812038615
88.13808464696378
88.0024611735414
87.86683770011902
87.73121422669664
87.59559075327425
87.45996727985187
87.3243438064295
87.18872033300713
87.05309685958474
86.91747338616236
86.78184991273991
87.41733952313439
88.0528291335288
88.68831874392328
89.32380835431769
89.95929796471216
90.59478757510658
91.23027718550105
91.1450624125822
91.05984763966339
90.97463286674454
90.88941809382573
90.8042033209069
90.71898854798806
90.63377377506923
90.5485590021504
90.46334422923158
90.37812945631273
90.29291468339392
90.20769991047509
90.12248513755625
90.03727036463742
89.95205559171859
89.86684081879977
89.78162604588093
89.69641127296211
89.61119650004326
89.52598172712445
89.44076695420561
89.35555218128678
89.27033740836795
89.18512263544912
89.0999078625303
89.01469308961146
88.92947831669264
88.8442635437738
88.75904877085497
88.67383399793614
88.58861922501731
88.5034044520985
88.41818967917965
88.33297490626083
88.24776013334198
88.16254536042317
88.07733058750433
87.9921158145855
87.90690104166669
87.73493114406782
87.56296124646894
87.39099134887007
87.2190214512712
87.04705155367233
86.87508165607346
86.70311175847459
86.53114186087572
86.35917196327685
86.18720206567798
86.01523216807911
85.84326227048024
85.67129237288137
85.4993224752825
85.32735257768363
85.15538268008476
84.98341278248589
84.81144288488701
84.63947298728814
84.46750308968927
84.2955331920904
84.12356329449153
83.95159339689266
83.77962349929379
83.60765360169492
83.43568370409605
83.26371380649718
83.09174390889831
82.91977401129944
83.00358380849238
83.08739360568532
83.17120340287826
83.25501320007119
83.33882299726413
83.42263279445706
90.8418467583497
90.68623073594641
90.5306147135431
90.37499869113981
90.21938266873651
90.0637666463332
89.90815062392991
89.75253460152662
89.59691857912331
89.44130255672002
89.28568653431672
89.13007051191342
88.97445448951012
88.81883846710683
88.66322244470352
88.50760642230023
88.35199039989693
88.19637437749363
88.04075835509033
87.88514233268704
87.72952631028373
87.57391028788044
87.41829426547714
87.26267824307384
87.10706222067054
86.95144619826723
86.79583017586394
86.64021415346065
86.48459813105734
86.32898210865405
86.17336608625075
86.01775006384744
85.86213404144415
85.70651801904086
85.55090199663755
85.39528597423426
85.23966995183096
85.08405392942765
84.92843790702436
84.77282188462107
84.61720586221776
84.46158983981447
84.30597381741117
84.15035779500786
83.99474177260457
83.83912575020128
83.68350972779797
83.52789370539467
83.37227768299137
83.21666166058807
83.06104563818478
82.90542961578147
82.74981359337818
82.59419757097488
82.43858154857158
82.28296552616828
82.12734950376499
81.97173348136168
81.81611745895839
81.6605014365551
81.50488541415179
81.34926939174849
81.1936533693452
81.03803734694189
80.8824213245386
80.7268053021353
80.57118927973198
81.42979061976547
82.28839195979896
83.14699329983245
84.00559463986593
84.86419597989942
85.72279731993302
86.58139865996651
87.44
87.24791359621983
87.05582719243968
86.86374078865951
86.67165438487935
86.47956798109918
86.28748157731901
86.09539517353885
85.90330876975868
85.71122236597851
85.51913596219835
85.32704955841818
85.13496315463802
84.94287675085785
84.75079034707768
84.55870394329752
84.36661753951735
84.1745311357372
83.98244473195703
83.79035832817686
83.5982719243967
83.40618552061653
83.21409911683637
83.0220127130562
82.82992630927603
82.63783990549587
82.4457535017157
82.25366709793553
82.06158069415537
81.8694942903752
82.51110299021599
83.15271169005672
83.79432038989745
84.43592908973824
85.07753778957897
85.7191464894197
86.36075518926043
87.00236388910122
87.64397258894195
88.28558128878268
88.92718998862341
88.69654823976512
88.46590649090686
88.23526474204857
88.00462299319031
87.77398124433202
87.54333949547373
87.31269774661547
87.08205599775718
86.85141424889889
86.62077250004063
86.39013075118234
86.15948900232408
85.92884725346579
85.6982055046075
85.46756375574924
85.23692200689095
85.00628025803269
84.7756385091744
84.54499676031611
84.31435501145785
84.08371326259956
83.85307151374127
83.62242976488301
83.39178801602472
83.16114626716646
82.93050451830817
82.69986276944988
82.46922102059162
82.23857927173333
82.00793752287504
81.77729577401678
81.54665402515849
81.31601227630023
81.08537052744194
80.85472877858365
80.62408702972539
80.3934452808671
80.16280353200887
82.12769806230062
84.09259259259258
83.89807520187264
83.7035578111527
83.50904042043277
83.31452302971286
83.12000563899292
82.92548824827298
82.73097085755307
82.53645346683314
82.3419360761132
82.14741868539326
81.95290129467335
81.75838390395342
81.5638665132335
82.7313206328015
83.89877475236949
85.06622887193748
86.23368299150548
87.40113711107335
88.56859123064135
89.73604535020934
90.90349946977724
90.65426156396848
90.4050236581597
90.15578575235097
89.9065478465422
89.65730994073343
89.40807203492466
89.15883412911589
88.90959622330712
88.66035831749838
88.41112041168961
88.16188250588084
87.91264460007207
87.6634066942633
87.41416878845453
87.16493088264579
86.91569297683702
86.66645507102825
86.41721716521948
86.16797925941071
85.91874135360197
85.6695034477932
85.42026554198443
85.17102763617567
84.9217897303669
84.67255182455813
84.42331391874939
84.17407601294062
83.92483810713185
83.67560020132308
83.42636229551431
83.17712438970554
82.9278864838968
82.67864857808803
82.42941067227926
82.18017276647049
81.93093486066172
81.68169695485298
81.43245904904421
81.18322114323544
80.93398323742667
80.6847453316179
80.43550742580913
80.1862695200004
79.93703161419162
79.68779370838286
79.43855580257409
79.18931789676532
78.94007999095655
78.6908420851478
78.44160417933904
78.19236627353027
77.9431283677215
77.69389046191273
77.44465255610396
77.19541465029522
76.94617674448645
76.69693883867768
76.44770093286891
76.19846302706014
75.9492251212514
75.69998721544263
75.45074930963386
75.2015114038251
74.95227349801632
74.70303559220756
74.45379768639881
74.20455978059005
73.95532187478128
73.70608396897251
73.45684606316374
73.20760815735497
72.95837025154623
72.70913234573746
72.45989443992869
72.21065653411992
71.96141862831115
71.71218072250238
71.46294281669364
71.21370491088487
70.96446700507613
72.51617176156765
74.06787651805917
75.61958127455068
77.17128603104214
76.94677564101252
76.72226525098287
76.49775486095325
76.27324447092363
76.04873408089401
75.82422369086436
75.59971330083474
75.37520291080511
75.15069252077546
80.18351568424123
85.216338847707
90.24916201117318
90.05364345766907
89.85812490416495
89.66260635066084
89.46708779715672
89.27156924365258
89.07605069014846
88.88053213664435
88.68501358314023
88.48949502963612
88.293976476132
88.09845792262789
87.90293936912377
87.70742081561966
87.51190226211554
87.31638370861143
87.12086515510731
86.9253466016032
86.72982804809908
86.53430949459496
86.33879094109085
86.14327238758673
85.94775383408262
85.7522352805785
85.55671672707439
85.36119817357027
85.16567962006616
84.97016106656204
84.77464251305793
84.57912395955381
84.3836054060497
84.18808685254558
83.99256829904144
83.79704974553732
83.6015311920332
83.40601263852909
83.21049408502498
83.01497553152086
82.81945697801675
82.62393842451263
82.42841987100851
82.2329013175044
82.03738276400028
81.84186421049617
81.64634565699205
81.45082710348794
81.25530854998382
81.05978999647971
80.86427144297559
80.66875288947148
80.47323433596736
80.27771578246325
80.08219722895913
79.88667867545502
79.6911601219509
79.49564156844679
79.30012301494267
79.10460446143856
78.90908590793444
78.7135673544303
78.51804880092618
78.32253024742207
78.12701169391795
77.93149314041383
77.73597458690972
77.5404560334056
77.34493747990149
77.1494189263974
79.50201736811891
81.85461580983971
81.7779253593514
81.70123490886309
81.62454445837477
81.54785400788646
81.47116355739814
81.39447310690983
81.31778265642151
81.33872622512803
81.35966979383454
81.38061336254106
81.2905045533407
81.20039574414034
81.11028693493998
81.02017812573962
80.93006931653927
80.83996050733892
80.74985169813856
80.6597428889382
80.56963407973785
81.95450402504184
83.33937397034595
83.11325818565237
82.8871424009588
82.66102661626522
82.43491083157164
82.20879504687807
81.98267926218449
81.75656347749091
81.53044769279734
81.30433190810376
81.07821612341019
80.85210033871661
80.625984554023
80.39986876932943
80.17375298463585
79.94763719994228
79.7215214152487
79.49540563055513
79.26928984586155
79.04317406116797
78.8170582764744
78.59094249178082
78.36482670708725
78.13871092239367
77.9125951377001
77.68647935300652
77.46036356831291
77.23424778361934
77.00813199892576
76.78201621423219
76.55590042953861
76.32978464484503
76.10366886015146
75.87755307545788
75.6514372907643
75.42532150607073
75.19920572137715
74.97308993668358
74.74697415199
74.52085836729643
74.29474258260282
74.06862679790925
73.8425110132157
76.58510040010833
79.32768978700165
79.10016174213581
78.87263369726998
78.64510565240417
78.41757760753833
78.1900495626725
77.96252151780666
77.73499347294083
77.50746542807502
77.27993738320919
77.05240933834335
76.82488129347752
76.59735324861171
76.36982520374588
76.14229715888004
75.9147691140142
75.6872410691484
75.45971302428256
76.22481555816398
76.98991809204551
77.75502062592693
78.52012315980835
79.28522569368977
80.05032822757119
79.83437818347309
79.61842813937503
79.40247809527693
79.18652805117887
78.97057800708077
78.75462796298271
78.53867791888462
78.32272787478655
78.10677783068846
77.89082778659039
77.6748777424923
77.4589276983942
77.24297765429614
77.02702761019805
76.81107756609998
76.59512752200189
76.37917747790382
76.16322743380573
75.94727738970766
75.73132734560957
75.5153773015115
75.29942725741341
75.08347721331535
74.86752716921725
74.65157712511916
74.43562708102127
76.7448782726533
79.05412946428572
78.84480022645644
78.63547098862719
78.42614175079794
78.21681251296869
78.00748327513944
77.79815403731018
77.5888247994809
77.37949556165165
77.1701663238224
76.96083708599315
76.7515078481639
76.54217861033464
76.33284937250536
76.12352013467611
75.91419089684686
75.70486165901761
75.49553242118836
75.2862031833591
75.07687394552983
74.86754470770057
74.65821546987132
74.44888623204207
74.23955699421282
74.03022775638357
73.82089851855432
73.61156928072504
73.40224004289578
73.19291080506653
72.98358156723728
72.77425232940803
72.56492309157878
72.3555938537495
72.14626461592024
71.936935378091
71.72760614026174
71.51827690243249
71.30894766460278
73.65783038342306
76.00671310224288
78.35559582106316
80.70447853988298
83.05336125870326
85.40224397752309
87.75112669634291
90.10000941516319
92.44889213398301
94.79777485280329
97.1466575716235
96.86731017569616
96.58796277976882
96.30861538384147
96.02926798791412
95.74992059198678
95.47057319605949
95.19122580013214
94.9118784042048
94.63253100827745
94.35318361235011
94.07383621642282
93.79448882049547
93.51514142456813
93.23579402864078
92.95644663271344
92.67709923678609
92.3977518408588
92.11840444493146
91.83905704900411
91.55970965307677
91.28036225714942
91.00101486122207
90.72166746529479
90.44232006936744
90.1629726734401
89.88362527751275
89.6042778815854
89.32493048565811
89.04558308973077
88.76623569380342
88.48688829787608
88.20754090194873
87.92819350602139
87.6488461100941
87.36949871416675
87.0901513182394
86.81080392231206
86.53145652638472
86.25210913045737
85.97276173453008
85.69341433860274
85.41406694267539
85.13471954674804
84.8553721508207
84.57602475489341
84.29667735896606
84.01732996303872
83.73798256711137
83.45863517118403
83.17928777525668
82.8999403793294
82.62059298340205
82.3412455874747
82.06189819154736
81.78255079562001
81.50320339969267
81.22385600376538
80.94450860783803
80.66516121191069
80.38581381598334
80.106466420056
79.8271190241287
79.54777162820136
79.26842423227401
78.98907683634667
78.70972944041932
78.43038204449198
78.15103464856469
77.87168725263734
77.59233985671
77.31299246078265
77.0336450648553
76.75429766892796
76.47495027300067
76.19560287707333
75.91625548114598
75.63690808521864
75.35756068929129
75.078213293364
74.79886589743666
74.51951850150931
74.24017110558196
73.96082370965462
73.68147631372727
73.4021289177997
74.38934062684757
75.37655233589544
76.36376404494331
78.04573919149948
79.72771433805542
81.40968948461136
83.09166463116753
84.77363977772347
86.45561492427942
88.13759007083536
89.81956521739124
89.51315388450661
89.20674255162191
88.90033121873722
88.59391988585253
88.28750855296789
87.9810972200832
87.6746858871985
87.36827455431387
87.06186322142918
86.75545188854448
86.44904055565979
86.14262922277516
85.83621788989046
85.52980655700577
85.22339522412113
84.91698389123644
84.61057255835175
84.30416122546711
83.99774989258242
83.69133855969773
83.38492722681303
83.0785158939284
82.7721045610437
82.46569322815901
82.15928189527438
81.85287056238968
81.54645922950499
81.24004789662035
80.93363656373566
80.62722523085097
80.32081389796627
80.01440256508164
79.70799123219695
79.40157989931225
79.09516856642762
78.78875723354292
78.48234590065795
80.93044215812688
83.37853841559581
85.82663467306543
85.59169767161615
85.35676067016692
85.12182366871764
84.88688666726836
84.65194966581913
84.41701266436985
84.18207566292057
83.94713866147134
83.71220166002206
83.47726465857284
83.24232765712355
83.00739065567427
82.77245365422505
82.53751665277576
82.30257965132648
82.06764264987726
81.83270564842798
81.59776864697875
81.36283164552947
81.12789464408019
80.89295764263096
80.65802064118168
80.42308363973245
80.18814663828317
79.95320963683389
79.71827263538466
79.48333563393538
79.2483986324861
79.01346163103688
78.7785246295876
78.54358762813837
78.30865062668909
78.0737136252398
77.83877662379058
77.6038396223413
77.36890262089202
77.13396561944273
79.22469101999877
81.31541642055527
81.08634939286821
80.85728236518122
80.62821533749423
80.39914830980717
80.17008128212018
79.94101425443313
79.71194722674613
79.48288019905908
79.25381317137209
79.02474614368509
78.79567911599804
78.56661208831105
78.337545060624
78.108478032937
77.87941100524995
77.65034397756295
77.42127694987596
77.19220992218891
76.96314289450191
76.73407586681486
76.50500883912787
76.69658917530259
76.88816951147726
76.68231770771268
76.47646590394811
76.27061410018354
76.06476229641896
75.85891049265433
75.65305868888976
75.44720688512518
75.24135508136061
75.03550327759604
74.8296514738314
74.62379967006683
74.41794786630226
74.21209606253768
74.00624425877305
73.80039245500848
73.5945406512439
73.38868884747933
73.18283704371476
72.97698523995012
72.77113343618555
72.56528163242098
72.3594298286564
72.15357802489183
71.9477262211272
71.74187441736262
71.53602261359805
71.33017080983348
71.12431900606884
70.91846720230427
70.7126153985397
70.50676359477512
70.30091179101055
70.09505998724592
69.88920818348134
69.68335637971677
69.4775045759522
69.27165277218762
69.06580096842299
68.85994916465842
68.65409736089384
68.44824555712927
68.24239375336464
68.03654194960006
67.83069014583549
67.62483834207092
67.41898653830634
67.21313473454171
67.00728293077714
66.80143112701262
70.43331781602501
74.06520450503854
73.89088774791807
73.7165709907976
73.54225423367711
73.36793747655665
73.19362071943618
73.01930396231569
72.84498720519522
72.67067044807476
72.49635369095427
72.3220369338338
72.14772017671334
71.97340341959284
71.79908666247238
71.62476990535191
71.45045314823142
71.27613639111095
71.10181963399049
70.92750287686977
73.5286135022402
76.12972412761064
78.73083475298131
78.52645164039893
78.3220685278165
78.11768541523412
77.91330230265174
77.70891919006937
77.50453607748693
77.30015296490456
77.09576985232218
76.89138673973974
76.68700362715737
76.48262051457499
76.27823740199256
76.07385428941018
75.8694711768278
75.66508806424542
75.46070495166299
75.25632183908056
79.54386196241467
83.83140208574741
83.62699255527338
83.42258302479934
83.2181734943253
83.01376396385132
82.80935443337728
82.60494490290324
82.40053537242926
82.19612584195522
81.99171631148118
81.78730678100715
81.58289725053316
81.37848772005913
81.17407818958509
80.96966865911111
80.76525912863707
80.56084959816326
84.26304975169387
87.96524990522448
91.66745005875447
91.43421248058769
91.20097490242091
90.96773732425413
90.73449974608741
90.50126216792063
90.26802458975385
90.03478701158707
89.80154943342029
89.56831185525357
89.33507427708679
89.10183669892001
88.86859912075323
88.63536154258651
88.40212396441973
88.16888638625295
87.93564880808617
87.70241122991945
87.46917365175267
87.23593607358589
87.00269849541911
86.76946091725233
86.53622333908561
86.30298576091883
86.06974818275205
85.83651060458527
85.60327302641855
85.37003544825177
85.13679787008499
84.90356029191821
84.67032271375149
84.43708513558471
84.20384755741793
83.97060997925115
83.73737240108437
83.50413482291765
83.27089724475087
83.03765966658409
82.80442208841731
82.57118451025053
84.1844636115029
85.79774271275483
87.41102181400697
87.1490858252053
86.88714983640364
86.62521384760197
86.3632778588003
86.10134186999869
85.83940588119702
85.57746989239536
85.31553390359369
85.05359791479202
84.79166192599035
84.52972593718874
84.26778994838708
84.00585395958541
83.74391797078374
83.48198198198179
85.66199928742299
87.84201659286418
90.0220338983051
89.74227632640202
89.46251875449894
89.18276118259581
88.90300361069274
88.62324603878966
88.34348846688658
88.06373089498351
87.78397332308043
87.5042157511773
87.22445817927422
86.94470060737115
86.66494303546807
86.385185463565
86.10542789166186
85.82567031975879
85.54591274785571
85.26615517595263
84.98639760404956
84.70664003214648
84.42688246024335
84.14712488834027
83.8673673164372
83.58760974453412
83.30785217263104
83.02809460072797
82.74833702882506
84.86942706683567
86.99051710484673
89.11160714285711
88.84802083607536
88.58443452929356
88.32084822251176
88.05726191573001
87.7936756089482
87.5300893021664
87.2665029953846
87.00291668860285
86.73933038182105
86.47574407503924
86.2121577682575
85.9485714614757
85.68498515469389
85.42139884791214
85.15781254113034
84.89422623434854
84.63063992756673
84.36705362078555
86.48778911041927
88.60852460005299
90.72926008968614
90.45028259786403
90.17130510604193
89.89232761421982
89.61335012239772
89.33437263057561
89.05539513875351
88.7764176469314
88.4974401551093
88.2184626632872
87.9394851714651
87.66050767964305
87.38153018782094
87.10255269599884
86.82357520417673
86.54459771235463
86.26562022053253
85.98664272871042
85.70766523688832
85.42868774506621
85.14971025324411
84.870732761422
84.59175526959996
84.3127777777778
85.00135975012574
85.68994172247369
86.37852369482164
87.06710566716959
87.75568763951753
88.44426961186548
89.13285158421343
88.98435296297504
88.83585434173669