38.04749841671945
37.790244388241064
37.53299035976267
37.275736331284286
37.0184823028059
36.761228274327514
36.50397424584912
36.246720217370736
35.98946618889235
35.732212160413965
36.4632837582057
37.19435535599743
37.0047368945627
36.815118433127964
36.62549997169323
36.4358815102585
36.246263048823764
36.05664458738903
35.8670261259543
35.67740766451956
35.48778920308483
36.3354763192402
37.183163435395564
38.03085055155093
38.8785376677063
39.72622478386167
39.72622478386165
39.79308540905669
39.85994603425171
39.92680665944675
39.99366728464178
40.06052790983681
40.12738853503184
41.00102249488752
40.67159849449466
40.3421744941018
40.012750493708936
39.68332649331607
39.35390249292321
39.02447849253035
38.69505449213749
38.365630491744625
38.03620649135176
37.7067824909589
37.37735849056604
38.29419463106887
39.2110307715717
40.12786691207453
41.04470305257737
41.9615391930802
42.87837533358303
43.79521147408586
44.7120476145887
45.62888375509153
46.54571989559436
47.46255603609719
48.37939217660002
49.29622831710286
50.21306445760569
51.12990059810852
52.04673673861135
52.96357287911419
53.88040901961702
54.79724516011985
55.71408130062268
56.63091744112551
57.54775358162835
58.46458972213118
59.38142586263401
60.29826200313685
61.21509814363967
62.13193428414251
63.04877042464533
63.96560656514817
64.88244270565102
65.79927884615384
65.25311348187458
64.7069481175953
64.16078275331604
63.61461738903678
63.06845202475751
62.52228666047825
61.97612129619899
61.42995593191972
60.88379056764046
60.3376252033612
59.79145983908193
59.24529447480268
61.728550226000124
64.2118059771976
66.69506172839505
66.38431818471378
66.0735746410325
65.76283109735121
65.45208755366993
65.14134400998864
64.83060046630737
64.51985692262609
64.2091133789448
63.89836983526353
63.587626291582254
63.27688274790097
62.966139204219694
62.65539566053841
62.344652116857134
62.03390857317585
61.723165029494574
61.41242148581329
61.101677942132014
60.79093439845073
60.480190854769454
60.16944731108818
59.858703767406894
59.54796022372562
59.237216680044334
58.92647313636306
58.615729592681774
58.3049860490005
57.994242505319214
57.68349896163794
57.37275541795667
58.03009362437723
58.68743183079779
59.34477003721835
60.002108243638915
60.65944645005948
100.93266440150092
141.20588235294144
105.85203701733826
70.49819168173599
70.56849816849817
70.12254224152427
69.67658631455038
69.2306303875765
68.7846744606026
68.33871853362871
67.89276260665483
67.44680667968092
67.00085075270704
66.55489482573314
66.10893889875925
65.66298297178537
65.21702704481147
64.77107111783758
64.3251151908637
63.879159263889804
63.43320333691591
62.987247409942015
62.541291482968134
62.09533555599424
61.649379629020345
61.20342370204645
60.75746777507257
60.311511848098675
59.86555592112478
59.419599994150886
58.973644067177005
58.52768814020311
58.081732213229216
57.63577628625532
57.18982035928144
58.68265056425611
60.175480769230774
59.87237247660968
59.56926418398857
59.266155891367475
58.96304759874637
58.659939306125274
58.35683101350418
58.05372272088307
57.750614428261976
57.44750613564087
57.144397843019775
57.27877381002324
57.4131497770267
57.547525744030175
57.681901711033646
57.81627767803712
57.51365725327451
57.21103682851191
56.9084164037493
56.6057959789867
56.30317555422408
57.44984394067188
58.59651232711965
58.273976362965314
57.95144039881099
57.628904434656654
57.30636847050232
56.983832506347994
56.66129654219366
56.33876057803933
56.016224613885
55.69368864973067
55.37115268557635
55.612360651490015
55.85356861740368
56.09477658331734
56.33598454923101
56.577192515144674
56.81840048105834
56.527850468375036
56.237300455691724
55.94675044300842
55.656200430325114
55.36565041764181
55.075100404958505
54.78455039227518
55.66574816570841
56.54694593914164
57.42814371257485
57.09141591425299
56.754688115931145
56.417960317609285
56.081232519287425
55.74450472096558
55.40777692264372
55.071049124321874
54.734321326000014
54.39759352767817
54.06086572935631
53.72413793103448
54.23006173224418
54.735985533453885
54.26002412605523
53.78406271865657
53.308101311257914
52.83213990385926
52.356178496460615
51.88021708906196
51.4042556816633
50.928294274264644
50.45233286686599
49.97637145946733
49.50041005206867
49.02444864467003
48.548487237271374
48.07252582987272
47.59656442247406
47.1206030150754
45.30276928594236
43.48493555680932
41.66710182767622
42.24890840211168
42.83071497654717
43.41252155098263
43.99432812541809
44.57613469985358
44.435699043643496
44.29526338743341
44.15482773122332
44.014392075013234
43.87395641880315
43.73352076259306
43.59308510638297
43.903844621391826
44.21460413640068
44.52536365140955
44.8361231664184
45.14688268142726
45.457642196436126
45.76840171144498
46.079161226453834
46.38992074146269
46.70068025647156
47.01143977148041
47.322199286489266
47.63295880149815
47.54648569629845
47.460012591098746
47.373539485899045
47.28706638069935
47.200593275499656
47.114120170299955
47.027647065100254
46.94117395990056
46.85470085470085
47.244816180775075
47.63493150684931
47.523530015361544
47.41212852387377
47.300727032386
47.43183488961637
47.562942746846744
47.69405060407711
47.82515846130749
47.95626631853786
47.923778214933634
47.89129011132941
47.924448464720925
47.95760681811243
47.99076517150395
47.71048750013425
47.43020982876456
47.149932157394844
47.159549980470956
47.169167803547076
47.092901623625494
47.01663544370392
46.940369263782344
46.86410308386077
46.78783690393918
46.942985487214926
47.09813407049067
46.955202312138724
47.17608263273878
47.39696295333883
47.61784327393889
47.83872359453895
48.05960391513899
48.28048423573905
48.50136455633911
48.72224487693916
48.94312519753922
49.16400551813928
49.38488583873932
49.60576615933938
49.82664647993944
49.604509915889224
49.38237335183901
49.92989369562672
50.4774140394144
51.024934383202094
50.686960205845864
50.348986028489634
50.01101185113342
49.67303767377719
49.33506349642096
48.99708931906473
48.65911514170851
48.32114096435228
47.98316678699605
47.645192609639835
47.307218432283605
46.969244254927375
46.631270077571145
46.29329590021493
45.9553217228587
45.61734754550247
45.27937336814625
46.52461545471499
47.769857541283784
49.01509962785258
50.26034171442137
51.505583800990166
52.750825887558904
53.9960679741277
55.24131006069649
56.486552147265286
57.73179423383402
58.97703632040282
60.22227840697161
61.467520493540405
62.7127625801092
63.95800466667794
65.20324675324676
64.89116486493913
64.5790829766315
64.26700108832387
63.95491920001625
63.64283731170862
63.33075542340099
63.01867353509336
63.14000145838714
63.261329381680916
63.38265730497469
63.50398522826847
63.625313151562246
63.74664107485603
63.375033730563445
63.00342638627086
62.631819041978275
62.26021169768569
61.88860435339309
62.3349729257814
62.78134149816971
63.22771007055802
62.893853254868446
62.55999643917889
62.22613962348933
61.89228280779976
61.5584259921102
61.224569176420644
60.89071236073107
60.556855545041515
60.22299872935196
61.48213982123906
62.74128091312619
62.3920044663534
62.042728019580636
61.693451572807845
61.344175126035054
60.99489867926226
60.64562223248947
60.29634578571671
59.94706933894392
59.59779289217113
59.248516445398366
58.899239998625575
58.549963551852784
58.20068710507999
57.8514106583072
59.25767254226838
60.6639344262295
60.286017458844555
59.90810049145961
59.53018352407466
59.15226655668971
58.77434958930476
58.396432621919814
58.018515654534866
57.64059868714992
57.26268171976497
56.88476475238002
56.506847784995074
56.128930817610126
57.71040528906508
59.29187976052003
60.87335423197493
60.557914975664346
60.24247571935376
59.92703646304318
59.6115972067326
59.296157950422014
58.98071869411143
58.66527943780085
58.34984018149029
58.03440092517971
57.71896166886913
57.403522412558544
57.08808315624796
56.77264389993738
56.457204643626795
56.14176538731621
55.82632613100563
55.510886874695046
55.19544761838446
54.88000836207388
54.5645691057633
54.249129849452714
53.93369059314213
53.61825133683155
53.302812080520965
52.98737282421038
52.6719335678998
52.356494311589245
52.04105505527866
51.72561579896808
51.410176542657496
51.09473728634691
50.77929803003633
50.46385877372575
50.148419517415164
49.83298026110458
49.517541004794
49.202101748483415
48.88666249217282
48.90408654804537
48.92151060391792
48.938934659790476
48.95635871566303
48.97378277153558
48.73230489237723
48.490827013218876
48.24934913406052
48.00787125490217
47.76639337574382
47.524915496585464
47.28343761742711
47.04195973826876
46.800481859110405
46.55900397995205
46.3175261007937
46.07604822163535
45.834570342476994
45.59309246331864
45.35161458416029
45.110136705001935
44.86865882584358
44.62718094668523
44.385703067526876
44.14422518836852
43.90274730921017
43.66126943005182
44.25577177633798
44.85027412262414
45.44477646891025
46.03927881519638
45.707878989495214
45.376479163794045
45.045079338092876
44.71367951239168
44.38227968669051
44.05087986098934
43.71948003528817
43.388080209586974
43.056680383885805
42.725280558184636
42.39388073248347
42.06248090678227
41.73108108108107
42.116307045464
42.50153300984695
42.88675897422988
43.2719849386128
43.65721090299573
44.042436867378655
44.42766283176158
44.812888796144506
45.19811476052743
45.58334072491036
45.96856668929328
46.35379265367621
46.739018618059134
47.12424458244206
47.509470546824986
47.89469651120791
48.27992247559084
48.66514843997376
49.05037440435672
48.77979730202247
48.50922019968826
48.238643097354014
47.96806599501977
47.69748889268553
47.426911790351284
47.15633468801704
46.885757585682796
46.61518048334858
46.34460338101431
46.440299064989
46.53599474896368
46.63169043293836
46.72738611691305
46.823081800887735
46.49599692685629
46.16891205282485
45.84182717879341
45.51474230476197
45.187657430730496
45.741282478157075
46.2949075255836
46.848532573010175
47.4021576204367
47.955782667863275
48.5094077152898
49.063032762716375
49.6166578101429
50.170282857569475
50.723907904996
51.277532952422575
51.8311579998491
52.384783047275675
52.9384080947022
53.49203314212875
53.463023992934126
53.43401484373949
53.40500569454486
53.37599654535023
53.346987396155605
53.31797824696099
53.484464804953916
53.65095136294684
53.81743792093978
53.98392447893271
54.15041103692563
54.31689759491857
54.4833841529115
54.64987071090442
54.81635726889736
54.98284382689029
55.149330384883214
55.315816942876154
55.48230350086908
55.64879005886199
55.4687302362244
55.288670413586814
55.108610590949226
54.92855076831164
54.74849094567405
54.86136820925553
54.974245472837026
55.08712273641852
55.2
55.1492128678987
55.22880493979229
55.308397011685884
55.38798908357948
55.46758115547307
55.54717322736666
55.626765299260256
55.22223983525066
54.81771437124107
54.4131889072315
54.008663443221906
53.60413797921231
53.199612515202716
52.79508705119312
52.390561587183555
51.98603612317396
51.581510659164366
51.176985195154785
51.18719920070877
51.19741320626278
50.9378261856138
50.67823916496482
50.41865214431573
51.50790746593975
52.59716278756366
53.68641810918774
53.49234117988357
53.29826425057939
53.10418732127522
52.910110391971045
52.71603346266687
52.5219565333627
52.32787960405852
52.13380267475435
51.939725745450176
51.745648816146
51.55157188684183
51.357494957537654
51.16341802823348
50.969341098929306
50.77526416962513
50.58118724032096
50.387110311016784
50.193033381712624
50.448182144387644
50.70333090706269
50.95847966973771
51.21362843241276
51.46877719508781
51.72392595776283
51.97907472043788
52.23422348311293
52.48937224578795
52.744521008462996
52.99966977113802
53.254818533813065
53.509967296488114
53.765116059163134
54.02026482183818
54.2754135845132
54.530562347188265
54.52059225098412
54.51062215477998
54.67654854306082
54.842474931341656
55.00840131962251
55.17432770790336
55.340254096184196
55.506180484465034
55.672106872745886
55.83803326102675
55.71912249308582
55.6002117251449
55.481300957203985
55.36239018926307
55.243479421322135
55.12456865338122
55.0056578854403
54.88674711749937
54.76783634955845
54.64892558161753
54.530014813676615
54.411104045735684
54.292193277794766
54.17328250985385
54.05437174191292
53.935460973972
53.81655020603108
53.69763943809015
53.57872867014923
53.459817902208314
53.3409071342674
53.221996366326465
53.10308559838555
52.984174830444616
53.056162747467326
53.128150664490036
53.20013858151275
53.272126498535464
53.344114415558174
53.41610233258089
53.1526399153413
52.8891774981017
52.62571508086211
52.3622526636226
52.87025495641001
53.37825724919736
53.88625954198474
53.76449797789823
53.64273641381173
53.520974849725235
53.39921328563872
53.277451721552225
53.15569015746573
53.033928593379215
52.91216702929272
52.79040546520622
52.66864390111971
52.54688233703321
52.425120772946684
97.21256038647334
142.00000000000136
136.97344150299023
131.9468830059791
126.92032450896795
121.89376601195636
116.86720751494522
111.84064901793408
106.81409052092295
101.78753202391181
96.76097352690067
91.73441502988953
86.7078565328784
81.6812980358668
76.65473953885567
71.62818104184453
66.60162254483339
61.57506404782225
56.548505550811115
51.52194705379998
46.49538855678884
41.468830059777986
41.892805440847894
42.3167808219178
42.18134959463238
42.04591836734696
42.40744715017482
42.76897593300268
43.13050471583054
43.4920334986584
43.85356228148626
44.21509106431418
44.57661984714204
44.9381486299699
45.29967741279776
45.661206195625624
46.02273497845354
46.3842637612814
46.745792544109264
47.107321326937125
47.468850109764986
47.83037889259285
48.191907675420765
48.553436458248626
48.91496524107649
49.27649402390438
49.141322506315234
49.00615098872608
48.87097947113692
48.73580795354778
48.60063643595862
48.86055443845174
49.120472440944894
49.00502870285304
48.889584964761184
50.005609240546846
51.12163351633262
52.237657792118284
53.35368206790406
54.46970634368972
55.5857306194755
56.70175489526116
57.817779171046936
58.9338034468326
60.049827722618375
61.16585199840415
62.28187627418981
63.39790054997559
64.51392482576125
65.62994910154703
66.74597337733269
67.86199765311846
68.97802192890413
70.0940462046899
71.21007048047557
72.32609475626134
73.44211903204712
72.90120104320584
72.36028305436457
71.81936506552336
71.27844707668208
70.73752908784081
70.1966110989996
69.65569311015832
69.11477512131705
68.57385713247584
68.03293914363456
67.49202115479329
66.95110316595208
66.4101851771108
65.86926718826953
65.32834919942832
64.78743121058704
64.24651322174583
63.70559523290456
63.164677244063284
62.62375925522207
62.0828412663808
61.541923277539524
61.00100528869831
60.46008729985704
59.919169311015764
59.37825132217455
58.83733333333328
59.302305555555506
59.767277777777736
60.232249999999965
60.69722222222222
60.672662312200785
60.64810240217934
60.623542492157895
60.59898258213646
60.57442267211502
60.549862762093575
60.52530285207213
60.50074294205069
60.05146640652754
59.602189871004384
59.15291333548123
58.703636799958076
58.25436026443492
57.80508372891177
57.355807193388614
56.90653065786546
56.457254122342306
56.00797758681915
55.558701051296
55.109424515772844
54.66014798024969
54.210871444726536
53.76159490920338
53.31231837368023
52.86304183815707
52.41376530263392
51.964488767110765
51.51521223158761
51.06593569606446
50.6166591605413
50.16738262501815
49.718106089494995
49.26882955397184
48.81955301844869
48.37027648292553
47.92099994740238
47.471723411879225
47.02244687635607
46.57317034083292
46.123893805309734
46.16135924349719
46.19882468168464
46.043732220558724
45.88863975943278
45.73354729830683
45.578454837180914
45.42336237605497
45.26826991492902
45.113177453803104
44.95808499267716
44.80299253155121
44.647900070425294
44.49280760929935
44.3377151481734
44.18262268704747
44.26954469383851
44.356466700629554
44.443388707420596
44.53031071421164
44.617232721002665
44.70415472779371
44.402256348458764
44.10035796912382
43.79845958978888
43.49656121045393
43.845493441705116
44.194425672956356
44.543357904207596
44.89229013545878
45.24122236671002
44.96363578810488
44.68604920949974
44.408462630894604
44.13087605228944
43.8532894736843
44.352520540410524
44.85175160713675
45.35098267386297
45.8502137405892
46.34944480731548
46.15404452164174
45.95864423596802
45.76324395029417
46.8919324087351
48.02062086717615
49.149309325617196
50.27799778405824
51.40668624249918
52.535374700940224
53.66406315938127
54.792751617822205
55.92144007626325
57.05012853470441
56.649309646341464
56.24849075797857
55.847671869615624
55.44685298125273
55.04603409288984
54.64521520452689
54.244396316164
53.84357742780111
53.44275853943816
53.04193965107527
52.641120762712376
52.24030187434943
51.839482985986535
51.438664097623644
51.894796898475306
52.35092969932697
52.80706250017863
53.263195301030294
53.719328101881956
54.17546090273362
53.79024570320712
53.40503050368068
53.01981530415418
52.63460010462768
52.24938490510124
51.86416970557474
51.47895450604824
51.0937393065218
50.7085241069953
50.3233089074688
49.9380937079423
49.55287850841586
49.16766330888936
48.78244810936286
48.39723290983642
48.01201771030992
49.744509170215
51.47700063011973
51.09869467379832
50.72038871747691
50.342082761155496
49.96377680483408
49.58547084851267
49.20716489219126
48.828858935869846
48.45055297954843
48.07224702322702
47.69394106690561
47.315635110584196
46.937329154262784
46.55902319794137
46.18071724161996
45.80241128529849
45.42410532897708
45.045799372655665
44.66749341633425
44.28918746001284
44.56866982528476
44.84815219055673
45.127634555828706
45.407116921100624
45.6865992863726
45.96608165164457
46.245564016916546
46.52504638218852
50.259000131633
53.99295388107748
57.72690763052208
57.260486560999766
56.794065491477454
56.32764442195514
55.86122335243283
55.39480228291052
54.92838121338821
54.461960143865895
53.99553907434358
53.52911800482127
53.06269693529896
52.59627586577659
52.12985479625428
51.66343372673197
51.197012657209655
50.73059158768734
50.26417051816503
49.79774944864272
49.33132837912041
48.864907309598095
48.39848624007578
47.93206517055347
47.46564410103116
46.99922303150885
46.53280196198648
47.7795347623005
49.02626756261452
48.68828177828402
48.35029599395358
48.01231020962308
47.67432442529264
47.33633864096214
46.9983528566317
46.6603670723012
46.3223812879707
45.98439550364026
45.64640971930976
45.30842393497932
44.97043815064882
44.632452366318375
45.767789641160334
46.90312691600246
46.53151939482706
46.15991187365165
45.788304352476246
45.4166968313009
45.04508931012549
44.673481788950085
44.30187426777468
43.93026674659927
43.55865922542387
43.18705170424846
42.815444183073055
42.44383666189765
42.07222914072213
43.94738719044199
45.82254524016207
47.69770328988204
47.32944617262001
46.961189055358034
46.592931938096
46.224674820834025
45.85641770357199
45.48816058630996
45.11990346904798
44.75164635178595
44.383389234523975
44.01513211726194
43.646874999999966
44.01389543417798
44.38091586835594
44.74793630253396
45.114956736711974
44.72079728059333
44.32663782447463
43.93247836835599
43.538318912237344
43.14415945611864
42.75
43.901868064984455
45.053736129968684
46.20560419495314
47.35747225993737
48.509340324921595
49.66120838990605
50.81307645489028
51.96494451987451
53.11681258485896
54.26868064984319
55.420548714827646
56.572416779811874
57.7242848447961
57.677658610547105
57.63103237629811
57.63470873786406
57.18262977960063
56.73055082133715
56.27847186307366
55.826392904810234
55.37431394654675
54.92223498828332
54.47015603001984
54.01807707175635
53.565998113492924
53.11391915522944
52.661840196965954
52.20976123870253
51.75768228043904
51.305603322175614
50.85352436391213
50.401445405648644
49.949366447385216
49.49728748912173
49.04520853085825
48.59312957259482
48.141050614331334
47.688971656067906
47.23689269780442
46.78481373954094
46.33273478127751
45.880655823014024
45.428576864750596
44.97649790648711
44.52441894822363
44.0723399899602
43.6202610316966
44.82246857877249
46.02467612584826
45.690264548269056
45.35585297068991
45.02144139311076
44.68702981553156
44.352618237952356
44.01820666037321
43.68379508279406
43.34938350521486
43.014971927635685
43.28178063466427
43.548589341692775
43.24268416436246
42.93677898703214
42.630873809701825
42.32496863237145
42.52010042172728
42.71523221108313
42.91036400043896
43.105495789794816
43.30062757915064
43.49575936850647
43.690891157862325
43.88602294721815
44.08115473657401
44.276286525929834
44.47141831528569
44.666550104641516
44.86168189399737
45.0568136833532
45.25194547270905
45.44707726206488
45.64220905142071
45.83734084077656
46.03247263013239
46.227604419488245
46.42273620884407
46.61786799819993
46.81299978755575
47.00813157691161
47.203263366267436
47.39839515562326
47.59352694497912
47.788658734334945
47.98379052369074
47.73136145817068
47.47893239265062
47.22650332713056
46.97407426161044
46.72164519609038
46.46921613057032
46.216787065050255
45.96435799953019
45.711928934010075
46.3213649745137
46.93080101501721
47.54023705552089
47.31018440522416
47.08013175492749
46.850079104630765
46.620026454334095
46.38997380403737
46.1599211537407
45.929868503443984
46.07908600375505
46.22830350406612
46.377521004377186
46.52673850468828
46.67595600499935
46.82517350531042
46.9743910056215
46.60204232265892
46.22969363969628
45.8573449567337
45.48499627377106
45.11264759080848
44.74029890784584
44.36795022488326
43.99560154192068
43.62325285895804
43.834132733923155
44.04501260888827
44.25589248385339
44.4667723588185
44.67765223378362
44.888532108748734
45.09941198371385
45.31029185867891
45.050567581361236
44.790843304043506
44.531119026725776
44.2713947494081
44.01167047209037
43.75194619477264
43.49222191745491
43.23249764013724
42.97277336281951
42.71304908550178
42.45332480818411
43.285203670886744
44.11708253358927
43.765213517729876
43.41334450187048
43.061475486011034
42.70960647015164
42.35773745429225
42.0058684384328
41.653999422573406
41.302130406714014
41.88992178592571
42.477713165137516
43.06550454434921
43.653295923560904
44.24108730277271
44.828878681984406
45.416670061196214
46.00446144040791
45.83302002182248
45.661578603237075
45.490137184651644
45.31869576606621
45.14725434748081
44.97581292889538
44.80437151030995
44.632930091724546
44.461488673139115
44.69420425377018
44.92691983440125
45.15963541503231
45.39235099566338
45.625066576294444
45.85778215692551
46.090497737556575
45.90349477829241
45.71649181902825
45.529488859764086
45.56020568793014
45.59092251609621
45.621639344262235
45.40615709213347
45.190674840004704
44.97519258787594
44.7597103357472
44.78400536550207
44.808300395256936
44.61282891022023
44.417357425183525
44.22188594014682
44.026414455110114
43.83094297007341
43.6354714850367
43.44
43.59454899415965
43.749097988319306
43.90364698247893
44.058195976638586
44.21274497079824
44.36729396495787
44.15968760511129
43.95208124526471
43.74447488541813
43.53686852557155
43.32926216572497
43.12165580587839
42.91404944603187
42.70644308618529
42.49883672633871
42.29123036649213
42.47317886711281
42.655127367733485
42.35935176333692
42.06357615894012
48.43460264900568
54.80562913907215
61.17665562913862
67.54768211920509
73.91870860927065
80.28973509933712
86.66076158940359
93.03178807947006
99.40281456953562
105.77384105960209
112.14486754966856
118.51589403973412
124.88692052980059
131.25794701986706
137.62897350993262
144.00000000000364
130.168168168173
116.33633633633872
102.50450450450808
88.67267267267744
74.84084084084316
61.009009009012516
47.177177177177555
48.08993914549501
49.00270111381246
49.915463082130145
50.8282250504476
51.740987018765054
52.65374898708251
53.56651095540019
54.479272923717645
55.3920348920351
56.30479686035278
57.217558828670235
58.13032079698769
59.04308276530537
59.955844733622826
60.86860670194028
61.781368670257734
62.694130638575416
63.60689260689287
64.51965457521032
65.432416543528
66.34517851184546
67.25794048016292
68.1707024484806
69.08346441679805
69.9962263851155
70.90898835343296
71.8217503217503
71.53761619375882
71.25348206576729
70.96934793777575
70.68521380978427
70.40107968179274
70.1169455538012
69.83281142580972
69.54867729781819
69.26454316982671
68.98040904183517
68.69627491384364
68.41214078585216
68.12800665786062
67.84387252986909
67.55973840187761
67.27560427388607
66.99147014589454
66.70733601790306
66.42320188991152
66.13906776192005
65.85493363392851
65.57079950593698
65.2866653779455
65.00253124995396
64.71839712196243
64.43426299397095
64.15012886597941
64.48093215013472
64.81173543429009
65.14253871844545
65.47334200260076
65.18113155809613
64.8889211135915
64.59671066908686
64.30450022458223
64.0122897800776
64.50650934849205
65.0007289169065
65.49494848532095
65.9891680537354
66.4833876221499
66.18436935330845
65.885351084467
65.58633281562555
65.2873145467841
64.98829627794265
64.6892780091012
64.3902597402597
65.05044173870033
65.71062373714085
66.37080573558137
67.030987734022
66.61315700716352
66.19532628030504
65.77749555344656
65.35966482658807
64.94183409972959
64.5240033728711
64.10617264601262
63.68834191915414
63.27051119229566
62.852680465437174
62.43484973857869
62.01701901172021
61.59918828486161
61.18135755800313
60.763526831144645
60.34569610428616
59.92786537742768
59.510034650569196
59.09220392371071
58.67437319685223
58.25654246999375
57.83871174313526
57.42088101627678
57.0030502894183
56.585219562559814
56.16738883570122
55.749558108842734
55.33172738198425
54.91389665512577
54.496065928267285
54.0782352014088
53.66040447455032
53.242573747691836
52.82474302083335
52.40691229397487
51.98908156711627
52.34090140686072
52.692721246605174
53.044541086349625
53.396360926094076
53.748180765838526
54.10000060558298
54.451820445327485
54.803640285071936
55.155460124816386
55.50727996456084
55.85909980430523
55.670025732723275
55.48095166114132
55.291877589559306
55.10280351797735
54.91372944639539
54.72465537481338
54.535581303231424
54.34650723164947
54.15743316006751
53.9683590884855
53.77928501690354
53.59021094532159
53.401136873739574
53.21206280215762
53.02298873057566
52.83391465899365
52.64484058741169
52.45576651582974
52.266692444247724
52.07761837266577
51.88854430108381
51.6994702295018
51.51039615791984
51.32132208633789
51.132248014755874
50.943173943173946
50.95718990859997
50.971205874026
50.985221839452024
50.99923780487805
50.860562985326595
50.72188816577517
50.583213346223744
50.44453852667232
50.68028625778288
50.916033988893446
51.15178172000401
51.387529451114574
51.62327718222514
51.293907121846985
50.96453706146889
50.63516700109079
50.305796940712696
49.97642688033454
49.64705681995645
49.31768675957835
48.9883166992002
48.6589466388221
48.329576578444005
48.00020651806585
47.670836457687756
47.34146639730966
47.012096336931506
46.68272627655341
46.353356216175314
46.02398615579716
45.694616095419065
45.36524603504097
45.035875974662815
44.70650591428472
44.37713585390662
44.04776579352851
44.04776579352853
43.87143401675422
43.69510223997992
43.51877046320567
43.342438686431365
43.16610690965706
42.989775132882755
42.81344335610851
42.6371115793342
42.4607798025599
42.28444802578588
44.65240341745857
47.02035880913127
49.38831420080396
51.756269592476485
51.54423242923991
51.332195266003396
51.120158102766794