99.80996168582377
99.64448675276263
99.4790118197015
99.31353688664035
99.1480619535792
98.98258702051807
98.81711208745693
98.65163715439579
98.48616222133464
98.3206872882735
98.15521235521236
98.90724712489418
99.65928189457601
99.53907338336404
99.41886487215207
99.2986563609401
99.17844784972813
99.05823933851616
98.93803082730419
98.81782231609222
98.69761380488025
98.57740529366828
98.45719678245631
98.33698827124434
98.21677976003237
98.09657124882038
97.97636273760841
97.85615422639644
97.73594571518447
97.6157372039725
98.42289927683288
99.23006134969324
99.10631676523225
98.98257218077126
98.85882759631028
98.73508301184928
98.61133842738829
98.4875938429273
98.36384925846632
98.24010467400532
98.11636008954433
97.99261550508334
97.86887092062236
97.74512633616136
97.62138175170037
97.49763716723939
97.3738925827784
97.2501479983174
97.12640341385641
97.00265882939543
96.87891424493444
96.75516966047344
96.63142507601245
96.50768049155147
97.66409243598183
98.82050438041219
99.97691632484253
101.13332826927291
102.28974021370325
103.44615215813363
104.60256410256397
119.6329102995769
134.66325649658984
149.69360269360274
146.3705418574984
143.0474810213941
139.72442018528977
136.40135934918547
133.07829851308114
129.75523767697683
126.4321768408725
123.10911600476817
119.78605516866386
116.46299433255953
113.13993349645523
109.8168726603509
106.49381182424656
103.17075098814229
103.98619739685074
104.8016438055592
105.61709021426765
106.4325366229761
106.2650486310412
106.09756063910628
105.93007264717136
105.76258465523645
105.59509666330153
105.42760867136661
105.26012067943171
105.09263268749679
104.92514469556188
104.75765670362696
104.59016871169204
104.42268071975714
104.25519272782222
104.08770473588731
103.9202167439524
103.75272875201748
103.58524076008257
103.41775276814765
103.25026477621273
103.08277678427783
102.9152887923429
102.74780080040799
102.58031280847308
102.41282481653816
102.24533682460326
102.07784883266834
101.91036084073343
101.74287284879851
101.5753848568636
101.40789686492869
101.24040887299377
101.07292088105885
100.90543288912394
100.73794489718902
100.5704569052541
100.4029689133192
100.23548092138428
100.06799292944937
99.90050493751446
99.73301694557955
99.56552895364463
99.39804096170971
100.37072196544592
101.34340296918214
102.31608397291835
103.28876497665456
104.26144598039077
105.23412698412699
105.0349124949125
104.83569800569802
104.63648351648352
104.43726902726904
104.23805453805454
104.03884004884006
103.83962555962557
103.64041107041108
103.44119658119659
103.2419820919821
103.04276760276761
102.84355311355313
102.64433862433864
102.44512413512415
102.24590964590966
102.04669515669516
101.84748066748068
101.6482661782662
101.4490516890517
101.24983719983722
101.05062271062272
100.85140822140824
100.65219373219375
100.45297924297927
100.25376475376477
100.05455026455029
99.85533577533579
99.6561212861213
99.45690679690682
99.25769230769232
99.91290259537212
100.56811288305191
101.2233231707317
101.18733931947737
101.15135546822303
101.1153716169687
101.07938776571437
101.04340391446004
101.00742006320571
100.97143621195139
100.93545236069704
100.89946850944271
100.86348465818838
100.82750080693405
100.79151695567973
100.75553310442538
100.71954925317105
100.68356540191672
100.6475815506624
100.61159769940807
100.57561384815372
100.5396299968994
100.50364614564506
100.46766229439073
100.4316784431364
100.39569459188208
100.35971074062773
100.3237268893734
100.28774303811907
100.25175918686475
100.63873018413747
101.0257011814102
101.41267217868291
101.79964317595564
102.18661417322835
102.05678111632432
101.92694805942028
101.79711500251625
101.66728194561222
101.53744888870818
101.40761583180415
101.27778277490012
101.14794971799608
101.01811666109205
100.88828360418802
100.75845054728399
100.62861749037995
100.49878443347592
100.36895137657189
100.23911831966785
100.10928526276382
99.97945220585979
99.84961914895575
99.71978609205172
99.58995303514769
99.46011997824365
99.33028692133962
99.20045386443559
99.07062080753155
98.94078775062752
98.81095469372349
98.68112163681946
98.55128857991542
98.42145552301139
98.29162246610736
98.16178940920332
98.03195635229929
99.49727201870616
100.96258768511302
100.84468189376408
100.72677610241513
100.6088703110662
100.49096451971725
100.3730587283683
100.25515293701936
100.13724714567041
100.01934135432148
99.90143556297254
99.78352977162359
99.66562398027465
99.5477181889257
99.42981239757677
99.31190660622782
99.19400081487888
99.07609502352993
98.95818923218098
98.84028344083205
98.72237764948311
98.60447185813416
99.72572846313
100.84698506812583
101.9682416731216
101.84430607018422
101.72037046724682
101.59643486430943
101.47249926137204
101.34856365843464
101.22462805549725
101.10069245255985
100.97675684962248
100.85282124668508
100.72888564374769
100.60495004081031
100.48101443787291
100.35707883493552
100.23314323199813
100.10920762906073
99.98527202612334
99.86133642318595
99.73740082024855
99.61346521731117
99.48952961437378
99.36559401143639
99.241658408499
99.11772280556161
98.99378720262422
98.86985159968683
98.74591599674943
98.62198039381204
98.49804479087464
98.37410918793725
98.25017358499987
98.12623798206248
98.00230237912507
99.32077271633659
100.63924305354806
101.9577133907596
101.82998051944534
101.70224764813109
101.57451477681684
101.44678190550259
101.31904903418834
101.19131616287409
101.06358329155984
100.93585042024559
100.80811754893134
100.68038467761708
100.55265180630283
100.55265180630285
100.40678733526966
100.26092286423645
100.11505839320324
99.96919392217005
99.82332945113686
99.67746498010365
99.53160050907046
99.38573603803727
99.23987156700406
99.09400709597087
98.94814262493767
98.80227815390447
98.65641368287126
98.51054921183808
98.36468474080488
98.21882026977167
98.07295579873848
97.92709132770528
99.9689552465419
102.01081916537869
101.88134200018325
101.7518648349878
101.62238766979237
101.49291050459692
101.36343333940148
101.23395617420604
101.10447900901059
100.97500184381516
100.84552467861971
100.71604751342427
100.58657034822883
100.4570931830334
100.32761601783795
100.1981388526425
100.06866168744708
99.93918452225162
99.80970735705618
99.68023019186074
99.55075302666529
99.42127586146987
99.29179869627441
99.16232153107897
99.03284436588353
98.90336720068808
98.77389003549266
98.6444128702972
98.51493570510176
98.38545853990632
98.25598137471088
98.12650420951545
97.99702704431999
97.86754987912457
97.73807271392911
97.60859554873366
97.59620778252076
97.58382001630787
97.57143225009496
97.55904448388206
97.54665671766915
97.53426895145626
97.52188118524334
97.50949341903045
97.49710565281754
97.48471788660464
97.47233012039173
97.45994235417884
97.44755458796593
97.43516682175303
97.42277905554013
97.41039128932722
97.39800352311433
97.38561575690142
97.37322799068852
97.36084022447561
97.34845245826271
97.3360646920498
97.3236769258369
97.311289159624
97.2989013934111
97.28651362719819
97.2741258609853
97.26173809477238
97.24935032855949
97.23696256234658
97.22457479613368
97.21218702992078
97.19979926370787
97.18741149749498
97.17502373128207
97.16263596506917
97.15024819885626
97.13786043264336
97.12547266643045
97.11308490021756
97.10069713400465
97.52141427833722
97.94213142266976
98.36284856700233
98.78356571133487
99.20428285566744
99.625
99.54245976090294
99.45991952180592
99.37737928270886
99.29483904361183
99.21229880451479
99.12975856541775
99.0472183263207
98.96467808722366
98.88213784812662
98.79959760902958
98.71705736993253
98.63451713083549
98.55197689173845
98.4694366526414
98.38689641354436
98.30435617444732
98.22181593535029
98.13927569625324
98.05673545715621
97.97419521805915
97.89165497896212
97.80911473986507
97.72657450076804
98.7546256569616
99.78267681315515
100.81072796934866
100.6815027719693
100.55227757458995
100.4230523772106
100.29382717983124
100.16460198245187
100.03537678507251
99.90615158769316
99.7769263903138
99.64770119293445
99.5184759955551
99.38925079817574
99.26002560079638
99.13080040341703
99.00157520603767
98.87235000865832
98.74312481127896
98.61389961389966
100.12657742525857
101.63925523661754
101.51457562331278
101.38989601000802
101.26521639670327
101.14053678339852
101.01585717009374
100.89117755678899
100.76649794348424
100.64181833017946
100.51713871687471
100.39245910356996
100.2677794902652
100.14309987696043
100.01842026365568
99.89374065035092
99.76906103704616
99.64438142374141
99.51970181043663
99.82214056441958
100.12457931840254
100.4270180723855
100.72945682636845
101.03189558035137
101.33433433433434
101.1790010927942
101.02366785125406
100.86833460971393
100.71300136817378
100.55766812663364
100.40233488509351
100.24700164355336
100.09166840201323
99.93633516047309
99.78100191893296
99.62566867739281
99.47033543585268
99.31500219431254
99.15966895277239
99.00433571123226
98.84900246969212
98.69366922815198
98.53833598661184
98.3830027450717
98.22766950353156
98.07233626199142
97.91700302045129
97.76166977891116
97.606336537371
97.45100329583087
97.29567005429074
97.14033681275059
96.98500357121046
96.82967032967031
96.87752669078887
96.92538305190743
96.97323941302598
97.02109577414454
97.06895213526309
97.11680849638165
97.16466485750021
97.21252121861878
97.26037757973732
97.30823394085589
97.35609030197443
97.403946663093
97.45180302421156
97.49965938533012
97.54751574644867
97.59537210756723
97.64322846868578
97.69108482980434
97.7389411909229
97.78679755204146
97.83465391316001
97.88251027427857
97.93036663539712
97.97822299651568
98.25578892264437
98.53335484877306
98.81092077490172
99.0884867010304
99.36605262715909
99.64361855328775
99.92118447941644
100.19875040554513
100.47631633167381
100.75388225780247
101.03144818393116
101.30901411005985
101.58658003618851
101.8641459623172
102.14171188844588
102.41927781457454
102.69684374070323
102.97440966683192
103.25197559296058
103.52954151908926
103.80710744521795
104.08467337134664
104.36223929747533
104.13607182722193
103.90990435696853
103.68373688671514
103.45756941646174
103.23140194620834
103.00523447595495
102.77906700570155
102.55289953544815
102.32673206519476
102.10056459494136
101.87439712468796
101.64822965443457
101.42206218418117
101.19589471392777
100.96972724367438
100.74355977342098
100.51739230316758
100.2912248329142
100.0650573626608
99.8388898924074
99.61272242215401
99.38655495190062
99.1603874816472
98.93422001139382
98.70805254114043
98.48188507088702
98.25571760063363
98.02955013038024
97.80338266012683
97.57721518987341
99.48437030680111
101.39152542372881
101.20241904103435
101.01331265833988
100.82420627564542
100.63509989295096
100.4459935102565
100.25688712756204
100.06778074486758
99.87867436217311
99.68956797947865
99.50046159678419
99.31135521408973
99.12224883139527
98.93314244870079
98.74403606600633
98.55492968331187
98.36582330061741
98.17671691792293
99.1086293086654
100.04054169940775
100.97245409015024
100.81665328173717
100.6608524733241
100.50505166491104
100.34925085649796
100.1934500480849
100.03764923967182
99.88184843125876
99.72604762284568
99.57024681443261
99.41444600601955
99.25864519760647
99.10284438919341
98.94704358078033
98.79124277236727
98.6354419639542
98.47964115554113
98.32384034712805
98.16803953871499
99.0727946008011
99.97754966288733
100.88230472497355
101.78705978705979
101.63384952264887
101.48063925823797
101.32742899382706
101.17421872941615
101.02100846500524
100.86779820059434
100.71458793618342
100.56137767177252
100.4081674073616
100.25495714295069
100.10174687853979
99.94853661412887
99.79532634971781
100.88148081016232
101.96763527060682
103.05378973105135
102.86445973560573
102.67512974016012
102.48579974471451
102.2964697492689
102.10713975382329
101.91780975837767
101.72847976293205
101.53914976748645
101.34981977204083
101.16048977659523
100.97115978114961
100.78182978570399
100.59249979025839
100.40316979481277
100.21383979936715
100.02450980392155
101.66858244538525
103.31265508684861
103.12898088337467
102.94530667990072
102.76163247642678
102.57795827295283
102.39428406947889
102.21060986600494
102.026935662531
101.84326145905705
101.6595872555831
101.47591305210916
101.29223884863522
101.10856464516127
100.92489044168732
100.74121623821338
100.55754203473944
100.3738678312655
100.19019362779154
100.0065194243176
99.82284522084366
99.63917101736972
99.45549681389576
99.27182261042182
99.08814840694788
98.90447420347394
98.7208
98.6966989993247
98.6725979986494
98.64849699797409
98.62439599729879
98.60029499662349
98.57619399594819
98.55209299527289
98.52799199459758
98.50389099392228
98.47978999324698
98.45568899257168
98.43158799189638
98.40748699122108
98.38338599054578
98.35928498987047
98.33518398919517
98.31108298851987
98.28698198784457
98.26288098716927
98.23877998649397
98.21467898581867
98.19057798514336
98.16647698446806
98.14237598379276
98.11827498311746
98.09417398244216
99.40305487273565
100.71193576302915
102.02081665332265
101.8401714273627
101.65952620140277
101.47888097544282
101.29823574948287
101.11759052352292
100.93694529756297
100.75630007160302
100.57565484564307
100.39500961968312
100.21436439372317
100.03371916776325
99.8530739418033
99.67242871584335
99.4917834898834
99.31113826392345
99.1304930379635
98.94984781200355
98.7692025860436
98.58855736008366
98.4079121341237
98.22726690816376
98.0466216822038
97.86597645624389
97.68533123028374
99.22496861842774
100.76460600657174
102.30424339471573
102.1478430549108
101.99144271510586
101.83504237530092
101.67864203549598
101.52224169569104
101.3658413558861
101.20944101608117
101.05304067627623
100.8966403364713
100.74023999666635
100.58383965686141
100.42743931705648
100.27103897725154
100.1146386374466
99.95823829764166
99.80183795783672
99.64543761803178
99.48903727822685
99.33263693842191
99.17623659861697
99.01983625881203
98.86343591900709
98.70703557920216
98.55063523939722
98.39423489959228
98.23783455978734
98.0814342199824
97.92503388017747
97.76863354037255
99.97376989518625
102.17890625000001
102.0245497081044
101.8701931662088
101.7158366243132
101.56148008241759
101.40712354052198
101.25276699862638
101.09841045673078
100.94405391483517
100.78969737293956
100.63534083104396
100.48098428914835
100.32662774725274
100.17227120535715
100.01791466346154
99.86355812156593
99.70920157967032
99.55484503777473
99.40048849587912
99.24613195398351
99.09177541208791
98.9374188701923
98.7830623282967
98.62870578640108
98.47434924450549
98.31999270260988
98.16563616071427
98.01127961881868
97.8569230769233
99.07822649572665
100.29952991453013
101.52083333333337
101.38213196864116
101.24343060394894
101.10472923925671
100.9660278745645
100.82732650987228
100.68862514518005
100.54992378048784
100.41122241579562
100.2725210511034
100.13381968641119
99.99511832171896
99.85641695702674
99.71771559233453
99.5790142276423
99.4403128629501
99.30161149825787
99.16291013356565
99.02420876887344
98.88550740418121
98.74680603948899
98.60810467479678
98.46940331010455
98.33070194541233
98.19200058072012
98.0532992160279
97.91459785133567
97.77589648664346
97.63719512195121
97.64610873207968
97.65502234220814
97.66393595233662
97.67284956246509
97.68176317259355
97.69067678272202
97.6995903928505
97.70850400297896
97.71741761310743
97.72633122323589
97.73524483336436
97.74415844349284
97.7530720536213
97.76198566374977
97.77089927387824
97.7798128840067
97.78872649413518
97.79764010426365
97.80655371439211
97.81546732452058
97.82438093464904
97.83329454477752
97.84220815490599
97.85112176503445
97.86003537516292
97.8689489852914
97.87786259541986
99.72086276188429
101.5638629283489
101.41043036343922
101.25699779852954
101.10356523361986
100.95013266871018
100.7967001038005
100.64326753889085
100.48983497398117
100.3364024090715
100.18296984416182
100.02953727925214
99.87610471434246
99.72267214943278
99.56923958452313
99.41580701961345
99.26237445470377
99.1089418897941
98.95550932488442
98.80207675997474
98.64864419506506
98.49521163015538
98.34177906524573
98.18834650033605
98.03491393542637
97.8814813705167
97.72804880560702
97.57461624069734
97.42118367578766
97.26775111087798
97.11431854596833
96.96088598105865
96.80745341614897
98.45649131635241
100.10552921655585
101.75456711675935
101.57098198035203
101.38739684394471
101.2038117075374
101.02022657113005
100.83664143472274
100.65305629831542
100.4694711619081
100.28588602550079
100.10230088909344
99.91871575268613
99.73513061627881
99.55154547987149
99.36796034346415
99.18437520705683
99.00079007064951
98.8172049342422
98.63361979783488
98.45003466142754
98.26644952502022
98.0828643886129
97.89927925220559
97.71569411579824
97.53210897939093
97.34852384298361
97.1649387065763
96.98135357016895
96.79776843376163
96.61418329735432
96.430598160947
96.24701302453968
96.06342788813234
95.87984275172502
95.69625761531768
95.8985173640306
96.10077711274351
96.30303686145643
96.50529661016935
99.39584079334782
102.28638497652585
102.09521330926864
101.90404164201146
101.71286997475426
101.52169830749705
101.33052664023984
101.13935497298263
100.94818330572545
100.75701163846824
100.56583997121103
100.37466830395383
100.18349663669662
99.99232496943944
99.80115330218223
99.60998163492502
99.41880996766781
99.2276383004106
99.03646663315342
98.84529496589622
98.65412329863898
99.69746846761996
100.74081363660093
101.7841588055818
102.82750397456283
102.66049311832845
102.49348226209406
102.32647140585968
102.1594605496253
101.99244969339091
101.82543883715653
101.65842798092211
101.49141712468773
101.32440626845334
101.15739541221896
100.99038455598458
100.82337369975019
100.65636284351581
100.48935198728142
100.32234113104704
100.15533027481266
99.98831941857827
99.82130856234389
99.6542977061095
99.48728684987512
99.32027599364073
99.15326513740635
98.98625428117197
98.81924342493758
98.6522325687032
98.48522171246881
98.31821085623443
98.15120000000002
98.45783317535546
98.7644663507109
99.07109952606635
99.37773270142179
99.68436587677724
99.99099905213268
100.29763222748812
100.60426540284357
100.47490915009915
100.34555289735472
100.2161966446103
100.08684039186588
99.95748413912146
99.82812788637705
99.69877163363262
99.56941538088819
99.44005912814379
99.31070287539933
100.33742315084714
101.36414342629482
101.2171891279327
101.07023482957061
100.92328053120849
100.7763262328464
100.62937193448428
100.4824176361222
100.33546333776007
100.18850903939799
100.04155474103587
99.89460044267378
99.74764614431166
99.60069184594957
99.45373754758745
99.30678324922536
99.15982895086324
99.01287465250115
98.86592035413904
98.71896605577695
98.57201175741483
98.42505745905274
98.27810316069062
98.13114886232853
97.98419456396641
97.83724026560432
97.6902859672422
97.54333166888011
97.396377370518
97.2494230721559
97.10246877379382
96.9555144754317
96.80856017706961
96.66160587870749
96.5146515803454
96.36769728198328
96.2207429836212
96.07378868525907
95.92683438689699
95.77988008853487
95.63292579017278
95.48597149181066
95.33901719344857
95.19206289508645
95.04510859672436
94.89815429836224
94.75120000000015
97.37640906148863
100.00161812297736
99.8632194960555
99.72482086913368
99.58642224221182
99.44802361528997
99.30962498836814
99.17122636144629
99.03282773452446
98.8944291076026
98.75603048068075
98.61763185375892
98.47923322683707
98.47923322683712
98.31313510600842
98.14703698517968
97.98093886435095
97.81484074352224
97.6487426226935
97.48264450186477
97.31654638103606
97.15044826020733
96.98435013937859
96.81825201854988
96.65215389772115
96.48605577689239
97.29480654457257
98.10355731225297
97.94999515539084
97.79643299852873
97.64287084166659
97.48930868480446
97.33574652794235
97.18218437108021
97.0286222142181
96.87506005735597
96.72149790049383
96.56793574363172
96.41437358676959
96.26081142990745
96.10724927304534
95.9536871161832
95.80012495932107
95.64656280245896
95.49300064559682
95.33943848873471
95.18587633187258
95.03231417501044
94.87875201814833
94.7251898612862
94.57162770442409
94.41806554756181
95.55263425623116
96.68720296490073
97.82177167357008
98.95634038223943
100.0909090909091
99.95241270546896
99.8139163200288
99.67541993458866
99.53692354914853
99.39842716370836
99.25993077826823
99.12143439282806
99.55053800836015
99.97964162389223
100.40874523942438
100.83784885495646
101.26695247048855
101.69605608602069
102.12515970155278
102.55426331708486
102.983366932617
103.41247054814909
103.84157416368117
104.27067777921332
104.6997813947454
105.12888501027749
105.55798862580963
105.98709224134171
106.41619585687383
106.2007917546689
105.98538765246397
105.76998355025901
105.55457944805408
105.33917534584913
105.1237712436442
104.90836714143924
104.69296303923431
104.47755893702936
104.26215483482443
104.0467507326195
103.83134663041454
103.61594252820962
103.40053842600466
103.18513432379973
102.96973022159477
102.75432611938984
102.53892201718489
102.32351791497996
102.10811381277503
101.89270971057007
101.67730560836515
101.46190150616019
101.24649740395526
101.0310933017503
100.81568919954537
100.60028509734042
100.38488099513549
100.16947689293056
99.9540727907256
99.73866868852068
99.52326458631572
99.30786048411079
99.09245638190583
98.8770522797009
98.66164817749603
98.9830358385675
99.30442349963892
99.62581116071033
99.94719882178174
100.26858648285321
100.58997414392462
100.911361804996
100.72754575317893
100.54372970136188
100.35991364954481
100.17609759772773
99.99228154591069
99.80846549409361
99.62464944227656
99.44083339045949
99.25701733864241
99.07320128682537
98.88938523500829
98.70556918319122
98.52175313137417
98.3379370795571
98.15412102774002
97.97030497592323
99.0244320119964
100.07855904806956
101.13268608414239
101.07647270171464
101.02025931928688
101.2446514512879
101.46904358328891
101.69343571528992
101.91782784729094
102.14221997929195
102.36661211129294
102.21335965009462
102.06010718889632
101.906854727698
101.75360226649971
101.60034980530139
101.4470973441031
101.29384488290478
101.14059242170646
100.98733996050817
100.83408749930985
100.68083503811155
100.52758257691323
100.37433011571494
100.22107765451665
100.95418962090912
101.68730158730159
101.51707388361226
101.34684617992292
101.17661847623361
101.00639077254428
100.83616306885494
100.66593536516561
100.4957076614763
100.32547995778697
100.15525225409763
99.9850245504083
99.81479684671896
99.64456914302966
99.47434143934032
99.30411373565099
99.13388603196165
98.96365832827234
98.79343062458301
98.62320292089368
98.45297521720434
98.28274751351503
98.1125198098257
99.78320457211385
101.45388933440259
101.29847989650708
101.14307045861156
100.98766102071605
100.8322515828205
100.67684214492499
100.52143270702948
100.36602326913396
100.21061383123845
100.0552043933429
99.89979495544739
99.74438551755188
99.58897607965636
99.43356664176085
99.2781572038653
99.12274776596979
98.96733832807428
98.81192889017876
98.65651945228325
98.5011100143877
98.34570057649219
98.19029113859668
98.03488170070116
97.87947226280565
97.7240628249101
97.56865338701459
97.41324394911908
97.25783451122356
97.10242507332805
96.9470156354325
96.79160619753699
96.63619675964148
96.48078732174596
96.32537788385048
97.56860786829725
98.81183785274402
100.05506783719073
99.91297439054185
99.77088094389296
99.62878749724408
99.48669405059519
99.3446006039463
99.20250715729742
99.06041371064853
98.91832026399965
98.77622681735079
98.6341333707019
98.49203992405302
98.34994647740413
98.20785303075525
98.06575958410636
97.92366613745747
97.78157269080859
97.6394792441597
97.49738579751084
97.35529235086196
97.21319890421307
97.07110545756419
96.9290120109153
96.78691856426641
96.64482511761753
96.50273167096864
96.36063822431976
96.2185447776709
96.07645133102201
95.93435788437313
95.79226443772424
95.65017099107536
95.50807754442667
97.28554697293748
99.06301640144875
100.84048582995953
100.69213765264345
100.54378947532734
100.39544129801124
100.24709312069513
100.09874494337902
99.95039676606291
99.80204858874683
99.65370041143072
99.50535223411461
99.3570040567985
99.2086558794824
99.06030770216628
98.91195952485018
98.7636113475341
98.61526317021799
98.46691499290188
98.31856681558577
98.17021863826966
98.02187046095355
97.87352228363747
97.72517410632136
97.57682592900525
97.42847775168914
97.28012957437303
97.13178139705693
96.98343321974085
96.83508504242474
96.68673686510863
96.53838868779252
96.39004051047641
96.2416923331603
96.09334415584408
97.29232238349891
98.49130061115352
99.69027883880813
100.88925706646296
102.08823529411762
101.93205866616307
101.77588203820852
101.61970541025397
101.46352878229942
101.30735215434487
101.15117552639029
100.99499889843574
100.83882227048119
100.68264564252664
100.52646901457209
100.37029238661754
100.21411575866296
100.0579391307084
99.90176250275385
99.74558587479919
100.65424967046943
101.56291346613943
102.47157726180941
102.31014137920977
102.14870549661015
101.9872696140105
101.82583373141085
101.66439784881123
101.50296196621159
101.34152608361197
101.18009020101232
101.0186543184127
100.85721843581305
100.6957825532134
100.53434667061379
100.37291078801414
100.21147490541452
100.05003902281487
99.88860314021525
99.7271672576156
99.56573137501596
99.40429549241634
99.24285960981669
99.08142372721707
98.91998784461742
98.7585519620178
98.59711607941816
98.43568019681851
98.27424431421889
98.11280843161924
97.9513725490201
99.52112500643307
101.09087746384648
102.66062992125984
102.51376896949981
102.36690801773977
102.22004706597974
102.07318611421971
101.92632516245968
101.77946421069967
101.63260325893964
101.4857423071796
101.33888135541957
101.19202040365954
101.04515945189951
100.89829850013948
100.75143754837947
100.60457659661944
100.4577156448594
100.31085469309937
100.16399374133934
100.0171327895793
99.87027183781927
99.72341088605924
99.57654993429924
99.4296889825392
99.28282803077917
99.13596707901914
98.9891061272591
98.84224517549907
98.69538422373904
98.54852327197904
98.401662320219
98.25480136845897
98.10794041669894
97.9610794649389
97.81421851317887
97.66735756141884
97.52049660965884
97.3736356578988
97.22677470613877
97.07991375437874
96.9330528026187
96.78619185085867
96.63933089909864
96.49246994733863
96.3456089955786
96.19874804381834
98.15376977240294
100.10879150098708
102.06381322957202
101.93192717870227
101.80004112783251
101.66815507696273
101.53626902609298
101.40438297522323
101.27249692435345
101.1406108734837
101.00872482261394
100.87683877174416
100.74495272087441
100.61306667000466
100.48118061913488
100.34929456826512
100.21740851739537
100.08552246652559
99.95363641565584
99.82175036478608
99.6898643139163
99.55797826304655
99.4260922121768
99.29420616130702
99.16232011043726
99.03043405956751
98.89854800869773
98.76666195782798
98.63477590695823
98.50288985608844
98.37100380521869
98.23911775434894
98.10723170347916
97.9753456526094
97.84345960173965
97.71157355086987
97.57968750000009
99.27316384531377
100.96664019062749
100.83688835406986
100.7071365175122
100.57738468095454
100.4476328443969
100.31788100783925
100.18812917128159
100.05837733472396
99.9286254981663
99.79887366160864
99.66912182505101
99.53936998849335
99.40961815193569
99.27986631537803
99.1501144788204
99.02036264226274
98.89061080570508
98.76085896914745
98.63110713258979
98.50135529603213
98.3716034594745
98.24185162291684
98.11209978635918
97.98234794980155
97.85259611324389
97.72284427668623
97.5930924401286
97.46334060357094
97.33358876701328
97.20383693045564