73.51201201201201
73.59715853784819
73.68230506368437
73.76745158952055
73.85259811535673
73.93774464119292
74.0228911670291
74.10803769286528
74.19318421870146
74.27833074453764
74.36347727037382
74.44862379621
74.53377032204618
74.61891684788236
74.70406337371855
74.78920989955473
74.87435642539091
74.9595029512271
75.04464947706327
75.12979600289945
75.21494252873563
75.15945313961466
75.10396375049366
75.04847436137267
74.99298497225168
74.93749558313068
74.88200619400969
74.8265168048887
74.7710274157677
74.71553802664673
74.66004863752573
74.60455924840474
74.54906985928375
74.49358047016275
74.43809108104176
74.38260169192077
74.32711230279978
74.2716229136788
74.2161335245578
74.16064413543681
74.10515474631582
74.04966535719483
73.99417596807383
73.93868657895284
73.88319718983185
73.82770780071085
73.77221841158988
73.71672902246888
73.66123963334789
73.6057502442269
73.5502608551059
73.49477146598491
73.43928207686392
73.38379268774293
73.32830329862195
73.27281390950095
73.21732452037996
73.16183513125897
73.10634574213798
73.05085635301698
72.99536696389599
72.939877574775
72.884388185654
72.80071723987648
72.71704629409894
72.63337534832141
72.54970440254388
72.46603345676634
72.38236251098881
72.29869156521127
72.21502061943374
72.1313496736562
72.04767872787868
71.9640077821011
74.0398463427355
76.1156849033699
78.19152346400429
80.26736202463869
82.34320058527305
84.41903914590748
84.16770353286438
83.91636791982127
83.66503230677816
83.41369669373506
83.16236108069195
82.91102546764884
82.65968985460574
82.40835424156263
82.15701862851952
81.90568301547643
81.65434740243332
81.4030117893902
81.15167617634711
80.900340563304
80.64900495026089
80.39766933721779
84.35775923884188
88.31784914046591
92.27793904209
91.75151970634019
91.22510037059038
90.69868103484058
90.17226169909078
89.64584236334098
89.11942302759118
88.59300369184137
88.06658435609157
87.54016502034176
87.01374568459195
86.48732634884216
85.96090701309235
85.43448767734256
84.90806834159275
84.38164900584295
83.85522967009314
83.32881033434333
82.80239099859352
85.59435699930202
88.38632300001046
91.1782890007189
90.8505961215744
90.52290324242992
90.19521036328541
89.86751748414092
89.53982460499643
89.21213172585193
88.88443884670744
88.55674596756293
88.22905308841845
87.90136020927395
87.57366733012945
87.24597445098496
86.91828157184045
86.59058869269597
86.26289581355147
85.93520293440697
85.60751005526248
85.27981717611799
84.9521242969735
84.62443141782899
84.29673853868451
83.96904565954
83.64135278039551
83.31365990125101
82.98596702210651
82.65827414296203
82.33058126381752
82.00288838467303
81.67519550552854
81.34750262638404
81.01980974723955
80.69211686809504
80.36442398895056
80.03673110980606
79.70903823066156
79.38134535151707
79.05365247237256
78.72595959322808
78.39826671408358
78.07057383493908
77.74288095579459
77.4151880766501
78.11180906729447
78.80843005793885
79.50505104858323
80.2016720392276
80.89829302987198
80.61407333643851
80.32985364300504
80.04563394957155
79.76141425613807
79.4771945627046
79.19297486927113
78.90875517583764
78.62453548240416
78.34031578897068
78.05609609553721
77.77187640210373
77.48765670867024
77.20343701523677
76.9192173218033
76.63499762836982
76.35077793493633
77.9296382592529
79.5084985835694
79.64847913280481
79.78845968204021
79.92844023127562
80.06842078051102
80.20840132974641
80.34838187898183
80.48836242821721
80.62834297745262
80.76832352668802
80.90830407592343
81.04828462515883
80.76597388708046
80.4836631490021
80.20135241092373
79.91904167284537
79.63673093476702
79.35442019668865
79.07210945861029
78.78979872053193
78.50748798245357
78.2251772443752
77.94286650629684
77.66055576821847
77.3782450301401
77.09593429206176
76.81362355398339
76.53131281590503
76.24900207782667
75.96669133974831
79.19419781845386
82.4217042971595
82.15196156463902
81.88221883211855
81.61247609959807
81.34273336707759
81.0729906345571
80.80324790203663
80.53350516951616
80.26376243699568
79.99401970447519
79.72427697195471
79.45453423943424
79.18479150691377
78.91504877439328
78.6453060418728
78.37556330935232
78.10582057683185
77.83607784431143
79.93760874751956
82.03913965072775
84.14067055393586
84.00024354081134
83.85981652768682
83.7193895145623
83.57896250143777
83.43853548831325
83.29810847518873
83.1576814620642
83.01725444893968
82.87682743581516
82.73640042269064
82.59597340956611
82.45554639644158
82.31511938331707
82.17469237019253
82.03426535706802
81.89383834394349
81.75341133081898
81.61298431769444
81.47255730456993
81.3321302914454
81.19170327832089
81.05127626519635
80.91084925207184
80.7704222389473
80.6299952258228
80.48956821269826
80.34914119957375
80.20871418644921
80.06828717332469
79.92786016020017
79.78743314707565
79.64700613395112
79.5065791208266
79.36615210770208
79.22572509457757
78.93923665882284
78.6527482230681
78.36625978731337
78.07977135155863
77.79328291580389
77.50679448004915
77.22030604429442
76.93381760853968
76.64732917278495
76.36084073703022
76.07435230127547
75.78786386552073
75.501375429766
75.21488699401127
74.92839855825653
74.6419101225018
74.35542168674704
77.06930874284842
79.78319579894975
79.80710939827196
79.83102299759418
79.85493659691639
79.8788501962386
79.90276379556082
79.92667739488303
79.95059099420524
79.97450459352746
79.99841819284967
80.0223317921719
80.04624539149411
80.07015899081632
80.09407259013854
80.11798618946075
80.14189978878296
80.16581338810518
80.18972698742739
80.21364058674962
80.23755418607183
80.26146778539405
80.28538138471626
80.30929498403847
80.33320858336069
80.3571221826829
80.38103578200511
80.40494938132733
80.09910898671215
79.793268592097
79.48742819748182
79.18158780286666
78.8757474082515
78.56990701363632
78.26406661902116
77.95822622440599
77.65238582979083
77.34654543517567
77.0407050405605
76.73486464594534
76.42902425133018
76.123183856715
75.81734346209984
75.51150306748468
78.72795260000271
81.94440213252096
81.80896765475634
81.67353317699175
81.53809869922715
81.40266422146254
81.26722974369795
81.13179526593333
80.99636078816874
80.86092631040414
80.72549183263953
80.59005735487494
80.45462287711034
80.31918839934573
80.18375392158114
80.04831944381652
79.91288496605193
79.77745048828733
79.64201601052272
79.50658153275813
79.37114705499351
79.23571257722892
79.10027809946432
78.96484362169971
78.82940914393512
78.6939746661705
78.55854018840591
78.42310571064131
78.2876712328767
77.99776878372768
77.70786633457865
77.41796388542963
77.12806143628062
76.83815898713159
76.54825653798257
76.25835408883354
75.96845163968452
75.67854919053549
75.38864674138647
75.09874429223744
74.80884184308842
74.51893939393949
75.91909143076134
77.3192434675833
78.71939550440516
80.119547541227
81.51969957804897
82.91985161487082
84.32000365169279
85.72015568851464
87.1203077253366
88.52045976215845
89.92061179898033
89.56237954271455
89.2041472864488
88.84591503018305
88.4876827739173
88.12945051765152
87.77121826138577
87.41298600512002
87.05475374885427
86.69652149258849
86.33828923632274
85.98005698005699
86.45708574579544
86.93411451153386
87.41114327727229
87.88817204301074
87.52224337031689
87.156314697623
86.79038602492912
86.42445735223527
86.05852867954138
85.6926000068475
85.32667133415364
84.96074266145976
84.5948139887659
84.22888531607202
83.86295664337814
83.49702797068429
83.1310992979904
82.76517062529652
82.39924195260267
82.03331327990878
81.6673846072149
81.30145593452104
80.93552726182716
80.5695985891333
80.20366991643942
79.83774124374554
81.51873225773511
83.19972327172468
84.8807142857143
84.55708265111204
84.23345101650975
83.90981938190748
83.58618774730522
83.26255611270295
82.93892447810069
82.61529284349842
82.29166120889616
81.9680295742939
81.64439793969163
81.32076630508936
80.99713467048707
83.01035654591351
85.02357842133983
87.03680029676627
89.0500221721926
91.06324404761904
90.73481241262073
90.40638077762242
90.0779491426241
89.7495175076258
89.42108587262749
89.0926542376292
88.7642226026309
88.43579096763258
88.10735933263427
87.77892769763596
87.45049606263765
87.12206442763937
86.79363279264106
86.46520115764275
86.13676952264444
85.80833788764613
85.47990625264782
85.15147461764954
84.82304298265123
84.49461134765292
84.16617971265461
83.8377480776563
83.50931644265799
83.18088480765971
82.8524531726614
82.52402153766309
82.19558990266478
81.86715826766647
81.53872663266816
81.21029499766988
80.88186336267157
80.55343172767326
80.22500009267495
79.89656845767664
79.56813682267833
79.23970518768002
78.91127355268173
78.58284191768342
78.25441028268511
77.92597864768683
78.24040476710226
78.55483088651769
78.86925700593312
79.18368312534855
79.49810924476398
79.81253536417944
80.12696148359487
79.9730260353355
79.8190905870761
79.66515513881673
79.51121969055735
79.35728424229796
79.20334879403859
79.0494133457792
78.89547789751983
78.74154244926045
78.58760700100106
78.43367155274169
78.2797361044823
78.12580065622292
77.97186520796355
77.81792975970416
80.16299123417116
82.50805270863836
82.34028552650024
82.1725183443621
82.00475116222398
81.83698398008586
81.66921679794774
81.50144961580962
81.3336824336715
81.16591525153338
80.99814806939526
80.83038088725714
80.662613705119
80.49484652298088
80.32707934084276
80.15931215870464
79.99154497656652
79.8237777944284
79.65601061229027
79.48824343015212
82.15001086057259
84.81177829099303
84.47595949264527
84.14014069429754
83.80432189594978
83.46850309760205
83.1326842992543
82.79686550090653
82.4610467025588
82.12522790421104
81.78940910586329
81.45359030751555
81.11777150916782
81.59741626770494
82.07706102624206
82.55670578477918
83.0363505433163
83.51599530185342
83.99564006039054
84.47528481892766
84.95492957746472
84.57150779557955
84.18808601369435
83.80466423180914
83.42124244992394
83.03782066803873
82.65439888615353
82.27097710426835
81.88755532238315
81.50413354049795
81.12071175861274
80.73728997672754
80.35386819484211
82.90379091777345
85.45371364070479
88.00363636363636
87.64380944224965
87.28398252086293
86.92415559947625
86.56432867808954
86.20450175670285
85.84467483531614
85.48484791392946
85.12502099254274
84.76519407115606
84.40536714976935
84.04554022838266
83.68571330699595
83.32588638560924
82.96605946422255
82.60623254283584
82.24640562144916
81.88657870006244
81.52675177867576
81.16692485728905
80.80709793590236
80.44727101451565
80.08744409312894
79.72761717174225
79.36779025035554
79.00796332896886
78.64813640758214
78.28830948619546
77.92848256480875
77.56865564342206
80.05157546150781
82.5344952795933
82.21752057177787
81.9005458639624
81.58357115614697
81.26659644833151
80.94962174051608
80.63264703270062
80.31567232488518
79.99869761706972
79.68172290925429
79.36474820143894
80.99183888778998
82.61892957414102
84.24602026049206
83.87473382261734
83.50344738474263
83.13216094686788
82.76087450899317
82.38958807111845
82.01830163324374
81.64701519536902
81.2757287574943
80.90444231961959
80.53315588174485
80.16186944387013
79.79058300599542
79.4192965681207
79.04801013024598
78.67672369237127
78.30543725449655
77.93415081662181
77.5628643787471
77.19157794087238
76.82029150299766
76.44900506512295
76.07771862724823
75.70643218937352
75.33514575149877
74.96385931362406
74.59257287574934
74.22128643787462
73.84999999999968
77.0498316498315
80.2496632996631
83.44949494949492
83.09899926957488
82.74850358965483
82.39800790973482
82.04751222981477
81.69701654989473
81.34652086997471
80.99602519005467
80.64552951013462
80.29503383021458
79.94453815029456
79.59404247037452
79.24354679045447
78.89305111053443
78.54255543061441
78.19205975069437
77.84156407077433
77.49106839085431
77.14057271093426
76.79007703101422
76.4395813510942
77.27460062086124
78.10961989062838
78.94463916039552
79.77965843016267
80.61467769992981
81.44969696969693
81.12041227124254
80.79112757278818
80.4618428743338
80.13255817587941
79.80327347742505
79.47398877897066
79.1447040805163
78.81541938206192
78.48613468360756
78.15684998515317
77.82756528669879
77.49828058824443
77.16899588979004
76.83971119133571
78.90592702423942
80.97214285714284
80.6517134774702
80.33128409779752
80.01085471812488
79.69042533845223
79.36999595877955
79.04956657910691
78.72913719943426
79.67964333251655
80.63014946559872
81.580655598681
82.53116173176329
83.4816678648454
83.08985446444171
82.69804106403797
82.30622766363427
81.91441426323058
81.52260086282683
81.13078746242314
80.7389740620194
80.3471606616157
79.95534726121195
79.56353386080826
79.17172046040452
78.77990706000082
78.38809365959708
77.99628025919338
77.60446685878969
79.70923239903027
81.81399793927062
83.91876347951117
83.56430842279073
83.20985336607032
82.85539830934991
82.50094325262947
82.14648819590906
81.79203313918862
81.4375780824682
81.0831230257478
80.72866796902736
80.37421291230694
80.0197578555865
79.6653027988661
79.31084774214565
78.95639268542524
78.60193762870483
78.24748257198439
77.89302751526395
77.53857245854351
80.28179334982042
83.02501424109732
85.76823513237423
88.51145602365114
88.11468260309908
87.71790918254698
87.32113576199492
86.92436234144287
86.52758892089076
86.13081550033871
85.73404207978666
85.33726865923455
84.9404952386825
84.54372181813045
84.14694839757834
83.75017497702629
83.35340155647424
82.95662813592213
82.55985471537008
82.16308129481803
81.76630787426592
81.36953445371387
80.97276103316176
80.57598761260971
80.17921419205766
79.78244077150555
79.3856673509535
78.98889393040145
78.59212050984934
79.27734369780137
79.96256688575352
80.64779007370555
81.33301326165758
82.01823644960973
82.70345963756176
82.47445124832856
82.24544285909533
82.01643446986213
81.7874260806289
81.5584176913957
81.32940930216247
81.10040091292927
80.87139252369604
80.64238413446284
80.41337574522962
80.18436735599641
79.95535896676319
79.72635057752998
79.49734218829676
79.26833379906356
79.03932540983033
78.81031702059713
78.58130863136392
78.3523002421307
79.82848154670182
81.30466285127295
82.78084415584411
82.47214390116994
82.16344364649581
81.85474339182164
81.54604313714748
81.23734288247331
80.92864262779918
80.61994237312501
80.31124211845085
80.00254186377671
79.69384160910255
79.38514135442838
79.07644109975422
78.76774084508008
78.45904059040595
81.43776884264071
84.41649709487547
87.39522534711023
90.37395359934499
93.35268185157975
92.94176546070747
92.53084906983514
92.11993267896287
91.70901628809054
91.29809989721821
90.88718350634593
90.4762671154736
90.06535072460133
89.654434333729
89.24351794285673
88.8326015519844
88.42168516111207
88.01076877023979
87.59985237936746
87.18893598849519
86.77801959762286
86.36710320675053
85.95618681587825
85.54527042500592
85.13435403413365
84.72343764326132
84.31252125238905
83.90160486151672
83.49068847064439
83.07977207977183
85.12604509990115
87.17231812003047
89.21859114015979
88.8160652925963
88.41353944503282
88.01101359746934
87.60848774990586
87.20596190234238
86.8034360547789
86.40091020721542
85.99838435965194
85.5958585120884
85.19333266452492
84.79080681696144
84.38828096939795
83.98575512183447
83.58322927427099
83.18070342670751
82.77817757914403
82.37565173158055
81.97312588401701
83.47240650332333
84.97168712262942
86.47096774193551
86.04811973578444
85.62527172963343
85.20242372348235
84.77957571733128
84.35672771118027
83.9338797050292
83.51103169887813
83.08818369272711
82.66533568657604
82.24248768042497
81.81963967427396
81.39679166812289
80.97394366197182
83.16371083302306
85.35347800407408
87.5432451751251
87.13255278356542
86.72186039200574
86.31116800044606
85.90047560888638
85.4897832173267
85.07909082576703
84.66839843420735
84.25770604264767
83.84701365108799
83.43632125952831
83.02562886796863
82.61493647640896
82.20424408484928
81.7935516932896
81.38285930172992
80.97216691017024
80.56147451861057
80.15078212705089
79.74008973549121
79.32939734393153
78.91870495237185
78.50801256081218
78.0973201692525
80.0606157205109
82.0239112717693
83.98720682302775
83.57977518166655
83.17234354030529
82.76491189894409
82.35748025758289
81.9500486162217
81.5426169748605
81.13518533349924
80.72775369213804
80.32032205077684
79.91289040941558
79.50545876805438
79.09802712669318
78.69059548533198
78.28316384397078
77.87573220260953
77.46830056124833
77.06086891988713
76.65343727852542
79.24586653696406
81.83829579540225
84.43072505384066
84.04898058959412
83.66723612534764
83.2854916611011
82.90374719685457
82.52200273260809
82.14025826836155
81.75851380411507
81.37676933986853
80.99502487562222
83.41998192812025
85.84493898061737
85.43497395070398
85.02500892079053
84.61504389087708
84.20507886096368
83.79511383105023
83.38514880113684
82.97518377122339
82.56521874130999
82.15525371139654
81.74528868148309
81.3353236515697
80.92535862165624
80.51539359174285
80.1054285618294
79.695463531916
79.28549850200255
78.8755334720891
78.46556844217571
78.05560341226226
77.64563838234886
77.2356733524353
77.84990008371761
78.46412681499993
79.07835354628224
79.69258027756456
80.30680700884676
80.92103374012925
80.51541301613327
80.10979229213723
79.70417156814125
79.29855084414527
78.89293012014929
78.48730939615331
78.08168867215733
77.67606794816135
77.27044722416537
76.86482650016939
76.45920577617335
78.7354705174489
81.01173525872446
83.28800000000001
82.90051601423494
82.51303202846987
82.12554804270474
81.7380640569396
81.35058007117453
80.96309608540946
80.57561209964433
80.1881281138792
79.80064412811413
79.41316014234906
79.02567615658393
78.6381921708188
78.25070818505372
77.86322419928865
77.47574021352352
77.0882562277584
79.9731643390237
82.85807245028946
85.74298056155504
85.34722860160628
84.95147664165756
84.55572468170885
84.15997272176008
83.76422076181137
83.3684688018626
82.9727168419139
82.57696488196518
82.18121292201641
81.7854609620677
81.38970900211899
80.99395704217022
80.59820508222151
80.20245312227274
79.80670116232403
79.41094920237532
79.01519724242655
78.61944528247784
78.22369332252913
77.82794136258036
77.43218940263165
77.03643744268294
76.64068548273417
76.24493352278546
75.84918156283669
75.45342960288804
76.25172094768573
77.05001229248342
77.84830363728122
78.64659498207885
78.2674399855099
77.888284988941
77.5091299923721
77.12997499580314
76.75081999923424
76.37166500266534
75.99251000609638
75.61335500952748
75.23420001295852
74.85504501638962
74.47589001982072
74.09673502325177
73.71758002668287
73.33842503011391
72.95927003354501
72.58011503697605
72.89375599486567
73.20739695275529
73.5210379106449
73.83467886853452
74.14831982642409
74.4619607843137
74.06105510981081
73.66014943530791
73.25924376080502
72.85833808630207
72.45743241179918
72.05652673729628
71.65562106279333
71.25471538829044
70.85380971378754
70.45290403928465
70.0519983647817
69.65109269027926
72.11456587061366
74.57803905094852
77.04151223128241
76.62861500867797
76.21571778607347
75.80282056346903
75.38992334086458
74.97702611826008
74.56412889565564
74.15123167305114
73.7383344504467
73.3254372278422
72.91254000523776
72.49964278263326
72.08674556002882
71.67384833742432
71.26095111481987
70.84805389221538
72.87623617234385
74.90441845247233
76.93260073260075
77.04939446542038
77.16618819824001
77.28298193105964
77.39977566387928
77.51656939669891
77.63336312951854
77.75015686233817
77.86695059515782
77.98374432797745
78.10053806079708
78.21733179361671
78.33412552643635
78.45091925925598
78.56771299207561
78.68450672489524
78.80130045771489
78.91809419053452
79.03488792335415
79.15168165617378
79.26847538899341
79.38526912181305
78.95484410737163
78.5244190929302
78.09399407848878
77.66356906404735
77.23314404960593
76.8027190351645
76.37229402072307
75.94186900628165
75.51144399184022
75.0810189773988
74.65059396295737
74.22016894851595
73.78974393407452
73.3593189196331
72.92889390519167
73.85749496077642
74.78609601636117
75.71469707194592
76.64329812753044
77.57189918311519
78.50050023869994
79.42910129428469
80.3577023498695
79.90939516524747
79.46108798062545
79.01278079600343
78.5644736113814
78.11616642675938
77.66785924213735
77.21955205751533
76.7712448728933
76.32293768827128
75.87463050364926
75.42632331902678
78.37510120841307
81.32387909779891
84.2726569871852
87.22143487657104
90.17021276595744
89.6936676060991
89.21712244624075
88.7405772863824
88.26403212652394
87.7874869666656
87.31094180680725
86.8343966469489
86.35785148709056
85.88130632723221
85.40476116737375
84.9282160075154
84.45167084765706
83.97512568779871
83.49858052794036
83.02203536808202
82.54549020822367
82.06894504836521
81.59239988850686
81.11585472864851
80.63930956879017
80.16276440893182
79.68621924907347
79.20967408921513
78.73312892935667
78.25658376949832
77.78003860963997
77.3034934497814
79.97316229985427
82.64283114992713
85.31250000000011
84.86141574037322
84.41033148074632
83.95924722111954
83.50816296149276
83.05707870186586
82.60599444223897
82.15491018261218
81.7038259229854
81.2527416633585
80.80165740373161
80.35057314410483
79.89948888447805
79.44840462485115
78.99732036522425
78.54623610559747
78.09515184597069
77.6440675863438
77.1929833267169
76.74189906709012
76.29081480746333
75.83973054783644
75.38864628820943
76.20634850264878
77.02405071708802
77.84175293152737
78.65945514596672
79.47715736040607
79.044542183732
78.61192700705806
78.17931183038411
77.74669665371016
77.31408147703621
76.88146630036215
76.4488511236882
76.01623594701425
75.5836207703403
75.15100559366635
74.7183904169924
74.28577524031834
73.8531600636444
73.42054488697045
72.9879297102965
72.55531453362255
76.15427132706918
79.75322812051655
79.33716689882561
78.92110567713468
78.50504445544374
78.0889832337528
77.6729220120618
77.25686079037087
76.84079956867993
76.42473834698899
76.00867712529805
75.59261590360705
75.17655468191606
78.37114292441447
81.56573116691283
81.27168607862495
80.97764099033708
80.6835959020492
80.38955081376133
80.09550572547346
79.80146063718553
79.50741554889765
79.21337046060978
78.91932537232191
78.62528028403403
78.33123519574616
78.03719010745829
77.74314501917041
77.44909993088254
77.15505484259461
76.86100975430674
76.56696466601886
76.27291957773099
75.97887448944311
75.68482940115524
75.39078431286737
75.0967392245795
74.80269413629185
77.5550022381849
80.3073103400784
83.05961844197122
82.57783371734433
82.09604899271744
81.61426426809055
81.13247954346366
80.65069481883677
80.16891009420988
79.68712536958299
79.2053406449561
78.7235559203292
78.24177119570231
77.75998647107542
77.27820174644853
76.79641702182153
76.3146322971952
80.58982346106768
84.86501462494107
89.14020578881355
93.41539695268625
92.94290006914775
92.47040318560914
91.99790630207065
91.52540941853204
91.05291253499354
90.58041565145493
90.10791876791632
89.63542188437782
89.16292500083921
88.69042811730071
88.2179312337621
87.7454343502236
87.272937466685
86.80044058314638
86.32794369960789
85.85544681606927
85.38294993253078
84.91045304899217
84.43795616545367
83.96545928191506
83.49296239837645
83.02046551483795
82.54796863129934
82.07547174776084
81.60297486422223
81.13047798068374
80.65798109714513
80.18548421360663
79.71298733006802
79.2404904465294
78.76799356299091
78.2954966794523
77.8229997959138
77.35050291237519
76.8780060288367
76.40550914529808
75.93301226175947
75.4605153782212
75.9333837275559
76.40625207689061
76.87912042622543
77.35198877556013
77.82485712489495
78.29772547422965
78.77059382356435
79.24346217289917
79.71633052223387
80.18919887156869
80.6620672209034
81.1349355702381
81.60780391957292
82.08067226890756
81.99778294296445
81.91489361702133
84.03912997682755
86.16336633663366
85.66190503170492
85.16044372677618
84.65898242184733
84.15752111691859
83.65605981198985
83.154598507061
82.65313720213226
82.15167589720352
81.65021459227455
83.50589845719969
85.36158232212483
87.2172661870502
86.72406990801733
86.23087362898434
85.73767734995147
85.24448107091848
84.7512847918855
84.25808851285262
83.76489223381964
83.27169595478665
82.77849967575378
82.28530339672079
81.79210711768792
86.82324150719433
91.85437589670016
91.34266070831018
90.83094551992019
90.3192303315302
89.80751514314022
89.29579995475012
88.78408476636014
88.27236957797015
87.76065438958017
87.24893920119018
86.7372240128002
86.2255088244101
85.71379363602011
85.20207844763013
84.69036325924014
84.17864807085016
83.66693288246006
83.15521769407007
82.64350250568009
82.1317873172901
81.62007212890012
81.10835694051002
83.58511401328815
86.06187108606628
88.53862815884463
88.0566166801824
87.57460520152006
87.09259372285771
86.61058224419548
86.12857076553314
85.64655928687091
85.16454780820857
84.68253632954622
84.200524850884
83.71851337222165
83.23650189355942
82.75449041489708
82.27247893623473
81.7904674575725
81.30845597891016
80.82644450024793
80.34443302158559
79.86242154292324
79.38041006426101
78.89839858559867
78.41638710693633
77.9343756282741
77.4523641496121
79.27988821666759
81.10741228372308
82.93493635077789
82.46670625991771
81.99847616905743
81.53024607819714
81.06201598733685
80.59378589647667
80.12555580561639
79.6573257147561
79.18909562389581
78.72086553303564
78.25263544217535
77.78440535131506
77.31617526045477
76.8479451695946
76.3797150787343
75.91148498787402
75.44325489701373
74.97502480615356
74.50679471529327
74.03856462443298
73.5703345335728
73.10210444271252
75.64175383900147
78.18140323529042
80.72105263157891
80.25104465261973
79.78103667366054
79.31102869470135
78.84102071574227
78.37101273678309
77.9010047578239
77.43099677886471
76.96098879990552
76.49098082094633
76.02097284198715
75.55096486302796
75.08095688406877
74.61094890510958
77.19175960444045
79.77257030377086
82.35338100310128
84.93419170243214
84.43832986541929
83.94246802840644
83.44660619139358
82.95074435438073
82.45488251736776
81.95902068035491
81.46315884334206
80.9672970063292
80.47143516931635
79.9755733323035
79.47971149529064
78.98384965827779
78.48798782126494
77.99212598425197
78.50753534840408
79.02294471255618
79.53835407670817
80.05376344086022
79.70520627605879
79.35664911125741
79.00809194645598
78.6595347816546
78.31097761685317
77.96242045205173
77.61386328725035
77.26530612244869
79.51263793188491
81.75996974132113
84.00730155075689
86.25463336019334
85.75382440205419
85.25301544391505
84.7522064857759
84.25139752763675
83.75058856949761
83.24977961135846
82.74897065321932
82.24816169508017
81.74735273694102
81.24654377880188
81.57823047735133
81.90991717590077
82.24160387445022
82.57329057299961
82.90497727154906
83.2366639700985
83.5683506686479
83.03095617276892
82.49356167689007
81.95616718101121
81.41877268513224
80.88137818925338
80.34398369337453
79.80658919749567
79.2691947016167
78.73180020573784
78.19440570985898
77.65701121398001
77.11961671810116
76.58222222222184
79.15022993253433
81.71823764284682
84.28624535315987
83.85570965589545
83.42517395863115
82.99463826136684
82.56410256410257