110.75697503671071
110.55896486993096
110.36095470315121
110.16294453637146
109.96493436959172
109.76692420281196
109.56891403603221
109.37090386925246
109.1728937024727
108.97488353569295
108.7768733689132
108.57886320213345
108.3808530353537
108.18284286857394
107.9848327017942
107.78682253501445
107.5888123682347
107.39080220145495
107.1927920346752
106.99478186789544
106.79677170111569
106.59876153433594
106.40075136755618
106.20274120077644
106.00473103399669
105.80672086721694
105.60871070043719
105.41070053365743
105.21269036687768
105.01468020009793
104.81667003331818
104.61865986653842
104.42064969975868
104.22263953297893
104.02462936619918
103.82661919941943
103.62860903263967
103.43059886585992
103.23258869908017
103.41380418864746
103.59501967821477
103.77623516778206
103.95745065734937
104.13866614691666
104.31988163648396
104.50109712605126
104.68231261561857
104.86352810518586
105.04474359475316
105.22595908432046
105.40717457388776
105.58839006345507
105.76960555302236
105.95082104258967
106.13203653215696
106.31325202172427
106.49446751129156
106.67568300085887
106.85689849042616
107.03811397999347
107.21932946956076
107.40054495912807
107.0397255391378
106.67890611914751
106.31808669915725
105.95726727916697
105.59644785917669
105.23562843918641
104.87480901919614
104.51398959920586
104.15317017921558
103.7923507592253
103.43153133923502
103.07071191924474
102.70989249925447
102.34907307926419
101.98825365927391
101.62743423928364
101.26661481929335
100.90579539930309
100.54497597931281
100.18415655932253
99.82333713933225
99.46251771934197
99.1016982993517
98.74087887936142
98.38005945937114
98.01924003938086
97.6584206193906
97.2976011994003
100.0346670582077
102.7717329170151
105.5087987758225
104.87645478866642
104.24411080151035
103.61176681435428
102.9794228271982
102.34707884004213
101.71473485288605
101.08239086572999
100.45004687857391
99.81770289141784
99.18535890426176
98.55301491710568
97.92067092994961
97.28832694279353
96.65598295563746
96.02363896848138
97.61103186417813
99.19842475987488
100.78581765557163
100.42818133328349
100.07054501099535
99.71290868870722
99.35527236641907
98.99763604413093
98.6399997218428
98.28236339955467
97.92472707726651
97.56709075497838
97.20945443269025
96.8518181104021
96.49418178811396
96.13654546582583
95.77890914353769
95.42127282124954
95.06363649896142
94.70600017667327
94.34836385438513
93.990727532097
94.41879730023899
94.84686706838097
95.27493683652295
95.70300660466495
96.13107637280694
96.55914614094893
96.9872159090909
96.63415681253295
96.281097715975
95.92803861941704
95.57497952285908
95.22192042630112
94.86886132974317
94.51580223318521
94.16274313662726
93.8096840400693
93.45662494351134
93.10356584695339
92.75050675039543
92.39744765383746
92.0443885572795
91.69132946072155
91.33827036416359
90.98521126760562
92.67011233473539
94.35501340186522
96.03991446899501
95.70597244626177
95.37203042352853
95.03808840079529
94.70414637806205
94.37020435532881
94.03626233259557
93.70232030986233
93.36837828712908
93.03443626439585
92.7004942416626
92.36655221892937
92.03261019619612
91.69866817346289
91.36472615072964
91.0307841279964
90.6968421052631
93.56743910135049
96.43803609743782
99.30863309352517
98.99085508833332
98.67307708314144
98.35529907794958
98.03752107275773
97.71974306756586
97.40196506237399
97.08418705718213
96.76640905199028
96.44863104679841
96.13085304160654
95.81307503641469
95.49529703122283
95.17751902603096
94.8597410208391
94.5419630156473
97.17519960397516
99.80843619230308
102.44167278063097
102.13367051701759
101.82566825340422
101.51766598979086
101.20966372617747
100.9016614625641
100.59365919895073
100.28565693533736
99.97765467172398
99.66965240811061
99.36165014449725
99.05364788088386
98.7456456172705
98.43764335365712
98.12964109004375
97.82163882643037
97.513636562817
97.20563429920362
96.89763203559026
96.58962977197689
96.28162750836351
95.97362524475014
95.66562298113676
95.35762071752339
95.04961845391003
94.74161619029665
94.43361392668328
94.1256116630699
93.81760939945653
93.50960713584315
93.20160487222978
92.89360260861642
92.58560034500304
92.27759808138967
91.9695958177763
91.66159355416295
92.51882969462227
93.37606583508159
94.23330197554093
93.95908893552357
93.6848758955062
93.41066285548882
93.13644981547145
92.8622367754541
92.58802373543672
92.31381069541935
92.03959765540199
91.76538461538462
93.9378195243462
96.11025443330765
95.74181030308307
95.3733661728585
95.00492204263392
94.63647791240935
94.26803378218477
93.8995896519602
93.53114552173564
93.16270139151106
92.79425726128649
92.42581313106191
92.05736900083734
91.68892487061277
91.32048074038819
90.95203661016362
90.58359247993904
90.21514834971447
89.8467042194899
89.47826008926532
89.10981595904074
88.74137182881618
88.37292769859161
88.00448356836704
87.63603943814246
87.26759530791787
91.16347458859445
95.0593538692712
94.73677786900926
94.41420186874731
94.09162586848537
93.7690498682234
93.44647386796146
93.12389786769951
92.80132186743757
92.47874586717562
92.15616986691367
91.83359386665171
91.51101786638976
91.18844186612782
90.86586586586587
90.9561833572703
91.04650084867475
91.13681834007917
91.22713583148362
91.31745332288806
91.40777081429249
91.49808830569692
91.58840579710136
97.24959216965745
96.91917046179586
96.58874875393427
96.25832704607267
95.92790533821108
95.59748363034949
95.2670619224879
94.93664021462631
94.6062185067647
94.27579679890312
93.94537509104151
94.23574193705569
94.52610878306987
94.81647562908405
95.10684247509823
95.39720932111241
95.6875761671266
95.97794301314077
96.26830985915495
95.8724964170991
95.47668297504323
95.08086953298738
94.68505609093152
94.28924264887567
93.89342920681982
93.49761576476396
93.10180232270811
92.70598888065226
92.31017543859639
96.24612512226213
100.18207480592802
99.79877439702915
99.41547398813027
99.0321735792314
98.64887317033252
98.26557276143365
97.88227235253477
97.4989719436359
97.115671534737
96.73237112583813
96.34907071693925
95.96577030804038
95.5824698991415
95.19916949024261
94.81586908134375
94.43256867244486
94.049268263546
93.66596785464714
95.11629096684777
96.56661407904846
98.01693719124913
97.65776160744625
97.29858602364337
96.9394104398405
96.58023485603762
96.22105927223474
95.86188368843186
95.50270810462898
95.14353252082611
94.78435693702323
94.42518135322035
94.06600576941747
93.7068301856146
93.34765460181173
92.98847901800885
92.62930343420597
92.2701278504031
91.91095226660022
91.55177668279734
91.19260109899446
90.83342551519158
90.4742499313887
90.11507434758582
89.75589876378297
89.39672317998009
89.0375475961772
88.67837201237433
88.31919642857139
89.31514361972546
90.31109081087948
91.30703800203355
92.30298519318757
93.29893238434165
93.28426872902212
93.26960507370258
93.25494141838304
93.2402777630635
93.22561410774397
93.21095045242441
93.19628679710488
93.18162314178534
93.1669594864658
93.15229583114626
93.13763217582672
93.12296852050719
93.10830486518765
93.09364120986811
93.07897755454856
93.06431389922902
93.04965024390948
93.03498658858994
93.0203229332704
93.00565927795087
92.99099562263133
92.9763319673118
92.96166831199224
92.9470046566727
92.93234100135317
93.08219711458705
93.23205322782093
93.38190934105481
93.53176545428869
93.68162156752257
93.83147768075645
93.98133379399033
94.13118990722421
94.28104602045809
94.43090213369197
94.58075824692585
94.73061436015973
94.88047047339363
95.03032658662751
95.18018269986139
95.33003881309527
95.47989492632915
95.62975103956303
95.77960715279691
95.9294632660308
96.07931937926467
96.22917549249857
96.37903160573245
96.52888771896633
96.67874383220021
96.82859994543409
96.97845605866797
97.12831217190185
97.27816828513573
97.42802439836962
97.5778805116035
97.72773662483738
97.87759273807126
98.02744885130514
98.17730496453902
97.73709219858156
97.29687943262411
96.85666666666667
97.31750415183869
97.77834163701068
98.23917912218268
98.70001660735467
99.16085409252673
98.71631574830866
98.27177740409061
97.82723905987254
97.3827007156545
96.93816237143642
96.49362402721837
96.04908568300033
95.60454733878225
95.16000899456421
94.71547065034613
94.27093230612809
93.82639396191001
93.38185561769197
92.9373172734739
92.49277892925585
92.04824058503777
91.60370224081973
91.15916389660165
90.71462555238361
90.27008720816556
89.82554886394749
89.38101051972944
88.93647217551137
88.49193383129332
88.04739548707525
87.60285714285715
90.63886103227173
93.6748649216861
96.71086881110068
99.74687270051513
99.34701056775631
98.94714843499753
98.54728630223872
98.14742416947993
97.74756203672115
97.34769990396234
96.94783777120355
96.54797563844477
96.14811350568596
95.74825137292717
95.34838924016836
94.94852710740957
94.54866497465079
94.14880284189198
93.7489407091332
93.34907857637438
92.9492164436156
92.54935431085681
92.149492178098
91.74963004533922
91.34976791258043
90.94990577982162
90.55004364706284
90.15018151430402
89.75031938154524
89.35045724878646
88.95059511602764
88.55073298326886
88.15087085051007
87.75100871775126
87.35114658499248
86.95128445223366
86.55142231947485
87.56609977925376
88.58077723903256
89.59545469881147
90.61013215859032
90.21657726710126
89.82302237561223
89.4294674841232
89.03591259263416
88.64235770114513
88.2488028096561
87.85524791816707
87.461693026678
87.06813813518897
86.67458324369994
86.28102835221091
85.88747346072188
86.04657371764232
86.20567397456276
86.3647742314832
86.52387448840364
93.01694915254234
92.6052038438921
92.19345853524186
91.78171322659162
91.36996791794138
90.95822260929114
90.5464773006409
90.13473199199066
89.72298668334042
89.31124137469018
88.89949606603994
88.4877507573897
88.07600544873947
87.66426014008923
87.25251483143899
86.84076952278878
86.42902421413854
86.0172789054883
85.60553359683809
88.93111773261899
92.25670186839972
91.85147487976116
91.44624789112262
91.04102090248406
90.63579391384553
90.23056692520697
89.82533993656844
89.42011294792988
89.01488595929135
88.60965897065279
88.20443198201426
87.79920499337572
87.39397800473716
86.98875101609863
86.58352402746004
90.78682280400335
94.99012158054708
94.55307050511945
94.11601942969182
93.67896835426416
93.24191727883652
92.80486620340886
92.36781512798123
91.9307640525536
91.49371297712594
91.0566619016983
90.61961082627064
90.18255975084301
89.74550867541538
89.30845759998772
88.87140652456009
88.43435544913243
87.9973043737048
87.56025329827716
87.1232022228495
86.68615114742187
86.24910007199423
89.60556026226436
92.96202045253449
96.31848064280496
95.85889433482339
95.39930802684182
94.93972171886026
94.48013541087869
94.02054910289712
93.5609627949155
93.10137648693393
92.64179017895236
92.1822038709708
91.72261756298923
91.2630312550076
90.80344494702604
90.34385863904447
89.8842723310629
89.42468602308134
88.9650997151
91.38392459140778
93.80274946771578
96.22157434402334
95.77509811944827
95.32862189487321
94.8821456702982
94.43566944572314
93.98919322114813
93.54271699657306
93.096240771998
92.64976454742299
92.20328832284792
91.75681209827286
91.31033587369785
90.86385964912279
93.43051636182645
95.99717307453034
98.56382978723406
98.10196118269465
97.64009257815519
97.17822397361573
96.71635536907627
96.25448676453681
95.7926181599974
95.33074955545794
94.86888095091848
94.40701234637902
93.94514374183956
93.48327513730015
93.0214065327607
92.55953792822123
92.09766932368177
91.63580071914237
91.1739321146029
90.71206351006344
90.25019490552398
89.78832630098464
91.90713594890804
94.02594559683166
96.14475524475523
95.65991407972831
95.17507291470139
94.69023174967447
94.20539058464755
93.72054941962062
93.2357082545937
92.75086708956678
92.26602592453986
91.78118475951294
91.29634359448602
90.8115024294591
90.32666126443218
89.84182009940525
89.35697893437833
88.87213776935141
88.38729660432449
87.90245543929757
87.41761427427065
86.93277310924373
88.02140884384585
89.11004457844797
90.1986803130502
91.28731604765244
90.85243123857532
90.4175464294982
89.98266162042108
89.54777681134397
89.11289200226685
88.67800719318973
88.24312238411261
87.80823757503549
87.37335276595832
86.9384679568812
86.50358314780408
86.06869833872696
85.63381352964984
85.19892872057272
84.7640439114956
84.32915910241849
83.89427429334137
83.45938948426425
83.02450467518713
82.58961986611001
82.1547350570329
81.71985024795578
81.28496543887866
80.85008062980154
80.41519582072442
79.9803110116473
79.54542620257018
79.11054139349307
78.67565658441595
78.24077177533883
77.80588696626171
77.37100215718453
76.93611734810742
76.5012325390303
77.33021449620321
78.15919645337613
78.98817841054904
79.81716036772195
82.94387174854546
86.07058312936897
89.19729451019248
92.32400589101621
91.84365331345123
91.36330073588624
90.88294815832126
90.40259558075627
89.92224300319134
89.44189042562635
88.96153784806137
88.48118527049638
88.0008326929314
87.52048011536641
87.04012753780142
86.5597749602365
86.07942238267151
88.98155379475111
91.88368520683116
94.78581661891121
94.30225695942897
93.81869729994679
93.33513764046455
92.85157798098237
92.36801832150013
91.88445866201795
91.40089900253577
90.91733934305353
90.43377968357134
89.9502200240891
89.46666036460692
88.98310070512468
88.4995410456425
88.01598138616032
87.53242172667808
87.0488620671959
86.56530240771366
86.08174274823148
85.59818308874901
89.19480862633009
92.79143416391116
96.38805970149258
95.88764584866948
95.38723199584643
94.88681814302333
94.38640429020023
93.88599043737713
93.38557658455409
92.88516273173099
92.38474887890789
91.88433502608478
91.38392117326168
90.88350732043864
90.38309346761554
89.88267961479244
89.38226576196934
88.88185190914623
88.38143805632319
87.88102420350009
87.38061035067699
86.88019649785389
86.37978264503079
85.87936879220774
85.37895493938464
84.87854108656154
84.37812723373827
86.64988806986548
88.92164890599292
91.19340974212042
90.70519046950875
90.21697119689708
89.7287519242854
89.24053265167373
88.75231337906206
88.26409410645044
87.77587483383877
87.2876555612271
86.79943628861542
86.31121701600375
85.82299774339208
85.33477847078046
84.84655919816879
84.35833992555712
83.87012065294539
84.42543132733397
84.98074200172255
85.53605267611113
86.0913633504997
86.64667402488828
87.20198469927686
87.75729537366539
87.26763905955801
86.77798274545063
86.28832643134325
85.79867011723587
85.30901380312844
84.81935748902106
84.32970117491368
83.8400448608063
83.35038854669892
82.86073223259154
86.10013688993467
89.33954154727792
88.90018369954754
88.4608258518171
88.02146800408673
87.5821101563563
87.14275230862592
86.70339446089548
86.2640366131651
85.82467876543467
85.38532091770429
84.94596306997386
84.50660522224348
84.06724737451304
83.62788952678267
83.18853167905223
82.74917383132185
82.30981598359142
81.87045813586099
82.40504455146691
82.9396309670729
83.47421738267889
84.00880379828487
84.54339021389086
85.07797662949679
85.61256304510277
86.14714946070876
85.61938945585672
85.09162945100474
84.5638694461527
84.03610944130065
83.50834943644867
82.98058943159663
82.45282942674459
81.9250694218926
81.39730941704056
81.93484665246837
82.47238388789611
83.00992112332392
83.54745835875173
84.08499559417947
84.62253282960728
85.16007006503509
85.69760730046283
86.23514453589064
86.77268177131845
87.3102190067462
87.847756242174
88.3852934776018
88.92283071302955
89.46036794845736
89.99790518388517
90.53544241931291
91.07297965474072
91.61051689016853
92.14805412559627
92.68559136102408
93.22312859645189
93.76066583187963
94.29820306730744
94.83574030273525
95.373277538163
95.9108147735908
96.4483520090186
96.98588924444635
97.52342647987416
98.06096371530197
98.59850095072971
99.13603818615752
99.51255539143284
98.96099364250495
98.40943189357705
97.85787014464916
97.3063083957212
96.75474664679331
96.20318489786541
95.65162314893752
95.10006140000962
94.54849965108167
94.98351579110607
95.41853193113047
95.85354807115488
96.28856421117928
96.72358035120368
97.15859649122814
96.58156550267995
96.00453451413182
95.42750352558369
94.85047253703544
94.27344154848731
93.69641055993918
93.11937957139094
92.5423485828428
91.96531759429467
91.38828660574654
90.8112556171983
90.23422462865017
89.65719364010204
89.08016265155379
88.50313166300566
87.92610067445753
87.3490696859094
86.77203869736115
86.19500770881302
85.61797672026489
85.04094573171665
84.46391474316852
83.88688375462038
83.30985276607214
82.73282177752401
82.15579078897588
81.57875980042718
84.11991474724891
86.66106969407019
89.20222464089147
91.74337958771275
94.28453453453454
93.81623538432046
93.34793623410644
92.87963708389236
92.41133793367834
91.94303878346426
91.47473963325024
91.00644048303616
90.53814133282214
90.06984218260806
89.60154303239403
89.13324388217995
88.66494473196593
88.19664558175185
87.72834643153783
87.26004728132375
87.94158246704876
88.62311765277366
89.30465283849855
89.98618802422357
90.66772320994846
91.34925839567336
92.03079358139837
92.71232876712327
92.13615830834658
91.5599878495699
90.98381739079309
90.4076469320164
89.83147647323972
89.25530601446292
88.67913555568623
88.10296509690954
87.52679463813274
86.95062417935605
86.37445372057937
85.79828326180314
89.27698551107096
92.75568776033879
96.23439000960605
95.65863763697473
95.0828852643433
94.50713289171199
93.93138051908056
93.35562814644925
92.77987577381782
92.20412340118651
91.62837102855508
91.05261865592377
90.47686628329234
89.90111391066102
89.3253615380296
88.74960916539828
88.17385679276686
87.59810442013554
87.02235204750411
86.4465996748728
85.87084730224137
85.29509492961006
84.71934255697875
84.14359018434732
83.567837811716
82.99208543908458
82.41633306645326
85.54685067964874
88.67736829284468
91.80788590604027
92.07175843617739
92.33563096631457
92.59950349645169
92.86337602658887
93.12724855672599
93.39112108686311
93.65499361700029
93.91886614713741
94.18273867727459
94.4466112074117
94.71048373754883
94.974356267686
95.23822879782313
95.5021013279603
95.76597385809742
96.02984638823455
96.29371891837172
96.55759144850884
96.82146397864602
97.08533650878314
97.34920903892026
97.61308156905744
97.87695409919456
98.14082662933174
98.40469915946886
98.66857168960598
98.93244421974316
99.19631674988028
99.46018928001746
99.7240618101547
98.86523567351969
98.00640953688458
97.14758340024957
96.28875726361446
95.42993112697945
94.57110499034434
93.71227885370934
92.85345271707422
91.99462658043922
91.1358004438041
90.27697430716898
89.41814817053398
88.5593220338992
92.19526402741303
95.83120602092686
99.46714801444045
99.4912700714355
99.51539212843053
99.53951418542559
99.56363624242063
99.58775829941567
99.61188035641071
99.63600241340575
99.6601244704008
99.68424652739584
99.70836858439088
99.73249064138594
99.75661269838096
99.78073475537602
99.80485681237106
99.8289788693661
99.85310092636115
99.87722298335619
99.90134504035123
99.92546709734627
99.94958915434131
99.97371121133637
99.9978332683314
100.02195532532645
100.04607738232149
100.07019943931653
100.09432149631158
100.11844355330662
100.14256561030166
100.16668766729671
100.19080972429175
100.2149317812868
100.23905383828183
100.26317589527687
100.28729795227193
100.31142000926697
100.33554206626201
100.35966412325705
100.38378618025209
100.40790823724714
100.43203029424218
100.45615235123722
100.48027440823228
100.50439646522732
100.52851852222236
100.5526405792174
100.57676263621244
100.60088469320749
100.62500675020253
100.64912880719757
100.67325086419261
100.69737292118765
100.7214949781827
100.74561703517774
100.76973909217278
100.79386114916784
100.81798320616288
100.84210526315792
100.19364912280707
99.54519298245623
98.89673684210538
98.24828070175454
97.59982456140358
96.95136842105273
96.30291228070189
95.65445614035104
95.0060000000002
94.35754385964924
93.7090877192984
93.06063157894755
92.4121754385967
91.76371929824586
91.1152631578949
90.46680701754406
89.81835087719321
89.16989473684237
88.52143859649152
87.87298245614056
91.02523284453036
94.17748323292017
97.32973362131031
96.70022121768045
96.07070881405048
95.44119641042062
94.81168400679064
94.18217160316078
93.55265919953081
92.92314679590095
92.29363439227097
91.66412198864111
91.03460958501114
90.40509718138128
89.7755847777513
89.14607237412145
88.51655997049147
87.88704756686161
87.25753516323164
86.62802275960166
92.27834907994566
97.92867540029114
97.86379777649258
97.79892015269402
97.73404252889546
97.6691649050969
97.60428728129834
97.53940965749977
97.47453203370122
97.40965440990266
97.3447767861041
97.27989916230554
97.21502153850699
97.15014391470842
97.08526629090987
97.0203886671113
96.95551104331274
96.89063341951419
96.82575579571562
96.76087817191707
96.6960005481185
96.63112292431995
96.56624530052139
96.50136767672282
96.43649005292427
96.3716124291257
96.30673480532715
96.24185718152859
96.17697955773004
96.11210193393147
96.0472243101329
95.98234668633435
95.91746906253579
95.85259143873724
95.78771381493867
95.72283619114012
95.65795856734155
95.593080943543
95.52820331974443
95.46332569594587
95.39844807214732
95.33357044834875
95.2686928245502
95.20381520075163
95.13893757695308
95.07405995315452
95.00918232935595
94.9443047055574
94.87942708175883
94.81454945796028
94.74967183416172
94.68479421036317
94.6199165865646
94.55503896276605
94.49016133896748
94.42528371516892
94.36040609137035
99.79920212765956
99.08335281199913
98.36750349633871
97.65165418067818
96.93580486501776
96.21995554935734
95.5041062336968
94.78825691803638
94.07240760237596
93.35655828671543
92.640708971055
91.92485965539458
91.20901033973405
94.00962233813425
96.810234336534
99.61084633493374
102.41145833333348
101.84267672845272
101.27389512357195
100.70511351869118
100.13633191381041
99.56755030892964
98.99876870404887
98.4299870991681
97.86120549428733
97.29242388940656
96.7236422845258
96.15486067964503
95.58607907476426
95.01729746988349
94.44851586500272
93.87973426012195
93.31095265524118
92.74217105036041
92.17338944547964
91.60460784059887
91.0358262357181
90.46704463083734
89.89826302595657
89.3294814210758
88.76069981619503
88.19191821131437
87.6231366064336
87.05435500155284
86.48557339667207
85.9167917917913
85.34801018691053
84.77922858202976
84.21044697714899
83.64166537226822
83.07288376738745
82.50410216250668
81.93532055762591
81.36653895274492
81.7809014590216
82.1952639652983
82.6096264715751
83.02398897785179
83.43835148412848
83.85271399040516
84.26707649668185
84.68143900295854
85.09580150923523
85.51016401551192
85.92452652178861
86.3388890280653
86.75325153434198
87.16761404061867
87.58197654689536
87.99633905317205
88.41070155944874
88.82506406572543
89.23942657200212
89.6537890782788
90.0681515845555
90.48251409083218
90.89687659710887
91.31123910338556
91.72560160966225
92.13996411593894
92.55432662221574
92.96868912849243
93.38305163476912
93.7974141410458
94.2117766473225
94.62613915359918
95.04050165987587
95.45486416615256
95.86922667242925
96.28358917870594
96.69795168498263
97.11231419125932
97.526676697536
97.9410392038127
98.35540171008938
98.76976421636618
98.13979544247604
97.50982666858602
96.87985789469587
96.24988912080585
95.6199203469157
94.98995157302568
94.35998279913554
93.73001402524545
94.11873978861553
94.5074655519856
94.89619131535574
95.28491707872581
95.67364284209589
96.06236860546619
95.28243123576294
94.50249386605981
93.72255649635667
92.94261912665354
92.1626817569504
91.38274438724727
90.60280701754391
93.15216832768556
95.70152963782675
98.25089094796851
97.54072603357304
96.83056111917767
96.1203962047822
95.41023129038683
94.70006637599136
93.98990146159599
93.27973654720051
92.56957163280504
91.85940671840967
91.1492418040142
90.43907688961883
89.72891197522335
89.01874706082799
88.30858214643251
87.59841723203704
86.88825231764167
86.1780874032462
85.46792248885083
84.75775757445535
84.04759266005999
83.33742774566463
85.66394694217888
87.99046613869314
90.31698533520739
92.64350453172199
91.97462283883499
91.30574114594788
90.63685945306088
89.96797776017377
89.29909606728677
88.63021437439966
87.96133268151266
87.29245098862555
86.62356929573855
85.95468760285144
85.28580590996444
84.61692421707733
83.94804252419033
83.27916083130322
82.61027913841622
81.94139744552922
86.36888485118288
90.79637225683746
95.22385966249112
99.6513470681457
98.9667380567405
98.2821290453353
97.59752003392998
96.91291102252478
96.22830201111947
95.54369299971427
94.85908398830895
94.17447497690375
93.48986596549844
92.80525695409324
92.12064794268792
91.43603893128272
90.75142991987741
90.06682090847221
89.3822118970669
88.6976028856617
88.01299387425638
87.32838486285118
86.64377585144587
85.95916684004067
85.27455782863535
84.58994881723015
83.90533980582495
85.39757738575418
86.8898149656834
88.38205254561262
89.87429012554185
91.36652770547107
92.8587652854003
94.35100286532963
93.65581219942851
92.96062153352739
92.26543086762638
91.57024020172526
90.87504953582413
90.17985886992301
89.484668204022
88.78947753812088
88.09428687221975
87.39909620631863
86.70390554041751
89.94035548048578
93.17680542055496
96.4132553606238
95.82368847816133
95.23412159569887
94.6445547132364
94.05498783077405
93.46542094831159
92.87585406584913
92.28628718338666
91.69672030092431
91.10715341846185
90.51758653599938
89.92801965353692
89.33845277107446
88.74888588861211
88.15931900614964
87.56975212368718
86.98018524122472
86.39061835876225
85.8010514762999
85.21148459383744
86.47350724522153
87.73552989660584
88.99755254798993
90.25957519937424
91.52159785075855
92.78362050214264
94.04564315352698
94.20376518746741
94.36188722140781
94.52000925534821
94.67813128928864
94.83625332322904
94.99437535716947
95.15249739110988
95.31061942505028
95.4687414589907
95.62686349293111
95.78498552687154
95.94310756081194
96.10122959475234
96.25935162869277
96.41747366263317
96.5755956965736
96.733717730514
96.8918397644544
97.04996179839483
97.2080838323352
96.47539661740552
95.74270940247607
95.01002218754638
94.27733497261693
93.54464775768724
92.81196054275756
92.0792733278281
94.26162224021482
96.44397115260153
98.62632006498802
97.9118105241962
97.1973009834046
96.48279144261278
95.76828190182118
95.05377236102936
94.33926282023776
93.62475327944594
92.91024373865434
92.19573419786252
91.48122465707092
90.7667151162791
93.44302876145184
96.11934240662458
98.79565605179732
101.47196969696961
100.76038085992309
100.04879202287657
99.33720318583005
98.62561434878353
97.91402551173701
97.20243667469049
96.49084783764397
95.77925900059745
95.06767016355093
94.35608132650441
93.64449248945789
92.93290365241137
92.22131481536485
91.50972597831833
90.79813714127181
90.08654830422529
89.37495946717877
88.66337063013225
87.95178179308573
87.24019295603921
86.52860411899337
88.86503111124694
91.2014581035005
93.53788509575338
92.80884396907913
92.07980284240489
91.35076171573087
90.62172058905662
89.89267946238238
89.16363833570813
88.43459720903388
87.70555608235964
86.97651495568562
86.24747382901137
85.51843270233712
84.78939157566303