106.38160919540229
106.66457238861757
106.94753558183285
107.23049877504815
107.51346196826343
107.79642516147871
108.07938835469399
108.36235154790927
108.64531474112455
108.92827793433983
109.21124112755511
109.49420432077041
109.77716751398569
110.06013070720097
110.34309390041625
110.62605709363153
110.90902028684681
111.19198348006209
111.47494667327737
111.75790986649267
112.04087305970795
112.32383625292323
112.60679944613851
112.88976263935379
113.17272583256907
113.45568902578435
113.73865221899965
114.02161541221493
114.30457860543021
114.58754179864549
114.87050499186077
115.15346818507605
115.43643137829133
115.71939457150661
116.00235776472189
116.28532095793719
116.56828415115247
116.85124734436775
117.13421053758303
117.41717373079831
117.70013692401359
117.98310011722887
118.26606331044417
118.54902650365945
118.83198969687473
119.11495289009001
119.39791608330529
119.68087927652057
119.96384246973585
120.24680566295115
120.52976885616643
120.81273204938171
121.09569524259699
121.37865843581227
121.66162162902755
121.94458482224283
122.22754801545811
122.51051120867339
122.79347440188869
123.07643759510397
123.35940078831925
123.64236398153453
123.92532717474981
122.50129129984613
121.07725542494245
119.65321955003877
119.37640204827505
119.09958454651134
118.82276704474762
118.54594954298389
118.26913204122019
117.99231453945646
117.71549703769274
117.43867953592903
117.16186203416531
116.8850445324016
116.60822703063788
116.33140952887416
116.05459202711044
115.77777452534673
115.500957023583
115.22413952181928
114.94732202005557
114.67050451829185
114.39368701652813
114.11686951476442
113.8400520130007
113.56323451123698
113.28641700947327
113.00959950770954
112.73278200594584
112.4559645041821
112.17914700241839
111.90232950065467
111.62551199889096
111.34869449712724
111.07187699536352
110.79505949359981
110.51824199183608
110.24142449007238
109.96460698830865
109.68778948654493
109.41097198478121
109.1341544830175
108.85733698125378
108.58051947949006
108.30370197772635
108.02688447596262
107.75006697419892
107.47324947243519
107.19643197067147
106.91961446890775
106.64279696714405
106.9710424334398
107.29928789973556
107.62753336603132
107.95577883232706
108.2840242986228
108.61226976491855
108.9405152312143
109.26876069751006
109.59700616380582
109.92525163010157
110.25349709639731
110.58174256269307
110.9099880289888
111.23823349528456
111.56647896158032
111.89472442787607
112.22296989417183
112.55121536046757
112.87946082676332
113.20770629305906
113.53595175935482
113.86419722565057
114.19244269194633
114.52068815824208
114.84893362453784
115.17717909083358
115.50542455712932
115.83367002342507
116.16191548972083
116.49016095601658
116.81840642231234
117.14665188860809
117.47489735490383
117.80314282119959
118.13138828749533
118.45963375379108
118.78787922008684
119.11612468638259
119.44437015267835
119.77261561897409
120.10086108526984
120.42910655156558
120.75735201786134
121.08559748415709
121.41384295045285
121.7420884167486
122.07033388304434
122.3985793493401
122.72682481563584
123.05507028193159
123.38331574822735
123.7115612145231
124.03980668081886
124.36805214711461
124.69629761341035
125.0245430797061
125.35278854600185
125.6810340122976
126.00927947859336
126.33752494488911
126.66577041118487
126.9940158774806
127.32226134377636
127.6505068100721
127.97875227636786
128.3069977426636
125.49092763299598
122.67485752332834
119.85878741366079
120.18377992945148
120.50877244524216
120.83376496103286
121.15875747682355
121.48374999261424
121.80874250840492
122.1337350241956
122.4587275399863
122.783720055777
123.10871257156768
123.43370508735836
123.75869760314906
124.08369011893976
124.40868263473033
121.78692364852918
119.16516466232804
116.54340567612688
116.91535628815289
117.2873069001789
117.65925751220492
118.03120812423094
118.40315873625696
118.77510934828297
119.147059960309
119.519010572335
119.89096118436102
120.26291179638703
120.63486240841304
121.00681302043907
120.85571542741698
120.7046178343949
121.09409888357254
119.52588505925456
117.95767123493653
116.38945741061855
114.82124358630057
113.25302976198253
111.68481593766455
110.11660211334657
108.54838828902854
106.98017446471054
107.2889426144392
107.59771076416783
107.90647891389648
108.21524706362511
108.52401521335375
108.8327833630824
109.14155151281103
109.45031966253968
109.75908781226832
110.06785596199697
110.3766241117256
110.68539226145425
110.99416041118289
111.30292856091152
111.61169671064017
111.92046486036881
112.22923301009746
112.5380011598261
112.84676930955474
113.15553745928338
113.4033284763857
113.65111949348803
113.89891051059035
114.14670152769267
114.394492544795
114.64228356189733
114.89007457899964
115.13786559610196
115.3856566132043
115.63344763030662
115.88123864740894
116.12902966451128
116.3768206816136
116.62461169871591
116.87240271581825
117.12019373292057
117.3679847500229
117.61577576712521
117.86356678422754
118.11135780132987
118.35914881843219
118.60693983553452
118.85473085263685
119.10252186973916
119.3503128868415
119.59810390394381
119.84589492104614
120.09368593814847
120.34147695525078
120.58926797235311
120.83705898945544
121.08485000655776
121.33264102366009
121.58043204076242
121.82822305786473
122.07601407496706
122.32380509206939
122.57159610917171
122.81938712627404
123.06717814337637
123.31496916047868
123.56276017758101
123.81055119468334
124.05834221178566
124.30613322888799
124.55392424599032
124.80171526309263
125.04950628019496
125.29729729729735
124.53692747674981
123.7765576562023
123.01618783565476
122.25581801510725
121.49544819455971
120.7350783740122
119.97470855346467
119.21433873291713
118.45396891236962
117.69359909182208
116.93322927127457
116.17285945072697
116.45131316022132
116.72976686971568
117.00822057921002
117.28667428870438
117.56512799819872
117.84358170769306
118.12203541718742
118.40048912668176
118.67894283617612
118.95739654567046
119.23585025516482
119.51430396465916
119.79275767415352
120.07121138364786
120.34966509314222
120.62811880263656
120.90657251213091
121.18502622162526
121.46347993111961
121.74193364061396
122.02038735010831
122.29884105960264
120.67054771938876
119.04225437917489
117.41396103896105
117.64683963697124
117.87971823498141
118.1125968329916
118.34547543100179
118.57835402901198
118.81123262702215
119.04411122503234
119.27698982304253
119.50986842105272
117.85224182730087
116.19461523354892
114.53698863979707
112.87936204604512
111.22173545229327
109.56410885854132
107.90648226478947
106.24885567103763
104.59122907728567
102.93360248353383
101.27597588978188
99.61834929603003
97.96072270227808
98.36166585070188
98.76260899912566
99.16355214754947
99.56449529597324
99.96543844439702
100.36638159282083
100.76732474124461
101.16826788966841
101.56921103809219
101.970154186516
102.37109733493978
102.77204048336358
103.17298363178736
103.57392678021114
103.97486992863494
104.37581307705872
104.77675622548253
105.17769937390631
105.57864252233011
105.97958567075389
106.38052881917767
106.78147196760148
107.18241511602525
107.58335826444906
107.98430141287281
106.93259199755744
105.88088258224207
104.82917316692668
105.12151026445099
105.4138473619753
105.7061844594996
105.9985215570239
106.29085865454822
106.58319575207253
106.87553284959684
107.16786994712113
107.46020704464544
107.75254414216975
108.04488123969405
108.33721833721836
107.58875255403035
106.84028677084234
106.09182098765433
106.42825507111328
106.76468915457221
107.10112323803114
107.43755732149009
107.77399140494902
108.11042548840794
108.4468595718669
108.78329365532582
109.11972773878475
109.4561618222437
109.79259590570263
110.12902998916158
110.4654640726205
110.80189815607943
111.13833223953839
111.47476632299731
111.81120040645624
112.14763448991519
112.48406857337412
112.82050265683304
113.156936740292
113.49337082375092
113.82980490720985
114.1662389906688
114.50267307412773
114.83910715758665
115.17554124104561
115.51197532450453
115.84840940796349
116.18484349142241
116.52127757488134
116.85771165834029
117.19414574179922
117.53057982525814
117.46029451838776
117.39000921151735
117.31972390464695
117.24943859777656
117.17915329090616
117.10886798403575
117.03858267716535
117.47172967295819
117.90487666875103
118.33802366454387
118.77117066033671
119.20431765612943
117.09338861452773
114.98245957292602
112.87153053132432
113.1269715534521
113.38241257557988
113.63785359770765
113.89329461983542
114.14873564196319
114.40417666409095
114.65961768621874
114.9150587083465
115.17049973047428
115.425940752602
114.52522114585366
113.62450153910527
112.72378193235687
111.82306232560848
110.92234271886014
110.02162311211174
109.12090350536334
108.220183898615
107.31946429186661
106.41874468511821
105.5180250783699
105.80334751219556
106.08866994602118
106.37399237984681
106.65931481367244
106.94463724749806
107.22995968132369
107.51528211514932
107.80060454897495
108.08592698280057
108.3712494166262
108.65657185045183
108.94189428427745
109.22721671810308
109.5125391519287
109.79786158575433
110.08318401957996
110.36850645340559
110.65382888723121
110.93915132105684
110.67165351328683
110.40415570551681
110.13665789774677
109.86916008997676
109.60166228220672
109.3341644744367
109.06666666666663
109.42324263038546
109.77981859410428
110.13639455782311
110.49297052154193
110.84954648526073
111.20612244897956
111.56269841269838
111.9192743764172
112.27585034013603
112.63242630385486
112.98900226757368
113.34557823129248
113.7021541950113
114.05873015873016
113.4734734563682
112.88821675400624
112.30296005164428
111.71770334928226
112.10167533058475
112.48564731188722
112.86961929318971
113.25359127449221
113.6375632557947
114.0215352370972
114.40550721839966
114.78947919970216
115.17345118100465
115.55742316230715
115.94139514360961
116.3253671249121
116.7093391062146
117.0933110875171
117.47728306881956
117.86125505012205
118.24522703142455
118.62919901272704
119.01317099402951
119.397142975332
119.7811149566345
120.16508693793699
120.54905891923946
120.93303090054195
121.31700288184447
119.80550103965277
118.29399919746106
116.78249735526936
115.27099551307776
113.75949367088606
113.27245510507754
112.78541653926908
112.29837797346056
111.81133940765204
111.32430084184352
110.837262276035
110.35022371022649
109.86318514441797
109.37614657860945
108.88910801280093
108.40206944699241
107.9150308811839
107.42799231537538
106.94095374956686
106.45391518375834
105.96687661794982
105.4798380521413
104.99279948633279
104.50576092052427
104.01872235471575
103.53168378890723
103.04464522309871
102.5576066572902
102.07056809148168
101.58352952567316
101.09649095986464
100.60945239405612
100.1224138282476
99.63537526243908
99.14833669663062
98.6612981308221
98.17425956501359
97.68722099920507
97.20018243339655
96.71314386758803
96.22610530177951
95.739066735971
95.25202817016248
94.76498960435396
94.27795103854544
93.79091247273692
93.3038739069284
92.81683534111988
92.32979677531137
91.84275820950285
91.35571964369433
90.86868107788581
90.38164251207729
90.76343681017002
91.14523110826278
91.52702540635553
91.90881970444826
92.29061400254099
92.67240830063375
93.0542025987265
93.43599689681923
93.27761641509318
93.11923593336714
92.96085545164108
92.80247496991502
92.64409448818898
93.03126984724997
93.41844520631093
93.80562056537192
94.19279592443291
94.57997128349388
94.96714664255487
95.35432200161583
95.74149736067682
96.1286727197378
96.51584807879877
96.90302343785976
97.29019879692072
97.67737415598171
98.0645495150427
98.45172487410366
98.83890023316465
99.22607559222561
99.6132509512866
100.00042631034759
100.38760166940855
100.77477702846954
101.1619523875305
101.5491277465915
101.93630310565248
102.32347846471345
102.71065382377444
103.0978291828354
103.48500454189639
103.87217990095738
104.25935526001834
104.64653061907933
105.03370597814029
105.42088133720128
105.80805669626227
106.19523205532323
106.58240741438422
106.96958277344518
107.35675813250617
107.74393349156716
108.13110885062812
108.51828420968911
108.90545956875008
109.29263492781106
109.67981028687205
110.06698564593302
109.75801189747312
109.4490381490132
109.14006440055331
108.83109065209342
108.5221169036335
108.87556371667898
109.22901052972446
109.58245734276994
109.93590415581542
110.2893509688609
110.64279778190638
110.99624459495186
111.34969140799734
111.70313822104282
112.0565850340883
112.41003184713378
112.17542462845012
111.94081740976645
111.70621019108282
111.47160297239915
111.23699575371549
111.00238853503186
111.361379341772
111.72037014851216
112.0793609552523
112.43835176199246
112.7973425687326
113.15633337547274
113.51532418221291
113.87431498895305
114.23330579569321
114.59229660243335
114.95128740917352
115.31027821591366
115.6692690226538
116.02825982939396
116.3872506361341
116.74624144287426
117.1052322496144
117.46422305635457
117.82321386309471
118.18220466983485
118.54119547657501
116.3796828346608
114.21817019274658
112.05665755083214
109.89514490891793
107.73363226700371
105.5721196250895
103.41060698317506
101.24909434126084
99.08758169934663
96.42137712340786
93.7551725474691
91.08896797153025
91.54956486894875
92.0101617663673
92.4707586637858
92.9313555612043
93.39195245862285
93.85254935604135
94.31314625345985
94.7737431508784
95.2343400482969
95.6949369457154
96.15553384313395
96.61613074055245
97.07672763797095
97.53732453538944
97.997921432808
98.4585183302265
98.919115227645
99.37971212506355
99.84030902248205
100.30090591990054
100.7615028173191
101.2220997147376
101.6826966121561
102.14329350957465
102.60389040699314
103.06448730441164
103.5250842018302
103.9856810992487
104.44627799666719
104.90687489408575
105.36747179150424
105.82806868892274
106.2886655863413
106.7492624837598
107.20985938117829
107.67045627859684
108.13105317601534
108.59165007343384
109.0522469708524
109.51284386827089
109.97344076568939
110.43403766310794
110.89463456052644
111.35523145794494
111.81582835536344
112.27642525278199
112.73702215020049
113.19761904761901
112.85176886792448
112.50591868823
112.16006850853546
111.81421832884098
111.46836814914644
111.1225179694519
110.77666778975743
110.43081761006289
110.79671930059328
111.16262099112362
111.52852268165395
111.89442437218435
112.26032606271468
112.62622775324502
112.99212944377535
113.35803113430575
113.72393282483608
114.08983451536665
112.38411554212053
110.67839656887463
108.97267759562837
109.3114668156937
109.65025603575904
109.98904525582438
110.32783447588972
110.666623695955
111.00541291602033
111.34420213608567
111.682991356151
112.02178057621629
112.36056979628162
112.69935901634696
113.0381482364123
113.37693745647758
113.71572667654291
114.05451589660825
114.39330511667359
114.73209433673887
115.0708835568042
115.40967277686954
115.74846199693488
116.08725121700022
116.4260404370655
116.76482965713083
117.10361887719617
117.4424080972615
117.78119731732679
118.11998653739212
118.45877575745746
118.7975649775228
119.13635419758808
119.47514341765341
119.81393263771875
120.15272185778409
120.49151107784937
120.8303002979147
121.16908951798007
120.70246654306868
120.23584356815729
119.7692205932459
119.30259761833452
118.83597464342313
119.07230065607814
119.30862666873315
119.54495268138817
117.86356845425871
116.18218422712948
114.5008
114.84961772928742
115.19843545857489
115.54725318786231
115.89607091714973
116.24488864643715
116.59370637572457
116.94252410501198
117.2913418342994
117.64015956358682
117.98897729287424
118.33779502216166
118.68661275144908
119.0354304807365
119.38424821002411
118.25695411688253
117.12966002374105
116.00236593059935
116.37890857848026
116.75545122636117
117.13199387424203
117.50853652212294
117.88507917000385
118.2616218178847
118.63816446576561
119.01470711364652
119.39124976152738
119.76779240940829
120.14433505728914
120.52087770517005
120.89742035305096
121.27396300093181
121.65050564881273
122.02704829669364
122.40359094457426
120.3739689360807
118.34434692758714
116.31472491909386
116.64845434877486
116.98218377845592
117.31591320813698
117.64964263781798
117.98337206749903
118.31710149718009
118.65083092686109
118.98456035654215
119.31828978622343
116.61923663731295
113.92018348840202
111.22113033949154
108.52207719058106
105.82302404167012
103.12397089275964
100.42491774384871
97.72586459493823
95.02681144602775
92.32775829711682
89.62870514820594
89.95836535313265
90.28802555805936
90.61768576298613
90.94734596791284
91.27700617283952
91.23443373410724
91.19186129537496
91.1492888566427
91.10671641791049
91.55991932678455
92.01312223565861
92.46632514453262
92.91952805340668
93.37273096228074
93.8259338711548
94.27913678002886
94.73233968890293
95.18554259777699
95.63874550665105
96.09194841552505
96.54515132439911
96.99835423327318
97.45155714214724
97.9047600510213
98.35796295989536
98.81116586876942
99.26436877764343
99.71757168651749
100.17077459539155
100.62397750426561
101.07718041313967
101.53038332201373
101.9835862308878
102.43678913976186
102.88999204863586
103.34319495750992
103.79639786638398
104.24960077525805
104.7028036841321
105.15600659300617
105.60920950188023
106.06241241075429
106.5156153196283
106.96881822850236
107.42202113737642
107.87522404625048
108.32842695512454
108.7816298639986
109.23483277287266
109.68803568174667
110.14123859062073
110.59444149949479
111.04764440836885
111.50084731724291
111.95405022611698
112.40725313499104
112.8604560438651
113.3136589527391
113.76686186161317
114.22006477048723
114.67326767936129
115.12647058823529
115.01817621557294
114.90988184291058
114.80158747024822
114.69329309758587
114.58499872492351
114.47670435226115
114.3684099795988
114.26011560693644
114.60030148625043
114.94048736556448
115.28067324487853
115.62085912419252
115.96104500350657
116.30123088282056
116.64141676213461
116.9816026414486
117.32178852076265
117.6619744000767
118.0021602793907
118.34234615870474
118.68253203801873
119.02271791733278
119.36290379664678
119.70308967596065
116.88721475046395
114.07133982496771
111.25546489947146
108.43958997397476
105.62371504847852
102.80784012298233
103.17305278393212
103.53826544488192
103.90347810583177
104.26869076678156
104.63390342773135
104.9991160886812
105.364328749631
105.7295414105808
106.09475407153059
106.45996673248044
106.82517939343023
107.19039205438003
107.55560471532988
107.92081737627967
108.28603003722947
108.65124269817926
109.01645535912911
109.3816680200789
109.7468806810287
110.11209334197855
110.47730600292834
107.4942342177842
104.5111624326405
104.89467955206123
105.27819667148196
105.66171379090275
106.04523091032348
106.42874802974421
106.812265149165
107.19578226858573
107.57929938800646
107.96281650742719
108.34633362684798
108.72985074626865
107.89200190692725
107.05415306758596
106.21630422824455
105.37845538890315
104.54060654956174
103.70275771022034
102.86490887087905
102.02706003153764
101.18921119219624
100.35136235285484
99.51351351351349
99.91898594597865
100.32445837844375
100.72993081090891
101.13540324337401
101.54087567583917
101.94634810830428
102.35182054076938
102.75729297323454
103.16276540569964
103.5682378381648
103.97371027062991
104.37918270309507
104.78465513556017
105.19012756802533
105.59560000049044
106.00107243295554
106.4065448654207
106.8120172978858
107.21748973035096
107.62296216281607
108.02843459528123
108.43390702774633
108.83937946021149
109.24485189267659
109.6503243251417
110.05579675760686
110.46126919007196
110.86674162253712
111.27221405500222
111.67768648746738
112.08315891993249
112.48863135239765
112.89410378486275
113.29957621732785
113.70504864979301
114.11052108225812
114.51599351472328
114.92146594718838
115.32693837965354
115.73241081211864
116.1378832445838
116.54335567704891
116.94882810951407
117.35430054197917
117.75977297444427
118.16524540690943
118.57071783937454
118.03650938296914
117.50230092656375
116.96809247015835
116.43388401375296
115.89967555734756
115.36546710094217
114.83125864453666
115.10304239598179
115.37482614742703
113.71297319312475
112.05112023882248
110.38926728452043
108.7274143302181
109.14733253877779
109.56725074733754
109.98716895589723
110.40708716445698
110.82700537301673
111.24692358157643
111.66684179013617
112.08675999869587
112.50667820725562
112.92659641581531
113.34651462437506
113.76643283293475
114.1863510414945
114.6062692500542
115.02618745861395
115.44610566717364
115.86602387573339
116.28594208429308
116.70586029285283
117.12577850141253
117.54569670997228
117.96561491853203
118.38553312709172
118.80545133565147
119.22536954421116
119.64528775277091
120.0652059613306
120.48512416989036
120.90504237845005
121.3249605870098
121.74487879556949
122.16479700412924
122.58471521268848
120.53135603551209
118.4779968583357
116.42463768115942
116.77954396409945
117.13445024703947
117.48935652997949
117.84426281291951
118.19916909585959
118.55407537879961
118.90898166173963
119.26388794467965
119.61879422761967
119.9737005105597
120.32860679349972
120.68351307643974
121.03841935937976
121.39332564231984
121.74823192525986
122.10313820819988
122.4580444911399
122.81295077407992
123.16785705701994
123.52276333995997
123.87766962289999
124.23257590584001
124.58748218878009
124.94238847172011
125.29729475466013
125.65220103760015
126.00710732054017
124.29456112078697
122.58201492103399
120.86946872128101
119.15692252152803
117.44437632177483
115.73183012202185
114.01928392226887
112.30673772251589
110.59419152276291
110.98349645342125
111.37280138407954
111.76210631473788
112.15141124539622
112.5407161760545
112.93002110671284
113.31932603737113
113.70863096802947
114.09793589868775
114.48724082934609
114.25774326574862
114.02824570215108
113.79874813855355
113.56925057495607
113.33975301135854
113.11025544776106
112.88075788416353
112.651260320566
112.42176275696852
112.19226519337099
109.5167427336064
106.84122027384183
104.1656978140768
101.49017535431221
98.81465289454763
96.1391304347826
97.01926439581212
97.89939835684163
98.77953231787114
99.65966627890066
100.53980023993017
101.41993420095969
102.3000681619892
103.18020212301872
104.06033608404823
104.94047004507775
105.82060400610726
106.70073796713677
107.58087192816629
108.4610058891958
109.34113985022532
110.22127381125483
111.10140777228435
111.98154173331386
112.86167569434338
113.74180965537289
114.6219436164024
115.50207757743192
116.38221153846143
115.82615452586356
115.27009751326568
114.7140405006678
114.15798348806993
113.60192647547194
113.04586946287407
112.48981245027619
111.93375543767831
111.37769842508044
110.82164141248256
110.26558439988469
109.70952738728681
109.15347037468882
108.59741336209095
108.04135634949307
107.4852993368952
106.92924232429732
106.3731853116994
106.41195070134253
106.45071609098568
105.89535864978916
106.48411768553967
107.07287672129019
107.6616357570407
108.25039479279121
108.83915382854173
109.42791286429224
110.01667190004275
110.60543093579327
111.19418997154378
111.78294900729429
112.3717080430448
112.96046707879532
113.54922611454583
114.13798515029634
114.72674418604652
113.46910281453097
112.2114614430152
110.95382007149965
109.6961786999841
108.43853732846833
107.18089595695278
105.92325458543701
104.66561321392146
103.40797184240591
102.15033047089014
100.89268909937459
99.63504772785882
98.37740635634327
97.11976498482773
95.86212361331206
96.65001088413862
97.43789815496507
98.22578542579151
99.01367269661807
99.80155996744452
100.58944723827096
101.37733450909752
102.16522177992397
102.95310905075041
103.74099632157697
104.52888359240342
105.31677086322986
106.10465813405642
106.89254540488287
107.68043267570931
108.46831994653587
109.25620721736232
110.04409448818888
108.80647142427347
107.56884836035806
106.33122529644265
106.75447069132667
107.1777160862107
107.60096148109471
108.02420687597873
108.44745227086275
108.87069766574677
109.29394306063091
109.71718845551493
110.14043385039895
110.56367924528303
110.34875293646058
110.13382662763814
109.9189003188157
109.70397400999332
109.48904770117088
109.27412139234843
109.05919508352599
108.84426877470355
109.28367928803402
109.7230898013645
110.16250031469497
110.60191082802567
108.29595529661992
105.98999976521372
103.6840442338073
104.15897388099006
104.63390352817271
105.10883317535547
105.58376282253823
106.05869246972088
106.53362211690364
107.0085517640864
107.48348141126905
107.95841105845182
108.43334070563458
108.90827035281723
109.38319999999999
108.20566429512519
107.02812859025039
105.85059288537559
106.31654421053145
106.78249553568742
107.24844686084339
107.71439818599936
108.18034951115533
108.6463008363113
109.11225216146727
109.57820348662324
110.0441548117791
110.51010613693506
110.97605746209098
110.77968823786227
110.58331901363357
110.38694978940492
110.19058056517628
109.99421134094757
109.79784211671887
109.60147289249022
109.40510366826146
109.84950159131773
110.29389951437389
110.73829743743016
111.18269536048632
111.62709328354248
112.07149120659875
112.51588912965491
112.96028705271118
113.4046849757674
112.31221214449602
111.21973931322486
110.12726648195371
109.03479365068256
107.94232081941118
106.84984798814003
105.75737515686887
104.66490232559772
103.57242949432634
102.47995666305525
102.93424674566785
103.38853682828045
103.84282691089305
104.29711699350565
104.75140707611826
105.20569715873097
105.65998724134357
106.11427732395617
106.56856740656877
107.02285748918138
107.47714757179398
107.93143765440658
108.3857277370193
108.8400178196319
109.2943079022445
109.7485979848571
110.2028880674697
110.6571781500823
111.1114682326949
111.56575831530762
112.02004839792022
112.47433848053282
112.92862856314542
113.38291864575802
113.83720872837063
114.29149881098323
114.74578889359594
115.20007897620854
115.65436905882115
116.10865914143375
116.56294922404635
117.01723930665895
117.47152938927155
117.92581947188427
118.38010955449687
118.83439963710947
119.28868971972207
119.74297980233467
120.19726988494727
120.65155996755988
121.10585005017259
121.5601401327852
122.0144302153978
122.4687202980104
122.92301038062305
118.92560517163929
114.92819996265553
110.93079475367176
106.933389544688
107.37908512665445
107.82478070862089
108.27047629058734
108.71617187255379
109.16186745452023
109.60756303648668
110.05325861845313
110.49895420041958
110.94464978238602
111.39034536435247
111.83604094631892
112.28173652828536
112.72743211025181
113.17312769221826
113.6188232741847
114.06451885615115
114.5102144381176
114.95591002008405
115.4016056020505
115.84730118401694
116.29299676598339
116.73869234794984
117.18438792991628
117.63008351188273
118.07577909384918
118.52147467581563
118.96717025778207
119.41286583974852
119.85856142171497
120.30425700368141
120.74995258564786
121.19564816761431
121.64134374958076
122.0870393315472
122.53273491351365
122.9784304954801
123.42412607744654
123.86982165941299
124.31551724137944
122.90637391036034
121.49723057934125
120.08808724832215
120.12283493067184
120.15758261302153
120.19233029537122
120.22707797772091
115.76208319966099
111.29708842160017
106.83209364353934
102.36709886547817
102.83830884204247
103.30951881860688
103.78072879517129
104.2519387717357
104.7231487483001
105.19435872486451
105.66556870142892
106.13677867799333
106.60798865455774
107.07919863112215
107.55040860768656
108.02161858425097
108.49282856081538
108.96403853737979
109.43524851394409
109.9064584905085
110.37766846707291
110.84887844363732
111.32008842020173
111.79129839676614
112.26250837333055
112.73371834989496
113.20492832645937
113.67613830302378
114.14734827958819
114.6185582561526
115.089768232717
115.56097820928142
116.03218818584571
116.50339816241012
116.97460813897453
117.44581811553894
117.91702809210335
118.38823806866776
118.85944804523217
119.33065802179658
119.80186799836099
120.2730779749254
120.74428795148981
121.21549792805422
121.68670790461863
122.15791788118304
122.62912785774733
120.25616869371106
117.88320952967433
115.5102503656376
113.13729120160133
110.7643320375646
108.39137287352787
106.01841370949114
103.64545454545453
104.06358751913683
104.48172049281914
104.89985346650133
105.31798644018363
105.73611941386594
106.15425238754824
106.57238536123054
106.99051833491285
107.40865130859515
107.82678428227746