87.30658838878017
87.20810962457665
87.10963086037313
87.0111520961696
86.91267333196608
86.81419456776256
86.71571580355904
86.61723703935552
86.518758275152
86.42027951094848
86.32180074674494
86.22332198254142
86.1248432183379
86.02636445413438
85.92788568993086
85.82940692572734
85.7309281615238
85.63244939732029
85.53397063311677
85.43549186891325
85.33701310470973
85.2385343405062
85.14005557630269
85.04157681209915
84.94309804789563
84.84461928369211
84.74614051948859
84.64766175528507
84.94828703307618
85.2489123108673
85.5495375886584
85.85016286644951
85.84560974521439
85.84105662397928
85.83650350274418
85.83195038150907
85.82739726027397
86.47840172786175
86.41441763433541
86.35043354080906
86.28644944728272
86.22246535375638
86.25140004089492
86.28033472803347
86.11739442362826
85.95445411922304
85.9560350066314
85.95761589403975
86.2273066135349
86.49699733303007
86.76668805252523
87.03637877202038
87.30606949151556
87.57576021101072
87.84545093050588
88.11514165000104
88.3848323694962
88.65452308899137
88.92421380848653
89.19390452798169
89.46359524747685
89.733285966972
90.00297668646718
90.27266740596234
90.5423581254575
90.81204884495267
91.08173956444783
91.35143028394299
91.62112100343815
91.89081172293331
92.16050244242847
93.093679701194
94.02685695995956
94.9600342187251
95.89321147749064
96.82638873625619
97.75956599502173
98.69274325378727
99.62592051255282
100.55909777131836
101.4922750300839
102.42545228884946
103.358629547615
104.29180680638054
105.22498406514609
106.15816132391163
107.09133858267718
106.6342598338297
106.17718108498224
105.72010233613477
105.26302358728731
104.80594483843984
104.34886608959238
103.8917873407449
103.43470859189743
102.97762984304997
102.52055109420249
102.06347234535502
101.60639359650756
101.1493148476601
100.69223609881263
100.23515734996516
99.77807860111768
99.32099985227022
98.86392110342274
98.40684235457528
97.94976360572781
97.49268485688035
97.03560610803288
96.57852735918541
96.12144861033794
95.66436986149047
95.20729111264299
94.75021236379553
94.29313361494806
93.83605486610058
94.30855269499827
94.78105052389596
95.25354835279364
95.72604618169133
96.19854401058902
95.28138903356539
94.36423405654173
94.63544841767154
94.90666277880135
95.17787713993116
95.44909150106096
95.72030586219077
95.99152022332058
96.26273458445039
96.10409608925251
95.94545759405463
95.78681909885677
95.7925012854004
95.79818347194404
95.8038656584877
95.80954784503135
95.81523003157498
95.82091221811862
95.82659440466227
95.83227659120593
95.83795877774956
95.8436409642932
95.84932315083685
95.8550053373805
95.86068752392414
95.86636971046778
95.91880935822843
95.97124900598907
96.02368865374972
96.07612830151037
96.128567949271
96.18100759703165
96.2334472447923
96.28588689255295
96.33832654031359
96.39076618807424
96.44320583583489
96.49564548359554
96.54808513135617
96.60052477911682
96.65296442687747
96.66842796731946
96.68389150776144
96.69935504820343
96.71481858864541
96.7302821290874
96.74574566952938
96.76120920997137
96.77667275041335
96.79213629085534
96.80759983129732
96.82306337173931
96.8385269121813
96.8195776894327
96.80062846668412
96.78167924393553
96.76273002118694
96.74378079843834
96.72483157568975
96.70588235294116
98.78531044617705
100.864738539413
102.94416663264889
105.0235947258848
104.67665304188994
104.32971135789506
103.9827696739002
103.63582798990532
103.28888630591045
102.94194462191558
102.5950029379207
102.24806125392583
101.90111956993096
101.55417788593608
101.20723620194121
100.86029451794634
100.51335283395147
100.1664111499566
99.81946946596173
99.47252778196686
99.12558609797198
98.7786444139771
98.43170272998223
98.08476104598736
98.1675553481685
98.25034965034968
97.79711487918242
97.34388010801516
96.8906453368479
96.43741056568062
95.98417579451336
95.5309410233461
95.07770625217884
94.62447148101158
94.17123670984432
93.71800193867706
93.2647671675098
92.81153239634254
92.35829762517528
91.90506285400802
91.45182808284076
90.9985933116735
90.54535854050624
90.09212376933895
90.0945973686723
90.09707096800562
90.09954456733897
89.94176589737259
89.78398722740623
89.62620855743987
89.46842988747349
89.31065121750711
89.15287254754075
88.99509387757439
88.83731520760801
88.67953653764164
88.52175786767528
88.36397919770891
88.20620052774254
88.04842185777616
87.8906431878098
87.73286451784344
87.57508584787706
87.41730717791069
87.25952850794432
87.10174983797793
88.6766341054066
90.25151837283528
91.82640264026402
91.72794231804133
91.62948199581862
91.53102167359592
91.43256135137322
91.33410102915053
91.23564070692782
91.13718038470513
91.03872006248243
90.94025974025965
92.32248085738502
93.70470197451044
95.08692309163581
96.46914420876118
97.8513653258866
99.23358644301197
100.61580756013745
100.38192354485497
100.14803952957249
99.91415551429
99.6802714990075
99.446387483725
99.21250346844252
98.97861945316004
98.74473543787754
98.51085142259504
98.27696740731255
98.04308339203006
97.80919937674757
97.57531536146507
97.34143134618259
97.1075473309001
96.8736633156176
96.63977930033512
96.40589528505262
96.17201126977014
95.93812725448764
95.70424323920516
95.47035922392266
95.23647520864017
95.00259119335767
94.76870717807519
94.53482316279269
94.3009391475102
94.06705513222771
93.83317111694522
93.59928710166272
93.36540308638024
93.13151907109774
92.89763505581526
92.66375104053276
92.42986702525027
92.19598300996778
91.96209899468529
91.72821497940281
91.49433096412031
91.26044694883782
91.02656293355533
90.79267891827284
90.55879490299034
90.32491088770786
90.09102687242536
89.85714285714286
90.1119280285404
90.36671319993795
90.6214983713355
90.45722845171969
90.29295853210387
90.12868861248805
89.96441869287224
89.80014877325641
89.6358788536406
89.47160893402479
89.30733901440897
89.14306909479315
88.97879917517733
88.81452925556152
88.65025933594569
88.48598941632989
88.32171949671405
88.15744957709825
88.16858387156542
88.17971816603257
88.19085246049973
88.2019867549669
88.05797257306398
87.91395839116106
87.76994420925816
87.62593002735525
87.48191584545233
87.33790166354942
87.19388748164651
87.04987329974361
86.90585911784069
87.99753751487481
89.08921591190898
90.1808943089431
90.04002352329049
89.89915273763788
89.75828195198528
89.61741116633269
89.47654038068008
89.33566959502747
89.19479880937487
89.05392802372228
88.91305723806967
88.77218645241706
88.63131566676446
88.49044488111187
88.34957409545926
88.20870330980665
88.06783252415406
87.92696173850145
87.78609095284884
87.64522016719624
87.50434938154365
87.36347859589104
87.22260781023843
87.08173702458583
86.94086623893324
86.79999545328063
86.65912466762802
86.51825388197543
86.37738309632283
86.23651231067022
86.09564152501761
85.95477073936502
85.81389995371242
85.67302916805981
85.5321583824072
85.39128759675461
85.25041681110201
85.1095460254494
84.9686752397968
84.8278044541442
84.68693366849159
84.54606288283898
84.40519209718639
84.26432131153379
84.12345052588118
83.98257974022857
83.84170895457598
83.70083816892338
85.91912388393564
88.13740959894807
88.00490038642533
87.8723911739026
87.73988196137988
87.60737274885714
87.47486353633442
87.34235432381169
87.20984511128896
87.07733589876624
86.9448266862435
86.81231747372078
86.67980826119805
86.54729904867531
86.41478983615258
86.28228062362986
86.14977141110714
86.0172621985844
85.88475298606167
85.75224377353894
85.61973456101622
85.48722534849348
85.35471613597076
85.22220692344803
85.0896977109253
84.95718849840256
86.25364273013207
87.55009696186167
87.42656765484921
87.30303834783675
87.17950904082427
87.05597973381181
86.93245042679933
86.80892111978687
86.68539181277441
86.56186250576195
86.43833319874948
86.31480389173701
86.19127458472454
86.06774527771208
85.94421597069962
85.82068666368716
85.69715735667468
85.57362804966222
85.45009874264974
85.32656943563723
86.73784325280872
88.14911706998038
88.03827630352197
87.92743553706357
87.81659477060518
87.70575400414677
87.59491323768837
87.48407247122998
87.37323170477157
87.26239093831316
87.15155017185477
87.04070940539637
86.92986863893796
86.81902787247957
86.70818710602117
86.59734633956276
86.48650557310437
86.37566480664597
86.26482404018756
86.15398327372915
86.04314250727076
85.93230174081236
87.53139677204558
89.13049180327869
89.0471762774734
88.96386075166812
88.88054522586285
88.79722970005756
88.71391417425228
88.71391417425228
88.59210889663973
88.47030361902719
88.34849834141463
88.22669306380209
88.10488778618955
87.98308250857698
87.86127723096445
87.7394719533519
87.61766667573934
87.4958613981268
87.37405612051425
87.2522508429017
87.13044556528916
87.0086402876766
86.88683501006406
86.76502973245151
86.64322445483896
86.52141917722642
86.39961389961388
88.24925030278655
90.09888670595939
89.93078425559617
89.76268180523296
89.59457935486974
89.42647690450652
89.2583744541433
89.09027200378007
88.92216955341685
88.75406710305363
88.58596465269041
88.4178622023272
88.24975975196398
88.08165730160076
87.91355485123754
87.74545240087431
87.57734995051109
87.40924750014787
87.24114504978465
87.07304259942143
86.90494014905822
86.736837698695
86.56873524833178
86.40063279796856
86.23253034760533
86.06442789724211
85.89632544687889
85.72822299651568
86.09755195902866
86.46688092154164
86.8362098840546
87.20553884656758
87.57486780908056
87.94419677159354
88.31352573410649
88.68285469661947
89.05218365913245
89.4215126216454
89.79084158415839
89.70351970944755
89.61619783473671
89.52887596002587
89.44155408531503
89.35423221060421
89.26691033589337
89.17958846118253
89.09226658647171
89.00494471176087
88.91762283705003
88.8303009623392
88.74297908762836
88.65565721291753
88.5683353382067
88.48101346349586
88.39369158878503
88.79801881492037
89.2023460410557
89.00861588086177
88.81488572066782
88.62115556047388
88.42742540027994
88.23369524008599
88.03996507989206
87.8462349196981
87.65250475950417
87.45877459931023
87.26504443911628
87.07131427892234
86.8775841187284
86.68385395853446
86.49012379834052
86.29639363814657
86.10266347795263
85.90893331775868
85.71520315756474
85.52147299737081
85.32774283717686
87.08149570717728
88.83524857717771
90.589001447178
90.43774137633108
90.28648130548416
90.13522123463723
89.98396116379031
89.83270109294338
89.68144102209645
89.53018095124953
89.3789208804026
89.22766080955569
89.07640073870876
88.92514066786183
88.77388059701491
89.21893127897926
89.6639819609436
90.10903264290789
90.55408332487224
90.99913400683658
91.44418468880087
91.88923537076522
92.33428605272957
92.77933673469389
92.644371485515
92.5094062363361
92.37444098715721
92.23947573797831
92.10451048879942
91.96954523962053
91.83457999044164
91.69961474126275
91.56464949208386
91.42968424290497
91.29471899372606
91.15975374454717
91.02478849536828
90.8898232461894
90.75485799701048
90.83649058557809
90.9181231741457
90.99975576271333
91.08138835128094
91.16302093984856
91.24465352841618
91.3262861169838
91.2027250318824
91.079163946781
90.9556028616796
90.8320417765782
90.7084806914768
90.58491960637538
90.46135852127398
90.33779743617258
90.21423635107112
91.60255421542547
92.99087207977982
94.37918994413407
94.22117338416646
94.06315682419886
93.90514026423124
93.74712370426363
93.58910714429601
93.4310905843284
93.27307402436078
93.11505746439317
92.95704090442555
92.79902434445795
92.64100778449034
92.48299122452272
92.32497466455511
92.1669581045875
92.00894154461989
91.85092498465227
91.69290842468466
91.53489186471705
91.37687530474943
91.21885874478183
91.0608421848142
90.9028256248466
90.74480906487898
90.58679250491137
90.42877594494375
90.27075938497615
90.11274282500854
89.95472626504092
89.79670970507331
89.63869314510569
89.48067658513808
89.32266002517046
89.16464346520286
89.00662690523525
89.26065405869114
89.51468121214701
89.7687083656029
90.02273551905877
90.27676267251466
90.53078982597054
90.31175542133164
90.09272101669276
89.87368661205389
89.65465220741498
89.43561780277608
89.2165833981372
88.99754899349833
88.77851458885942
89.21780071663022
89.65708684440102
90.09637297217182
90.53565909994256
90.97494522771336
91.41423135548416
91.85351748325496
92.2928036110257
92.7320897387965
93.1713758665673
93.61066199433805
94.04994812210884
94.48923424987964
94.92852037765044
95.36780650542117
95.20903838350992
95.05027026159865
94.89150213968739
94.73273401777612
94.57396589586487
94.41519777395361
94.25642965204236
94.95309961864791
95.64976958525345
95.49117392784628
95.3325782704391
95.17398261303192
95.01538695562475
94.85679129821757
94.6981956408104
94.53959998340322
94.38100432599605
94.22240866858887
94.06381301118171
93.90521735377453
93.74662169636736
93.58802603896018
93.429430381553
93.27083472414583
93.11223906673865
92.95364340933148
92.7950477519243
92.63645209451713
92.47785643710995
92.31926077970277
92.1606651222956
92.00206946488842
91.84347380748125
91.68487815007407
91.5262824926669
91.36768683525972
91.20909117785254
91.05049552044537
90.89189986303819
90.73330420563101
90.57470854822384
90.41611289081666
90.25751723340949
90.09892157600231
89.94032591859515
89.78173026118797
89.6231346037808
89.46453894637362
89.30594328896645
89.14734763155927
88.9887519741521
88.83015631674492
88.67156065933774
88.51296500193057
88.35436934452339
88.19577368711622
88.03717802970904
87.87858237230186
87.71998671489469
87.56139105748753
87.99212527959571
88.4228595017039
88.85359372381208
89.28432794592027
89.71506216802845
90.14579639013664
90.57653061224482
92.07430913541884
93.57208765859288
93.45913602812561
93.34618439765836
93.23323276719111
93.12028113672386
93.0073295062566
92.89437787578935
92.7814262453221
92.66847461485483
92.55552298438758
92.44257135392033
92.32961972345306
92.21666809298581
92.10371646251856
91.9907648320513
91.87781320158405
91.7648615711168
91.65190994064953
91.53895831018228
91.42600667971503
91.31305504924777
91.20010341878051
91.08715178831326
90.974200157846
90.86124852737875
90.7482968969115
90.63534526644423
90.52239363597698
90.40944200550973
90.29649037504247
90.18353874457522
90.07058711410797
89.9576354836407
89.84468385317345
89.7317322227062
89.61878059223893
89.50582896177168
89.39287733130443
89.27992570083717
89.16697407036992
89.05402243990267
88.9410708094354
88.82811917896815
88.71516754850092
88.49141495488288
88.26766236126483
88.0439097676468
87.82015717402876
87.59640458041073
87.37265198679268
87.14889939317464
86.92514679955661
86.70139420593856
86.47764161232053
86.2538890187025
86.03013642508446
85.8063838314664
85.58263123784809
86.92902633859308
88.27542143933806
89.62181654008305
90.9682116408278
92.31460674157303
92.3146067415729
93.43353449888036
94.55246225618771
95.6713900134953
95.57093645021524
95.47048288693517
95.37002932365512
95.26957576037506
95.169122197095
95.06866863381495
94.9682150705349
94.86776150725484
94.76730794397479
94.66685438069473
94.56640081741466
94.4659472541346
94.36549369085455
94.2650401275745
94.16458656429444
94.06413300101438
93.96367943773433
93.86322587445427
93.7627723111742
93.66231874789415
93.56186518461409
93.46141162133404
93.36095805805398
93.26050449477393
93.16005093149387
93.05959736821382
92.95914380493376
92.85869024165369
92.75823667837363
92.65778311509358
92.55732955181352
92.45687598853347
92.35642242525341
92.25596886197336
92.1555152986933
92.05506173541325
91.95460817213318
91.85415460885312
91.75370104557307
91.65324748229301
91.55279391901296
91.4523403557329
91.35188679245283
91.163409252235
90.97493171201717
90.78645417179933
90.5979766315815
90.40949909136364
90.22102155114581
90.03254401092798
89.84406647071015
89.65558893049231
89.46711139027448
89.27863385005665
89.09015630983882
88.90167876962099
88.71320122940315
88.52472368918532
88.33624614896749
88.14776860874966
87.9592910685318
87.77081352831397
87.58233598809613
87.3938584478783
87.20538090766047
87.01690336744264
86.8284258272248
86.63994828700697
89.16213165508498
91.68431502316346
91.51646826367616
91.34862150418886
91.18077474470155
91.01292798521425
90.84508122572691
90.67723446623961
90.5093877067523
90.341540947265
90.1736941877777
90.0058474282904
89.83800066880309
89.67015390931576
89.50230714982845
89.33446039034115
89.16661363085385
88.99876687136654
88.83092011187924
88.66307335239193
88.4952265929046
88.3273798334173
88.15953307392999
89.16998374017169
90.1804344064135
91.19088507265519
91.01260755731073
90.83433004196627
90.6560525266218
90.47777501127734
90.29949749593288
90.12121998058842
89.94294246524393
89.76466494989947
89.58638743455504
91.63965507456146
93.69292271456766
95.74619035457386
97.79945799457997
97.58209304164737
97.36472808871477
97.14736313578217
96.92999818284957
96.71263322991697
96.49526827698438
96.27790332405178
96.06053837111918
95.84317341818661
95.62580846525401
95.40844351232141
95.19107855938881
94.97371360645622
94.75634865352362
94.53898370059102
94.32161874765842
94.10425379472582
93.88688884179322
93.66952388886065
93.45215893592805
93.23479398299543
93.42179837130968
93.60880275962393
93.7958071479382
93.98281153625246
94.1698159245667
94.35682031288096
94.5438247011952
94.22601839684614
95.06932837605291
95.91263835525956
96.7559483344663
96.59456105039408
96.43317376632189
96.27178648224967
96.11039919817745
95.94901191410526
95.78762463003304
95.62623734596082
95.46485006188863
95.3034627778164
95.14207549374419
94.980688209672
94.81930092559978
94.65791364152756
94.49652635745537
94.33513907338315
94.17375178931093
94.01236450523874
93.85097722116652
93.6895899370943
93.5282026530221
93.36681536894989
93.20542808487767
93.04404080080548
92.88265351673326
92.72126623266104
92.55987894858882
92.39849166451663
92.2371043804444
92.07571709637219
91.9143298123
91.75294252822778
91.59155524415556
91.43016796008337
91.26878067601115
91.10739339193893
90.94600610786674
90.78461882379452
90.6232315397223
90.4618442556501
90.30045697157789
90.13906968750567
89.97768240343349
90.07674274041003
90.17580307738655
90.27486341436307
90.3739237513396
90.47298408831612
90.57204442529266
90.67110476226918
90.77016509924572
90.86922543622224
90.96828577319876
91.0673461101753
91.16640644715181
91.26546678412835
91.36452712110487
91.4635874580814
91.56264779505793
91.66170813203445
91.76076846901098
91.8598288059875
91.95888914296404
92.05794947994056
91.87188320824379
91.68581693654704
91.4997506648503
91.31368439315352
91.12761812145678
90.94155184976003
90.75548557806326
90.56941930636651
90.38335303466977
90.197286762973
90.01122049127625
89.8251542195795
89.63908794788267
90.96130673168591
92.28352551548915
93.60574429929216
94.92796308309539
96.25018186689863
97.57240065070164
98.89461943450488
100.21683821830811
101.53905700211115
101.33775157549132
101.1364461488715
100.93514072225167
100.73383529563185
100.532529869012
100.33122444239217
100.12991901577234
99.92861358915252
99.72730816253267
99.52600273591284
99.32469730929301
99.12339188267319
98.92208645605334
98.72078102943351
98.51947560281369
98.31817017619386
98.11686474957403
97.91555932295418
97.71425389633436
97.51294846971453
97.3116430430947
97.11033761647485
96.90903218985503
96.7077267632352
96.50642133661538
96.30511590999552
96.1038104833757
95.90250505675587
95.70119963013605
95.49989420351622
95.29858877689637
95.09728335027654
94.89597792365672
94.69467249703689
94.49336707041704
94.29206164379721
94.09075621717739
93.88945079055756
93.68814536393774
93.48683993731788
93.28553451069806
93.08422908407823
92.8829236574584
92.68161823083855
92.48031280421873
92.27900737759893
92.08781669185575
91.8966260061126
91.70543532036942
91.51424463462624
91.32305394888309
91.1318632631399
90.94067257739675
90.74948189165357
90.5582912059104
90.36710052016724
90.17590983442406
89.98471914868088
89.79352846293773
89.60233777719455
89.41114709145137
89.21995640570822
89.02876571996504
88.83757503422189
88.6463843484787
88.45519366273552
88.26400297699237
88.07281229124897
89.58964052840747
91.10646876556598
92.62329700272483
92.4728729482772
92.32244889382957
92.17202483938195
92.02160078493432
91.8711767304867
91.72075267603907
91.57032862159144
91.41990456714382
91.46243867981096
91.50497279247813
91.54750690514527
91.59004101781244
91.63257513047958
91.67510924314675
91.71764335581389
91.76017746848106
91.8027115811482
91.84524569381537
91.88777980648251
91.93031391914968
91.97284803181682
92.01538214448398
92.05791625715113
92.10045036981829
92.14298448248545
92.1855185951526
92.22805270781976
92.27058682048691
92.31312093315407
92.35565504582122
92.39818915848838
92.44072327115553
92.48325738382269
92.52579149648984
92.568325609157
92.61085972182416
92.65339383449131
92.69592794715847
92.73846205982562
92.78099617249276
92.82353028515993
92.86606439782707
92.90859851049424
93.10713748776911
93.30567646504397
93.50421544231887
93.70275441959373
93.90129339686862
93.76786193954337
93.63443048221811
93.50099902489282
93.36756756756756
94.0867431781403
94.805918788713
94.63152708249467
94.45713537627634
94.28274367005801
94.10835196383971
93.93396025762138
93.75956855140305
93.58517684518472
93.41078513896642
93.23639343274809
93.06200172652976
92.88761002031151
93.85585487165167
94.82409972299169
94.63021054850603
94.43632137402037
94.24243219953473
94.04854302504907
93.85465385056344
93.66076467607778
93.46687550159214
93.27298632710648
93.07909715262085
92.88520797813518
92.69131880364955
92.49742962916389
92.30354045467823
92.1096512801926
91.91576210570693
91.7218729312213
91.52798375673564
91.33409458225
91.14020540776434
90.94631623327871
90.75242705879305
90.55853788430741
90.36464870982175
90.17075953533612
89.97687036085046
89.7829811863648
89.58909201187916
89.3952028373935
89.20131366290786
89.0074244884222
88.81353531393657
88.61964613945091
88.42575696496527
88.23186779047961
88.03797861599398
87.84408944150832
87.65020026702263
87.93611015838127
88.22202004973991
88.50792994109861
88.79383983245725
89.07974972381595
89.3656596151746
89.65156950653324
89.93747939789193
90.22338928925058
90.50929918060928
90.79520907196792
91.08111896332662
91.36702885468526
91.6529387460439
91.9388486374026
92.22475852876124
92.51066842011994
92.79657831147858
93.08248820283723
93.36839809419592
93.65430798555457
93.94021787691327
94.22612776827191
94.51203765963055
94.79794755098925
95.083857442348
94.91331536201221
94.74277328167642
94.57223120134063
94.40168912100484
94.23114704066904
94.06060496033322
93.89006287999743
93.71952079966164
93.54897871932585
93.37843663899005
93.20789455865426
93.03735247831847
92.86681039798265
92.69626831764685
92.52572623731106
92.35518415697527
92.18464207663948
92.01409999630368
91.84355791596789
91.6730158356321
91.50247375529628
91.33193167496049
91.1613895946247
90.9908475142889
90.82030543395311
90.64976335361723
91.34914971496914
92.04853607632106
92.74792243767314
92.57469824542673
92.40147405318035
92.22824986093397
92.05502566868759
91.88180147644118
91.7085772841948
91.53535309194842
91.36212889970201
91.18890470745563
91.01568051520925
90.84245632296287
90.66923213071647
90.49600793847009
90.3227837462237
90.1495595539773
89.9763353617309
90.11032526940254
90.24431517707414
90.37830508474576
90.23234331309837
90.08638154145098
89.94041976980361
90.48175095754266
91.02308214528176
90.81917118406261
90.61526022284346
90.41134926162431
90.20743830040516
90.00352733918601
89.79961637796686
89.5957054167477
89.39179445552855
89.1878834943094
88.98397253309025
88.7800615718711
88.57615061065195
88.3722396494328
88.16832868821365
87.9644177269945
87.76050676577535
87.5565958045562
87.35268484333704
87.1487738821179
86.94486292089874
86.74095195967959
86.53704099846044
86.33313003724123
86.12921907602208
85.92530811480293
85.72139715358378
85.51748619236463
85.31357523114548
85.10966426992633
84.90575330870718
84.70184234748803
84.49793138626887
84.29402042504972
84.09010946383057
83.88619850261142
83.68228754139227
83.47837658017306
84.25613542562564
85.03389427107845
85.81165311653115
85.67113397696474
85.53061483739833
85.39009569783195
85.24957655826555
85.10905741869917
84.96853827913276
84.82801913956635
84.6875
86.29618369237915
87.90486738475784
89.51355107713687
89.39048512908184
89.26741918102681
89.14435323297178
89.02128728491675
88.89822133686172
88.7751553888067
88.65208944075167
88.52902349269664
88.40595754464161
88.28289159658658
88.15982564853152
88.03675970047652
88.20013279458092
88.36350588868535
88.52687898278978
88.69025207689421
88.85362517099867
88.71535836177475
88.72201248783577
88.72866661389679
88.73532073995781
88.74197486601884
88.74862899207986
88.75528311814088
88.76193724420193
88.59793864173298
88.433940039264
88.26994143679505
88.1059428343261
87.94194423185715
87.77794562938817
87.61394702691922
87.44994842445027
87.28594982198129
87.12195121951243
87.5239017766961
87.9258523338799
88.32780289106358
88.72975344824738
89.13170400543106
88.96644301127805
88.80118201712506
88.63592102297204
88.47066002881903
88.30539903466601
88.140138040513
87.97487704635998
87.80961605220699
87.64435505805397
87.47909406390096
87.31383306974794
87.14857207559493
86.98331108144203
88.15934261555117
89.33537414965986
89.15708133996554
88.97878853027126
88.80049572057695
88.62220291088266
88.44391010118835
88.26561729149407
88.08732448179975
87.90903167210544
87.73073886241116
87.55244605271685
87.37415324302256
87.19586043332825
87.01756762363397
86.83927481393965
86.66098200424537
86.48268919455106
86.30439638485674
86.12610357516246
85.94781076546815
85.76951795577386
85.59122514607955
85.41293233638527
85.23463952669096
85.05634671699667
84.87805390730236
84.69976109760805
84.52146828791376
84.34317547821945
84.16488266852517
83.98658985883085
83.80829704913657
83.63000423944226
83.45171142974795
83.27341862005363
83.09512581035938
82.91683300066506
84.68406818898666
86.4513033773078
88.21853856562925
88.09748825199998
87.97643793837071
87.85538762474141
87.73433731111214
87.61328699748287
87.4922366838536
87.37118637022434
87.25013605659507
87.1290857429658
87.00803542933653
86.88698511570726
86.765934802078
86.64488448844895
87.5466450299516
88.44840557145426
89.3501661129568
89.19759652294738
89.04502693293796
88.89245734292857
88.73988775291915
88.58731816290972
88.4347485729003
88.28217898289091
88.12960939288149
87.97703980287207
87.82447021286265
87.67190062285323
87.51933103284384
87.36676144283442
87.21419185282502
88.2614688226115
89.30874579239799
90.35602276218447
91.40329973197072
92.4505767017572
93.49785367154368
94.54513064133016
94.40703964829345
94.26894865525672
94.32343987823441
94.15139112722716
93.9793423762199
93.80729362521265
93.6352448742054
93.46319612319814
93.29114737219089
93.11909862118364
92.94704987017639
92.77500111916913
92.60295236816188
92.43090361715463
92.25885486614737
92.08680611514012
91.91475736413287
91.74270861312561
91.57065986211836
91.39861111111111