139.12568306010928
135.5243749262885
131.92306679246767
128.32175865864684
124.72045052482605
121.11914239100523
117.51783425718442
113.91652612336361
110.3152179895428
106.713909855722
103.11260172190117
99.51129358808036
95.90998545425956
92.30867732043873
88.70736918661792
85.10606105279712
81.50475291897631
77.9034447851555
74.30213665133468
70.70082851751387
67.09952038369305
68.44168490344336
69.78384942319369
69.55768038946721
69.33151135574073
69.10534232201425
68.87917328828776
68.65300425456128
68.4268352208348
68.20066618710831
67.97449715338183
67.74832811965535
67.52215908592888
67.29599005220238
67.0698210184759
66.84365198474943
66.61748295102294
67.23365571656885
67.84982848211475
68.46600124766064
68.2874197095751
68.10883817148957
67.93025663340403
67.75167509531849
67.57309355723294
67.3945120191474
67.21593048106186
67.03734894297632
66.85876740489078
66.68018586680523
66.5016043287197
66.32302279063416
66.14444125254862
65.96585971446314
73.69967374301683
81.43348777157053
89.16730180012422
96.90111582867792
104.63492985723161
112.36874388578536
120.10255791433906
127.83637194289275
135.57018597144645
143.30400000000012
140.64417089568434
137.98434179136856
135.32451268705282
132.66468358273704
130.00485447842127
127.34502537410549
124.68519626978971
122.02536716547397
119.36553806115819
116.70570895684241
114.04587985252664
111.38605074821086
108.72622164389512
106.06639253957934
103.40656343526356
100.74673433094779
98.08690522663201
95.42707612231627
92.76724701800049
90.10741791368471
87.44758880936894
84.78775970505316
82.12793060073741
79.46810149642164
76.80827239210586
74.14844328779009
71.4886141834743
71.91522243592047
72.34183068836663
72.7684389408128
73.19504719325897
73.62165544570513
74.04826369815129
74.47487195059746
74.90148020304363
75.32808845548979
75.75469670793596
76.18130496038214
76.6079132128283
77.03452146527447
77.46112971772064
77.8877379701668
78.31434622261297
78.74095447505914
79.1675627275053
79.59417097995147
80.02077923239764
80.4473874848438
80.87399573728996
81.30060398973613
81.7272122421823
82.01371677865748
82.30022131513266
82.58672585160784
82.87323038808303
83.15973492455822
83.4462394610334
83.73274399750858
84.01924853398376
84.30575307045896
83.96856812442948
83.63138317840003
83.29419823237056
82.9570132863411
82.61982834031163
82.28264339428216
81.94545844825271
81.60827350222323
81.27108855619377
80.93390361016431
80.59671866413484
80.25953371810537
79.9223487720759
79.58516382604644
79.24797888001697
78.9107939339875
79.8367014737171
80.76260901344672
81.68851655317634
82.61442409290594
83.54033163263556
84.46623917236518
85.39214671209477
86.31805425182439
87.24396179155401
88.16986933128362
87.87656210771254
87.5832548841415
87.28994766057043
86.99664043699937
86.70333321342832
86.41002598985725
86.1167187662862
85.82341154271514
85.53010431914407
85.23679709557302
84.94348987200196
84.6501826484309
84.35687542485985
84.06356820128877
83.77026097771773
83.47695375414666
83.1836465305756
82.89033930700455
82.59703208343348
82.30372485986243
82.01041763629136
81.7171104127203
81.42380318914925
81.13049596557818
80.83718874200713
80.54388151843607
80.250574294865
79.95726707129396
79.6639598477229
79.37065262415183
79.07734540058078
78.7840381770097
78.49073095343866
78.1974237298676
77.90411650629653
77.61080928272548
77.3175020591544
77.02419483558336
76.7308876120123
76.43758038844123
76.14427316487019
75.85096594129912
75.55765871772806
75.264351494157
74.97104427058594
74.67773704701489
74.38442982344382
74.09112259987276
73.79781537630171
73.50450815273064
73.21120092915959
72.91789370558853
72.62458648201746
72.33127925844641
72.03797203487534
71.74466481130429
71.45135758773323
71.15805036416216
70.86474314059112
70.57143591702005
70.27812869344899
69.98482146987793
69.69151424630687
69.39820702273582
69.10489979916476
68.81159257559369
68.51828535202264
68.22497812845157
67.93167090488052
67.63836368130946
67.3450564577384
67.05174923416733
66.75844201059628
66.46513478702522
66.17182756345416
65.8785203398831
65.58521311631205
65.29190589274098
64.99859866916992
64.70529144559886
64.4119842220278
64.11867699845675
63.82536977488569
63.532062551314624
63.23875532774356
62.94544810417251
62.65214088060145
62.35883365703039
62.065526433459326
61.77221920988826
61.478911986317215
61.18560476274615
60.89229753917509
60.59899031560403
60.30568309203298
60.012375868461916
59.719068644890854
59.42576142131975
63.65149364411809
67.87722586691659
67.87722586691643
83.04871946904314
98.22021307117029
113.39170667329745
128.56320027542415
143.73469387755085
124.5425148888944
105.35033590023795
86.15815691158157
86.34205119105903
86.52594547053648
86.21455760104138
85.90316973154627
85.59178186205116
85.28039399255606
84.96900612306094
84.65761825356583
84.34623038407072
84.03484251457562
83.72345464508051
83.4120667755854
83.1006789060903
82.78929103659517
82.47790316710007
82.16651529760496
81.85512742810985
81.54373955861475
81.23235168911964
80.92096381962452
80.60957595012941
80.2981880806343
79.9868002111392
79.67541234164409
79.36402447214898
79.05263660265388
78.74124873315876
78.42986086366365
78.11847299416854
77.80708512467343
77.49569725517833
77.18430938568322
76.87292151618811
76.561533646693
76.25014577719789
75.93875790770278
75.62737003820767
75.31598216871257
75.00459429921746
74.69320642972234
74.38181856022723
74.07043069073212
73.75904282123702
73.44765495174191
73.1362670822468
72.8248792127517
72.51349134325658
72.20210347376147
71.89071560426636
71.57932773477125
71.26793986527615
70.95655199578104
70.64516412628592
70.33377625679081
70.0223883872957
69.7110005178006
69.39961264830549
69.08822477881039
68.77683690931528
68.46544903982016
68.15406117032505
67.84267330082994
67.53128543133484
67.21989756183973
66.90850969234462
66.5971218228495
66.2857339533544
65.97434608385929
65.66295821436418
65.35157034486907
65.04018247537397
64.72879460587886
64.41740673638374
64.10601886688863
63.794630997393526
63.48324312789842
63.17185525840331
62.860467388908205
62.5490795194131
62.23769164991798
61.92630378042287
61.61491591092776
61.303528041432656
60.99214017193755
60.68075230244244
60.36936443294732
60.057976563452215
59.74658869395711
59.738580720885615
59.730572747814115
59.72256477474262
59.71455680167113
59.70654882859964
59.698540855528144
59.69053288245665
59.68252490938515
59.67451693631366
59.666508963242165
59.65850099017067
59.65049301709918
59.64248504402768
59.63447707095619
59.626469097884694
59.6184611248132
59.61045315174171
59.60244517867021
59.594437205598716
59.58642923252722
59.57842125945573
59.57041328638424
59.562405313312745
59.554397340241245
59.54638936716975
59.53838139409826
59.530373421026766
59.52236544795527
59.51435747488378
59.50634950181228
59.49834152874079
59.490333555669295
59.4823255825978
59.47431760952631
59.46630963645481
59.45830166338332
59.450293690311824
59.44228571724033
59.43427774416884
59.426269771097346
59.418261798025846
59.41025382495435
59.40224585188286
59.39423787881137
59.386229905739874
59.37822193266838
59.37021395959688
59.36220598652539
59.354198013453896
59.3461900403824
59.33818206731091
59.33017409423941
59.32216612116792
59.314158148096425
59.30615017502493
59.29814220195344
59.29013422888194
59.28212625581045
59.274118282738954
59.26611030966746
59.25810233659597
59.250094363524475
59.242086390452975
59.23407841738148
59.22607044430999
59.2180624712385
59.210054498167004
59.20204652509551
59.19403855202401
59.18603057895252
59.178022605881026
59.17001463280953
59.16200665973804
59.15399868666654
59.14599071359505
59.137982740523555
59.12997476745206
59.12196679438058
59.34603130327096
59.570095812161355
59.79416032105175
60.01822482994213
60.24228933883252
60.466353847722914
60.69041835661329
60.914482865503686
61.13854737439408
61.36261188328446
61.58667639217485
61.810740901065245
62.034805409955624
62.25886991884602
62.48293442773641
62.70699893662679
62.93106344551718
63.155127954407575
63.37919246329797
63.60325697218835
63.82732148107874
64.05138598996913
64.27545049885951
64.4995150077499
64.7235795166403
64.94764402553068
65.17170853442107
65.39577304331146
65.61983755220184
65.84390206109224
66.06796656998263
66.29203107887301
66.5160955877634
66.7401600966538
66.96422460554417
67.18828911443457
67.41235362332496
67.63641813221535
67.86048264110573
68.08454714999613
68.30861165888652
68.5326761677769
68.75674067666729
68.98080518555768
69.20486969444806
69.42893420333846
69.65299871222885
69.87706322111923
70.10112773000962
70.32519223890002
70.5492567477904
70.77332125668079
70.99738576557118
71.22145027446156
71.44551478335195
71.66957929224235
71.89364380113273
73.15716229876796
74.42068079640336
74.10370058998654
73.78672038356973
73.46974017715291
73.1527599707361
72.83577976431928
72.51879955790247
72.20181935148565
71.88483914506884
71.56785893865202
71.25087873223521
70.93389852581839
70.61691831940158
70.29993811298476
69.98295790656795
69.66597770015113
69.34899749373432
70.04015147183549
70.73130544993663
70.42647484277705
70.12164423561748
69.81681362845791
69.51198302129836
69.20715241413879
68.90232180697922
68.59749119981964
68.2926605926601
67.98782998550053
67.68299937834095
67.37816877118138
67.0733381640218
66.76850755686226
66.46367694970269
66.15884634254311
65.85401573538354
65.549185128224
65.24435452106442
64.93952391390485
64.63469330674528
64.3298626995857
64.02503209242604
87.31254604978312
110.6000600071402
133.88757396449705
132.36916011657695
130.85074626865674
131.3204762703338
131.79020627201092
132.259936273688
132.7296662753651
133.1993962770422
133.6691262787193
134.1388562803964
134.60858628207347
135.07831628375058
135.54804628542766
136.01777628710477
136.48750628878187
136.95723629045895
137.42696629213606
135.3194935891638
133.2120208861918
131.10454818321978
128.99707548024753
126.88960277727551
124.78213007430327
122.67465737133125
120.567184668359
118.45971196538699
116.35223926241474
114.24476655944272
112.13729385647048
110.02982115349846
107.92234845052621
105.8148757475542
103.70740304458195
101.59993034160993
99.49245763863769
97.38498493566567
95.27751223269343
93.17003952972141
91.06256682674916
88.95509412377714
86.8476214208049
84.74014871783288
82.63267601486064
80.52520331188862
78.41773060891637
76.31025790594435
74.20278520297211
72.09531250000009
75.27158186767178
78.44785123534325
81.62412060301506
81.34906055977223
81.0740005165294
80.79894047328656
80.52388043004373
80.2488203868009
79.97376034355807
79.69870030031524
79.4236402570724
79.14858021382958
78.87352017058674
78.59846012734391
78.32340008410108
78.04834004085825
77.77327999761542
77.49821995437259
77.22315991112976
76.94809986788692
76.67303982464409
76.39797978140126
76.12291973815843
75.8478596949156
75.57279965167277
75.29773960842994
75.0226795651871
74.74761952194427
74.47255947870144
74.19749943545861
73.92243939221578
73.64737934897295
73.37231930573012
73.09725926248728
72.82219921924445
72.54713917600162
72.27207913275882
71.99701908951599
71.72195904627316
71.44689900303032
71.1718389597875
70.89677891654469
72.73897937154447
74.58117982654426
76.42338028154404
78.26558073654391
77.9681157562404
77.6706507759369
77.37318579563339
77.07572081532987
76.77825583502639
76.48079085472287
76.18332587441935
75.88586089411586
75.58839591381235
75.29093093350883
74.99346595320534
74.69600097290183
74.39853599259831
74.10107101229482
73.80360603199131
73.50614105168782
73.2086760713843
72.91121109108079
72.6137461107773
72.31628113047378
72.01881615017027
71.72135116986678
71.42388618956326
71.12642120925975
70.82895622895626
72.36372442372442
73.89849261849258
75.43326081326086
76.96802900802902
78.50279720279718
80.03756539756534
81.57233359233362
83.10710178710178
84.64186998186995
86.17663817663816
85.84396582024442
85.51129346385068
85.17862110745696
84.84594875106322
84.51327639466948
84.18060403827573
83.84793168188202
83.51525932548827
83.18258696909453
82.84991461270079
82.51724225630707
82.18456989991333
81.85189754351958
81.51922518712584
81.18655283073213
80.85388047433838
80.52120811794464
80.1885357615509
79.85586340515718
79.52319104876344
79.1905186923697
78.85784633597595
78.52517397958223
78.19250162318849
77.85982926679475
77.527156910401
77.19448455400729
76.86181219761355
76.5291398412198
76.19646748482606
75.86379512843232
75.5311227720386
75.19845041564486
74.86577805925111
74.53310570285737
74.20043334646365
73.86776099006991
73.53508863367617
73.20241627728242
72.86974392088871
72.53707156449497
72.20439920810122
71.87172685170748
71.53905449531376
71.20638213892002
70.87370978252628
70.54103742613256
73.0264730999146
73.02647309991153
81.93754752406676
90.84862194822199
99.75969637237722
108.67077079653245
117.58184522068768
126.49291964484291
135.40399406899814
144.31506849315292
141.63246493135944
138.94986136956618
136.2672578077727
133.58465424597944
130.90205068418595
128.21944712239247
125.53684356059921
122.85423999880572
120.17163643701224
117.48903287521898
114.8064293134255
112.12382575163201
109.44122218983875
106.75861862804527
104.07601506625178
101.39341150445853
98.71080794266504
96.02820438087156
93.3456008190783
90.66299725728481
87.98039369549133
85.29779013369807
82.61518657190459
79.9325830101111
77.24997944831784
74.56737588652481
76.07414013865014
77.58090439077546
79.08766864290055
80.59443289502588
82.1011971471512
83.60796139927629
83.20769088341149
82.80742036754674
82.40714985168194
82.00687933581719
81.60660881995238
81.20633830408764
80.80606778822283
80.40579727235809
80.00552675649328
79.60525624062853
79.20498572476373
78.80471520889898
78.40444469303424
78.00417417716943
77.60390366130468
77.20363314543988
76.80336262957513
76.40309211371033
76.00282159784558
75.60255108198078
75.20228056611603
74.80201005025125
75.07467911318552
75.07467911318327
81.50898897964271
87.94329884610215
94.3776087125625
100.81191857902195
107.2462284454823
113.68053831194175
120.11484817840119
126.54915804486154
132.983467911321
139.41777777778066
137.59658897934696
135.77540018091327
133.95421138247957
132.13302258404588
130.31183378561218
128.49064498717848
126.66945618874479
124.84826739031132
123.02707859187763
121.20588979344393
119.38470099501023
117.56351219657654
115.74232339814284
113.92113459970915
112.09994580127568
110.27875700284199
108.45756820440829
106.6363794059746
104.8151906075409
102.9940018091072
101.17281301067351
99.35162421223981
97.53043541380634
95.70924661537265
93.88805781693895
92.06686901850526
90.24568022007156
88.42449142163787
86.60330262320417
84.7821138247707
82.96092502633701
81.13973622790331
79.31854742946962
77.49735863103592
75.67616983260223
73.85498103416853
72.03379223573484
70.21260343730137
73.05304895572499
75.89349447414861
78.73393999257223
81.57438551099608
81.1729120060129
80.77143850102965
80.3699649960464
79.96849149106322
79.56701798607997
79.16554448109673
78.76407097611354
78.3625974711303
77.96112396614706
77.55965046116387
77.15817695618063
76.75670345119738
76.3552299462142
75.95375644123095
75.5522829362477
75.15080943126452
74.74933592628128
74.34786242129803
73.94638891631479
73.5449154113316
73.14344190634836
72.74196840136511
72.34049489638193
71.93902139139868
71.53754788641544
71.13607438143225
70.73460087644901
70.33312737146576
69.93165386648258
69.53018036149933
69.12870685651609
68.7272333515329
68.32575984654966
67.92428634156641
67.52281283658323
67.12133933159998
66.71986582661674
66.3183923216335
65.91691881665031
65.51544531166707
65.11397180668382
64.71249830170063
64.31102479671739
63.90955129173415
63.50807778675096
63.106604281767716
62.70513077678447
62.303657271801285
61.90218376681804
61.5007102618348
61.09923675685161
60.697763251868366
60.29628974688512
59.894816241901935
59.49334273691869
59.09186923193545
58.690395726952204
58.28892222196902
57.88744871698577
57.485975212002586
57.878702233299805
58.271429254597024
58.66415627589424
59.05688329719146
59.44961031848868
59.842337339785956
60.235064361083175
60.627791382380394
61.02051840367761
61.41324542497483
61.80597244627205
62.19869946756927
62.591426488866546
62.984153510163765
63.37688053146098
63.7696075527582
64.16233457405542
64.55506159535264
64.94778861664986
65.34051563794714
65.73324265924435
66.12596968054157
66.51869670183879
66.91142372313601
67.30415074443323
67.69687776573045
68.08960478702772
68.48233180832494
68.87505882962216
69.26778585091938
69.6605128722166
70.05323989351382
70.4459669148111
70.83869393610831
71.23142095740553
71.62414797870275
72.01687500000116
93.01124999999956
114.0056250000016
135.0
134.5971428571429
134.1942857142858
132.71135466589226
131.2284236174985
129.74549256910495
128.26256152071142
126.77963047231765
125.29669942392411
123.81376837553057
122.33083732713703
120.84790627874327
119.36497523034973
117.88204418195619
116.39911313356242
114.91618208516888
113.43325103677535
111.9503199883818
110.46738893998804
108.9844578915945
107.50152684320096
106.0185957948072
104.53566474641366
103.05273369802012
101.56980264962658
100.08687160123282
98.60394055283928
97.12100950444574
95.63807845605197
94.15514740765843
92.6722163592649
91.18928531087136
89.70635426247759
88.22342321408405
86.74049216569051
85.25756111729675
83.7746300689032
82.29169902050967
80.80876797211613
79.32583692372236
77.84290587532882
76.35997482693529
80.18461149944824
84.00924817196119
87.83388484447386
87.40913316799254
86.98438149151121
86.5596298150299
86.13487813854857
85.71012646206725
85.28537478558593
84.86062310910461
84.43587143262329
84.01111975614197
83.58636807966064
83.16161640317932
82.736864726698
82.31211305021668
81.88736137373536
81.46260969725404
81.03785802077272
80.6131063442914
80.18835466781007
79.76360299132875
79.33885131484743
78.91409963836611
78.48934796188479
78.06459628540347
77.63984460892215
77.21509293244083
76.7903412559595
76.36558957947818
75.94083790299686
75.51608622651554
75.09133455003422
74.6665828735529
74.24183119707158
73.81707952059026
73.39232784410893
72.96757616762756
72.54282449114623
72.11807281466491
71.69332113818359
71.26856946170227
70.84381778522095
70.41906610873963
69.9943144322583
69.56956275577699
69.14481107929566
68.72005940281434
68.29530772633302
67.8705560498517
67.44580437337038
67.02105269688906
66.59630102040774
68.09706453003605
69.59782803966436
71.0985915492929
70.99704530466937
70.89549906004585
70.79395281542232
70.6924065707988
70.59086032617526
70.48931408155174
70.3877678369282
70.28622159230467
70.18467534768115
70.08312910305762
69.9815828584341
69.88003661381056
69.77849036918704
69.6769441245635
69.57539787993998
69.47385163531645
69.37230539069292
69.2707591460694
69.16921290144586
69.06766665682234
68.9661204121988
68.86457416757528
68.76302792295175
68.66148167832823
68.5599354337047
68.45838918908116
68.35684294445764
68.2552966998341
68.15375045521058
68.05220421058705
67.95065796596353
67.84911172134
67.74756547671647
67.64601923209294
67.5444729874694
67.44292674284588
67.34138049822235
67.23983425359883
67.1382880089753
67.03674176435177
66.93519551972824
66.83364927510472
66.73210303048118
66.63055678585765
66.52901054123413
66.4274642966106
66.32591805198707
66.22437180736354
66.12282556274002
66.02127931811648
65.91973307349296
65.81818682886943
65.7166405842459
65.61509433962146
71.97862626777624
78.342158195931
84.70569012408578
91.06922205223964
97.43275398039441
103.79628590854918
110.15981783670395
116.52334976485872
122.88688169301349
129.25041362116735
135.61394554932212
141.9774774774778
137.66330723456213
133.34913699164645
129.03496674872986
124.72079650581418
120.4066262628985
116.09245601998282
111.77828577706623
107.46411553415055
103.14994529123487
98.83577504831919
94.5216048054026
90.20743456248692
85.89326431957124
81.57909407665508
81.72486558433985
81.87063709202462
82.0164085997094
82.16218010739416
82.30795161507893
82.4537231227637
82.59949463044848
82.1577185254938
81.71594242053919
81.27416631558452
80.83239021062985
80.39061410567518
79.94883800072051
79.50706189576584
79.06528579081123
78.62350968585656
78.18173358090189
77.73995747594722
77.29818137099255
76.85640526603788
76.41462916108327
75.9728530561286
75.53107695117393
75.08930084621926
74.64752474126459
74.20574863630992
73.76397253135525
73.32219642640064
72.88042032144597
72.4386442164913
71.99686811153663
71.55509200658196
71.11331590162729
70.67153979667268
70.229763691718
69.78798758676334
69.34621148180867
68.904435376854
68.46265927189933
68.02088316694466
67.57910706199004
67.13733095703537
66.6955548520807
66.25377874712603
65.81200264217136
65.3702265372167
67.53712577550687
69.70402501379704
71.87092425208675
74.03782349037652
73.83163926534203
73.62545504030754
73.41927081527305
73.21308659023859
73.0069023652041
72.80071814016961
72.59453391513514
72.38834969010065
72.18216546506616
71.97598124003167
71.76979701499721
71.56361278996272
71.35742856492823
71.15124433989374
70.94506011485927
70.73887588982478
70.53269166479029
70.3265074397558
70.12032321472134
69.91413898968685
69.70795476465236
69.5017705396179
69.2955863145834
69.08940208954891
68.88321786451442
68.67703363947996
68.47084941444547
68.26466518941098
68.05848096437649
67.85229673934202
67.64611251430753
67.43992828927304
67.23374406423855
67.02755983920409
66.8213756141696
66.6151913891351
66.40900716410061
66.20282293906615
65.99663871403166
65.79045448899717
65.58427026396271
65.37808603892822
65.17190181389373
64.96571758885923
64.75953336382477
64.55334913879028
64.34716491375579
64.1409806887213
63.93479646368684
63.728612238652346
63.522428013617855
63.316243788583364
63.1100595635489
62.90387533851441
62.69769111347992
62.49150688844546
62.285322663410966
62.079138438376475
61.872954213341984
61.66676998830752
61.46058576327303
61.25440153823854
61.04821731320405
60.842033088169586
60.635848863135095
60.429664638100604
60.22348041306611
60.01729618803165
59.81111196299716
59.60492773796267
59.398743512928206
59.192559287893715
58.986375062859224
58.78019083782473
58.57400661279027
58.36782238775578
58.16163816272129
57.9554539376868
57.749269712652335
57.543085487617844
57.33690126258335
57.13071703754886
56.9245328125144
56.71834858747991
56.51216436244542
56.305980137410955
56.099795912376464
55.89361168734197
55.68742746230748
55.48124323727302
55.27505901223853
55.06887478720404
54.86269056216955
54.656506337135085
54.450322112100594
54.24413788706613
54.03795366203161
53.831769436998
58.36694383612303
62.902118235248054
67.43729263437291
67.09211793895486
66.74694324353675
66.40176854811864
66.05659385270059
65.71141915728248
65.36624446186443
65.02106976644632
64.67589507102826
64.33072037561016
63.985545680192104
63.640370984773995
63.295196289355886
62.950021593937834
62.604846898519725
62.25967220310167
61.91449750768356
61.56932281226551
61.2241481168474
60.87897342142935
60.53379872601124
60.18862403059319
59.84344933517508
59.49827463975697
59.15309994433892
58.80792524892081
58.46275055350276
58.11757585808465
57.7724011626666
57.42722646724849
57.082051771830436
56.7368770764124
56.83690344354838
56.936929810684376
57.03695617782037
57.13698254495637
57.237008912092364
57.33703527922836
57.437061646364356
57.53708801350035
57.63711438063635
57.737140747772344
57.83716711490834
57.937193482044336
58.03721984918033
58.13724621631633
58.237272583452324
58.33729895058832
58.437325317724316
58.53735168486031
58.63737805199631
58.737404419132304
58.8374307862683
58.937457153404296
59.03748352054029
59.13750988767629
59.237536254812284
59.33756262194828
59.437588989084276
59.53761535622027
59.63764172335627
59.737668090492264
59.83769445762826
59.937720824764256
60.03774719190025
60.13777355903625
60.237799926172244
60.33782629330824
60.437852660444236
60.53787902758023
60.63790539471623
60.737931761852224
60.83795812898822
60.937984496124216
61.03801086326021
61.13803723039621
61.238063597532204
61.3380899646682
61.438116331804196
61.53814269894019
61.63816906607619
61.738195433212184
61.83822180034818
61.938248167484176
62.03827453462017
62.13830090175617
62.238327268892164
62.33835363602816
62.438380003164156
62.53840637030015
62.63843273743615
62.738459104572144
62.83848547170814
62.938511838844136
63.03853820598013
63.13856457311613
63.238590940252124
63.33861730738812
63.438643674524116
63.53867004166011
63.63869640879611
63.738722775932104
63.8387491430681
63.93877551020407
64.12631578947368
64.12631578947185
80.224945175436
96.3235745614038
112.42220394736796
128.52083333333212
131.57738970588161
134.6339460784311
137.6905024509806
140.7470588235301
139.19496211938485
137.64286541524007
136.09076871109482
134.53867200694958
132.98657530280434
131.4344785986591
129.88238189451386
128.33028519036907
126.77818848622383
125.22609178207858
123.67399507793334
122.1218983737881
120.56980166964286
119.01770496549807
117.46560826135283
115.91351155720758
114.36141485306234
112.8093181489171
111.25722144477186
109.70512474062707
108.15302803648183
106.60093133233659
105.04883462819134
103.4967379240461
101.94464121990131
100.39254451575607
98.84044781161083
97.28835110746559
95.73625440332034
94.1841576991751
92.63206099503032
91.07996429088507
89.52786758673983
87.97577088259459
86.42367417844935
84.8715774743041
83.31948077015932
81.76738406601407
80.21528736186883
78.66319065772359
77.11109395357835
75.5589972494331
74.00690054528832
72.45480384114308
70.90270713699783
69.35061043285259
67.79851372870735
66.2464170245621
64.69432032041732
63.14222361627208
61.590126912126834
60.03803020798159
58.48593350383635
62.76947261474106
67.05301172564577
71.33655083655083
70.96066578517764
70.58478073380445
70.20889568243115
69.83301063105796
69.45712557968466
69.08124052831147
68.70535547693828
68.32947042556498
67.95358537419179
67.5777003228186
67.2018152714453
66.82593022007211
66.45004516869892
66.07416011732562
65.69827506595243
65.32239001457924
64.94650496320594
64.57061991183275
64.19473486045945
63.81884980908626
63.44296475771307
63.06707970633977
62.69119465496658
62.31530960359339
61.93942455222009
61.5635395008469
61.18765444947371
60.81176939810041
60.43588434672722
60.05999929535403
59.68411424398073
59.30822919260754
58.93234414123424
58.55645908986105
58.18057403848786
57.80468898711456
57.42880393574137
57.05291888436818
56.67703383299488
56.30114878162169
55.9252637302485
55.549378678875655
59.481487385362925
63.413596091849286
67.34570479833656
71.27781350482314
70.88182474815756
70.48583599149197
70.08984723482638
69.69385847816079
69.2978697214952
68.90188096482962
68.50589220816403
68.10990345149844
67.71391469483285
67.31792593816726
66.92193718150168
66.5259484248362
66.12995966817061
65.73397091150503
65.33798215483944
64.94199339817385
64.54600464150826
64.15001588484267
63.754027128177086
63.3580383715115
62.96204961484591
62.56606085818032
62.170072101514734
61.774083344849146
61.37809458818367
60.98210583151808
60.586117074852496
60.19012831818691
59.79413956152132
59.39815080485573
59.002162048190144
58.606173291524556
58.21018453485897
57.81419577819338
57.41820702152779
57.022218264862204
56.626229508196715