80.71967871485944
81.01703163017032
80.10815187388825
79.19927211760617
78.2903923613241
77.38151260504202
77.63840827867197
77.89530395230193
78.15219962593189
78.40909529956184
78.6659909731918
78.92288664682175
79.17978232045171
79.43667799408165
79.6935736677116
78.28776434864304
76.88195502957447
75.47614571050589
74.07033639143731
74.39506671127863
74.71979703111997
75.0445273509613
75.36925767080263
75.69398799064396
76.0187183104853
76.34344863032662
76.66817895016796
76.99290927000929
77.31763958985061
77.64236990969195
77.96710022953329
76.62539506396367
75.28368989839404
73.94198473282442
74.24586613665412
74.5497475404838
74.8536289443135
75.15751034814319
75.46139175197288
75.76527315580259
76.06915455963228
76.37303596346197
76.67691736729167
76.98079877112136
77.000698696468
77.02059862181467
77.04049854716132
77.06039847250798
77.08029839785463
77.1001983232013
77.12009824854795
77.1399981738946
77.15989809924126
77.17979802458791
77.19969794993457
77.21959787528122
77.23949780062789
77.25939772597454
77.2792976513212
77.29919757666785
77.31909750201451
76.0776101049373
74.8361227078601
73.59463531078289
72.35314791370568
71.11166051662848
69.87017311955127
68.62868572247406
67.38719832539684
66.14571092831963
66.16817920516701
66.19064748201438
65.76315789473682
65.78061159549416
65.79806529625151
65.68766380404031
65.57726231182912
65.46686081961792
65.35645932740674
65.24605783519554
65.13565634298435
65.02525485077317
64.91485335856197
65.03410106188872
65.15334876521548
65.27259646854223
65.39184417186898
65.51109187519575
65.6303395785225
65.74958728184924
65.868834985176
65.98808268850274
66.1073303918295
66.22657809515626
66.345825798483
66.46507350180977
66.58432120513652
66.70356890846327
66.82281661179002
66.94206431511678
67.06131201844353
67.18055972177028
67.29980742509703
67.41905512842379
67.53830283175054
67.65755053507729
68.08210860087198
68.50666666666672
65.15642292171111
61.806179176755506
58.4559354317999
55.105691686844295
51.75544794188862
52.28786162017476
52.820275298460906
53.35268897674705
53.88510265503319
54.41751633331933
54.94993001160547
55.48234368989161
56.014757368177754
56.54717104646389
57.079584724750035
57.61199840303618
58.144412081322315
58.67682575960846
59.209239437894595
59.74165311618074
60.27406679446689
60.80648047275302
61.33889415103917
61.8713078293253
62.40372150761145
62.9361351858976
63.46854886418373
64.00096254246988
64.53337622075601
65.06578989904216
65.5982035773283
66.13061725561444
66.66303093390059
67.19544461218672
67.72785829047287
68.26027196875901
68.79268564704515
69.3250993253313
69.85751300361743
70.38992668190357
70.92234036018971
71.45475403847585
71.987167716762
72.51958139504814
73.05199507333428
73.58440875162042
74.11682242990656
71.63300382482589
69.14918521974522
66.66536661466458
66.994531666921
67.32369671917743
67.65286177143386
67.98202682369029
68.31119187594673
68.64035692820316
68.96952198045959
69.29868703271602
69.62785208497246
67.63397686167974
65.64010163838702
63.64622641509433
64.01095228080416
64.37567814651398
64.74040401222379
65.10512987793362
65.46985574364345
65.83458160935326
66.1993074750631
66.56403334077292
66.92875920648274
67.29348507219257
67.65821093790238
68.02293680361221
68.38766266932203
68.7523885350318
66.78066212412972
64.80893571322764
62.837209302325576
63.203826961100276
63.57044461987499
63.93706227864969
64.3036799374244
64.67029759619912
65.03691525497382
65.40353291374853
65.77015057252324
66.13676823129795
66.50338589007265
66.87000354884736
67.23662120762206
67.60323886639678
67.24411106581083
66.88498326522486
66.52585546463891
66.16672766405296
65.807599863467
65.44847206288104
65.08934426229509
65.46482021640725
65.84029617051941
66.21577212463157
66.59124807874373
66.9667240328559
67.34219998696805
67.71767594108022
67.34550874128958
66.97334154149894
66.6011743417083
66.22900714191765
65.85683994212701
65.48467274233636
65.85968177537364
66.23469080841093
66.60969984144822
66.9847088744855
67.35971790752278
67.73472694056007
68.10973597359737
66.87770985311789
65.64568373263842
64.41365761215889
63.18163149167941
61.94960537119994
60.71757925072045
61.111296974008
61.505014697295536
61.89873242058307
62.29245014387061
62.68616786715815
63.079885590445684
63.47360331373322
63.86732103702076
64.2610387603083
64.65475648359585
65.04847420688338
65.44219193017092
65.83590965345846
66.229627376746
66.62334510003353
67.01706282332107
67.4107805466086
67.8044982698961
66.79903910007707
65.79357993025806
64.78812076043903
63.782661590619966
62.77720242080096
61.771743250981956
60.766284081162894
59.76082491134389
58.75536574152483
57.74990657170582
56.74444740188676
55.738988232067754
54.73352906224875
53.72806989242969
52.72261072261071
53.14805596161527
53.57350120061983
53.99894643962439
54.424391678628965
54.849836917633525
55.275282156638085
55.700727395642645
56.126172634647205
56.551617873651765
55.14914903050493
53.74668018735815
52.34421134421133
52.75888916707774
53.17356698994415
53.58824481281056
54.00292263567697
54.417600458543376
54.832278281409785
55.246956104276194
55.6616339271426
56.07631175000901
56.49098957287542
56.905667395741816
57.320345218608225
57.73502304147462
56.84233766018758
55.949652278900544
55.056966897613535
55.54889147554886
56.04081605348415
56.53274063141947
57.024665209354794
57.51658978729009
58.00851436522541
58.50043894316073
58.992363521096024
59.484288099031346
59.97621267696667
60.46813725490196
60.0467501815541
59.625363108206244
59.203976034858385
58.78258896151053
58.36120188816267
57.93981481481481
58.29166108142955
58.643507348044295
58.99535361465904
59.347199881273795
59.69904614788854
60.05089241450328
60.402738681118024
60.75458494773278
61.10643121434752
61.458277480962266
61.81012374757701
62.16197001419175
62.51381628080651
60.614027076938214
58.714237873069806
56.81444866920154
57.25465284357563
57.694857017949715
58.1350611923238
58.57526536669786
59.01546954107195
59.45567371544604
59.89587788982013
60.336082064194215
60.776286238568304
61.21649041294239
61.65669458731648
62.09689876169057
62.53710293606463
62.97730711043873
62.78062805317592
62.58394899591312
62.38726993865028
62.8191358935032
63.251001848356125
63.68286780320905
64.11473375806197
64.5465997129149
64.9784656677678
65.41033162262072
65.84219757747364
66.27406353232656
66.7059294871795
65.30558289373539
63.905236300291335
62.50488970684722
61.10454311340317
59.704196519959055
60.082308942504994
60.460421365050934
60.8385337875969
61.21664621014284
61.59475863268878
61.97287105523475
62.35098347778069
62.729095900326655
63.107208322872594
63.485320745418534
63.8634331679645
64.24154559051044
64.61965801305641
64.99777043560235
65.37588285814829
65.75399528069426
66.1321077032402
66.51022012578619
64.7717831859751
63.033346246164115
61.294909306353134
59.55647236654204
57.81803542673107
58.25579935214061
58.693563277550155
59.131327202959696
59.56909112836924
60.00685505377878
60.44461897918832
60.88238290459786
61.3201468300074
61.757910755416944
62.195674680826485
62.63343860623603
63.07120253164557
62.92019357386476
62.76918461608395
62.61817565830314
62.46716670052233
62.31615774274152
62.16514878496071
62.01413982717989
62.41037548112382
62.80661113506778
63.202846789011716
63.59908244295565
63.99531809689961
64.39155375084354
64.78778940478747
65.18402505873141
64.6861944059595
64.18836375318756
63.69053310041565
63.19270244764374
62.6948717948718
63.13296064400717
63.57104949314254
64.00913834227791
64.44722719141322
64.04587643566407
63.64452567991495
63.2431749241658
62.84182416841668
62.44047341266753
62.03912265691838
61.63777190116926
61.23642114542011
60.83507038967099
60.43371963392184
60.03236887817269
59.63101812242357
59.22966736667442
58.82831661092531
59.177753146876555
59.527189682827796
59.87662621877904
60.22606275473028
60.57549929068152
60.92493582663276
61.274372362584
61.623808898535245
61.973245434486486
62.32268197043773
62.67211850638897
63.0215550423402
60.227445088759396
57.43333513517882
54.63922518159808
55.05104981675649
55.46287445191487
55.87469908707328
56.286523722231664
56.698348357390046
57.110172992548456
57.52199762770684
57.93382226286525
58.34564689802363
58.75747153318201
59.16929616834042
59.581120803498806
59.99294543865719
60.4047700738156
60.81659470897398
61.22841934413239
61.64024397929077
62.052068614449155
62.46389324960762
60.634484256014616
58.805075262421724
56.97566626882883
55.146257275235826
53.31684828164293
53.66208300874243
54.007317735841895
54.35255246294136
54.697787190040856
55.04302191714032
55.38825664423979
55.733491371339284
56.07872609843875
56.42396082553822
56.76919555263771
57.11443027973718
57.45966500683667
57.80489973393614
58.150134461035606
58.4953691881351
58.84060391523457
59.18583864233403
59.53107336943353
59.876308096532995
60.22154282363246
60.566777550731956
60.91201227783142
61.25724700493092
61.602481732030384
61.94771645912985
62.292951186229345
62.63818591332881
62.98342064042828
63.32865536752777
63.67389009462724
64.0191248217267
64.3643595488262
64.70959427592567
65.05482900302513
65.40006373012463
65.7452984572241
66.09053318432359
66.43576791142306
66.78100263852275
64.47714990716327
62.17329717580401
59.86944444444447
60.32124898509005
60.77305352573566
61.224858066381245
61.676662607026856
62.12846714767247
62.58027168831805
63.03207622896366
63.48388076960927
63.935685310254854
64.38748985090047
64.83929439154608
65.29109893219166
65.74290347283727
66.19470801348285
66.64651255412846
67.09831709477407
64.9392774487435
62.78023780271269
60.621198156682055
61.06799742012498
61.51479668356791
61.96159594701081
62.40839521045373
62.85519447389666
63.301993737339586
63.74879300078251
64.19559226422541
64.64239152766834
65.08919079111126
65.53599005455419
65.98278931799712
66.42958858144002
66.87638784488294
67.3231871083259
66.06469016623771
64.80619322414952
63.54769628206134
62.28919933997315
61.030702397884966
59.77220545579678
58.51370851370851
58.90301445688675
59.292320400064995
59.68162634324324
60.07093228642148
60.460238229599724
60.84954417277797
61.23885011595621
61.628156059134454
62.0174620023127
62.40676794549097
62.79607388866921
63.185379831847456
63.5746857750257
63.96399171820394
64.35329766138219
64.74260360456043
65.13190954773864
64.92914744810447
64.72638534847029
64.52362324883612
64.32086114920193
64.11809904956775
63.915336949933575
63.712574850299404
64.12584355099327
64.5391122516871
64.95238095238074
62.250161003144285
59.54794105390761
56.84572110467093
54.14350115543425
51.44128120619757
48.739061256961065
49.26110952490188
49.78315779284276
50.305206060783576
50.82725432872445
51.34930259666527
51.871350864606086
52.39339913254696
52.91544740048778
53.43749566842865
53.95954393636947
54.48159220431029
55.00364047225116
55.52568874019198
56.047737008132856
56.569785276073674
56.08423037580906
55.598675475544496
55.113120575279936
54.62756567501532
54.14201077475076
53.6564558744862
53.17090097422158
52.68534607395702
52.19979117369246
51.714236273427844
51.22868137316328
50.743126472898666
51.202148232092384
51.661169991286044
52.120191750479705
52.57921350967342
53.03823526886714
53.4972570280608
53.95627878725446
54.41530054644818
52.75075821342216
51.08621588039614
49.42167354737012
47.75713121434393
48.20396229494702
48.650793375550165
49.097624456153255
49.5444555367564
49.99128661735949
50.43811769796264
50.88494877856601
48.92554763989847
46.966146501230924
45.006745362563265
45.44385351977627
45.880961676989216
46.31806983420222
46.75517799141522
47.19228614862823
47.629394305841174
48.06650246305418
47.86553288949585
47.66456331593753
47.463593742379175
47.26262416882082
47.061654595262496
46.86068502170417
46.65971544814582
46.458745874587464
47.04423018361683
47.62971449264626
48.21519880167568
48.80068311070505
49.38616741973448
49.9716517287639
50.55713603779327
51.142620346822696
51.72810465585212
52.31358896488149
52.899073273910915
53.48455758294034
54.07004189196971
54.655526200999134
55.24101051002856
55.82649481905793
56.41197912808735
56.99746343711678
57.58294774614615
58.16843205517557
58.753916364205
59.339400673234366
59.92488498226379
60.510369291293216
61.095853600322584
61.68133790935201
62.266822218381435
62.8523065274108
63.43779083644023
64.02327514546965
63.374396961648756
62.72551877782786
62.07664059400696
61.42776241018606
60.778884226365165
60.13000604254427
59.48112785872337
58.83224967490244
59.1751002235776
59.51795077225276
59.86080132092792
60.20365186960308
60.54650241827824
60.889352966953396
61.232203515628555
61.575054064303686
61.91790461297887
59.366886329368526
56.81586804575818
54.264849762147605
51.71383147853737
52.13348104977945
52.55313062102147
52.97278019226354
53.39242976350556
53.81207933474758
54.231728905989655
54.651378477231674
55.07102804847375
55.49067761971577
55.91032719095779
56.329976762199806
55.96366693367543
55.597357105151104
55.231047276626725
54.864737448102346
54.49842761957797
54.132117791053645
53.76580796252921
54.33031441242201
54.89482086231476
55.459327312207506
56.02383376210031
56.58834021199306
57.1528466618858
57.71735311177861
58.281859561671354
58.84636601156416
59.410872461456904
59.97537891134965
60.539885361242455
61.1043918111352
61.66889826102795
62.233404710920766
62.151150177142256
62.06889564336376
62.55078859447775
63.0326815455918
63.51457449670579
63.99646744781984
64.47836039893383
64.96025335004788
65.44214630116187
65.92403925227592
66.4059322033902
63.945926476646264
61.485920749902334
59.025915023158404
56.565909296414475
54.105903569670545
51.645897842926615
49.18589211618257
49.69929704955314
50.212701982923704
50.72610691629433
51.23951184966489
51.75291678303546
52.266321716406026
52.77972664977659
53.29313158314716
53.80653651651778
54.31994144988835
54.83334638325891
55.34675131662948
55.860156250000045
55.29155443928909
54.722952628578184
54.15435081786728
53.58574900715632
53.01714719644542
52.44854538573452
51.87994357502362
51.31134176431266
50.742739953601756
50.174138142890854
49.60553633217995
50.18759038984177
50.76964444750354
51.3516985051653
51.933752562827124
52.51580662048889
53.09786067815071
53.679914735812474
54.26196879347424
54.84402285113606
55.426076908797825
56.008130966459646
56.59018502412141
57.172239081783175
57.754293139445
58.33634719710676
56.82350631084819
55.310665424589615
53.797824538330815
52.28498365207224
50.77214276581367
49.259301879555096
47.74646099329652
46.23362010703772
44.72077922077921
45.11678281232935
45.51278640387949
45.908789995429686
46.30479358697983
46.70079717852997
47.09680077008011
47.49280436163025
47.88880795318045
48.28481154473059
48.68081513628073
49.07681872783087
49.47282231938101
49.86882591093115
48.639119824828185
47.409413738725334
46.17970765262248
46.89270199491932
47.60569633721627
48.318690679513224
49.031685021810176
49.74467936410713
50.457673706403966
51.17066804870092
51.88366239099787
52.59665673329482
53.30965107559166
54.02264541788861
54.73563976018556
55.448634102482515
56.16162844477935
56.874622787076305
57.58761712937326
58.30061147167021
59.01360581396705
59.726600156264
60.43959449856095
61.1525888408579
61.86558318315474
62.57857752545169
63.291571867748644
64.00456621004582
61.711188251444355
59.417810292843114
57.12443233424159
57.561026827711885
57.99762132118218
58.434215814652475
58.87081030812277
59.307404801593066
59.74399929506336
60.180593788533656
60.61718828200395
61.05378277547419
61.490377268944485
61.92697176241472
60.68954293970637
59.45211411699779
58.21468529428921
56.97725647158063
55.73982764887205
54.5023988261637
53.26497000345512
52.02754118074654
50.79011235803796
49.55268353532961
48.31525471262103
47.07782588991245
45.84039706720387
44.602968244495514
43.365539421786934
42.128110599078354
42.571371103476565
43.014631607874776
43.45789211227299
43.9011526166712
44.344413121069465
44.787673625467676
45.23093412986589
45.6741946342641
46.11745513866231
44.62816336975243
43.13887160084255
41.64957983193278
42.28084219469781
42.91210455746284
43.54336692022787
44.174629282992896
44.805891645757924
45.43715400852284
46.06841637128787
46.699678734052895
47.330941096817924
47.96220345958295
48.59346582234798
49.22472818511301
49.85599054787804
50.487252910643065
51.11851527340798
51.74977763617301
52.381039998938036
53.012302361703064
53.64356472446809
54.27482708723312
54.90608944999815
55.53735181276318
56.16861417552809
56.79987653829312
57.43113890105815
58.06240126382363
54.56204902182071
51.06169677981825
47.5613445378151
48.22263071895429
48.88391690009337
49.54520308123256
50.20648926237163
50.86777544351082
51.5290616246499
52.190347805788974
52.851633986928164
53.51292016806724
54.17420634920643
54.835492530345505
55.49677871148458
56.15806489262377
56.819351073762846
57.480637254902035
58.14192343604111
58.80320961718019
59.464495798319376
60.12578197945845
60.78706816059764
61.44835434173672
62.10964052287579
62.77092670401498
63.43221288515406
64.09349906629325
64.75478524743232
65.41607142857151
66.07735760971059
66.73864379084966
67.39992997198885
68.06121615312793
68.72250233426712
69.3837885154062
70.04507469654527
70.70636087768446
71.36764705882342
69.00572755417943
66.64380804953589
64.2818885448919
61.919969040247906
59.55804953560374
60.046369820399434
60.53469010519518
61.02301038999093
61.51133067478668
61.99965095958237
62.487971244378116
62.976291529173864
63.46461181396961
63.95293209876536
62.28365130828047
60.61437051779558
58.945089727310915
57.2758089368258
57.746910185176944
58.21801143352809
58.68911268187918
59.16021393023033
59.631315178581474
60.102416426932564
60.57351767528371
61.04461892363486
61.51572017198595
61.986821420337094
62.4579226686883
60.20631537085683
57.95470807302536
55.70310077519389
56.18712138503554
56.67114199487719
57.155162604718896
57.639183214560546
58.1232038244022
58.6072244342439
59.091245044085554
59.575265653927204
60.05928626376891
60.54330687361056
61.02732748345227
61.51134809329392
61.99536870313557
62.47938931297722
59.886843076776586
57.29429684057595
54.70175060437532
52.10920436817469
52.58674282455166
53.06428128092864
53.541819737305616
54.019358193682535
54.49689665005951
54.97443510643649
55.451973562813464
55.92951201919044
56.40705047556736
56.884588931944336
57.36212738832131
57.83966584469829
58.317204301075265
58.05100936189643
57.7848144227176
57.51861948353883
57.25242454436
56.986229605181165
56.72003466600239
56.45383972682356
56.187644787644786
56.69968372627943
57.21172266491408
57.72376160354884
58.23580054218348
58.74783948081813
59.25987841945289
57.215667059755106
55.17145570005732
53.127244340359084
53.59744603963378
54.06764773890848
54.537849438183116
55.008051137457755
55.47825283673245
55.94845453600715
56.41865623528179
56.88885793455643
57.35905963383112
57.82926133310582
58.29946303238046
58.7696647316551
59.239866430929794
59.710068130204434
59.245400041921016
58.7807319536376
58.316063865354124
57.85139577707071
57.38672768878723
57.867351183035
58.34797467728282
58.82859817153059
59.30922166577835
59.789845160026175
60.27046865427394
60.751092148521764
61.23171564276953
61.712339137017125
59.82500717448738
57.93767521195741
56.0503432494279
56.541017551055575
57.031691852683366
57.52236615431116
58.013040455938835
58.50371475756651
58.994389059194305
59.485063360822096
59.975737662449774
60.46641196407745
60.95708626570524
61.447760567333034
61.93843486896071
62.42910917058839
62.91978347221618
63.41045777384397
63.90113207547165
61.86918775650929
59.837243437546476
57.80529911858366
55.77335479962085
53.74141048065803
51.70946616169522
49.67752184273235
50.17520158024712
50.67288131776189
51.170561055276664
51.66824079279144
52.16592053030621
52.66360026782098
53.16128000533564
53.65895974285041
54.156639480365186
54.65431921787996
55.15199895539473
55.649678692909504
56.147358430424276
56.64503816793888
56.00736087814778
55.36968358835668
54.73200629856569
54.094329008774594
53.45665171898355
53.891094491191325
54.32553726339904
54.75998003560676
55.19442280781453
55.62886558002231
56.063308352230024
56.4977511244378
56.32581921966775
56.15388731489773
55.98195541012768
55.810023505357634
55.638091600587586
55.46615969581745
55.85613577901603
56.246111862214605
56.63608794541324
55.03063738763126
53.42518682984928
51.81973627206753
50.21428571428572
50.65231432706793
51.09034293985019
51.52837155263239
51.9664001654146
52.4044287781968
52.842457390979064
53.28048600376127
53.71851461654347
54.156543229325735
54.59457184210794
55.032600454890144
53.60099693474649
52.16939341460261
50.73778989445873
49.306186374314734
50.00482063285301
50.70345489139129
51.40208914992968
52.10072340846796
52.799357667006234
53.49799192554451
54.1966261840829
54.89526044262118
55.593894701159456
56.292528959697734
56.991163218236125
57.6897974767744
58.38843173531268
59.087065993850956
59.78570025238923
60.484334510927624
61.1829687694659
61.88160302800418
62.580237286542456
63.27887154508085
63.977505803619124
64.6761400621574
65.37477432069568
66.07340857923407
66.77204283777235
67.47067709631062
68.1693113548489
68.86794561338729
69.56657987192557
70.26521413046385
70.96384838900212
71.66248264754051
72.36111690607879
73.05975116461707
73.75838542315535
74.45701968169374
75.15565394023201
75.85428819877029
76.55292245730857
77.25155671584685
77.95019097438524
78.64882523292351
79.34745949146179
80.04609375000041
78.87156772074377
77.69704169148736
76.52251566223094
75.3479896329743
74.17346360371789
72.99893757446148
71.82441154520484
70.64988551594843
69.47535948669201
68.30083345743537
67.12630742817896
65.95178139892255
64.77725536966591
63.60272934040938
64.01112560788937
64.41952187536936
64.82791814284934
65.23631441032933
65.64471067780931
66.0531069452893
66.46150321276929
66.86989948024927
67.27829574772926
67.68669201520925
65.1512232202922
62.6157544253756
60.08028563045855
57.544816835541724
58.00008098528963
58.45534513503753
58.91060928478544
59.36587343453334
59.821137584281246
60.27640173402904
60.73166588377694
61.186930033524845
61.64219418327275
62.097458333020654
62.55272248276856
63.00798663251646
63.463250782264254
63.91851493201216
64.37377908176006
64.82904323150797
65.28430738125587
65.73957153100378
66.19483568075157
63.285684993495124
60.37653430623914
57.467383618982694
54.558232931726934
55.04733392032904
55.536434908931255
56.02553589753336
56.51463688613546
57.00373787473768
57.492838863339784
57.98193985194189
58.471040840544106
58.96014182914621
59.44924281774831
59.93834380635053
60.42744479495241
59.0751831809539
57.72292156695539
56.370659952956885
55.01839833895838
53.6661367249601
54.14129323879956
54.616449752638914
55.091606266478266
55.56676278031773
56.04191929415708
56.517075807996434
56.9922323218359
57.46738883567525
57.9425453495146
58.41770186335384
56.799416525503375
55.18113118765268
53.56284584980244
54.036639043714786
54.51043223762724
54.9842254315397
55.458018625452155
55.93181181936461
56.40560501327707
56.879398207189524
57.35319140110198
57.82698459501444
58.300777788926894
58.77457098283931
58.71023988235794
58.64590878187656
58.581577681395174
58.517246580913806
58.452915480432424
58.388584379951055
58.32425327946967
58.25992217898829
58.707066345557564
59.15421051212684
59.601354678696225
60.04849884526561
59.1875977441407
58.326696643015794
57.465795541890884
57.84656028900531
58.227325036119794
58.60808978323422
58.98885453034865
59.36961927746313
59.75038402457757
59.74420997268768
59.738035920797785
59.73186186890789
59.725687817018
59.7195137651281
59.713339713238206
59.70716566134831
59.70099160945841
60.025133282558954
59.725313364178874
59.42549344579879
59.12567352741871
58.825853609038575
58.526033690658494
58.9532731721842
59.380512653710014
59.80775213523583
60.23499161676153
60.662231098287236
61.08947057981305
61.51671006133887
61.94394954286457
62.37118902439039
62.129271902503945
61.88735478061744
61.645437658731
61.40352053684455
61.16160341495805
60.91968629307161
60.67776917118522
61.13460282223696
61.59143647328881
62.04827012434055
62.5051037753924
62.96193742644414
63.41877107749599
63.87560472854784
64.33243837959958
64.78927203065132
63.43674880384265
62.08422557703375
60.73170235022508
59.37917912341618
58.026655896607394
58.4633381846395
58.90002047267171
59.336702760703815
59.77338504873603
60.21006733676825
60.64674962480035
61.083431912832566
61.52011420086467
61.956796488896885
62.3934787769291
62.8301610649612
63.26684335299342
63.70352564102541
62.69358441844133
61.68364319585703
60.673701973272955
59.66376075068865
58.65381952810435
57.643878305520275
56.63393708293614
57.03339997226641
57.432862861596675
57.83232575092694
58.23178864025721
58.63125152958747
59.03071441891774
59.43017730824789
59.82964019757816
60.229103086908424
60.62856597623869
61.028028865568956
61.42749175489922
61.82695464422949
62.22641753355964
62.62588042288991
63.02534331222017
63.42480620155084
61.66050481984212
59.89620343813385
58.13190205642559
56.36760067471732
54.60329929300872
55.07340348551452
55.54350767802043
56.01361187052635
56.48371606303215
56.95382025553806
57.42392444804398
57.89402864054989
58.36413283305569
58.834237025561606
57.48592740907452
56.137617792587434
54.78930817610046
55.29268673007937
55.79606528405827
56.29944383803718
56.80282239201608
57.30620094599499
57.80957949997389
58.3129580539528
58.8163366079317
59.31971516191061
59.82309371588951
60.32647226986842
60.82985082384732
61.33322937782623
61.83660793180502
62.339986485783925
62.84336503976283
63.346743593741735
63.85012214772064
64.35350070169955
64.85687925567845
65.36025780965736
65.86363636363632
65.65313471441112
65.44263306518593
65.23213141596068
65.02162976673549
64.8111281175103
64.6006264682851
65.14072304467561
65.68081962106612
66.22091619745663
66.76101277384714
67.30110935023777
65.82192769499261
64.342746039747
62.86356438450184
61.38438272925623
59.90520107401062
58.42601941876546
56.94683776351974
57.3665941952172
57.78635062691467
58.20610705861213
58.6258634903096
59.04561992200706
59.46537635370453
59.88513278540199
60.30488921709946
60.724645648797036
61.1444020804945
61.564158512191966
61.98391494388943
62.403671375586896
62.82342780728436
63.243184238981826
63.66294067067929
63.321286475965735
62.97963228125218
62.63797808653857
62.29632389182501
61.954669697111456
61.61301550239784
61.27136130768429
60.92970711297073
61.40185457608277
61.87400203919481
62.346149502306844
62.818296965418995
63.29044442853103
63.76259189164307
64.23473935475522
64.70688681786726
65.1790342809793
65.65118174409145
63.47243332738026
61.29368491066907
59.11493649395743
56.936188077246015
57.3881112602802
57.84003444331438
58.291957626348676
58.74388080938286
59.19580399241704
59.64772717545122
60.099650358485405
60.55157354151959
61.003496724553884
61.455419907588066
61.90734309062225
62.35926627365643
62.81118945669061
63.263112639724795
63.10852026305591
62.95392788638699
62.799335509718105
62.64474313304919
62.490150756380274
62.33555837971139
62.18096600304247
62.026373626373584
62.45738876138296
62.88840389639233
63.31941903140171
63.75043416641108
64.18144930142046
64.61246443642983
65.0434795714392
65.47449470644851