60.41702127659575
60.45765912748078
60.498296978365815
60.53893482925085
60.57957268013589
60.62021053102092
60.66084838190596
60.70148623279099
60.742124083676025
60.78276193456106
60.82339978544609
60.86403763633113
60.90467548721617
60.9453133381012
60.985951188986235
61.02658903987127
61.0672268907563
61.065581114600725
61.06393533844515
61.062289562289564
61.07943635967185
61.09658315705414
61.11372995443644
61.130876751818725
61.148023549201014
61.14693717275642
61.14585079631182
61.24625871966559
61.34666664301936
61.44707456637313
61.54748248972691
61.64789041308068
61.74829833643445
61.84870625978822
61.949114183141994
62.04952210649577
62.14993002984954
62.250337953203314
62.350745876557085
62.451153799910855
62.55156172326463
62.651969646618404
62.752377569972175
62.852785493325946
62.953193416679724
63.05360134003349
61.9882083112933
60.9228152825531
59.85742225381291
58.792029225072724
57.72663619633253
56.66124316759234
55.59585013885214
54.53045711011195
53.465064081371764
52.399671052631575
52.451641631017196
52.50361220940282
52.55558278778844
52.60755336617406
52.60301206090576
52.59847075563746
52.59392945036916
52.69536108391331
52.796792717457464
52.898224351001616
52.99965598454577
53.10108761808992
53.20251925163407
53.303950885178224
53.40538251872238
53.50681415226653
53.60824578581068
53.709677419354826
53.45003822262504
53.190399025895246
52.93075982916545
52.67112063243566
52.41148143570587
52.15184223897609
51.892203042246294
51.6325638455165
51.37292464878672
51.55383893925711
51.7347532297275
51.91566752019789
52.09658181066828
52.27749610113868
52.458410391609064
52.63932468207946
52.82023897254985
53.00115326302024
53.18206755349063
53.36298184396102
53.54389613443142
53.724810424901804
53.9057247153722
54.08663900584259
54.26755329631298
54.44846758678337
54.62938187725376
54.81029616772416
54.991210458194544
55.17212474866494
55.35303903913533
55.53395332960572
55.71486762007612
55.8957819105465
56.0766962010169
56.25761049148729
56.43852478195768
56.61943907242807
56.80035336289846
56.98126765336886
57.162181943839244
57.34309623430964
56.9219020354233
56.50070783653696
56.07951363765062
55.65831943876428
55.23712523987794
54.8159310409916
54.39473684210526
54.54960914945592
54.70448145680657
54.85935376415723
55.01422607150788
55.169098378858536
55.323970686209194
55.478842993559844
55.6337153009105
55.78858760826115
55.94345991561182
55.79883497144718
55.65421002728253
55.509585083117884
55.364960138953236
55.220335194788596
55.07571025062395
54.93108530645931
54.78646036229466
54.641835418130015
54.49721047396537
54.35258552980073
54.20796058563609
54.06333564147144
53.91871069730679
53.774085753142145
53.629460808977505
53.484835864812865
53.34021092064822
53.19558597648357
53.050961032318924
52.906336088154276
52.960190577322315
53.014045066490354
53.0678995556584
53.12175404482644
53.17560853399448
53.229463023162516
53.283317512330555
53.337172001498594
53.39102649066663
53.44488097983468
53.49873546900271
53.552589958170756
53.606444447338795
53.660298936506834
53.71415342567487
53.76800791484291
53.82186240401096
53.87571689317899
53.929571382347035
53.983425871515074
54.03728036068311
54.09113484985115
54.14498933901919
54.09562836573953
54.04626739245987
53.99690641918022
54.554269475992825
55.111632532805416
55.66899558961802
56.226358646430626
56.78372170324323
57.341084760055836
57.89844781686844
58.455810873681045
59.01317393049365
59.570536987306255
60.12790004411886
60.685263100931465
61.24262615774407
61.799989214556675
62.35735227136928
62.914715328181885
63.47207838499449
64.0294414418071
64.5868044986197
65.1441675554323
65.7015306122449
65.69786922435073
65.69420783645656
65.74350791811291
65.79280799976927
65.84210808142562
65.89140816308196
65.94070824473832
65.99000832639467
65.98334721065778
65.9766860949209
66.10380239915459
66.23091870338828
66.35803500762198
66.48515131185567
66.61226761608938
66.73938392032308
66.86650022455677
66.99361652879047
67.12073283302416
67.24784913725786
67.37496544149155
67.50208174572526
67.62919804995894
67.75631435419265
67.88343065842635
68.01054696266004
68.13766326689374
68.26477957112743
68.39189587536113
68.51901217959482
68.64612848382853
68.77324478806223
68.90036109229592
69.02747739652962
69.15459370076331
69.28171000499701
69.4088263092307
69.53594261346441
69.6630589176981
69.7901752219318
69.9172915261655
70.0444078303992
70.17152413463289
70.29864043886658
70.42575674310028
70.55287304733397
70.67998935156768
70.80710565580138
70.93422196003507
71.06133826426877
71.18845456850246
71.31557087273616
71.44268717696986
71.56980348120356
71.69691978543725
71.82403608967095
71.95115239390464
72.07826869813834
72.20538500237204
72.33250130660574
72.45961761083943
72.58673391507313
72.71385021930683
72.84096652354052
72.96808282777423
73.09519913200792
73.22231543624162
73.18636780215442
73.15042016806723
73.19852163087458
73.24662309368192
73.29472455648927
73.34282601929661
73.39092748210396
73.4390289449113
73.48713040771865
73.53523187052599
73.58333333333336
73.19052119129441
72.79770904925547
72.40489690721652
72.01208476517758
71.61927262313863
71.22646048109968
70.83364833906073
70.44083619702178
70.04802405498283
69.65521191294387
69.70289057057009
69.75056922819631
69.79824788582253
69.84592654344875
69.89360520107498
69.9412838587012
69.9889625163274
70.03664117395363
70.08431983157985
70.13199848920607
70.17967714683229
70.22735580445851
70.27503446208473
70.32271311971095
70.37039177733718
70.4180704349634
70.46574909258962
70.51342775021584
70.56110640784206
70.60878506546828
70.6564637230945
70.70414238072073
70.75182103834695
70.79949969597317
70.84717835359939
70.89485701122561
70.94253566885183
70.99021432647805
71.03789298410427
71.0855716417305
71.13325029935672
71.18092895698294
71.22860761460916
71.27628627223538
71.3239649298616
71.37164358748782
71.41932224511405
71.46700090274027
71.51467956036649
71.56235821799271
71.61003687561893
71.65771553324515
71.70539419087137
71.69320794220583
71.6810216935403
71.66883544487477
71.65664919620924
71.64446294754372
71.68928026358844
71.73409757963319
71.77891489567791
71.82373221172264
71.86854952776739
71.91336684381211
71.95818415985684
72.00300147590158
72.04781879194631
72.07952374080907
72.11122868967182
72.14293363853459
72.17463858739734
72.20634353626009
72.23804848512285
72.26975343398561
72.30145838284837
72.33316333171112
72.36486828057389
72.39657322943664
72.4282781782994
72.45998312716216
72.49168807602491
72.52339302488767
72.55509797375042
72.58680292261319
72.61850787147594
72.6502128203387
72.68191776920145
72.71362271806422
72.74532766692697
72.77703261578972
72.80873756465249
72.84044251351524
72.872147462378
72.90385241124076
72.93555736010352
72.96726230896627
72.99896725782902
73.03067220669179
73.06237715555454
73.0940821044173
73.12578705328005
73.15749200214282
73.18919695100557
73.22090189986832
73.25260684873109
73.28431179759384
73.3160167464566
73.34772169531936
73.37942664418212
73.32489470640327
73.27036276862441
73.21583083084556
73.16129889306671
73.10676695528787
73.05223501750902
72.99770307973017
72.94317114195132
72.88863920417248
72.83410726639363
72.77957532861478
69.38002980625932
69.51376987083955
69.64750993541978
69.78125
69.7583767802645
69.735503560529
69.94940476190476
69.94390059111231
69.93839642031986
69.93289224952741
70.07742537313433
70.06842593452421
70.0594264959141
70.05042705730399
70.04142761869387
70.03242818008376
70.02342874147364
70.01442930286352
70.0054298642534
70.0345820775486
70.06373429084381
70.05719861279927
70.05066293475473
70.0441272567102
70.03759157866565
70.03105590062111
70.06814159292036
70.05891098491183
70.04968037690331
70.04044976889477
70.03121916088625
70.02198855287773
70.01275794486921
70.00352733686067
70.05482883729732
70.10613033773397
70.15743183817062
70.15395651401094
70.15048118985126
70.1640368505766
70.17759251130194
70.19114817202728
70.20470383275261
70.20913392884604
70.21356402493947
70.2179941210329
70.22242421712633
70.22685431321976
70.23128440931319
70.23571450540663
70.24014460150006
70.24457469759349
70.24900479368692
70.25343488978035
70.25786498587378
70.26229508196721
70.26078515962035
70.2592752372735
70.25776531492666
70.25625539257982
70.27000215888664
70.28374892519346
70.26200592629543
70.2402629273974
70.21851992849938
70.19677692960136
70.19935617991874
70.20193543023613
70.20451468055352
70.20709393087091
70.2096731811883
70.21225243150568
70.21483168182307
70.21741093214045
70.21999018245783
70.22256943277523
70.22514868309261
70.2528403405696
70.28053199804658
70.30822365552358
70.33591531300056
70.36360697047755
70.39129862795454
70.41899028543152
70.44668194290851
70.4743736003855
70.50206525786248
70.52975691533948
70.51355127130482
70.49734562727018
70.48113998323554
70.48708915550212
70.4930383277687
70.49898750003528
70.50493667230187
70.51088584456843
70.51683501683502
70.59886757846775
70.68090014010048
70.76293270173319
70.8449652633659
70.92699782499864
71.00903038663137
71.0910629482641
71.17309550989683
71.25512807152954
71.33716063316226
71.41919319479499
71.50122575642771
71.58325831806044
71.66529087969316
71.74732344132589
71.8293560029586
71.91138856459133
71.99342112622406
72.0754536878568
72.15748624948951
72.23951881112222
72.32155137275495
72.40358393438768
72.48561649602041
72.56764905765314
72.64968161928586
72.73171418091857
72.8137467425513
72.89577930418403
72.97781186581676
73.05984442744948
73.1418769890822
73.22390955071492
73.30594211234765
73.38797467398038
73.47000723561311
73.55203979724583
73.63407235887856
73.71610492051127
73.798137482144
73.88017004377673
73.96220260540946
74.04423516704217
74.12626772867489
74.20830029030762
74.29033285194035
74.37236541357308
74.45439797520581
74.53643053683852
74.61846309847124
74.70049566010397
74.7825282217367
74.86456078336943
74.94659334500214
75.02862590663487
75.11065846826759
75.19269102990032
75.1885056483947
75.18432026688909
75.33309111011927
75.48186195334947
75.63063279657966
75.77940363980984
75.92817448304004
76.07694532627023
76.22571616950042
76.37448701273061
76.52325785596081
76.67202869919099
76.82079954242118
76.96957038565138
77.11834122888156
77.26711207211176
77.41588291534194
77.56465375857213
77.71342460180233
77.86219544503251
78.01096628826271
78.1597371314929
78.30850797472308
78.45727881795328
78.60604966118348
78.75482050441366
78.90359134764385
79.05236219087405
79.20113303410423
79.34990387733443
79.49867472056462
79.6474455637948
79.796216407025
79.94498725025518
80.09375809348538
80.24252893671557
80.39129977994575
80.54007062317595
80.68884146640615
80.83761230963633
80.98638315286652
81.13515399609672
81.2839248393269
81.4326956825571
81.58146652578729
81.73023736901747
81.87900821224767
82.02777905547786
82.17654989870805
82.32532074193824
82.47409158516842
82.62286242839862
82.77163327162882
82.920404114859
83.06917495808919
83.21794580131939
83.36671664454957
83.51548748777977
83.66425833100996
83.81302917424014
83.96180001747034
84.11057086070053
84.25934170393072
84.40811254716091
84.5568833903911
84.70565423362129
84.85442507685148
85.00319592008167
85.15196676331186
85.30073760654206
85.44950844977224
85.59827929300243
85.74705013623263
85.89582097946281
86.04459182269301
86.1933626659232
86.34213350915338
86.49090435238358
86.63967519561378
86.78844603884396
86.93721688207415
87.08598772530435
87.23475856853453
87.38352941176471
87.35121352478
87.31889763779527
87.49130007192916
87.66370250606306
87.60769179780394
87.55168108954481
87.49567038128569
87.43965967302657
87.38364896476745
87.32763825650831
87.27162754824919
87.21561683999006
87.15960613173094
87.10359542347182
87.04758471521268
87.48458152528991
87.92157833536709
88.35857514544426
88.79557195552144
89.23256876559867
89.66956557567585
90.10656238575302
90.54355919583024
90.40061095957788
90.2576627233255
90.11471448707313
89.97176625082075
90.22914235995755
90.48651846909435
90.74389457823115
91.00127068736792
91.25864679650472
91.51602290564152
91.77339901477828
91.45152578818636
91.12965256159444
90.80777933500252
90.4859061084106
90.16403288181868
89.84215965522677
89.52028642863485
89.19841320204293
88.87653997545101
88.55466674885909
88.2327935222672
88.23279352226723
88.1710615280595
88.23543058530382
88.29979964254812
88.36416869979243
88.42853775703674
88.49290681428106
88.55727587152538
88.62164492876968
88.68601398601399
88.70951014647581
88.73300630693763
88.62429378531074
88.74011299435028
88.85593220338983
88.84874576271187
88.8415593220339
88.83437288135593
88.82718644067796
88.82
88.85105508870214
88.88211017740429
88.91316526610643
88.88974836796643
88.86633146982642
88.8429145716864
88.8194976735464
88.79608077540638
88.77266387726638
88.7805228100025
88.78838174273861
88.76378563309277
88.73918952344692
88.71459341380108
88.68999730415523
88.66540119450939
88.64080508486353
88.61620897521769
88.71740030380839
88.81859163239909
88.9197829609898
89.02097428958051
89.01456249288631
89.00815069619213
89.00173889949794
88.99532710280374
89.14498221295494
89.29463732310614
89.44429243325735
89.59394754340855
89.74360265355976
89.89325776371096
90.04291287386215
89.96806372088801
89.89321456791387
89.81836541493973
89.7435162619656
89.66866710899146
89.59381795601732
89.51896880304318
89.44411965006904
89.3692704970949
89.42578360867128
89.48229672024767
89.53880983182407
89.53041207980985
89.52201432779562
89.5136165757814
89.50521882376718
89.49682107175295
89.59034456198464
89.68386805221633
89.77739154244802
89.8709150326797
89.06155184510942
88.25218865753902
87.44282546996874
86.63346228239843
86.83513281254608
87.0368033426937
87.23847387284133
87.44014440298895
87.64181493313657
87.8434854632842
88.04515599343185
88.00289928185649
87.96064257028112
88.06747843343555
88.17431429658998
88.28115015974441
88.25703099893552
88.23291183812661
88.20879267731772
88.18467351650881
88.16055435569992
88.13643519489102
88.11231603408211
88.12560696696114
88.13889789984017
88.1521888327192
88.16547976559823
88.17877069847727
88.1920616313563
88.20535256423533
88.21864349711436
88.23193442999339
88.24522536287242
87.93438192827816
87.62353849368392
87.31269505908966
87.00185162449543
86.69100818990117
86.38016475530694
86.06932132071267
85.75847788611841
85.44763445152418
85.13679101692992
84.82594758233569
84.51510414774143
84.20426071314719
83.89341727855293
83.5825738439587
83.27173040936444
82.9608869747702
82.65004354017594
82.33920010558171
82.02835667098745
81.71751323639322
81.40666980179896
81.09582636720472
80.78498293261046
80.47413949801623
80.16329606342197
79.85245262882773
79.54160919423347
79.23076575963924
78.91992232504498
78.60907889045075
78.29823545585649
77.98739202126225
77.67654858666799
77.36570515207376
77.05486171747947
76.74401828288524
76.433174848291
76.12233141369677
75.81148797910248
75.50064454450825
75.18980110991401
74.87895767531978
74.56811424072549
74.25727080613126
73.94642737153703
73.6355839369428
73.3247405023485
73.01389706775427
72.70305363316004
72.3922101985658
72.08136676397152
71.77052332937728
71.45967989478305
71.14883646018882
70.83799302559453
70.5271495910003
70.21630615640606
68.00170837680457
65.78711059720308
63.57251281760182
61.35791503800033
59.143317258399065
56.928719478797575
54.71412169919631
54.61703679759033
54.51995189598435
54.42286699437837
54.325782092772386
54.32973042462454
54.333678756476694
54.29405231868223
54.254425880887766
54.2147994430933
54.17517300529883
54.13554656750437
54.0959201297099
54.056293691915435
54.01666725412097
53.97704081632651
54.909312284103635
55.84158375188076
56.773855219658
57.7061266874351
57.51902748414378
57.36607807927592
57.2131286744081
57.06017926954024
56.907229864672416
56.75428045980456
56.601331054936736
56.44838165006888
56.295432245201056
56.1424828403332
55.989533435465376
55.83658403059752
55.683634625729695
55.53068522086184
55.377735815994015
55.22478641112619
55.071837006258335
54.918887601390495
54.8604781320513
54.8020686627121
54.743659193372906
54.68524972403371
54.626840254694514
54.56843078535532
54.51002131601612
54.451611846676926
54.39320237733773
54.33479290799853
54.27638343865934
54.21797396932014
54.159564499980945
54.101155030641756
54.04274556130256
53.984336091963364
53.92592662262417
53.86751715328497
53.809107683945776
53.75069821460658
53.69228874526738
53.63387927592819
53.57546980658899
53.517060337249795
53.4586508679106
53.4002413985714
53.34183192923221
53.28342245989302
53.69530256869132
54.107182677489675
54.519062786287975
54.93094289508632
54.9277231031723
54.92450331125826
55.06071380950263
55.196924307747
55.333134805991364
55.46934530423573
55.6055558024801
55.741766300724464
55.87797679896883
56.0141872972132
56.150397795457565
56.28660829370193
56.42281879194627
56.083867284022745
55.74491577609922
55.40596426817575
55.067012760252226
54.7280612523287
54.389109744405175
54.05015823648165
53.711206728558125
53.372255220634656
53.03330371271113
52.694352204787606
52.35540069686411
52.396317369708655
52.4372340425532
50.899502487562174
50.98887029980298
51.07823811204378
51.16760592428459
51.25697373652538
51.34634154876619
51.435709361006985
51.525077173247794
51.61444498548859
51.703812797729384
51.79318060997019
51.88254842221099
51.9719162344518
52.061284046692606
51.76406926406926
51.76406926406935
51.59824590993429
51.432422555799235
51.26659920166418
51.10077584752912
50.934952493394064
50.769129139259036
50.60330578512398
50.47989623865112
50.815667520603256
51.15143880255539
51.487210084507524
51.82298136645963
51.865496063277334
51.90801076009503
51.95052545691273
51.99304015373043
52.03555485054813
52.07806954736583
52.12058424418353
52.16309894100123
52.205613637818935
52.24812833463663
52.29064303145433
52.333157728272035
52.37567242508973
52.41818712190743
52.460701818725134
52.50321651554283
52.54573121236053
52.588245909178234
52.63076060599593
52.673275302813636
52.71578999963133
52.758304696449045
52.653401535200345
52.548498373951645
52.443595212702945
52.338692051454245
52.233788890205545
52.128885728956845
52.023982567708146
51.919079406459446
51.81417624521073
51.833992954682614
51.8538096641545
51.87362637362638
51.81649675625579
51.92742320423778
52.038349652219765
52.14927610020176
52.26020254818374
52.37112899616572
52.48205544414772
52.5929818921297
52.703908340111695
52.81483478809368
52.92576123607567
53.036687684057654
53.147614132039635
53.25854058002163
53.36946702800361
53.3618917873831
53.35431654676259
53.3982746659815
53.44223278520041
53.486190904419324
53.53014902363823
53.574107142857144
53.534617787549024
53.495128432240904
53.82039711191334
53.78988814082807
53.7593791697428
53.72887019865753
53.69836122757226
53.667852256486995
53.63734328540173
53.60683431431646
53.57632534323119
53.545816372145914
53.515307401060646
53.48479842997538
53.45428945889011
53.42378048780486
53.566114791761265
53.70844909571767
53.85078339967407
53.993117703630475
54.13545200758688
54.27778631154328
54.42012061549971
54.562454919456115
54.70478922341252
54.84712352736892
54.98945783132531
55.0097215058103
55.029985180295284
55.050248854780264
55.07051252926525
55.09077620375024
55.11103987823522
55.131303552720205
55.15156722720519
55.17183090169017
55.19209457617516
55.212358250660145
55.232621925145125
55.25288559963011
55.2731492741151
55.29341294860008
55.313676623085065
55.33394029757005
55.35420397205503
55.37446764654002
55.394731321025006
55.414994995509986
55.43525866999497
55.45552234447996
55.47578601896494
55.496049693449926
55.51631336793491
55.53657704241989
55.55684071690488
55.57710439138987
55.597368065874846
55.61763174035983
55.63789541484482
55.6581590893298
55.67842276381479
55.698686438299774
55.71895011278475
55.73921378726974
55.75947746175473
55.77974113623971
55.8000048107247
55.82026848520968
55.84053215969466
55.860795834179655
55.881059508664634
55.901323183149614
55.92158685763461
55.94185053211959
55.96211420660457
55.98237788108956
56.00264155557454
56.02290523005952
56.043168904544515
56.063432579029495
56.08369625351448
56.10395992799947
56.12422360248445
56.46525283972687
56.806282076969296
57.14731131421172
57.488340551454144
57.82936978869657
58.17039902593899
58.511428263181415
58.85245750042384
59.19348673766626
59.534515974908686
59.87554521215111
60.21657444939353
60.55760368663593
60.37975763782214
60.20191158900835
60.024065540194556
59.846219491380765
59.668373442567
59.49052739375321
59.31268134493942
59.13483529612563
58.95698924731187
59.09330600709362
59.229622766875394
59.365939526657144
59.50225628643892
59.63857304622067
59.77488980600242
59.9112065657842
60.04752332556595
60.183840085347725
60.320156845129475
60.45647360491125
60.592790364693
60.72910712447478
60.86542388425653
61.00174064403829
60.98322832546149
60.964716006884686
60.97450661720241
60.98429722752012
60.99408783783784
60.852527405027416
60.710966972216994
60.56940653940654
60.42784610659612
60.2862856737857
60.144725240975276
60.003164808164826
59.8616043753544
59.72004394254398
59.57848350973353
59.43692307692311
58.75541401273881
59.088253631247255
59.42109324975564
59.75393286826409
60.086772486772475
60.076651340622675
60.066530194472875
60.108355984492874
60.15018177451287
60.19200756453287
60.23383335455287
60.27565914457287
60.31748493459287
60.35931072461287
60.40113651463287
60.44296230465286
60.48478809467286
60.52661388469286
60.568439674712856
60.610265464732855
60.65209125475286
60.63268625237643
60.613281249999986
60.70133347660463
60.78938570320926
60.87743792981391
60.96549015641854
61.053542383023185
61.141594609627816
61.22964683623246
61.31769906283709
61.405751289441724
61.49380351604637
61.581855742651
61.66990796925565
61.75796019586028
61.84601242246492
61.934064649069555
62.0221168756742
62.11016910227883
62.19822132888348
62.28627355548811
62.37432578209277
62.364165645165954
62.35400550823913
62.34384537131231
62.41638739500846
62.488929418704615
62.56147144240076
62.55371366237685
62.54595588235294
62.5809103453498
62.61586480834666
62.650819271343515
62.68577373434037
62.72072819733723
62.75568266033409
62.79063712333094
62.82559158632779
62.811480003690214
62.79736842105264
62.83680870353578
62.71774255009163
62.59867639664748
62.479610243203325
62.36054408975917
62.24147793631502
62.12241178287087
62.00334562942672
61.88427947598257
61.56599938506571
61.247719294148794
60.92943920323194
60.61115911231502
60.292879021398164
59.97459893048128
60.15586188703443
60.33712484358756
60.51838780014069
60.69965075669383
60.65361579083298
60.607580824972146
60.704358596257265
60.801136367542384
60.8979141388275
60.99469191011262
61.09146968139774
61.01339653224116
60.93532338308458
60.973048567154436
61.01077375122429
60.98829675955085
60.965819767877406
60.94334277620396
60.99277579616448
61.042208816125
61.091641836085515
61.14107485604603
61.19229723285261
61.243519609659174
61.29474198646574
61.345964363272316
61.39718674007888
61.44840911688544
61.49963149369202
61.550853870498585
61.60207624730516
61.65329862411173
61.70452100091829
61.75574337772487
61.80696575453143
61.858188131338
61.909410508144575
61.96063288495114
62.0118552617577
62.06307763856428
62.114300015370844
62.16552239217742
62.216744768983986
62.26796714579055
62.25996782486378
62.25196850393701
62.37792968749997
62.305884995841225
62.23384030418251
62.280442924951984
62.327045545721454
62.37364816649093
62.42025078726041
62.466853408029884
62.43503172593902
62.40321004384815
62.37138836175728
62.33956667966642
62.307744997575554
62.27592331548469
62.244101633393825
62.273443449221624
62.30278526504942
62.28810550093327
62.2734257368171
62.25874597270094
62.24406620858478
62.22938644446862
62.214706680352464
62.200026916236304
62.185347152120144
62.17066738800398
62.155987623887825
62.14130785977166
62.126628095655505
62.11194833153934
62.184184357557015
62.25642038357469
62.32865640959237
62.40089243561005
62.473128461627724
62.5453644876454
62.61760051366308
62.689836539680755
62.76207256569843
62.83430859171611
62.9065446177338
62.97878064375148
63.051016669769155
63.12325269578683
63.19548872180451
63.18965612560814
63.183823529411754
63.2526206850504
63.32141784068905
63.390214996327686
63.459012151966334
63.527809307605
63.533815711220996
63.53982211483699
63.545828518452986
63.55183492206898
63.557841325684976
63.56384772930097
63.56985413291696
63.57586053653296
63.581866940148956
63.58787334376495
63.59387974738094
63.59988615099694
63.60589255461293
63.61189895822893
63.61790536184492
63.62391176546092
63.62991816907691
63.6359245726929
63.6419309763089
63.6479373799249
63.65394378354089
63.65995018715688
63.66595659077288
63.67196299438887
63.67796939800487
63.68397580162086
63.68998220523686
63.69598860885285
63.70199501246884
63.793323650094635
63.88465228772043
63.97598092534622
64.06730956297201
64.1586382005978
64.2499668382236
64.34129547584939
64.43262411347517
64.43090479260692
64.42918547173866
64.4274661508704
64.59537572254335
64.54890973408976
64.50244374563617
64.45597775718258
64.47516304138921
64.49434832559585
64.5135336098025
64.53271889400912
63.77116294045436
63.00960698689957
63.022006167427264
63.03440534795496
63.04680452848266
63.059203709010355
63.07160288953805
63.08400207006574
63.09640125059344
63.10880043112114
63.121199611648834
63.13359879217653
63.14599797270422
63.15839715323192
63.17079633375961
63.183195514287306
63.195594694815
63.207993875342694
63.22039305587039
63.23279223639808
63.24519141692578
63.25759059745346
63.430049412636635
63.60250822781984
63.774967043003016
63.94742585818619
64.1198846733694
64.29234348855258
64.46480230373575
64.63726111891896
64.80971993410208
64.16959848924807
63.52947704439407
62.88935559954007
62.249234154686064
61.60911270983212
61.67332626488786
61.737539819943606
61.80175337499935
61.865966930055095
61.93018048511084
61.99439404016658
62.05860759522233
62.12282115027807
62.187034705333815
62.25124826038956
62.3154618154453
62.37967537050106
62.37089031682948
62.3621052631579
62.53955444009742
62.717003617036966
62.89445279397651
63.07190197091606
63.249351147855606
63.42680032479515
63.6042495017347
63.781698678674246
63.95914785561379
64.13659703255334
64.31404620949289
64.49149538643243
64.66894456337198
64.84639374031153
65.02384291725105
64.99607638820298
64.96830985915494
65.14463145375407
65.3209530483532
65.28981225918909
65.25867147002498
65.22753068086087
65.19638989169675
65.25747508305653
65.00998241654207
64.76248975002756
64.5149970835131
64.26750441699863
64.02001175048412
63.772519083969655
62.2589262086517
60.74533333333329
60.936106674553855
61.12688001577442
61.317653356994924
61.50842669821549
61.69920003943605
61.88997338065662
61.88720983191891
61.88444628318119
61.88168273444348
61.920424115185625
61.95916549592776
61.9979068766699
62.03664825741204
62.07538963815418
62.114131018896316
62.152872399638454
62.19161378038059
62.23035516112274
62.269096541864876
62.307837922607014
62.34657930334915
62.38532068409129
62.42406206483343
62.46280344557556
62.2781976755702
62.09359190556492