117.37203495630462
117.57903036274898
117.78602576919336
117.99302117563772
118.2000165820821
118.40701198852646
118.61400739497084
118.8210028014152
119.02799820785958
119.23499361430396
118.28900216356958
117.34301071283518
116.39701926210078
115.45102781136639
115.64725827941805
115.84348874746973
116.0397192155214
116.23594968357307
116.43218015162473
116.62841061967642
116.82464108772808
117.02087155577975
117.21710202383143
117.4133324918831
117.60956295993476
117.80579342798643
118.00202389603811
118.19825436408976
117.37137088005332
116.54448739601688
115.71760391198043
115.93575389654107
116.15390388110171
116.37205386566234
116.59020385022298
116.80835383478362
117.02650381934426
117.2446538039049
117.46280378846552
117.68095377302616
117.8991037575868
118.11725374214744
118.33540372670808
117.41853263543724
116.50166154416641
115.58479045289559
114.66791936162474
113.75104827035392
112.83417717908308
111.91730608781225
111.00043499654143
110.08356390527058
109.16669281399976
108.24982172272892
107.33295063145809
107.40309183467944
107.4732330379008
107.54337424112215
107.6135154443435
107.68365664756486
107.75379785078621
107.82393905400757
107.89408025722892
107.96422146045028
108.03436266367163
108.10450386689298
108.17464507011434
108.24478627333569
108.31492747655705
108.3850686797784
108.45520988299975
108.52535108622111
108.59549228944249
107.56380801919701
106.53212374895153
105.50043947870607
104.46875520846059
103.4370709382151
103.54192209122174
103.64677324422837
103.751624397235
103.85647555024164
103.96132670324826
104.0661778562549
104.17102900926153
104.27588016226817
104.3807313152748
104.48558246828145
102.29453784575281
100.10349322322415
97.91244860069548
95.72140397816685
93.53035935563817
94.0374474607687
94.54453556589922
95.05162367102974
95.55871177616028
96.06579988129081
96.57288798642134
97.07997609155186
97.58706419668239
98.09415230181293
98.60124040694345
99.10832851207397
99.61541661720452
100.12250472233504
100.62959282746556
101.1366809325961
101.64376903772663
102.15085714285709
100.12058309321293
98.09030904356877
96.06003499392463
94.02976094428047
91.9994868946363
89.96921284499214
87.93893879534798
85.90866474570382
83.87839069605965
81.84811664641555
82.08093656072137
82.31375647502718
82.546576389333
82.7793963036388
83.01221621794463
83.24503613225045
83.47785604655625
83.71067596086208
83.94349587516788
84.17631578947368
81.7426090518124
79.30890231415111
76.87519557648989
74.4414888388286
72.00778210116732
72.1436958415889
72.27960958201047
72.41552332243204
72.55143706285361
72.68735080327518
72.82326454369675
72.95917828411832
73.09509202453987
71.68157830253747
70.26806458053508
68.85455085853269
67.44103713653027
66.02752341452788
64.61400969252549
63.20049597052309
61.786982248520715
62.101876238131105
62.4167702277415
62.7316642173519
63.046558206962295
63.361452196572685
63.67634618618308
63.99124017579348
64.30613416540388
64.62102815501427
64.93592214462467
65.25081613423505
65.56571012384545
65.88060411345585
66.19549810306623
66.51039209267662
66.82528608228702
67.14018007189742
67.45507406150782
67.76996805111821
67.63082883008187
67.49168960904551
67.35255038800916
67.2134111669728
67.07427194593646
66.9351327249001
66.79599350386374
66.6568542828274
66.51771506179105
66.37857584075469
66.23943661971833
64.65175097276263
65.3414604180958
66.03116986342899
66.72087930876216
67.41058875409534
68.10029819942854
68.7900076447617
69.4797170900949
70.16942653542806
70.85913598076125
71.54884542609442
72.23855487142761
72.9282643167608
73.61797376209397
74.30768320742716
74.99739265276033
75.68710209809352
76.37681154342668
77.06652098875988
77.75623043409304
78.44593987942623
79.13564932475943
79.82535877009259
80.51506821542579
81.20477766075895
81.89448710609214
82.58419655142531
83.27390599675857
80.66831347683092
78.06272095690338
75.45712843697572
72.85153591704818
70.24594339712064
67.64035087719299
68.12681256713212
68.61327425707125
69.09973594701039
69.58619763694952
70.07265932688865
70.55912101682779
71.04558270676692
71.53204439670606
72.01850608664519
72.50496777658432
72.99142946652346
73.47789115646259
73.96435284640172
74.45081453634086
74.93727622627999
75.42373791621912
75.91019960615826
76.39666129609739
76.88312298603653
77.36958467597566
77.85604636591479
78.34250805585393
78.82896974579306
79.3154314357322
79.80189312567133
80.28835481561046
80.7748165055496
81.26127819548873
81.74773988542786
82.234201575367
82.72066326530614
82.4029898672756
82.08531646924506
81.76764307121452
81.44996967318397
81.13229627515344
80.8146228771229
80.49694947909235
80.17927608106181
79.86160268303126
79.54392928500073
79.2262558869702
78.90858248893964
78.5909090909091
78.95395260852251
79.31699612613593
79.68003964374934
80.04308316136274
80.40612667897616
80.76917019658958
81.13221371420299
81.4952572318164
81.85830074942982
82.22134426704324
82.58438778465664
82.94743130227005
80.90716184359292
78.86689238491579
76.82662292623866
74.78635346756153
75.15974016109563
75.53312685462973
75.90651354816383
76.27990024169793
76.65328693523203
77.02667362876613
77.40006032230023
77.77344701583445
74.54109780568479
71.30874859553501
68.07639938538534
64.84405017523568
61.6117009650859
58.37935175493624
55.14700254478646
51.914653334636796
48.68230412448713
45.44995491433727
46.30829262444988
47.166630334562484
48.02496804467509
48.8833057547877
49.74164346490031
50.599981175012914
51.45831888512552
52.31665659523813
53.17499430535074
54.033332015463344
54.89166972557595
55.75000743568856
56.60834514580117
57.466682855913774
58.32502056602638
59.18335827613899
60.0416959862516
60.900033696364204
61.75837140647681
62.61670911658942
63.47504682670203
64.33338453681463
65.19172224692724
66.05005995703985
66.90839766715246
67.76673537726506
68.62507308737773
69.48341079749034
70.34174850760294
71.20008621771555
72.05842392782816
72.91676163794077
73.77509934805337
74.63343705816598
75.49177476827859
76.3501124783912
77.2084501885038
78.06678789861641
78.92512560872902
79.78346331884163
80.64180102895423
81.50013873906684
82.35847644917945
83.21681415929203
82.61860479622675
82.0203954331615
81.42218607009622
80.82397670703094
80.22576734396569
79.6275579809004
79.8809490935147
80.13434020612898
80.38773131874326
80.64112243135754
80.89451354397183
81.14790465658612
81.4012957692004
81.65468688181468
81.90807799442905
78.74371130755776
75.57934462068647
72.41497793381518
69.2506112469438
69.74454837429764
70.23848550165147
70.7324226290053
71.22635975635913
71.72029688371296
72.2142340110668
72.70817113842062
73.20210826577446
73.69604539312829
74.18998252048215
74.68391964783598
75.17785677518981
75.67179390254364
76.16573102989747
76.6596681572513
77.15360528460513
77.64754241195897
78.1414795393128
78.63541666666663
76.54851532567045
74.46161398467427
72.37471264367817
72.73827309318314
73.10183354268811
73.46539399219309
73.82895444169806
74.19251489120303
74.556075340708
74.91963579021298
75.283196239718
73.38541220124773
71.48762816277747
69.5898441243072
67.69206008583691
67.77558075053707
67.85910141523723
67.9426220799374
68.02614274463755
68.10966340933771
66.36457260556128
66.82841323710213
67.29225386864294
67.75609450018376
68.21993513172461
68.68377576326543
69.14761639480628
69.6114570263471
70.07529765788794
70.53913828942876
71.00297892096961
71.46681955251043
71.93066018405128
72.3945008155921
72.85834144713294
73.32218207867376
73.78602271021461
74.24986334175543
74.71370397329628
75.1775446048371
75.64138523637794
76.10522586791876
76.56906649945961
77.03290713100043
77.49674776254128
77.9605883940821
78.42442902562294
78.88826965716376
79.35211028870461
79.81595092024543
79.18672110472198
78.55749128919854
79.56949315725115
80.5814950253037
81.59349689335625
82.6054987614088
83.61750062946135
84.62950249751395
85.6415043655665
86.65350623361905
87.6655081016716
88.67750996972421
89.68951183777676
90.70151370582931
91.71351557388186
92.72551744193441
93.73751930998702
94.74952117803957
95.76152304609218
93.92790349282006
92.09428393954806
90.26066438627595
88.42704483300395
86.59342527973195
84.75980572645983
82.92618617318783
81.09256661991583
81.56497172412637
82.03737682833693
82.50978193254747
82.982187036758
83.45459214096857
83.92699724517917
83.06039718213776
82.19379711909642
81.32719705605507
80.46059699301367
79.59399692997232
78.72739686693097
77.86079680388963
76.99419674084828
76.12759667780688
75.26099661476553
74.39439655172414
74.70184837187053
75.00930019201691
75.31675201216332
75.6242038323097
75.93165565245609
76.23910747260247
76.54655929274885
76.85401111289526
77.16146293304165
77.46891475318803
77.77636657333441
78.0838183934808
77.97862527427745
77.87343215507411
78.21670792466116
78.55998369424822
78.9032594638353
79.24653523342235
79.5898110030094
79.93308677259645
80.27636254218353
80.61963831177059
80.96291408135764
81.30618985094472
81.64946562053177
81.99274139011882
82.33601715970588
82.6792929292929
82.29263378465504
81.90597464001715
81.51931549537929
81.13265635074143
80.74599720610354
80.35933806146573
80.55462714379017
80.7499162261146
80.94520530843904
81.14049439076348
81.33578347308791
81.53107255541236
81.7263616377368
81.92165072006124
82.11693980238567
82.31222888471011
82.50751796703454
82.70280704935898
82.89809613168343
83.0933852140081
80.91923355352469
78.74508189304152
76.57093023255814
76.98395905572801
77.3969878788979
77.81001670206777
78.22304552523767
78.63607434840753
79.04910317157743
79.4621319947473
79.87516081791719
80.28818964108706
80.70121846425695
81.11424728742682
81.52727611059672
81.94030493376658
82.35333375693645
82.76636258010635
83.17939140327621
83.59242022644611
84.00544904961598
84.41847787278587
84.83150669595574
85.24453551912563
84.57720694907874
83.90987837903185
83.24254980898496
82.57522123893806
82.8458816888387
83.11654213873935
83.38720258864002
83.6578630385407
83.92852348844134
84.19918393834199
84.46984438824266
84.74050483814334
85.01116528804398
85.28182573794463
85.55248618784526
83.50176301486772
81.45103984189018
79.40031666891264
77.34959349593495
77.72289767091695
78.09620184589892
78.46950602088091
78.84281019586288
79.21611437084485
79.58941854582685
79.96272272080881
80.33602689579081
80.70933107077278
81.08263524575474
81.45593942073674
81.82924359571871
82.20254777070068
77.37334986029828
72.54415194989542
67.71495403949302
62.88575612909062
58.05655821868777
53.227360308285085
53.79198085271639
54.3566013971477
54.921221941579006
55.48584248601031
56.05046303044162
56.615083574872926
57.17970411930423
57.74432466373554
58.30894520816685
58.8735657525981
59.438186297029404
60.00280684146071
60.56742738589212
60.41387341556302
60.260319445233904
60.106765474904805
59.95321150457569
59.79965753424659
60.2582864329961
60.71691533174567
61.175544230495234
61.6341731292448
62.09280202799431
62.551430926743876
63.01005982549344
63.46868872424295
63.92731762299252
64.38594652174208
64.8445754204916
65.30320431924116
65.76183321799073
66.2204621167403
66.6790910154898
67.13771991423937
67.59634881298894
68.0549777117385
65.88872949017718
63.722481268615866
61.55623304705455
59.38998482549317
59.85085797823052
60.31173113096787
60.77260428370522
61.23347743644257
61.69435058917992
62.15522374191727
62.61609689465462
63.07697004739197
63.537843200129316
63.998716352866666
64.45958950560401
64.92046265834136
65.38133581107871
65.84220896381606
66.30308211655341
66.76395526929076
67.22482842202811
67.6857015747654
68.14657472750275
68.6074478802401
69.06832103297745
69.5291941857148
69.99006733845215
70.4509404911895
70.91181364392685
69.65450549484319
68.39719734575954
67.13988919667588
67.61602511376259
68.09216103084935
68.56829694793606
69.04443286502283
69.52056878210954
69.9967046991963
70.47284061628301
70.94897653336977
71.42511245045648
71.90124836754325
72.37738428462995
72.85352020171672
73.32965611880343
73.80579203589019
74.28192795297696
74.75806387006367
75.23419978715043
75.71033570423714
76.1864716213239
76.66260753841061
77.13874345549743
75.03486711295182
72.93099077040642
70.82711442786069
71.27755585206876
71.72799727627682
72.17843870048489
72.62888012469296
73.07932154890102
73.52976297310914
73.98020439731721
74.43064582152527
74.88108724573334
75.3315286699414
75.78197009414947
76.23241151835754
76.68285294256566
77.13329436677373
77.58373579098179
78.03417721518986
75.22519891500906
72.41622061482803
69.60724231464724
66.79826401446644
63.9892857142857
64.51233516483518
65.0353846153846
65.55843406593408
66.0814835164835
66.60453296703298
67.1275824175824
67.65063186813188
68.17368131868136
68.69673076923078
69.2197802197802
67.96264930721452
66.70551839464883
65.44838748208315
64.19125656951746
62.93412565695178
61.67699474438609
60.41986383182041
59.16273291925461
59.57001195876069
59.97729099826671
60.38457003777279
60.79184907727881
61.19912811678489
61.60640715629091
62.01368619579699
62.420965235303015
62.828244274809094
60.778601099651496
58.7289579244939
56.6793147493363
54.62967157417893
56.201612518176944
57.77355346217496
59.345494406172975
60.91743535017122
62.48937629416923
64.06131723816725
65.63325818216526
67.2051991261635
68.77714007016152
70.34908101415954
71.92102195815755
73.4929629021558
75.06490384615381
73.39629176747871
71.72767968880362
70.05906761012852
68.3904555314532
70.40270522357241
72.41495491569185
74.42720460781106
76.43945429993028
78.45170399204949
80.4639536841687
82.47620337628791
84.48845306840713
86.50070276052634
88.51295245264578
90.52520214476499
92.5374518368842
94.54970152900341
96.56195122112263
98.57420091324201
98.11864484692472
97.66308878060738
97.2075327142901
96.75197664797281
96.29642058165541
97.81347789697566
99.33053521229567
100.84759252761592
102.36464984293593
103.88170715825595
105.3987644735762
106.91582178889621
108.43287910421645
109.94993641953647
111.46699373485671
112.98405105017673
114.50110836549698
116.01816568081699
117.53522299613701
119.05228031145725
116.72112627234424
114.38997223323122
112.0588181941182
109.72766415500553
110.7649370164354
111.80220987786538
112.83948273929525
113.87675560072512
114.91402846215499
115.95130132358486
116.98857418501484
118.02584704644471
119.06311990787458
120.10039276930445
121.13766563073443
122.1749384921643
123.21221135359417
124.24948421502404
125.28675707645402
126.32402993788389
127.36130279931376
128.39857566074363
129.4358485221735
130.47312138360348
131.51039424503335
132.54766710646322
133.5849399678931
134.62221282932308
135.65948569075294
136.6967585521828
137.73403141361268
134.0721009411618
130.41017046871093
126.74823999626005
123.08630952380946
123.56890538953672
124.05150125526399
124.53409712099119
125.01669298671845
125.49928885244572
125.98188471817292
126.46448058390018
126.94707644962745
127.42967231535465
127.91226818108191
128.39486404680918
128.87745991253638
129.36005577826364
129.8426516439909
130.3252475097181
130.80784337544537
131.29043924117263
131.77303510689984
132.2556309726271
132.73822683835436
133.22082270408157
133.70341856980883
134.1860144355361
134.66861030126324
133.1347532362238
131.60089617118456
130.06703910614524
130.45556208046426
130.84408505478322
131.23260802910224
131.62113100342125
132.00965397774027
132.39817695205923
132.78669992637825
133.17522290069726
133.56374587501622
133.95226884933524
134.34079182365426
134.72931479797322
135.11783777229223
135.50636074661125
135.89488372093024
134.93479453241923
133.97470534390834
133.01461615539745
132.05452696688644
131.09443777837555
130.13434858986466
129.17425940135365
128.21417021284276
127.25408102433187
126.29399183582086
125.33390264731003
125.58307833291656
125.83225401852309
126.08142970412965
126.33060538973618
126.57978107534271
126.82895676094924
127.07813244655577
127.32730813216233
127.57648381776886
127.82565950337539
128.07483518898192
128.32401087458845
128.57318656019498
128.82236224580154
129.07153793140807
129.3207136170146
129.56988930262114
129.81906498822767
130.0682406738342
130.31741635944076
130.5665920450473
130.81576773065382
131.06494341626035
131.31411910186688
131.56329478747344
131.81247047307997
132.0616461586865
132.31082184429303
132.55999752989956
132.8091732155061
133.05834890111265
133.30752458671918
133.5567002723257
133.80587595793224
134.05505164353877
134.30422732914533
134.55340301475186
134.8025787003584
135.0517543859649
135.06786180197747
135.08396921799007
135.10007663400265
135.11618405001525
135.13229146602782
135.14839888204042
135.164506298053
135.1806137140656
135.19672113007817
135.21282854609078
135.22893596210335
135.24504337811595
135.26115079412853
135.27725821014113
135.2933656261537
135.3094730421663
135.32558045817888
135.34168787419145
135.35779529020405
135.37390270621663
135.39001012222923
135.4061175382418
135.4222249542544
135.43833237026698
135.45443978627958
135.47054720229215
135.48665461830475
135.50276203431733
135.51886945032993
135.5349768663425
135.5510842823551
135.56719169836768
135.58329911438028
135.59940653039286
135.61551394640546
135.63162136241803
135.64772877843063
135.6638361944432
135.67994361045578
135.69605102646838
135.71215844248096
135.72826585849356
135.74437327450613
135.76048069051873
135.7765881065313
135.7926955225439
135.80880293855648
135.82491035456908
135.84101777058166
135.85712518659426
135.87323260260683
135.88934001861944
135.905447434632
135.9215548506446
135.93766226665718
135.95376968266976
135.96987709868236
135.98598451469496
136.00209193070754
136.0181993467201
136.0343067627327
136.05041417874529
136.0665215947579
136.08262901077046
136.09873642678306
136.11484384279564
136.13095125880824
136.1470586748208
136.1631660908334
136.179273506846
136.1953809228586
136.21148833887116
136.22759575488377
136.24370317089634
136.25981058690894
136.27591800292151
136.2920254189341
136.3081328349467
136.32424025095926
136.34034766697187
129.9525748983042
123.56480212963561
117.17702936096714
117.75832849157268
118.33962762217811
118.92092675278366
119.50222588338909
120.08352501399463
120.66482414460017
121.2461232752056
121.82742240581115
122.40872153641669
122.99002066702212
123.57131979762767
124.1526189282331
124.73391805883864
125.31521718944418
125.89651632004961
126.47781545065516
127.05911458126059
127.64041371186613
128.22171284247167
128.8030119730771
129.38431110368265
129.9656102342882
130.54690936489362
131.12820849549917
131.7095076261046
132.29080675671014
132.87210588731568
133.45340501792114
133.4534050179211
133.7233156576815
133.99322629744194
134.26313693720232
134.53304757696276
134.80295821672314
135.07286885648352
135.34277949624396
135.61269013600435
135.8826007757648
136.15251141552517
134.94637982123777
133.74024822695037
134.15083094684377
134.56141366673717
134.97199638663054
134.9719963866305
135.00391178812802
135.03582718962554
135.06774259112302
135.09965799262054
135.13157339411805
135.16348879561554
135.19540419711305
135.22731959861056
135.25923500010808
135.2911504016056
135.32306580310308
135.3549812046006
135.3868966060981
135.41881200759562
135.45072740909313
135.48264281059062
135.51455821208813
135.54647361358565
135.57838901508313
135.61030441658065
135.64221981807816
135.67413521957567
135.7060506210732
135.73796602257067
135.7698814240682
135.8017968255657
135.8337122270632
135.8656276285607
135.89754303005822
135.92945843155573
135.96137383305324
135.99328923455073
136.02520463604824
136.05712003754576
136.08903543904324
136.12095084054076
136.1528662420385
134.33793747152413
132.52300870100976
130.70807993049516
131.20796581853585
131.70785170657666
132.20773759461736
132.16867002182136
132.1296024490253
132.0905348762293
132.05146730343327
132.01239973063724
131.9733321578412
131.93426458504518
132.04542374438924
132.1565829037333
132.26774206307732
132.37890122242138
132.49006038176543
132.60121954110946
132.7123787004535
132.82353785979757
132.9346970191416
133.04585617848562
133.15701533782968
133.26817449717373
133.37933365651776
133.4904928158618
133.60165197520587
133.7128111345499
133.82397029389395
133.935129453238
134.04628861258203
134.1574477719261
134.26860693127014
134.37976609061417
134.4909252499582
134.60208440930225
134.7132435686463
134.82440272799033
134.9355618873344
135.04672104667844
135.15788020602247
135.26903936536652
135.38019852471058
135.4913576840546
135.60251684339866
135.71367600274272
135.82483516208674
135.93599432143077
136.04715348077482
136.15831264011888
136.26947179946293
136.12576713559486
135.98206247172678
135.8383578078587
135.69465314399062
135.55094848012254
135.40724381625444
135.3483634247071
135.28948303315974
135.2306026416124
135.17172225006505
135.1128418585177
135.05396146697035
134.995081075423
134.93620068387565
134.8773202923283
134.81843990078096
134.7595595092336
134.70067911768626
134.64179872613892
134.58291833459157
134.52403794304422
134.46515755149687
134.40627715994952
134.34739676840218
135.06832298136646
134.20605576594676
133.34378855052705
132.48152133510735
131.61925411968778
131.70850688334798
131.7977596470082
131.88701241066838
131.9762651743286
132.0655179379888
132.154770701649
132.24402346530923
132.33327622896942
132.42252899262962
132.51178175628985
132.60103451995005
132.69028728361025
132.77954004727047
132.86879281093067
132.95804557459087
133.0472983382511
133.13655110191127
133.2258038655715
133.31505662923172
133.4043093928919
133.49356215655212
133.58281492021231
133.6720676838725
133.76132044753274
133.85057321119294
133.93982597485314
134.02907873851336
134.11833150217356
134.20758426583376
134.296837029494
134.38608979315416
134.47534255681438
134.5645953204746
134.65384808413478
134.743100847795
134.8323536114552
134.9216063751154
135.01085913877563
135.10011190243583
135.18936466609603
135.27861742975625
135.36787019341645
135.45712295707665
135.54637572073688
135.63562848439707
135.72488124805727
135.8141340117175
135.90338677537767
135.9926395390379
136.0818923026981
136.1711450663583
136.26039783001852
132.92477226226583
129.58914669451315
126.25352112676057
126.75868206538962
127.26384300401867
127.76900394264771
128.27416488127687
128.77932581990592
129.28448675853497
129.789647697164
130.29480863579306
130.79996957442222
131.3051305130512
130.95189065391793
130.5986507947846
130.2454109356513
129.89217107651803
129.5389312173847
129.1856913582514
128.83245149911818
128.91949580062737
129.0065401021365
129.0935844036457
129.18062870515487
129.26767300666404
129.35471730817324
129.4417616096824
129.52880591119157
129.61585021270076
129.70289451420993
129.7899388157191
129.8769831172283
129.96402741873743
130.05107172024663
130.1381160217558
130.22516032326496
130.31220462477415
130.39924892628332
130.4862932277925
130.57333752930168
130.66038183081085
130.74742613232002
130.8344704338292
130.92151473533835
131.00855903684754
131.0956033383567
131.18264763986588
131.26969194137507
131.3567362428842
131.7026400045334
132.04854376618255
132.39444752783174
132.74035128948088
133.08625505113008
133.43215881277922
133.77806257442842
134.12396633607756
134.46987009772675
134.8157738593759
135.1616776210251
135.50758138267423
135.85348514432337
136.19938890597257
136.5452926676217
136.8911964292709
137.23710019092005
137.58300395256902
136.72957122539606
135.8761384982231
135.02270577105014
135.2632010546256
135.503696338201
135.74419162177645
135.98468690535185
136.2251821889273
136.46567747250276
136.70617275607816
136.94666803965362
137.18716332322902
137.42765860680447
137.66815389037987
137.90864917395533
137.70857335390735
137.50849753385944
137.30842171381153
137.1083458937636
136.9082700737157
136.70819425366778
136.50811843361987
136.89265536723164
136.82653856260674
136.76042175798187
136.69430495335698
136.62818814873208
136.5620713441072
136.4959545394823
136.42983773485741
136.36372093023255
136.63611204733553
136.90850316443846
137.18089428154144
137.45328539864437
137.7256765157473
137.99806763285025
137.98120631211677
137.96434499138329
137.94748367064983
137.93062234991635
137.91376102918287
137.89689970844938
137.88003838771593
138.02862595419833
136.82420628382783
135.6197866134571
134.4153669430866
133.21094727271588
132.0065276023454
130.8021079319749
129.59768826160416
128.39326859123366
127.18884892086328
126.96954100985141
126.75023309883949
126.53092518782756
126.31161727681564
126.09230936580377
125.87300145479185
125.65369354377992
125.434385632768
125.21507772175613
124.9957698107442
124.77646189973228
124.55715398872036
124.33784607770843
124.11853816669657
123.89923025568464
123.67992234467272
123.4606144336608
123.24130652264893
123.021998611637
122.80269070062508
122.58338278961315
122.36407487860129
122.14476696758936
121.92545905657744
121.70615114556551
121.48684323455365
121.26753532354172
121.0482274125298
120.82891950151787
120.609611590506
120.39030367949408
120.17099576848216
119.95168785747023
119.73237994645837
119.51307203544644
119.29376412443452
119.0744562134226
118.85514830241067
118.6358403913988
118.41653248038688
118.19722456937495
117.97791665836303
117.75860874735116
117.53930083633924
117.31999292532731
117.10068501431539
116.88137710330352
116.6620691922916
116.44276128127967
116.22345337026775
116.71510153203735
117.20674969380696
117.69839785557656
118.19004601734616
118.68169417911577
119.17334234088537
119.66499050265509
120.15663866442469
120.6482868261943
121.1399349879639
121.6315831497335
122.1232313115031
122.61487947327271
123.10652763504231
123.59817579681192
124.08982395858152
124.58147212035112
125.07312028212073
125.56476844389033
126.05641660565993
126.54806476742965
127.03971292919925
127.53136109096886
128.02300925273846
128.51465741450806
129.00630557627767
129.49795373804727
129.98960189981688
130.48125006158648
130.97289822335608
131.4645463851257
131.9561945468953
132.4478427086649
132.9394908704345
133.4311390322041
133.92278719397376
133.61725603739018
133.3117248808066
133.006193724223
132.70066256763943
132.39513141105584
132.08960025447226
131.78406909788873
132.08423502952348
132.38440096115824
132.684566892793
132.98473282442774
129.86624042066887
126.74774801691092
123.62925561315205
120.5107632093933
120.95623295794826
121.40170270650322
121.84717245505817
122.29264220361313
122.7381119521682
123.18358170072315
123.62905144927811
124.07452119783306
124.51999094638802
124.96546069494309
125.41093044349805
125.856400192053
126.30186994060796
126.74733968916291
127.19280943771798
127.63827918627294
128.0837489348279
128.52921868338285
128.9746884319378
129.42015818049288
129.86562792904783
130.3110976776028
130.75656742615774
131.2020371747127
131.64750692326777
132.09297667182273
132.53844642037768
132.98391616893264
133.4293859174876
133.87485566604266
134.32032541459762
134.76579516315257
135.21126491170753
135.6567346602625
136.10220440881758
136.01715158712483
135.9320987654321
136.49143009337593
137.05076142131975
134.87136188556997
132.6919623498202
130.5125628140704
131.048046470538
131.5835301270056
132.11901378347318
132.65449743994077
133.1899810964083
133.12298661893107
133.05599214145388
133.36819476270836
133.68039738396283
133.9926000052173
134.30480262647183
134.6170052477263
134.92920786898077
135.24141049023524
135.5536131114897
135.86581573274418
136.17801835399865
136.49022097525312
136.8024235965076
137.11462621776212
137.4268288390166
137.73903146027106
138.05123408152554
138.36343670278
138.67563932403448
138.9878419452889
136.788008638292
134.5881753312946
134.83795891586507
135.0877425004356
135.3375260850061
135.58730966957657
135.83709325414705
136.08687683871753
136.33666042328807
136.58644400785855