119.06550724637681
117.99552240530767
116.92553756423851
115.85555272316937
114.78556788210022
113.71558304103107
112.64559819996192
111.57561335889278
110.50562851782364
111.02988382559872
111.5541391333738
112.07839444114887
112.60264974892397
113.12690505669904
113.65116036447412
114.1754156722492
114.69967098002428
115.22392628779936
115.74818159557444
116.27243690334952
116.7966922111246
117.32094751889969
117.84520282667476
118.36945813444984
118.89371344222492
119.41796875
116.37211681547619
113.32626488095238
110.28041294642857
107.23456101190476
104.18870907738095
101.14285714285714
102.03261394158133
102.92237074030552
103.81212753902972
104.70188433775391
105.5916411364781
106.48139793520228
107.37115473392647
108.26091153265067
109.15066833137486
110.04042513009905
110.93018192882323
111.81993872754742
112.70969552627162
113.59945232499581
114.48920912372
115.3789659224442
114.15994933386239
112.94093274528058
111.72191615669877
110.50289956811696
109.28388297953515
108.06486639095334
106.84584980237153
107.48505745687521
108.12426511137889
108.76347276588258
109.40268042038626
110.04188807488995
110.68109572939363
111.3203033838973
109.75031850005301
108.18033361620874
106.61034873236447
105.04036384852019
103.47037896467592
101.90039408083163
100.33040919698736
98.76042431314309
97.1904394292988
95.62045454545455
96.34080063360344
97.06114672175234
97.78149280990124
98.50183889805012
99.22218498619903
99.94253107434793
100.66287716249681
101.38322325064571
102.10356933879461
100.66527638459324
99.22698343039187
97.78869047619048
98.22870234471262
98.66871421323476
99.10872608175691
99.54873795027905
99.9887498188012
100.42876168732334
100.86877355584548
101.30878542436761
101.74879729288976
102.18880916141191
102.62882102993404
103.06883289845618
103.50884476697834
103.94885663550048
104.38886850402261
104.82888037254476
105.26889224106691
105.70890410958903
104.85728481483716
104.00566552008529
103.1540462253334
102.30242693058153
101.45080763582966
101.93416670451276
102.41752577319588
102.08142732503167
101.74532887686746
101.40923042870324
101.07313198053902
100.73703353237481
100.4009350842106
100.06483663604638
99.72873818788214
100.26780996301099
100.80688173813984
101.34595351326868
101.88502528839751
102.42409706352636
102.9631688386552
103.50224061378405
104.0413123889129
104.58038416404173
105.11945593917058
105.65852771429942
106.19759948942827
106.73667126455712
107.27574303968595
107.81481481481481
107.42844831376686
107.04208181271892
106.65571531167097
106.26934881062304
105.8829823095751
105.49661580852717
105.11024930747921
105.63652736270963
106.16280541794005
106.68908347317048
107.2153615284009
107.74163958363133
108.26791763886175
108.79419569409217
109.32047374932259
109.84675180455304
109.44702095545244
109.04729010635185
108.64755925725126
108.24782840815067
107.84809755905007
107.44836670994948
107.04863586084889
106.6489050117483
106.2491741626477
105.84944331354711
105.44971246444652
105.04998161534593
104.65025076624534
104.25051991714474
103.85078906804415
103.45105821894356
103.05132736984297
102.65159652074237
102.25186567164178
102.76644240099809
103.28101913035441
103.79559585971072
104.31017258906704
104.82474931842334
105.33932604777966
105.85390277713599
106.36847950649229
106.88305623584861
107.39763296520492
107.91220969456124
108.42678642391755
108.94136315327387
109.45593988263019
109.9705166119865
110.48509334134282
110.99967007069912
111.51424680005545
112.0288235294118
110.08467060898437
108.14051768855694
106.19636476812951
104.25221184770209
102.30805892727466
100.36390600684717
98.41975308641975
98.41202828180315
98.40430347718655
98.39657867256994
98.38885386795334
98.38112906333674
98.37340425872014
98.36567945410354
98.35795464948693
98.35022984487033
98.34250504025373
98.33478023563713
98.32705543102053
98.31933062640393
98.31160582178732
98.30388101717072
98.29615621255412
98.28843140793751
98.28070660332091
98.27298179870431
98.26525699408771
98.2575321894711
98.2498073848545
98.2420825802379
98.2343577756213
98.2266329710047
98.21890816638809
98.21118336177149
98.20345855715489
98.19573375253829
98.18800894792169
98.18028414330509
98.17255933868849
98.16483453407189
98.15710972945529
98.14938492483867
98.14166012022207
98.13393531560547
98.12621051098887
98.11848570637227
98.11076090175567
98.10303609713907
98.09531129252247
98.08758648790587
98.07986168328925
98.07213687867265
98.06441207405605
98.05668726943945
98.04896246482285
98.04123766020625
98.03351285558965
98.02578805097305
98.01806324635645
98.01033844173983
98.00261363712323
97.99488883250663
97.98716402789003
97.97943922327343
97.97171441865683
97.96398961404023
97.95626480942363
97.94854000480703
97.94081520019041
97.93309039557381
97.92536559095721
97.91764078634061
97.90991598172401
97.90219117710741
97.89446637249081
97.88674156787421
97.8790167632576
97.871291958641
97.8635671540244
97.8558423494078
97.8481175447912
97.8403927401746
97.83266793555799
97.82494313094139
97.81721832632479
97.80949352170819
97.80176871709158
97.79404391247498
97.78631910785838
97.77859430324177
97.77086949862517
97.76314469400857
97.75541988939197
97.74769508477537
97.73997028015876
97.73224547554216
97.72452067092556
97.71679586630896
97.70907106169236
97.70134625707576
97.69362145245915
97.68589664784255
97.67817184322595
97.67044703860935
97.66272223399274
97.65499742937614
97.64727262475954
97.63954782014294
97.63182301552634
97.62409821090974
97.61637340629314
97.60864860167653
97.60092379705992
97.59319899244332
98.10347769998609
98.61375640752883
99.12403511507159
99.63431382261436
100.14459253015713
100.65487123769987
101.16514994524263
101.6754286527854
102.18570736032817
102.6959860678709
103.20626477541373
101.98093576566669
100.75560675591964
99.5302777461726
98.30494873642562
97.07961972667857
97.71313195743525
98.34664418819193
98.98015641894858
99.61366864970526
100.24718088046194
100.88069311121859
101.51420534197527
102.14771757273195
102.78122980348863
103.41474203424528
104.04825426500196
104.68176649575864
105.31527872651532
105.94879095727197
106.58230318802862
106.44062516075326
106.29894713347787
106.1572691062025
106.01559107892713
105.87391305165175
105.7322350243764
105.590556997101
105.44887896982564
105.30720094255027
105.16552291527489
105.02384488799953
104.88216686072414
104.74048883344878
104.5988108061734
104.45713277889803
104.31545475162267
104.17377672434728
104.03209869707192
103.89042066979654
103.74874264252117
103.6070646152458
103.46538658797043
103.32370856069505
103.18203053341968
103.0403525061443
102.89867447886894
102.75699645159357
102.61531842431819
102.47364039704281
102.33196236976744
102.19028434249208
102.0486063152167
101.90692828794133
101.76525026066597
101.62357223339058
101.48189420611521
101.34021617883984
101.19853815156446
101.0568601242891
100.91518209701371
100.77350406973835
100.63182604246298
100.4901480151876
100.34846998791224
100.20679196063685
100.06511393336149
99.92343590608611
99.78175787881074
99.64007985153538
99.49840182425999
99.35672379698462
99.21504576970925
99.07336774243387
98.93168971515851
98.79001168788312
98.64833366060776
98.50665563333239
98.36497760605701
98.22329957878165
98.08162155150626
97.9399435242309
97.79826549695552
97.65658746968015
97.51490944240479
97.37323141512941
97.23155338785404
97.08987536057866
96.94819733330328
96.80651930602792
96.66484127875255
96.52316325147717
96.3814852242018
96.23980719692642
96.09812916965106
95.95645114237568
95.81477311510031
95.67309508782495
95.53141706054956
95.3897390332742
95.24806100599882
95.10638297872345
95.9128849873531
96.7193869959828
97.52588900461245
98.3323910132421
99.13889302187181
99.94539503050146
100.75189703913111
101.55839904776082
102.36490105639047
103.17140306502012
103.97790507364982
104.78440708227947
105.59090909090924
101.71335614592886
97.83580320094842
98.35523397113798
98.8746647413275
99.39409551151707
99.91352628170662
100.43295705189615
100.95238782208571
101.47181859227527
101.9912493624648
102.51068013265436
103.03011090284392
103.54954167303345
104.068972443223
104.58840321341256
105.10783398360209
105.62726475379165
106.14669552398121
106.66612629417077
107.1855570643603
107.7049878345498
105.57727158318642
103.44955533182303
101.32183908045977
101.84105943317766
102.36027978589556
102.87950013861345
103.39872049133135
103.91794084404924
104.43716119676711
104.956381549485
105.4756019022029
105.99482225492079
106.51404260763869
107.03326296035658
107.55248331307448
108.07170366579234
108.59092401851024
109.11014437122813
109.62936472394603
110.14858507666392
110.66780542938181
111.18702578209971
111.70624613481758
111.20990995539793
110.71357377597829
110.21723759655865
109.720901417139
109.22456523771939
108.72822905829975
108.2318928788801
108.68745507592891
109.14301727297772
109.59857947002652
110.05414166707533
110.5097038641241
110.96526606117291
111.42082825822172
107.81047404522815
104.20011983223489
104.67032486837357
105.14052990451228
105.61073494065096
106.08093997678967
106.55114501292834
107.02135004906705
107.49155508520573
107.96176012134444
108.43196515748312
108.90217019362183
109.37237522976051
109.84258026589922
110.31278530203792
110.7829903381766
111.25319537431528
110.50649808235096
109.75980079038663
109.01310349842231
108.26640620645799
107.51970891449363
108.00425555629698
108.48880219810033
108.97334883990371
109.45789548170706
109.9424421235104
110.42698876531378
110.91153540711713
111.39608204892048
111.88062869072385
112.36517533252709
110.4161953197239
108.4672153069207
106.51823529411757
107.06174864426094
107.60526199440426
108.14877534454763
108.692288694691
109.23580204483432
109.77931539497769
110.322828745121
110.86634209526437
111.40985544540769
111.95336879555106
112.49688214569437
113.04039549583774
113.58390884598111
114.12742219612437
112.07081530791993
110.01420841971549
107.95760153151082
105.90099464330638
103.84438775510205
104.38800138262786
104.93161501015368
105.47522863767949
106.01884226520531
106.56245589273101
104.71038286982298
102.85830984691484
101.0062368240068
99.15416380109878
97.30209077819063
95.4500177552826
93.59794473237457
91.74587170946654
89.8937986865584
88.04172566365037
86.18965264074222
84.3375796178344
84.37607100132561
84.41456238481683
84.45305376830804
84.49154515179926
84.53003653529046
84.56852791878165
84.25440802062076
83.94028812245989
83.62616822429908
84.13905444131575
84.65194065833242
85.16482687534915
85.67771309236582
86.19059930938249
86.70348552639916
87.21637174341583
87.72925796043256
88.24214417744916
88.32247559126024
88.40280700507132
88.4831384188824
88.56346983269349
88.64380124650458
88.72413266031566
88.80446407412674
88.88479548793782
88.9651269017489
89.04545831555998
89.12578972937106
89.20612114318214
89.28645255699323
89.3667839708043
89.44711538461536
89.07555769230765
88.70400000000001
89.23165098970708
89.75930197941409
90.28695296912116
90.81460395882823
91.34225494853524
91.86990593824231
92.39755692794932
92.9252079176564
93.45285890736346
93.98050989707048
94.50816088677755
95.03581187648456
95.56346286619163
96.0911138558987
96.61876484560617
92.88770773532588
89.15665062504604
85.4255935147655
85.95985432860218
86.49411514243891
87.0283759562756
87.56263677011233
88.09689758394902
88.6311583977857
89.16541921162244
89.69968002545912
90.2339408392958
90.76820165313254
91.30246246696922
91.8367232808059
92.37098409464264
92.90524490847932
93.43950572231606
93.97376653615274
94.50802734998942
95.04228816382616
95.57654897766284
96.11080979149952
96.64507060533626
97.17933141917294
97.71359223300965
96.05494867907942
94.39630512514898
94.86705968215173
95.33781423915448
95.80856879615723
96.27932335315992
96.75007791016267
97.22083246716542
97.69158702416811
98.16234158117095
95.77022694287325
93.37811230457555
90.98599766627765
91.42870014263852
91.87140261899933
92.31410509536019
92.756807571721
93.1995100480818
93.64221252444267
94.08491500080348
94.52761747716434
94.97031995352515
95.41302242988596
95.85572490624682
96.29842738260763
96.74112985896849
97.18383233532933
96.72683221478889
96.26983209424844
95.812831973708
95.3558318531675
95.85698700476672
96.35814215636594
96.85929730796511
97.36045245956427
97.86160761116349
98.36276276276271
96.48510092742231
94.60743909208168
92.72977725674093
93.19646458990707
93.6631519230732
94.12983925623934
94.59652658940547
95.0632139225716
95.52990125573774
95.99658858890388
96.46327592207001
96.92996325523615
97.39665058840228
97.86333792156842
98.33002525473455
98.79671258790069
99.26339992106682
99.73008725423296
100.19677458739909
100.66346192056523
101.13014925373136
99.21630895930662
97.30246866488187
95.38862837045721
95.86951932811459
96.35041028577203
96.83130124342946
97.3121922010869
97.79308315874434
98.27397411640177
98.75486507405921
99.23575603171665
99.71664698937411
97.13187299713263
94.54709900489115
91.96232501264967
89.37755102040819
89.9246160215431
90.47168102267801
91.01874602381292
91.56581102494783
92.11287602608274
92.65994102721766
93.20700602835257
93.75407102948748
94.30113603062239
94.8482010317573
95.39526603289221
95.94233103402712
96.48939603516203
97.03646103629694
97.58352603743185
98.13059103856676
98.67765603970167
99.22472104083658
99.7717860419715
100.3188510431064
100.86591604424132
101.412981045376
99.24708805998898
97.08119507460196
94.91530208921506
95.4593703376982
96.00343858618135
96.54750683466449
97.09157508314757
97.63564333163072
98.17971158011386
98.723779828597
99.26784807708015
99.81191632556329
100.35598457404643
100.90005282252957
101.44412107101334
98.29098445126829
95.13784783152323
91.984711211778
92.5553678363429
93.12602446090773
93.69668108547262
94.26733771003745
94.83799433460234
95.40865095916718
95.97930758373207
96.5499642082969
97.12062083286179
97.69127745742662
98.26193408199151
98.83259070655663
96.74428152046926
94.65597233438189
92.56766314829451
90.47935396220714
88.39104477611943
89.00985291244405
89.62866104876866
90.24746918509328
90.86627732141795
91.48508545774257
92.10389359406719
92.7227017303918
93.34150986671642
93.96031800304104
94.57912613936566
95.19793427569033
95.81674241201495
96.43555054833956
97.05435868466418
97.6731668209888
98.29197495731341
95.09105148669369
91.89012801607396
88.68920454545452
89.32564427495379
89.96208400445306
90.59852373395233
91.2349634634516
91.87140319295088
92.50784292245015
93.14428265194942
93.7807223814487
94.41716211094797
95.05360184044724
95.69004156994652
96.32648129944579
96.96292102894506
97.59936075844433
98.2358004879436
98.87224021744288
99.50867994694215
100.14511967644142
100.78155940594092
99.05991488956624
97.33827037319134
95.61662585681665
93.89498134044197
92.17333682406729
90.45169230769233
91.04576810893565
91.63984391017897
92.23391971142223
92.82799551266555
93.42207131390887
94.0161471151522
94.61022291639551
95.20429871763878
95.7983745188821
96.39245032012542
96.98652612136874
97.580601922612
98.17467772385532
98.76875352509887
95.7985027141658
92.82825190323229
89.85800109229933
90.45579003889947
91.05357898549966
91.65136793209984
92.24915687870003
92.84694582530017
93.44473477190036
94.04252371850055
94.64031266510074
95.23810161170087
95.83589055830106
96.43367950490125
97.03146845150144
97.6292573981018
94.7153892479746
91.8015210978474
88.88765294771969
89.48236932062912
90.07708569353849
90.67180206644792
91.26651843935736
91.86123481226679
92.45595118517622
93.05066755808565
93.64538393099508
94.24010030390451
94.83481667681394
95.42953304972337
96.02424942263292
94.28135651457751
92.53846360652233
90.7955706984668
91.35738412928822
91.91919756010964
92.48101099093105
93.04282442175247
93.60463785257389
94.1664512833953
94.72826471421672
95.29007814503814
95.85189157585955
96.41370500668097
96.97551843750239
97.5373318683238
98.09914529914545
96.1570573180743
94.21496933700337
92.27288135593227
92.85239479425695
93.43190823258169
94.01142167090637
94.59093510923111
95.1704485475558
95.74996198588047
96.32947542420521
96.9089888625299
97.48850230085463
98.06801573917937
97.25452700781943
96.4410382764595
95.62754954509967
94.81406081373984
94.00057208237985
94.62259266103405
95.24461323968836
95.86663381834256
96.48865439699676
97.11067497565097
97.73269555430511
95.88007469024956
94.02745382619378
92.174832962138
92.72580680426682
93.27678064639565
93.82775448852448
94.3787283306533
94.92970217278207
95.4806760149109
96.03164985703972
96.58262369916855
97.13359754129738
97.6845713834262
98.23554522555503
98.7865190676838
99.33749290981314
97.0692163787362
94.80093984765972
92.5326633165829
93.09709344280782
93.66152356903274
94.22595369525777
94.79038382148269
95.35481394770761
95.91924407393253
96.48367420015757
97.04810432638249
97.6125344526074
98.17696457883244
98.74139470505736
99.30582483128228
99.87025495750731
96.70744640070734
93.54463784390794
94.06890252135037
94.5931671987928
95.11743187623523
95.64169655367766
96.1659612311201
96.69022590856252
97.21449058600496
97.73875526344744
98.26301994088988
98.78728461833231
99.31154929577474
97.57524486609327
95.8389404364118
94.10263600673022
94.67362265454949
95.24460930236887
95.81559595018814
96.38658259800752
96.95756924582679
97.52855589364606
98.09954254146544
98.67052918928471
99.24151583710409
97.11628567064122
94.99105550417812
92.86582533771525
90.74059517125221
91.35601206436337
91.97142895747453
92.58684585058569
93.20226274369685
93.81767963680801
94.43309652991917
95.04851342303033
95.66393031614149
96.27934720925265
96.89476410236381
97.51018099547491
95.29337950908757
93.07657802270023
90.85977653631289
91.48790873930545
92.1160409422979
92.74417314529046
93.37230534828302
94.00043755127547
94.62856975426803
95.25670195726047
95.88483416025304
96.51296636324548
97.14109856623804
97.76923076923049
94.97885083286519
92.1884708964999
89.39809096013482
90.05324240608638
90.70839385203794
91.36354529798962
92.01869674394129
92.67384818989285
93.32899963584441
93.98415108179609
94.63930252774776
95.29445397369909
93.15714207202973
91.01983017035991
88.88251826869043
89.55960132198311
90.23668437527579
90.91376742856835
91.59085048186103
92.2679335351537
92.94501658844638
93.62209964173906
94.29918269503173
94.97626574832441
95.65334880161708
96.33043185490976
97.00751490820232
97.684597961495
95.52680013492773
93.36900230836
91.21120448179272
91.81321107659414
92.41521767139568
93.0172242661971
93.61923086099864
94.22123745580006
94.82324405060149
95.42525064540303
96.02725724020456
93.86140766686276
91.69555809352096
89.52970852017938
90.10101310533719
90.6723176904951
91.24362227565302
91.81492686081094
92.38623144596875
92.95753603112666
93.52884061628458
94.10014520144239
94.6714497866003
95.24275437175822
95.81405895691609
95.49525226757368
95.17644557823127
94.85763888888886
94.53883219954645
94.22002551020404
93.90121882086163
93.58241213151928
93.26360544217675
93.8456508433386
94.42769624450034
95.00974164566207
95.59178704682392
96.17383244798566
96.7558778491474
97.33792325030925
97.91996865147098
98.50201405263272
99.08405945379457
99.6661048549563
100.24815025611815
96.81919332450525
93.39023639289235
89.96127946127945
90.51764030432969
91.07400114737993
91.63036199043017
92.18672283348042
92.74308367653066
93.2994445195809
93.85580536263114
94.41216620568139
94.96852704873163
95.52488789178187
96.08124873483212
96.63760957788236
97.19397042093215
93.68075394317293
90.16753746541372
86.65432098765439
87.28053978761398
87.90675858757356
88.53297738753315
89.15919618749274
89.78541498745233
90.41163378741203
91.03785258737162
91.6640713873312
92.2902901872908
92.91650898725038
93.54272778720974
91.64763928128127
89.75255077535257
87.85746226942422
88.52163876254019
89.18581525565617
89.84999174877214
90.51416824188811
91.17834473500409
91.84252122812006
92.50669772123604
93.1708742143519
93.83505070746787
94.49922720058385
95.16340369369982
95.8275801868158
96.49175667993177
94.32914278289263
92.1665288858535
90.00391498881436
90.62460791279307
91.24530083677189
91.8659937607506
92.4866866847293
93.10737960870813
93.72807253268684
94.34876545666566
94.96945838064437
95.59015130462319
96.2108442286019
96.83153715258072
95.10536707033043
93.37919698807991
91.65302690582962
92.19408324732319
92.73513958881676
93.27619593031034
93.81725227180391
94.35830861329748
94.89936495479105
95.44042129628463
95.9814776377782
96.52253397927177
97.06359032076534
95.39175072996045
93.71991113915578
92.048071548351
92.57763545905573
93.10719936976034
93.63676328046506
94.16632719116978
94.69589110187451
95.22545501257923
95.75501892328384
96.28458283398857
96.81414674469329
97.34371065539801
97.87327456610274
98.40283847680735
98.93240238751207
99.4619662982168
99.9915302089214
99.02556234646272
98.05959448400404
97.09362662154547
97.53826672889454
97.98290683624356
98.42754694359263
98.87218705094165
99.31682715829072
99.76146726563974
100.20610737298881
100.65074748033783
101.09538758768684
101.54002769503592
101.98466780238493
101.68823748230557
101.39180716222626
101.09537684214689
100.79894652206752
100.50251620198821
100.20608588190885
99.90965556182948
100.39791374993877
100.88617193804805
101.37443012615745
101.86268831426673
102.35094650237602
102.8392046904853
103.32746287859459
103.81572106670387
104.30397925481316
104.79223744292244
103.69955921779524
102.60688099266781
103.0329762567651
103.45907152086238
103.88516678495972
104.311262049057
104.73735731315429
105.16345257725158
105.58954784134886
106.01564310544609
103.0504985519974
100.08535399854873
97.12020944509959
94.15506489165091
91.18992033820223
88.22477578475332
88.74082720257115
89.25687862038887
89.7729300382066
90.28898145602443
90.80503287384215
91.32108429165987
91.8371357094777
92.35318712729543
92.86923854511315
93.38528996293098
93.9013413807487
94.41739279856654
94.93344421638426
95.44949563420198
95.96554705201982
96.48159846983754
96.99764988765526
97.51370130547309
98.02975272329081
98.54580414110853
99.06185555892637
99.57790697674409
97.0223544156247
94.46680185450532
91.9112492933861
92.35749857635955
92.80374785933299
93.24999714230643
93.69624642527987
94.1424957082533
94.58874499122686
95.0349942742003
95.48124355717374
95.92749284014718
96.37374212312062
96.81999140609418
97.26624068906762
97.71248997204106
98.1587392550141
94.97091448267383
91.78308971033357
88.59526493799325
89.05395853182603
89.51265212565869
89.97134571949147
90.43003931332424
90.8887329071569
91.34742650098968
91.80612009482246
92.26481368865512
92.7235072824879
93.18220087632068
93.64089447015334
94.09958806398612
94.5582816578189
95.01697525165156
95.47566884548434
95.93436243931711
96.39305603314978
96.85174962698255
97.31044322081533
97.769136814648
98.22783040848077
98.68652400231349
98.08384999750047
97.48117599268744
96.87850198787442
96.27582798306139
95.67315397824831
96.11435719611035
96.55556041397239
96.99676363183443
97.43796684969635
97.87917006755839
98.32037328542043
98.76157650328247
99.2027797211444
99.64398293900643
100.08518615686847
100.52638937473051
100.96759259259261
98.5203051382814
96.07301768397019
96.48645112522286
96.89988456647541
97.31331800772807
97.72675144898062
98.14018489023329
98.55361833148584
98.9670517727385
99.38048521399105
99.79391865524371
100.20735209649638
97.76154554180857
95.31573898712031
92.86993243243245
93.30447118828437
93.7390099441364
94.17354869998832
94.60808745584023
95.04262621169215
95.47716496754407
95.9117037233961
96.34624247924802
96.78078123509994
97.21531999095185
97.64985874680377
98.08439750265569
98.51893625850772
98.95347501435964
98.58927331866346
98.22507162296733
97.86086992727115
97.49666823157497
97.13246653587885
96.76826484018261
97.21579125212361
97.6633176640646
98.11084407600549
98.55837048794638
99.00589689988738
99.45342331182837
99.90094972376926
100.34847613571014
99.77758296219054
99.20668978867093
98.63579661515121
98.06490344163149
97.49401026811177
98.04599966159151
98.59798905507125
99.149978448551
99.70196784203063
100.25395723551037
100.80594662899011
101.35793602246986
101.9099254159496
99.8314195884277
97.75291376090581
95.67440793338392
93.59590210586225
94.16364744735472
94.73139278884719
95.29913813033966
95.86688347183212
96.4346288133246
97.00237415481718
97.57011949630964
98.13786483780211
98.70561017929504
95.9320462534638
93.15848232763256
90.38491840180075
90.99168439691493
91.59845039202912
92.20521638714331
92.8119823822575
93.41874837737168
94.02551437248587
94.63228036760006
95.23904636271425
95.84581235782844
96.45257835294262
97.05934434805681
97.666110343171
98.27287633828519
98.87964233339937
99.48640832851356
99.09881744911229
98.7112265697109
98.32363569030952
97.93604481090813
97.54845393150674
97.16086305210536
96.77327217270397
96.38568129330258
97.04384966137661
97.70201802945064
98.36018639752456
99.01835476559847
99.6765231336725
100.33469150174597
98.27612947029002
96.21756743883361
94.15900540737766
92.10044337592126
90.04188134446531
87.98331931300936
85.92475728155341
86.48166878679763
87.03858029204196
87.59549179728629
88.1524033025305
88.70931480777472
89.26622631301905
89.82313781826338
90.38004932350759
90.93696082875181
91.49387233399614
92.05078383924047
92.60769534448468
93.1646068497289
93.72151835497323
94.27842986021756
94.83534136546177
92.77062750151708
90.7059136375724
88.64119977362759
89.16085031154932
89.68050084947106
90.2001513873928
90.71980192531453
91.23945246323626
91.759103001158
92.27875353907973
92.79840407700146
93.3180546149232
93.83770515284493
94.35735569076667
94.8770062286884
95.39665676661014
95.91630730453176
96.43595784245349
96.95560838037522
97.47525891829684
96.89175222366669
96.30824552903664
95.72473883440648
95.14123213977643
94.55772544514662
95.14408513148555
95.73044481782438
96.31680450416331
96.90316419050225
97.48952387684108
98.07588356318001
98.66224324951895
99.24860293585778
99.8349626221966
97.11018964950472
94.38541667681329
91.66064370412198
92.19353395857297
92.72642421302396
93.25931446747495
93.79220472192594
94.32509497637693
94.85798523082792
95.39087548527891
95.9237657397299
96.456655994181
96.989546248632
97.52243650308299
98.05532675753398
98.58821701198497
99.12110726643641
96.90964839783919
94.69818952924152
92.4867306606435
93.05047909978123
93.61422753891895
94.17797597805657
94.74172441719429
95.30547285633202
95.86922129546974
96.43296973460735
96.99671817374508
97.5604666128828
98.12421505202053
98.68796349115837
96.43763313591762
94.18730278067687
91.93697242543612
92.48050089456876
93.02402936370152
93.56755783283415
94.1110863019669
94.65461477109955
95.1981432402323
95.74167170936494
96.28520017849769
96.82872864763033
97.37225711676308
97.91578558589583
98.45931405502847
99.00284252416122
97.9445817116366
96.88632089911198
95.82806008658758
94.76979927406296
93.71153846153857
94.33944661741282
94.96735477328707
95.59526292916132
96.22317108503557
96.85107924090983
97.47898739678408
98.10689555265833
98.73480370853258
99.36271186440672
97.72896305002268
96.09521423563865
94.46146542125462
92.82771660687058
91.19396779248655
89.56021897810217
90.1445931224913
90.72896726688055
91.31334141126979
91.89771555565903
92.48208970004828
93.06646384443752
93.65083798882682