1   98.21949221949222
33   90.91134185303514
35   92.91377921031426
45   91.1408
47   92.68276972624798
62   89.63187702265373
70   105.19067443796837
111   106.1575907590759
115   104.42067876874506
119   107.05240488155061
120   101.80330448465776
122   105.24819624819622
124   100.27863777089783
126   103.35724533715927
161   81.99457364341086
169   98.33803921568628
209   88.2014705882353
211   90.59761549925484
221   88.21060606060605
228   94.58659793814434
270   83.92526964560864
273   89.66848673946959
309   79.07303807303808
318   88.65475223395613
327   86.85907046476757
329   92.64649243466283
347   80.93840304182504
359   94.22920696324951
383   87.90548780487802
386   91.94435857805254
398   88.91284046692607
407   93.77535545023697
432   91.35955940204565
468   79.37438423645318
472   84.46812749003948
474   101.64655172413794
502   93.39669421487588
508   99.26246719160105
543   87.66406926406927
547   87.75403949730662
551   96.23992322456814
568   91.19463601532561
572   103.00075414781298
588   97.48872180451127
590   111.81894990947512
601   98.52104055087989
603   104.62491582491583
618   91.75299401197606
623   92.98322147651004
624   94.52439024390245
635   91.82347235693499
641   93.30614406779662
657   89.78181818181815
663   95.78519195612432
670   93.33333333333331
675   93.77589453860628
676   97.29588607594937
687   93.7211155378486
689   94.3375451263538
696   101.7308868501529
721   98.72525439407957
765   80.14218381775345
772   107.59610027855155
801   88.57218442932731
806   89.33003300330029
808   94.59556786703604
849   78.19292851652563
852   90.1637337413925
870   83.84222560975604
872   89.07744874715263
878   88.7677760968229
879   90.99393479909021
887   88.42173252279633
889   90.16729464958553
905   84.04314912944733
907   85.76510067114094
925   78.86074980872218
928   86.73018292682923
946   80.41811320754721
965   88.47746371275781
973   86.15542077331315
976   88.27846153846156
1003   81.28284389489954
1010   83.7637130801686
1014   98.83940397350992
1065   77.44373503591379
1072   79.16758457907162
1080   76.17360565593087
1085   76.61472868217055
1092   74.1728971962616
1095   82.68174846625766
1109   77.99390708301598
1112   89.4501510574018
1136   80.96458176337603
1141   84.02320359281435
1145   82.90716981132061
1151   86.12198795180723
1156   84.36623963828197
1158   88.82134746404239
1170   84.76760030280093
1173   90.88922610015175
1200   80.73008507347254
1203   85.73204633204637
1212   82.8633204633204
1214   86.54715510522212
1229   81.6891996892
1278   88.99152542372882
1281   93.65554693560904
1306   83.1077283372365
1309   90.36612021857923
1334   83.57231245166258
1348   104.43312597200622
1364   100.19389312977091
1368   110.07171314741038
1379   106.75295043273013
1382   110.12259615384613
1394   106.04625199362044
1404   115.43892165122156
1461   87.05512422360243
1472   95.32638888888889
1480   92.79816513761466
1483   95.16345412490364
1492   92.2740569668976
1497   93.95245398773011
1500   93.06957186544342
