1   84.59117896522477
8   86.90833333333333
88   77.9749393694422
94   81.13703099510603
119   84.58585055643879
146   82.16409861325116
151   86.4717868338558
226   77.68607395751377
234   82.12559241706161
255   80.12442396313364
260   81.24710424710425
269   80.34648105181748
277   85.85939968404423
337   78.41277258566981
339   81.30397505845674
350   80.44530046224963
361   83.38639876352396
370   82.78395061728395
378   83.72762345679013
417   79.27316293929712
419   80.82142857142857
444   77.64263074484938
446   80.94290245836638
453   80.53186467348544
456   83.03142183817755
493   78.97421874999998
498   93.63529411764708
581   79.93650793650795
586   86.02824427480915
626   81.31839258114371
630   89.19704049844236
658   85.98281250000002
661   91.81919111816019
776   72.17705167173253
783   83.28767123287673
785   82.16337719298245
787   82.20590790616853
807   79.9777777777781
811   72.74064837905237
814   72.93908629441626
834   70.07784911717499
840   82.82769726247989
866   78.23670668953673
878   88.84736842105258
948   71.65662172878672
954   84.21128798842255
977   80.97341040462425
980   87.18026315789473
1003   87.353115727003
1065   74.75967078189296
1066   75.64137931034483
1067   75.64137931034475
1073   86.97588126159555
1150   67.7991769547325
1155   79.58015873015873
1199   74.03201219512198
1215   94.62043795620457
1232   82.59538274605097
1258   93.95959595959607
1269   90.30273141122962
1272   96.62884483937114
1309   84.52258064516127
1310   85.31274131274125
1407   71.2992817238628
1412   73.46414602346704
1413   85.33565217391305
1432   87.51999999999998
1448   85.04095563139936
1471   78.96791443850267
1472   78.9679144385027
1485   88.98937040065414
1500   87.0967987804878
