1   75.28969149736645
4   76.43468468468468
36   71.24586466165414
42   71.89985590778097
44   71.04975922953452
46   71.2073027090695
47   71.16493656286043
51   71.18581907090464
66   68.82047584715212
99   68.97689075630251
101   94.5104953820319
130   83.45515695067265
132   85.67420814479638
160   79.57153127246585
186   72.56770098730607
189   77.48011363636364
229   68.9739010989011
231   71.3254397834912
278   61.873921698739196
282   68.536875
313   64.59906604402931
316   68.22098360655738
328   66.680600914435
335   72.96692392502757
370   66.01111883252258
374   71.79087193460491
389   69.37883008356546
392   73.6188524590164
430   65.26612903225808
433   72.16310160427807
476   63.96698762035763
480   69.38862559241704
494   66.0235531628533
504   75.86966824644549
515   72.12935323383084
525   74.66307857911733
549   67.743264659271
555   68.47585513078468
559   69.89312977099235
560   74.53988603988603
572   68.97142857142853
577   74.85202312138728
616   74.34687156970364
638   67.90072057646117
640   68.35443037974683
642   65.0
648   72.54255319148936
670   66.41726618705025
676   71.51327433628319
685   69.0577731092437
694   69.34829931972786
695   72.0112923462986
717   65.31699554423926
720   72.124150710315
730   69.97898883782011
733   75.89603638726447
763   67.51522842639588
765   74.04917025199754
782   69.7138783269962
785   69.99347258485636
788   71.11184210526312
789   72.2208121827411
813   65.15732613099257
816   70.90915163660655
839   76.8579003181336
875   66.5
880   73.3935790725327
903   66.29222520107237
906   71.7883258499038
926   66.70632737276469
929   70.79233870967744
954   63.81515957446811
957   67.46980756469807
976   63.125911199469854
979   68.01874595992243
1004   62.37442622950812
1007   69.22984886649874
1028   64.4898360655734
1030   70.70187945560593
1063   63.07010582010582
1066   69.21791613722999
1089   64.3155497722837
1092   70.75487115021997
1111   66.09974587039369
1114   73.27675276752765
1125   70.21899736147758
1132   71.04607329842929
1133   75.08476517754872
1154   68.65890778871983
1161   77.88377723970945
1177   71.3766596785465
1180   77.60378634212304
1202   70.87099236641222
1210   71.47154471544673
1211   76.58287596048297
1228   70.11082307193783
1231   79.430935709739
1247   74.60815253122928
1249   80.4906391220142
1268   74.04851228978009
1271   79.45536287732818
1294   72.10445859872613
1297   77.16282051282053
1312   72.89373680506685
1321   73.07094918504299
1322   79.55445544554459
1356   77.21198156682021
1394   66.83062500000005
1397   73.95164290142593
1431   66.48409669211196
1433   70.3705329153605
1447   67.79835651074609
1450   72.0012476606363
1464   69.34146341463429
1466   73.44137931034484
1487   68.62148337595909
1490   73.10436432637573
1500   70.64615384615385
