1   59.37146226415095
24   57.55238095238096
30   59.551116333725034
43   58.23384253819036
114   70.68010075566751
159   61.570749108204524
161   65.57091775923719
178   62.946745562130175
208   72.71733966745842
281   57.58283671036952
284   62.62222222222222
324   56.77449822904367
327   59.905704307334105
337   58.50235294117647
343   62.07351225204201
378   62.069216757741344
404   57.35697115384613
407   61.518474374255064
425   59.153098420413116
432   61.03004807692308
439   60.17149758454107
444   61.599045346062056
449   60.91696750902531
452   64.59020310633214
462   63.15795724465556
464   64.8643457382953
487   60.96630565583632
489   62.39187574671446
503   60.2258064516129
507   61.96126760563379
524   59.49643705463177
526   65.40692124105011
579   60.608536585365854
580   60.60853658536587
584   60.087804878048786
590   60.496977025392994
595   60.01842751842753
597   61.726609963548
619   58.95471698113208
626   60.46186440677967
628   60.37438423645321
632   64.07274826789839
642   62.197660818713445
646   63.74537037037035
670   59.40930232558139
707   58.09928229665071
714   59.63207547169813
732   57.65779927448608
766   56.731585518102406
769   60.32718327183272
790   57.38166047087981
792   60.278588807785894
819   56.69469598965071
822   59.994917407878035
837   58.07106598984774
867   56.583120204603574
870   62.02224969097654
885   58.843828715365234
888   63.37037037037038
906   59.48874999999998
910   71.4474327628362
938   63.96514423076928
940   67.53398058252426
955   64.44740024183795
966   73.97348484848482
1000   65.10545023696682
1007   67.02021403091558
1026   63.09820359281437
1029   67.60606060606062
1063   62.35609756097561
1066   65.69240196078431
1082   63.36363636363636
1083   63.363636363636374
1086   62.72694174757281
1095   64.67883211678833
1118   65.32147742818057
1139   60.91450777202073
1148   61.15258215962422
1149   66.0
1181   57.38537794299873
1183   60.27832512315274
1199   57.25987261146497
1207   60.620174346201736
1217   59.05527638190961
1219   61.206030150753804
1239   57.898064516128954
1244   59.10371318822024
1253   57.75228161668838
1255   59.876288659793815
1270   57.827272727272714
1272   59.569974554707414
1285   58.07206068268016
1287   59.69201995012469
1302   58.096894409937875
1307   58.931034482758605
1323   56.80397022332511
1327   58.93251533742331
1342   57.29289215686276
1345   59.40821256038649
1368   56.11221945137157
1374   58.13096695226437
1392   55.10453400503775
1396   59.30140186915878
1412   55.63303909205547
1420   59.35990338164254
1439   55.60919540229884
1441   57.19065656565657
1442   57.15829145728644
1443   57.15829145728645
1457   54.685567010309114
1459   58.042875157629254
1470   56.71099744245521
1472   59.48024691358023
1494   57.04985337243397
1497   65.62020905923345
1500   65.17647058823529
