1   96.86206896551724
2   96.9845422116528
7   95.34657039711192
21   95.93720930232558
23   93.92956120092379
59   97.14201877934272
68   85.71681415929204
86   90.14868105515588
110   88.84444444444443
116   95.44186046511628
120   95.37853773584905
158   98.04562737642587
163   93.90090090090092
164   92.06153846153846
171   94.00244200244201
177   93.33060747663552
179   93.34109429569267
180   93.33566433566433
203   97.30678851174935
217   94.63076923076926
218   91.39669421487604
234   96.35314685314688
239   76.71220604703248
256   83.39550264550263
380   90.39307787391841
384   83.88526570048309
413   88.86585365853658
416   86.35244922341697
436   89.03869407496978
441   86.28281622911695
449   87.83809523809524
458   85.15277777777777
489   91.68848484848485
492   85.38506417736289
504   86.95744680851064
511   85.51001177856301
548   91.58777633289986
552   87.44558823529412
593   93.86706586826358
595   89.87853773584905
639   96.2933333333333
647   95.0786290322585
648   85.92972972972973
675   92.34444444444443
697   90.58333333333348
698   85.5
727   92.36643026004731
730   88.03456221198157
746   90.43764988009592
753   89.77553444180522
768   91.73596176821985
770   90.49524940617577
782   91.93003618817853
806   92.69119420989148
808   89.76498800959233
834   93.17380660954723
863   92.63189448441248
866   89.64546525323911
905   95.9928057553957
909   85.48022598870057
924   88.47531572904705
927   83.55328798185941
955   89.0526315789474
958   85.86406619385343
987   91.31411042944785
990   84.97020262216925
1031   93.73461538461538
1040   93.1672661870507
1041   83.13768115942025
1069   92.04273504273505
1072   88.12903225806451
1101   93.06747638326584
1115   81.49823321554771
1149   88.399659863946
1151   80.6960784313726
1187   89.99759903961585
1190   87.5880952380952
1203   89.73062730627316
1206   84.18571428571428
1222   87.46494464944647
1230   84.50847457627151
1231   79.73162939297129
1263   89.48095238095243
1271   79.563440860215
1316   92.70024570024572
1326   83.13333333333334
1352   91.52004860267311
1361   83.10684273709484
1395   90.92690513219304
1402   88.76059850374077
1403   81.04320987654319
1444   93.10674846625761
1447   84.5224787363305
1472   90.51668726823254
1475   85.49633251833741
1494   89.51518833535852
1500   85.64060676779464
