1   87.34705075445817
31   84.67037552155772
50   73.84981684981685
53   73.86536107711139
55   73.55717761557179
57   81.92798913043478
61   73.31226765799254
64   81.43287671232878
67   5.211538461538453
86   5.2792792792792795
87   5.279279279278853
100   80.4305912596401
102   5.776536312849174
114   6.4193548387096655
127   5.018867924528308
128   5.0188679245275125
148   69.84041331802518
151   77.90685640362226
152   77.84625492772668
179   86.64830508474576
225   72.55451348182883
228   81.10657894736842
230   72.4458672875437
235   81.23653846153866
238   5.325842696629223
246   5.753623188405811
247   4.787610619468978
249   82.81163434903047
276   82.56818181818181
278   82.45132743362832
279   82.46153846153847
309   80.01278772378515
311   82.08796895213455
337   79.88212927756655
339   82.05276705276705
409   79.27525252525253
427   77.4798041615667
457   80.36861313868611
477   76.82262210796915
482   78.78690629011555
493   77.02190721649481
495   80.62367021276596
518   4.992805755395693
524   7.850931677018622
541   4.78688524590163
566   7.9090909090909065
567   7.909090909090082
573   91.00677506775068
592   88.05074257425743
593   88.05074257425744
605   86.21926489226871
629   96.53438395415472
674   88.98853503184716
676   92.3280839895013
710   87.52734375
733   82.94430379746836
737   86.33037974683543
740   85.97727272727273
741   85.97727272727275
750   75.51769911504425
752   84.07231920199501
773   72.07742639040349
775   80.2268803945746
786   78.54791154791155
790   79.80952380952382
816   71.20280474649407
821   78.30035756853395
825   71.1643090315556
834   96.734395750332
896   75.47544642857156
898   82.8960880195599
907   74.19847328244273
910   75.02150537634408
911   75.00965665236072
914   83.21992709599027
917   74.49294245385454
919   82.51636363636364
922   73.43137254901967
926   83.86097560975611
929   76.18984547461378
931   83.55420219244843
946   73.62857142857138
948   76.94084821428572
949   76.81737193763911
951   83.64957264957263
968   72.98577680525165
971   83.74753694581281
979   74.71490750816105
982   75.29714912280701
984   74.34669555796313
986   81.90864799025579
999   80.49580838323348
1002   81.49939393939394
1013   80.34745762711864
1021   82.22787878787881
1037   80.69559902200488
1038   80.6955990220049
1041   80.37973137973138
1044   81.7128712871287
1056   73.79481397970676
1058   80.20336134453783
1061   79.74198250728864
1065   80.50063694267514
1073   71.96119733924613
1075   71.97886540600669
1077   71.76094276094273
1082   73.97168742921858
1083   73.97168742921849
1085   80.90358467243512
1091   72.71300448430475
1093   79.76485148514851
1100   78.71428571428571
1101   78.71428571428572
1110   69.43638392857156
1112   76.58509316770187
1129   71.93533487297918
1131   78.64990689013035
1134   77.79354838709678
1137   78.05114401076716
1139   77.98172323759792
1142   80.21722846441949
1169   76.96469104665834
1191   76.25777202072527
1193   78.75526315789472
1203   77.33046471600689
1206   78.1638418079096
1213   78.01468189233279
1216   78.40666666666667
1226   77.621997471555
1231   82.60201511335013
1247   81.57180851063828
1250   83.01560062402496
1253   82.72352132049518
1255   82.74206896551726
1257   82.57796852646638
1265   90.86292428198433
1299   84.38888888888891
1304   86.809585492228
1313   86.03293807641637
1315   86.659420289855
1317   85.44339622641509
1318   85.44339622641519
1319   84.16042780748663
1332   90.92222222222222
1356   83.87960687960688
1362   83.32539682539682
1364   83.38425925925924
1371   5.61818181818181
1379   84.77615062761507
1382   84.72621359223301
1383   84.73126142595979
1385   84.71198830409367
1396   89.90596026490067
1415   87.3921568627452
1417   91.14397905759161
1441   87.15394566623536
1445   91.31454783748363
1469   87.90668348045392
1471   91.64878671775222
1500   87.48930817610064
