1   74.35033050047214
7   68.96033402922755
9   71.96469685341519
47   52.53936797000536
49   52.73917869034406
58   48.16923076923078
64   74.3597855227882
75   69.76673640167364
80   88.71660916707738
114   73.94538606403013
122   77.68854018069425
164   61.055317119694806
167   64.56650717703349
188   55.824871914299024
192   67.51819923371647
213   58.45438121047877
215   58.70782693242586
254   41.36804901036757
256   42.111442786069645
264   40.51412691060676
266   41.5807750377453
268   39.18378887841659
270   39.32233502538071
272   38.058851004203646
276   42.022047244094495
278   39.916500994035786
282   42.883215369059656
289   42.79674060660932
297   77.72761904761903
314   69.83167848699765
317   75.81972628598396
326   72.20696232713397
329   77.03765490943756
344   72.38835877862596
348   78.2834123222749
373   69.436958614052
377   73.28233590733589
381   72.07055365017149
383   72.34071885770557
389   70.74148003894837
394   72.5600388915897
412   69.14167879670063
431   82.88492629576794
452   75.28338136407302
455   78.39589442815249
465   75.21253672869739
467   78.30218687872764
475   76.3245657568238
478   79.56268656716418
518   61.852886405959
522   78.77078327727054
554   65.33824228028504
558   80.79866412213741
589   68.44306812767991
591   76.49712368168747
605   70.70758293838861
609   81.93911007025761
627   75.03130841121492
630   84.96538821328346
653   74.83920296570898
656   86.2143522833178
684   73.46527777777771
689   78.07123034227567
692   77.06007751937985
702   77.23859041016749
703   82.32607003891047
723   72.38631143775838
728   89.90661118816459
757   75.74382433668802
760   82.6473010064044
777   74.20632737276469
780   82.36405318661167
793   75.51448275862069
796   82.49632690541779
819   70.33934350439205
827   73.85844748858449
838   68.29403669724775
843   84.95541401273886
870   69.23639689071797
874   80.56737918215612
886   74.5013824884793
889   80.2869850187266
895   78.640522875817
899   79.03990384615383
914   72.01032863849764
916   76.81306199716045
927   72.57041587901705
933   75.08015087223009
958   59.624470787468454
962   79.58392101551482
985   68.27046918123233
988   81.45724907063197
1010   70.82518796992463
1013   77.38138424821
1029   70.25875758991128
1037   74.31145251396651
1071   57.02931034482759
1075   71.19972067039112
1088   64.75310344827585
1094   87.6963133640553
1107   81.22633002705152
1110   87.91807780320369
1118   83.34894191805495
1128   89.67207207207207
1147   79.71166741171237
1151   97.48127600554784
1182   79.61350249207078
1189   83.2246278755074
1208   72.53330291970792
1212   83.09174311926608
1226   75.2203856749311
1231   88.5656235404017
1249   78.28248847926261
1253   86.98068965517245
1264   80.81630783325699
1272   83.63095238095241
1273   83.1616022099447
1276   89.1907192575406
1284   85.24457775726819
1287   89.21898148148148
1294   85.92926045016065
1297   90.6377148165351
1310   83.62431444241315
1314   90.69320297951583
1341   77.04465116279061
1346   84.87505849321474
1354   80.73890705277904
1360   88.14957264957263
1372   81.18130311614732
1377   88.2880778588808
1388   82.50481695568402
1396   84.27361246348585
1404   82.89728682170542
1412   82.99464198733563
1416   80.99216837983357
1419   83.96580361504641
1421   83.20460107684778
1425   83.5462598425197
1429   82.12457254518807
1431   82.6234084231146
1441   77.8158914728682
1449   79.56960784313719
1454   77.24876604146084
1465   83.83054287163873
1493   67.08895705521473
1497   67.94530858003009
1499   67.09939759036138
1500   68.2445109780439
