1   91.08083375699034
69   94.46313131313131
80   108.10622710622715
83   87.0039980009995
93   99.07099697885195
105   90.16439688715953
112   97.66338097585015
116   88.80670228266149
122   95.6609505144537
125   88.13756097560976
137   101.4434008897677
140   92.96980198019801
151   104.28196058615463
157   100.4673417721519
160   103.44773074961753
167   102.02884615384616
175   110.19527559055109
179   86.44207920792081
204   118.14554510237963
207   107.7920691408236
222   125.34476641040806
227   97.89758739537174
243   120.52637302882005
250   92.11137782045125
270   117.71045576407505
275   91.67236180904523
295   118.12571103526739
301   104.12366953877344
308   113.84021871202916
322   102.0725352112676
336   117.4148816234499
345   77.13471502590676
359   98.37142857142857
363   86.32964824120603
377   105.41993637327687
382   88.75465994962212
394   106.59278897136801
400   91.54731457800511
414   109.49311294765835
417   100.75487612018978
427   113.67550790067719
431   103.68657505285412
453   118.8668621700881
456   110.41694537346712
468   124.75606557377046
471   118.65641952983725
477   118.97477477477469
480   113.96315192743765
483   113.99087799315839
485   109.63146192329071
494   119.92353289863664
500   108.66372170071784
515   125.14765525982261
518   115.30022962112514
523   115.38285714285712
525   110.47155361050329
537   123.91640673736765
542   104.54120734908133
557   124.32432432432427
562   120.7745208568208
572   130.94760969220698
578   128.21370716510904
582   131.1865284974092
590   91.6831168831169
613   127.13894324853209
618   112.00778642936596
629   125.52512562814081
641   98.99730458221023
649   109.45682451253481
654   94.96274921301153
661   104.8138528138528
665   101.87281399046105
673   113.75576036866357
679   111.8216489063376
687   122.17530864197533
691   112.29854910714289
723   132.52364149611867
727   117.02196531791913
734   127.11802030456852
740   94.32269874476992
752   114.65976496922215
758   89.58854166666674
773   114.22662889518415
777   99.53778467908899
789   118.01262191623638
795   92.84893184130215
809   115.53519553072624
813   102.97715472481832
824   119.09096176129788
829   102.11213991769546
843   122.61457725947523
851   122.58938869665519
855   127.9415829145729
859   119.66046249294982
868   130.73438485804422
880   110.50678496868477
888   121.10940076965369
896   117.00762942779284
901   123.58134243458517
906   103.16812790097993
918   122.05336426914164
923   100.86454592098517
938   125.19642857142844
943   103.05590062111801
954   117.57681641708223
959   90.53658536585363
973   115.15414364640856
978   97.12878787878799
984   105.97988653945333
990   105.77186700767265
994   110.309272918862
1003   103.57878633350333
1012   116.14892443463862
1018   111.84853333333331
1033   131.07312252964425
1039   126.09988109393589
1043   130.4289292423291
1048   107.4552083333333
1059   125.14088556641764
1066   92.49442190669379
1081   119.22971491228054
1090   83.97169325784868
1108   103.12376779846659
1110   102.07006802721094
1122   120.81955762514553
1127   101.59264931087273
1138   118.97157475838543
1145   115.90103317020112
1151   124.69308700834335
1158   104.27059436913451
1170   120.32799084144244
1178   87.36603965429595
1192   113.52847754654977
1199   93.05564142194748
1213   116.92799070847855
1217   106.9655720338983
1230   126.19974309569716
1233   114.63381858902574
1240   124.14337349397601
1244   112.81135135135128
1254   127.4182389937107
1261   124.08856304985329
1265   128.61230964466995
1270   107.02545454545452
1282   125.49228944246715
1288   97.78084997439828
1311   130.878369493754
1315   119.97934115019541
1327   132.31023102310246
1337   123.30569655950367
1348   132.91312867406924
1352   131.80906768837804
1361   129.68827160493828
1363   129.985212569316
1365   124.25932300631098
1390   131.0108349267049
1394   133.95369127516778
1400   117.96505823627285
1410   129.2820999367489
1421   98.1187214611873
1433   116.17022441160373
1440   112.89777052746058
1449   124.64354066985652
1455   111.55597214783074
1474   134.3811881188119
1499   134.328398384926
1500   133.6171201061712
