1   77.31505016722409
28   72.8030810448761
36   87.28476084538376
56   74.87937187723055
61   77.57768924302786
62   93.1459923664122
78   81.70763723150358
95   146.39999999999964
140   80.2586649550706
143   81.72852664576803
156   79.33459595959596
158   80.82106598984771
169   78.87779910428662
172   81.16858237547893
187   81.01143583227446
200   78.65304798962387
211   81.97363344051448
239   76.73927392739274
241   80.0006435006435
252   78.23733162283516
255   80.92312579415501
266   78.96959896507116
273   79.62031047865459
283   77.76791584483892
285   78.41557591623037
304   74.8855622089155
307   77.23517786561264
316   76.00654450261777
319   80.31012250161186
365   70.86468200270633
368   75.27362204724409
389   72.92096668843894
393   72.19816272965879
398   76.46530872056016
408   74.90759493670885
410   78.06920634920635
431   74.17522464698328
444   74.43596377749031
447   76.23346303501947
504   64.27811094452773
511   91.18847736625503
534   71.57547791694128
538   75.26609157266091
549   73.38325703073906
560   78.32980132450331
577   74.93041749502981
580   77.05322687957418
587   76.19050802139037
589   76.58874172185432
595   75.50664893617021
602   76.7016611295681
614   74.41351351351351
619   76.45180722891565
627   75.10600945307226
632   76.86915254237289
641   75.28018679119413
645   76.53897401732178
652   75.4052069425901
682   85.69353717859624
704   81.84220907297833
715   89.18728403593641
738   80.95160190865712
743   81.54287690179808
745   81.39861111111111
746   81.56925207756234
753   80.1043656207367
761   80.142091152815
788   75.00803212851406
800   79.57475083056478
806   78.70892018779342
808   78.81104457751167
840   72.0405117270789
848   73.37622377622378
850   73.0752990851513
853   75.05655172413793
861   73.98200692041523
864   74.12525808671714
869   73.5210199862164
887   79.18022864828515
916   73.60833902939169
918   75.38663967611336
927   74.50878378378378
931   74.69517241379312
974   64.68804034582126
978   68.1930447125621
983   67.51483050847457
1005   70.9794034090909
1007   70.97937411095306
1035   75.57441471571906
1037   75.55172413793103
1056   79.42931034482758
1059   79.61458333333331
1079   74.13066871637203
1082   75.68564920273349
1130   64.66111111111104
1133   69.04613095238095
1150   65.9567854435179
1154   68.53885257806826
1163   67.10583941605842
1185   74.52129120879121
1199   72.82258064516122
1208   76.93510118632241
1225   73.70568335588632
1231   75.5238726790451
1243   73.26484322881922
1246   74.69308260577566
1258   72.40326975476842
1269   79.52877454299255
1301   71.23928806855636
1306   75.33609271523176
1340   65.95715227422556
1343   70.1094264996704
1355   68.39087301587301
1365   75.00521221146687
1376   73.05989232839829
1390   95.11093990755035
1403   71.48396501457727
1413   71.83980582524282
1424   65.4371667936025
1426   68.13962264150945
1439   65.40629470672502
1448   83.8940217391305
1451   82.44279069767481
1454   89.91750503018147
1461   72.74397590361468
1464   76.49122807017545
1473   74.5734720416126
1475   77.9547837483617
1498   70.34953111679454
1500   70.43560933448573
