1   96.8568281938326
44   103.41626794258373
46   103.3994140625
47   103.47711781888998
51   103.27445109780439
57   105.59777424483306
69   84.40712074303406
78   88.71957671957674
89   70.30054151624549
106   76.33099579242634
107   80.6008583690987
111   75.1553748870822
134   82.82980456026058
136   78.04291497975709
150   82.10835401157976
152   76.79519071310116
159   78.98751040799334
161   75.30581297388375
171   78.48796680497925
178   78.16750418760469
191   81.73934837092736
202   75.09576271186441
216   79.26382978723404
219   77.49830220713073
242   84.26164267569857
253   78.84146341463415
269   83.42721791559
276   82.40495137046861
283   84.39426523297493
291   83.26576576576576
294   84.27833182230285
297   81.47966728280961
304   81.58450046685346
305   79.84622641509434
343   92.61290322580646
348   85.8452380952381
365   90.63535031847134
368   86.81774960380349
385   90.84093872229471
392   84.0
414   87.79038461538462
430   64.92477876106194
450   72.22692307692307
453   68.26516634050881
460   70.31655372700868
463   66.11666666666666
468   66.47517039922104
473   61.24371373307544
478   61.4320987654321
479   60.211832061068705
537   88.02453385672226
544   87.07326732673268
546   87.40281973816707
549   81.77140077821012
577   90.28237585199611
592   63.06925207756234
645   84.09195402298855
650   82.7206266318538
682   93.83737646001794
684   90.4982238010657
698   94.59964412811382
704   81.15252784918596
739   92.83527305281996
746   66.05466237942119
799   87.78531073446334
801   85.97938144329896
826   94.54271844660184
829   90.01828681424445
838   92.63416988416998
842   84.45028680688335
857   89.15739868049013
870   76.13666987487969
888   82.42071494042165
891   79.1523545706371
932   93.4828934506354
942   75.89114194236926
974   86.855
977   78.31150793650794
1004   88.51153460381147
1007   79.49851632047478
1045   95.64470842332594
1048   88.38520130576717
1080   99.86157253599094
1083   91.7927631578948
1109   99.69166666666683
1117   84.29094827586209
1142   92.30000000000018
1144   86.5080971659919
1168   95.08759124087601
1188   96.93220338983053
1199   92.42662473794553
1211   96.18776371308013
1214   90.48261327713385
1221   92.71548117154816
1224   88.9336143308746
1255   99.5058949624866
1258   96.29761904761904
1273   100.47026431718064
1279   98.05524861878453
1320   110.98232323232332
1323   98.87408312958428
1347   106.91558441558436
1350   101.74120603015075
1359   104.00763358778613
1362   98.31421446384041
1381   93.87266553480475
1424   107.0
1435   96.68567026194148
1483   100.00628930817584
1484   107.5581395348836
1489   103.89984101748814
1500   105.29674306393244
