1   62.84480337078652
20   58.76258992805755
22   63.348591549295776
51   57.374815905743745
56   64.8919631093544
100   55.14924242424243
106   67.27341597796143
126   61.63076923076923
130   62.13829787234043
149   56.686248331108146
151   56.73172413793104
159   54.65637860082302
161   61.165181631254285
189   53.070571630204654
193   60.0891265597148
227   51.52173913043478
230   58.12023217247098
256   52.57341576506957
260   58.42735703245751
279   53.27049180327869
281   53.273484848484856
285   52.1297257227576
291   54.69135802469134
306   51.57590529247909
309   57.40519662921348
333   51.64796633941097
336   56.78932584269663
356   52.090158293186505
359   58.429080541696365
382   51.87977762334958
384   57.68616262482168
416   49.52789699570826
419   55.37148876404494
442   50.23661360347319
445   54.86845930232559
457   51.84620836286331
459   57.09044493070752
480   51.97415649676964
484   61.339652448657205
522   50.06696764484575
525   54.70755422587882
545   49.867724867724974
548   55.91672807663964
564   52.24299065420561
567   58.42902711323762
572   56.76764472640761
574   56.767741935483855
585   53.04510108864696
588   60.089528377298166
624   49.53713428357082
627   56.057121661721055
637   53.497336884154464
642   72.71889103803997
681   56.58708414872798
685   64.95110192837465
700   58.68880208333333
702   58.89305555555558
707   57.13800277392511
710   61.072199730094496
733   52.97739361702128
736   57.45763842561708
757   51.65665529010238
764   54.92313167259789
780   49.87394957983179
783   55.45590327169275
801   50.80157030692362
804   58.7683098591549
827   51.62855113636351
829   56.28479657387578
847   51.14824982841455
852   54.78852798894263
870   49.62903225806451
873   55.20594479830149
908   44.54949784791961
911   52.69677871148457
936   44.43997224149916
939   53.47862648913804
966   44.345823575331906
969   51.14978723404255
972   50.36150627615062
974   50.50129421915449
987   44.85579196217495
991   57.16666666666667
1016   48.21755027422296
1032   53.57106598984774
1035   64.05461538461543
1065   50.52016129032256
1068   58.01632363378282
1093   48.601788170563964
1101   51.494852941176475
1111   48.45573294629912
1115   59.05399239543726
1139   49.566187050359716
1141   49.57330415754922
1143   48.730158730158735
1147   55.06349206349205
1157   50.91899641577061
1159   51.170212765957444
1168   47.97151205259297
1173   57.86836200448761
1200   47.40634218289097
1205   55.47786131996659
1229   47.38799414348455
1232   52.2549167927383
1236   50.81473214285714
1238   50.894935752078595
1252   46.290088638195016
1254   47.40378548895899
1265   44.52340752110513
1269   52.25231481481478
1291   45.66339622641499
1294   53.04831288343564
1308   47.58991228070181
1312   58.02540415704391
1340   47.4147257700979
1344   54.14145907473312
1368   46.95051698670608
1375   49.712500000000034
1390   45.45003646973055
1394   50.926612305411425
1403   48.24602026049206
1407   54.43556895252449
1427   48.15378787878785
1430   53.23233908948191
1448   47.94999999999982
1452   55.02401921537228
1475   46.951032899770325
1477   53.22641509433963
1492   48.75598455598447
1496   56.931854199683016
1500   55.618110236220474
