1   64.97448979591837
3   69.45746388443018
11   68.48
34   75.37175324675324
54   70.06343906510851
56   75.27438016528926
95   66.53932584269663
98   71.38533541341654
106   71.26584234930448
118   75.51653543307087
133   72.084
136   78.70350404312669
145   77.30729166666669
148   82.5051413881748
164   77.372572815534
167   80.78614097968936
183   73.46529562982005
186   76.9287598944591
261   74.92525252525252
263   77.66666666666666
273   75.15472312703584
286   92.72400756143668
301   82.58718330849479
304   85.88591549295775
321   85.59206798866853
322   88.54177897574124
332   84.55694227769112
346   84.36468330134358
347   85.73214285714289
360   80.88756613756613
363   84.71088861076345
371   82.57377049180326
374   88.55399061032864
388   92.95975232198145
424   56.91009463722398
428   64.47398843930635
430   64.31063829787234
431   64.3130311614731
433   64.25070422535211
437   66.48730964467005
438   66.48730964466995
447   89.26748971193416
468   76.98122866894198
489   85.08119658119658
512   78.74343434343427
515   83.76235741444867
522   83.21386138613866
524   86.36274509803923
538   78.79025423728808
547   84.5
556   81.63380281690141
597   76.53308823529412
598   76.53308823529414
611   75.5613382899628
677   83.96692607003888
686   81.16334661354581
694   81.73103448275862
707   76.91365777080057
716   88.52032520325203
745   68.19615384615383
748   74.48457350272236
769   80.12589073634206
786   71.91750503018109
790   76.72420262664164
802   73.73070325900517
805   78.43957968476359
808   77.62271062271063
811   78.30674846625766
813   78.23362445414847
814   78.31333333333333
823   78.22935779816498
859   83.06422018348712
865   71.94117647058829
868   63.95566502463055
870   63.993576017130636
871   63.529175050301774
874   70.01845637583892
904   57.319930069930024
910   86.67578659370724
926   78.41853512705529
937   90.14075630252091
971   76.48301886792433
973   87.28000000000003
984   82.41798941798942
992   84.91981672394041
995   83.3988505747127
1005   89.58723404255318
1009   90.15654205607478
1048   89.4263038548753
1066   71.51474926253695
1069   79.19230769230771
1077   76.48869346733682
1080   84.8286516853932
1102   76.27368421052631
1109   76.61368421052629
1124   68.20545277507335
1127   77.77467597208374
1132   77.7219307450157
1136   82.07402597402597
1146   78.39007092198581
1149   83.5544794188862
1158   79.68786808009423
1161   81.79072532699168
1182   72.2336561743341
1185   82.45445445445444
1196   77.83179142136251
1199   77.88496302382907
1226   61.51618871415394
1232   84.10483042137719
1264   70.53944773175544
1267   76.04057971014493
1276   72.21232876712338
1279   76.49606299212599
1287   75.40660474716202
1310   80.76744186046511
1317   79.28207964601769
1323   79.91337719298247
1342   74.84420289855072
1343   74.84420289855075
1344   74.55079559363526
1359   79.69205298013247
1368   74.35443037974683
1372   74.37732342007433
1373   74.30654205607476
1388   79.76083707025407
1402   74.09322033898304
1412   74.99586776859508
1421   68.07194244604318
1425   70.43342776203966
1429   69.68678160919535
1443   76.36363636363636
1454   70.30090090090084
1457   74.18549747048905
1469   68.88474576271187
1489   83.18018018018019
1500   82.80564263322884
