1   88.52467385138968
5   91.20954003407155
8   80.21117318435755
26   94.26206896551724
29   82.60445682451254
44   92.9088335220838
46   81.59788654060067
57   88.79591836734693
60   71.44
82   89.07098591549294
85   76.19310722100657
96   84.66003316749584
99   73.35879505110275
124   93.49270482603816
127   83.71263736263737
140   92.63927968486212
147   88.26116071428571
153   92.92596747055524
157   76.81243184296619
170   88.01248581157773
173   79.17882611080637
186   89.1416478555305
193   83.12958843159066
195   84.32770270270271
198   67.45712694877506
227   89.16790830945558
230   75.42251950947603
248   88.77872582480097
251   77.66960352422907
263   87.28916339135321
266   75.89330430048994
273   82.0467032967033
277   69.52466124661248
294   85.1132596685083
297   77.67862969004892
310   88.04565952649386
313   73.11555075593952
328   87.11184939091913
331   73.67429193899781
349   90.18034617532103
352   78.84594447468699
362   87.80345211581289
365   78.16521264994549
378   90.19955406911924
382   74.97887323943661
401   93.48042505592844
404   78.4765539803708
425   97.69652025099822
427   82.52435686918446
439   93.88833883388361
442   78.44862829478214
460   95.32669983416235
462   82.19444444444446
473   93.34705228031146
477   79.97680690399136
494   97.49290176036345
497   85.68687982359427
511   99.23365548607171
514   84.03513664249863
527   98.0207732256203
531   80.57126886528783
550   100.64043653072952
553   90.71088435374145
562   99.47801256424918
565   78.72037652270211
593   107.13386308068459
597   87.93378226711559
605   96.39447958596907
609   76.63834422657953
627   96.10960451977417
630   83.550796265788
643   97.7066666666667
646   85.44758735440934
659   99.390589569161
663   82.29753424657531
674   94.64057142857155
678   75.22264980758655
698   97.89192330040669
701   80.15371716042478
717   97.34292425132116
720   81.49415692821367
736   98.88977272727243
740   78.56187845303862
756   96.14814814814781
759   79.31707317073176
779   100.8869565217392
782   85.68563380281694
791   94.93181818181802
795   73.44303797468353
815   96.52277904328002
818   82.92598775737338
833   98.77404667046085
836   76.51523545706368
855   99.05346985210463
859   79.0844837106571
872   93.80602957906717
876   82.457126948775
896   104.0268456375843
899   85.13822048125348
908   95.84540229885079
912   75.57977528089896
930   97.41248541423579
934   78.72727272727275
953   100.88028588445513
957   77.30578976953348
969   92.5247018739351
973   77.2614958448753
992   99.45762711864427
995   77.49972542559033
1007   91.14050991501426
1011   72.62561847168786
1030   96.4267441860465
1035   76.19397260273968
1050   94.81659142212175
1053   80.22483940042832
1065   93.44218838127381
1068   74.07385120350108
1083   91.11842105263167
1086   76.6496956281128
1098   90.93325594892622
1102   76.45193370165748
1118   94.81195079086137
1121   79.96349557522124
1134   93.04454597372933
1137   79.60153677277708
1152   96.96414342629487
1156   78.50468836183131
1170   95.15300230946923
1172   81.39287701725097
1188   98.30965909090992
1191   81.66741196198996
1200   92.55332568807353
1204   77.05024848150197
1222   98.03563218390804
1229   96.53451226468906
1230   97.37984944991331
1234   79.36348501664816
1257   104.00884396715082
1269   83.41353811149031
1294   108.55268667131895
1298   81.85706084959816
1311   96.40707434052752
1314   81.43444006752952
1326   94.22703639514748
1329   83.26551145891563
1346   101.53409090909099
1349   89.07247191011231
1358   98.00702987697696
1362   82.0958980044345
1384   106.20528052805275
1388   85.84102564102568
1399   98.5484848484848
1402   83.14551607445009
1418   99.96099071207436
1425   97.38149939540517
1429   101.13584905660355
1433   80.15626756604843
1450   100.07116564417163
1457   96.48201438848923
1462   101.2788944723618
1466   83.65883027522932
1481   100.38330170777954
1484   82.84567198177676
1500   100.10663360198387
