1   58.352793994995835
16   51.846861924686195
19   59.32997481108312
28   55.67140468227424
72   71.01268292682927
231   131.83948339483413
235   78.66129032258061
237   86.08912037037037
267   71.37231968810914
270   80.260162601626
283   73.64652840396754
290   74.95315315315315
297   71.4716618635927
304   74.01058201058203
313   69.03739982190564
316   79.01197053406997
336   67.98507462686564
339   77.06343612334803
351   70.69301934398655
359   73.97895622895624
363   72.12360515021459
367   73.33391915641477
378   67.6414445399828
386   68.79301533219763
396   63.74410774410774
404   67.69423558897245
417   60.629934210526315
420   67.35625517812758
435   59.442260442260476
438   71.1981450252951
451   69.84819064430712
469   58.9269949066213
472   68.8806343906511
493   56.05882352941177
496   64.40097008892485
508   57.09698451507745
511   65.35390946502058
521   59.90997566909982
524   72.20265780730898
547   58.65095846645363
549   67.62845528455284
564   59.230586370839774
567   68.36068237205524
594   54.76375404530745
601   57.2288273615635
614   48.99102040816342
617   60.11624072547403
635   48.995904995904766
638   57.8188524590164
653   48.952497952498106
656   60.54791154791155
673   49.3384991843393
677   64.87788778877888
698   52.62828947368416
701   67.88499184339315
717   57.91797845898918
720   64.80669456066948
731   58.50607287449384
734   70.17232808616404
749   60.8480194017784
753   74.07564422277639
759   70.54523227383864
776   70.29941126997483
777   71.8819157720892
796   59.37186742118027
800   71.6302931596091
814   62.339359079704195
821   65.56192851205321
838   53.20197044334964
841   67.33278955954324
861   54.085969180859706
864   60.94189852700492
879   50.91364003228409
882   61.25466342254663
900   53.58398607484742
902   65.36124794745484
925   49.00079176563759
928   63.78870967741932
941   55.0686119873817
944   68.61705551086084
955   61.615629984051054
963   65.41680129240706
972   59.22912966252221
976   60.978600823045326
990   51.399999999999636
992   61.50887096774193
1005   52.41507936507924
1009   69.55825242718447
1022   60.46111111111122
1026   68.05466237942119
1038   60.21502797761792
1041   68.87581168831173
1057   57.65244865718799
1061   64.82889426957229
1072   57.36482084690553
1087   65.45683151718356
1102   55.40854149879124
1104   63.2346600331675
1117   55.76253081347568
1120   67.40604026845642
1145   49.96179401993368
1149   67.38230383973291
1165   55.830173124484645
1168   63.659681475272464
1192   59.04440649017852
1214   68.97053872053873
1215   68.98906644238855
1228   59.19983277591973
1231   70.74418604651163
1243   62.92875536480642
1246   78.44879786286731
1260   68.76771989752342
1263   80.12176165803112
1276   70.95138888888891
1294   69.18600368324125
1300   69.33602150537638
1307   64.21029668411848
1310   72.38932633420825
1321   64.88300597779676
1324   70.45836909871241
1337   62.06313993174061
1340   70.76480836236934
1357   59.93861892583118
1360   73.58972125435537
1384   69.7666370896186
1386   66.78381147540983
1389   72.28730305838735
1401   64.37691001697794
1407   68.1471600688468
1414   63.25938566552895
1418   73.2265625
1429   65.94792586054723
1432   67.69725638599812
1441   66.35843373493981
1445   63.41838842975204
1451   65.09765258215964
1456   62.407444668008054
1459   70.32220039292736
1475   60.53788587464919
1479   65.2648936170213
1490   59.08857142857141
1492   67.2172701949861
1500   62.62665198237886
