1   119.50875075437537
23   118.88310115081768
29   119.4775212636695
30   119.46046228710463
33   119.4775212636695
48   119.10868245294475
51   119.13878787878788
64   118.18326693227093
71   118.64948453608247
115   89.86496577473554
129   90.625
131   90.62364945978392
167   101.07642180094787
174   100.77195050088392
181   103.22626025791325
198   101.41984732824427
200   101.44222873900293
211   100.51582649472451
216   104.01713947990544
258   101.50982727814176
260   103.40298507462686
299   101.37581893984515
301   102.76110444177671
311   102.18511904761905
313   103.51340083382966
343   101.51551312649164
345   102.73709483793516
356   101.86883273164861
359   104.313369630974
378   104.40375302663438
403   102.52866626433314
405   104.10513595166162
408   103.87530266343825
411   103.8905109489051
426   102.87711864406779
432   105.77357357357357
476   101.98844282238443
478   103.0498480243161
486   102.68373493975903
489   102.7235576923077
491   102.67349397590361
492   102.67349397590363
501   101.91459721380988
503   104.9987646695491
514   104.2311926605505
516   107.22378908645004
578   104.61203814064362
580   106.06718656268745
597   104.82072662298987
604   105.53186420488386
608   105.29064919594997
609   105.29064919594998
620   104.64583333333334
622   105.51457465794167
637   104.30903614457831
638   104.30903614457833
647   103.56529516994635
649   104.86819830713421
676   103.42436974789916
684   104.8595641646489
713   103.09365558912387
715   104.81140084899941
733   103.76927710843373
735   105.64741641337386
764   103.64186327888689
766   105.75500303214069
800   103.81961259079901
805   105.03311258278146
831   102.73309178743966
833   105.12317961165047
850   106.81774865991662
877   104.7020262216925
879   106.17625899280574
916   103.65781710914462
918   105.62581796549674
924   105.27486756915833
925   105.27486756915835
932   104.79482657260435
933   104.79482657260436
940   104.28403755868544
942   107.5377751338489
949   107.2418224299065
950   108.74615384615385
977   106.66330166270784
980   106.6764354066986
982   106.19047619047619
984   106.20107079119572
1010   104.08628841607566
1013   106.76119402985074
1040   105.18396226415098
1042   106.8461081402258
1055   106.26869158878503
1065   112.3065953654189
1074   109.60237154150198
1089   105.5781990521327
1091   105.62146226415095
1103   104.18299881936245
1104   104.18299881936247
1106   103.91819798458803
1107   103.91819798458806
1117   102.89285714285717
1124   104.09648600357355
1146   102.4711137581894
1148   105.96510228640193
1152   105.74522673031026
1154   105.76955223880597
1177   104.15764425936936
1179   105.47041243275552
1193   104.49130173965204
1195   106.64298615291995
1200   106.13014925373135
1201   106.13014925373136
1225   104.36936936936945
1227   105.78284671532847
1249   104.41048824593128
1251   105.89246658566222
1276   103.74497869750456
1278   103.74604141291107
1283   103.29674306393244
1286   105.87256097560976
1297   104.98326359832636
1305   105.9821640903686
1311   105.41482367005379
1312   105.4148236700538
1321   104.41010222489479
1324   106.67783191230205
1335   105.67404306220101
1338   106.97238895558223
1373   103.65035799522673
1375   105.96833930704895
1389   104.70503597122303
1391   106.50690690690686
1417   104.11328588374853
1423   104.5437760571769
1439   103.08978145304194
1442   104.09074837949322
1450   103.45049794961915
1467   111.21179302045726
1477   107.11213517665124
1479   108.96828193832597
1500   106.85189504373179
