1   91.47932131495229
11   92.91410392364793
29   90.1295907660021
32   93.17373103087388
65   88.25222396650967
68   91.03668763102725
70   90.91976927110645
85   94.85052034058657
99   91.96850800206505
106   92.44521276595745
110   91.66135034556089
117   92.27675276752767
123   90.688263409453
135   96.79872204472844
161   92.11087975013014
164   95.96969696969697
199   91.36970010341258
202   98.30031282586027
212   96.33730569948187
215   101.37766233766234
250   93.85699481865288
253   100.76348547717842
268   97.75417536534451
278   104.1834475487612
325   91.75117862755371
329   95.19968717413974
355   90.65291005291004
360   94.5254506892895
396   88.13386666666668
400   94.74305555555554
423   90.61594580510678
426   97.4644723092999
442   94.7031491997935
450   98.79419191919195
469   93.99041533546325
476   94.20501868659903
485   92.49388623072832
496   97.7828418230563
524   92.89283819628648
527   94.84590860786398
550   91.1352910330362
552   94.95233050847457
580   89.75433982114669
582   93.45970307529163
591   91.8504721930745
594   96.36522198731501
629   89.69952556668431
631   94.80295826730058
664   88.56710875331555
666   92.82171367748802
706   84.44922913343966
712   94.25660377358491
733   89.81574803149601
736   97.25966562173458
770   89.85010482180293
773   97.04799165362544
813   88.62050739957704
817   98.90894736842105
842   92.9459884635553
844   97.8655462184874
879   89.42731048805808
881   93.93772703684483
904   89.2795419052577
907   93.39958699019101
914   92.0167451596023
919   95.13582497721063
931   91.14389989572472
933   93.25659596482151
945   90.80483955812724
949   101.00729927007299
975   94.6366019926586
981   96.83386075949363
982   97.94055944055947
1009   89.32283884738536
1011   96.23361082206036
1029   91.99309612320758
1032   100.61400817995911
1042   98.28873966942137
1045   106.01281394156842
1063   100.86799184505617
1066   106.81001548786787
1098   98.14698428788643
1101   102.62633451957294
1156   88.24157594608596
1160   100.96076458752515
1170   98.36368209255534
1173   103.69598373157092
1202   95.83628991383694
1205   102.00906801007557
1216   99.35813237557721
1219   102.11098527746319
1220   102.11098527746299
1223   105.92182410423447
1233   102.73593314763231
1242   102.92399267399264
1243   104.57195914577534
1277   92.3686440677966
1279   95.24986737400529
1287   93.66348195329101
1290   101.33821223209617
1320   93.40523560209431
1324   106.13544369486249
1370   93.01093180635075
1373   98.82240578213732
1387   95.8774062816616
1391   102.37868020304572
1429   92.7902902902897
1432   103.39729458917839
1448   99.16287128712884
1451   106.42771084337346
1500   90.71604938271605
