1   110.33731617647058
6   111.03024747937673
10   107.62782294489611
35   110.3688524590164
37   108.33938294010889
72   110.50822368421052
109   119.86808923375364
113   116.09229305423406
126   117.7928709055877
129   113.75094696969697
149   116.59846301633044
152   114.22075471698113
167   116.28937381404174
170   112.41225626740948
187   114.75093984962405
189   112.15106580166821
208   114.48701298701299
214   112.73952641165755
225   114.34782608695653
228   111.6842584167425
260   116.15458015267177
262   113.27679403541472
286   112.19457436856877
311   115.79900990099009
315   109.52868217054264
340   114.36641221374046
343   111.04494382022472
365   114.32468780019212
367   110.5080875356803
389   114.07751196172245
391   111.48162111215834
414   114.98841698841693
417   110.57249766136576
438   114.18949343339585
441   110.6669741697417
462   114.11947318908747
464   110.80669144981412
479   113.20394736842104
481   109.82488479262673
504   113.13806327900289
507   110.1252336448598
523   112.51566951566953
526   109.47483380816715
547   112.6867704280155
550   109.14962121212122
567   111.95781399808249
569   110.03247373447947
584   112.3638113570741
587   109.05743879472692
602   111.53986551392893
604   108.76553672316385
624   111.8235294117647
630   109.99243140964995
646   112.58840579710136
648   109.25495750708215
663   111.80094786729865
665   108.8076923076923
684   111.97251184834113
686   108.79775280898876
706   111.95098963242225
709   108.15813953488373
722   110.33427230046948
724   108.26018518518518
736   110.0809302325581
738   105.77898550724638
752   108.57499999999999
759   107.56321839080465
760   106.06343906510853
783   112.01792452830193
785   108.3906103286385
803   111.49701789264412
808   108.74572127139368
837   115.80159521435692
844   114.18467583497053
849   115.05654761904762
853   110.75317073170731
861   110.86634146341453
862   109.45650048875855
880   113.17958783120707
883   110.03650336215178
896   112.47224926971762
898   109.47195357833655
912   112.22114451988364
915   107.97707736389685
936   108.46991404011462
943   109.81871345029242
950   106.74334140435832
980   113.2705078125
985   105.93137254901961
986   105.93137254901967
988   103.60220994475138
1002   106.02849740932643
1006   105.5920177383592
1022   109.17414965986399
1024   106.91440798858773
1039   110.02983293556088
1041   107.67500000000001
1049   109.1016311166876
1051   107.63908450704226
1052   107.6390845070423
1098   104.5051546391752
1110   107.8396825396826
1111   106.3730158730159
1138   117.70791075050693
1140   112.60097560975609
1155   115.74243902439025
1158   110.29619047619047
1195   122.33832335329339
1198   117.11930164888457
1210   119.36666666666679
1212   115.75378787878788
1222   117.58755980861247
1225   113.64172123479888
1237   115.86698113207558
1240   111.94085027726433
1251   113.7894239848913
1254   110.01116279069768
1266   112.16324626865674
1269   106.2931506849315
1289   110.97533206831119
1297   109.79923882017124
1310   112.75792507204613
1312   110.57864632983794
1330   114.54941860465124
1332   110.79107312440647
1352   115.0439882697948
1355   111.62271414821944
1369   114.65980392156871
1372   106.40113528855251
1397   112.26724137931035
1400   107.85122410546137
1414   110.8068833652008
1417   107.29821260583253
1436   111.26003824091788
1441   109.64794007490639
1456   113.09999999999997
1463   111.00466853408031
1475   113.59309021113239
1480   112.54709800190295
1488   114.32091690544414
1491   111.02336448598132
1500   113.1371807000946
