1   58.81373762376238
59   46.90065359477124
62   57.68727050183598
94   50.58574007220217
122   74.23931623931624
131   69.60010678056594
136   76.61609071274296
142   72.56142241379311
145   77.30883159626987
147   77.20110024449878
148   77.23826208829712
225   56.01229256299939
228   57.1542288557214
230   57.06757728253055
232   57.81987577639751
242   56.06593406593407
245   58.16023054755043
260   55.923525599481536
273   64.07734806629834
303   54.94817518248175
306   55.486815415821496
308   55.37220026350461
358   71.79521586931155
368   69.98659673659677
378   76.69281834640918
478   47.778731836195504
490   69.26181818181794
491   83.17787418655098
536   65.56621621621622
539   65.66200294550812
596   43.76404494382007
599   47.93774574049803
608   46.1618929016189
614   54.92263610315186
638   47.68019680196802
648   53.297117516629726
681   41.76816816816836
684   50.63137472283813
695   48.26711560044896
700   60.78004291845497
749   46.21695482431687
754   66.02473684210528
824   41.36192714453591
827   50.836324089178916
882   33.5021406727829
885   45.02874516307352
905   39.09371362048887
909   56.44059669685669
972   36.99593731863024
976   49.15368081676519
1005   40.28620102214654
1008   47.613770844540056
1035   39.400455062571154
1038   44.35749588138384
1050   41.016402714932156
1056   60.24209434940383
1112   40.46773272415763
1116   53.09465891062928
1140   45.37569367369588
1143   51.87460148777896
1183   38.77524244152846
1187   57.21834288692027
1216   47.257158292814694
1224   48.675447839831406
1245   41.55211912943878
1249   52.863636363636374
1265   47.50713501646533
1268   56.66931216931215
1292   48.53846153846143
1298   69.60492560287327
1358   48.169154228855405
1386   63.45007759958611
1419   51.35243243243258
1425   58.745940282870606
1464   44.20102214650751
1468   57.47902283590015
1492   49.410537870472126
1500   65.86318013734812
