1   102.75084745762712
18   110.69528415961307
24   97.88559814169571
39   104.57379056950398
115   101.21329211746524
116   93.78378378378379
125   97.7120582120582
131   89.50165745856356
132   87.02844638949672
158   98.6581508515815
176   97.47680412371133
191   99.0857142857144
204   99.31739130434784
210   99.24699599465976
214   83.942515651679
230   93.81966292134825
234   85.08092485549133
248   92.98741761533853
255   91.28751431844215
270   100.52747252747258
274   83.23867595818815
298   98.2153055396916
302   87.66511897852583
320   98.9662278191185
326   93.96075949367089
343   104.84624081401921
347   89.9859943977591
368   102.65880217785843
373   94.61148197596796
387   102.85022522522513
390   90.93977900552485
406   100.74789915966386
413   89.4490407673861
434   102.76011235955048
437   89.73567056204786
454   100.7018909899889
458   89.18585526315789
469   96.22314507198229
474   95.87762906309763
475   88.17183770883055
491   99.02738960313025
497   90.62962962962962
514   103.08282036933406
518   92.7489994282447
540   107.79951544518474
554   91.63303269447579
569   102.97437357630997
573   90.09371492704827
589   102.03863636363644
594   87.8461975028377
606   97.26509023024255
610   93.54749199573143
612   85.59160958904113
629   99.08379888268155
631   91.84330011074195
640   97.59017375674057
646   91.45324881141045
662   102.99933730947646
682   92.05103211009174
693   100.82746478873236
698   85.75630733944956
721   102.30585424133801
726   93.65751789976139
738   97.0935143288084
748   105.50929577464797
751   96.32490163012929
762   104.24092970521542
765   87.98595505617978
784   101.95024271844659
791   101.52914544425579
802   109.2304120719673
807   93.30299667036627
822   104.67189314750294
827   93.97111247695148
834   99.33409742120344
839   98.54943934760445
852   107.99483055715109
856   95.10664433277498
867   102.58917378917386
870   94.24972067039106
887   105.76918604651155
890   95.53925501432664
904   105.13066202090613
907   95.78794769755541
921   106.01387283237
925   90.57013060760926
945   105.606168446026
949   97.3396805896806
961   105.59424724602195
966   98.53175591531756
978   107.0793918918919
984   87.31663884251532
999   99.54483925549914
1003   94.87173792337592
1020   107.67338709677426
1027   92.86946778711479
1040   103.58277404921682
1044   91.7745152354571
1059   103.89926428975662
1064   93.85670498084289
1078   104.32559638942621
1082   98.09152542372885
1083   95.16751269035535
1093   103.39988907376573
1097   91.71645844649652
1112   104.1941371681416
1117   93.03875545851531
1132   104.09561304836916
1137   93.89147286821708
1151   105.2095292766935
1157   98.35150812064967
1168   106.68081494057719
1172   89.6331658291457
1187   101.55586907449211
1191   94.9541463414634
1207   106.6510180995474
1212   91.16647791619482
1231   105.48341765036537
1239   103.59529147982062
1242   105.82669657879978
1247   90.11542730299664
1256   97.47123893805292
1259   87.08797327394211
1273   98.86867538374077
1280   95.19287469287474
1292   105.36112676056337
1296   92.79909960607768
1312   105.59801053247509
1316   99.81654135338431
1320   90.20741150442473
1334   102.60997732426313
1337   91.86648044692737
1349   101.86201117318436
1357   101.85370258880198
1363   106.4515093127809
1369   99.47748513169074
1381   108.71100362756943
1388   99.26540573520447
1401   109.37833037300175
1408   99.80136319376822
1422   111.38781321184513
1426   97.07098937954174
1439   107.64497716894994
1444   95.4313063063064
1455   104.3010875787063
1458   96.9738636363636
1463   100.29123867069492
1468   99.48108108108113
1482   111.33474065138716
1488   98.36437908496737
1500   107.8967082860386
