1   117.9977011494253
16   123.90650887573963
19   114.00176056338029
40   123.16838709677421
46   111.7783075089392
59   117.46931407942239
65   104.9737876802097
93   117.24043715846992
96   109.96510152284264
107   112.11748998664886
157   108.61217587373176
158   97.61044520547945
183   110.68249258160239
186   102.49912638322655
207   112.93968636911939
209   106.06235294117647
235   117.49230769230769
239   106.66180594503646
246   109.8108108108108
264   111.8991015894955
272   108.55755395683457
277   105.54433909648634
289   112.03347969264541
292   104.64501926252063
311   115.32794457274827
317   108.31523378582202
334   117.09660724554345
337   109.43365330321852
348   114.96568332329923
355   111.17422012948794
365   116.59159347553327
371   108.65557865557867
384   115.61892583120198
387   109.51135626216742
394   111.16683518705764
396   110.56295399515739
411   119.88675213675214
421   108.57626146788994
439   118.7604895104896
442   109.61150234741784
456   117.76060606060605
459   109.10069848661234
478   119.03885853066186
481   109.61279069767443
493   115.44748201438847
501   107.76165803108807
517   117.1522935779816
522   104.08108108108108
541   115.26854219948859
543   107.87908101571946
557   114.16685456595266
565   113.30048959608322
566   113.81979230299328
569   109.42235649546828
581   115.49019607843138
584   108.07813525935654
598   116.43893366398015
601   109.23039513677811
612   114.75167376749852
618   111.92102065613608
622   113.36253369272237
631   103.25966850828729
651   113.48455882352941
657   108.86615384615385
659   108.98932621747826
662   103.44946357989835
684   115.1885175664097
692   107.1183502689779
703   114.52070645554204
706   106.79415204678361
723   116.73178594455192
727   107.4282267792521
741   114.69357045143636
747   110.09569732937686
759   116.42310188189504
762   105.58239143367041
774   113.38974970202622
777   105.22190366972477
790   112.28249566724435
793   104.51382488479265
815   116.83157894736837
819   109.28389560789307
836   117.5263835263836
854   83.42889263631253
896   110.96316964285708
903   109.13277310924371
911   113.82467161621935
914   105.84177927927931
929   114.86368909512748
931   108.4093732354602
943   115.21254355400697
947   103.52445961319683
961   112.59580663948749
964   107.88335220838053
976   114.5199768384482
979   105.83398328690805
994   114.83381253594052
997   106.98614190687363
1011   115.18076477404404
1014   108.82012366498031
1021   112.87908309455588
1029   104.56043956043959
1047   116.35660703981512
1049   108.49552071668529
1057   113.83101045296166
1065   103.9972497249725
1087   118.66195524146042
1091   108.49874371859296
1109   117.61149032992034
1113   106.35083798882681
1125   114.47383553766531
1128   104.7417551704863
1143   113.94733727810672
1147   109.17230376515636
1161   118.18680677174552
1163   113.98849104859335
1164   113.98849104859346
1169   105.71220081727961
1188   118.61258083480334
1193   99.40926856504746
1214   113.51035673187567
1222   110.66213921901533
1229   114.72022792022835
1232   107.35940099833613
1250   118.70325900514581
1258   114.60000000000002
1259   115.27398047099359
1262   109.68778280542986
1264   110.14814814814815
1266   109.18009734991881
1280   118.37406340057635
1283   114.41119909502265
1293   120.52254335260113
1296   112.48093340922014
1307   119.78434782608701
1310   112.0005707762557
1325   121.65982404692113
1328   113.74069834001148
1339   120.26432748537991
1341   112.48825214899713
1355   120.63040935672507
1358   111.62766570605186
1367   117.14742451154552
1373   106.18242491657406
1388   117.2705882352941
1394   115.56700379266749
1403   120.91982039769118
1406   109.14393939393938
1427   124.33333333333337
1430   114.39496314496313
1443   122.3046357615894
1447   110.8530276308054
1467   126.2025989367985
1470   115.15342465753429
1484   126.0483779169038
1488   111.3523409363745
1500   119.01210653753026
