1   68.48899188876014
8   78.14220183486239
22   73.43589743589743
35   82.92619926199262
47   79.1932841932842
53   86.2102973168963
73   79.13292433537833
76   90.2380617977528
91   85.49194991055457
94   92.39976345357776
133   77.69637139807898
137   88.94052863436123
160   79.50297136682877
164   92.11098717233686
196   78.18998366902558
203   89.48679245283019
222   81.65222043873729
225   87.58766233766232
242   80.50508837707552
246   87.82218597063621
265   79.48034464189553
268   86.66703056768557
292   75.99287671232877
296   88.97613762486127
314   81.66052060737525
317   88.40382513661203
335   80.30027100271003
338   89.10737885462555
356   81.77393185505679
360   84.67245119305858
373   79.17179902755265
375   83.54422137818774
387   78.4624932541824
396   91.25204582651389
406   86.96368563685638
409   93.2753702687877
438   79.41448801742922
442   90.6314317673378
460   82.3349753694581
464   89.41487507263219
481   81.65921130076515
489   84.47102696500286
502   80.0114285714285
506   88.49480590486604
527   80.33752357008143
530   91.40743034055726
549   82.02020202020208
551   86.87379739671758
567   79.11640798226153
569   87.62323745064862
584   81.1119153674831
587   90.64762992575669
605   81.72949002217297
609   92.14253005151687
630   81.41098169717134
634   93.04221334854535
653   83.22827282728281
656   91.90658413055712
676   81.47055616139586
683   89.19758507135015
700   80.6531604538086
702   90.1098104793757
721   80.97419000549144
725   93.18953880764906
750   79.85635359116031
754   94.62407301768394
780   80.294215795328
783   95.2794033275961
811   79.95469432314411
815   94.88869863013697
843   79.30502599653391
847   100.04181600955798
874   83.96192052980132
878   96.90045506257104
902   82.16884531590414
906   96.5185608223872
933   80.4468546637745
938   97.54020385050961
961   83.50299075584556
967   93.79444444444448
983   84.82135193133036
986   93.89279731993304
1006   81.48019271948608
1010   92.32685904550499
1026   82.9813596491228
1034   95.61812117843249
1053   83.73882606354334
1057   90.60979636763898
1066   85.31656642974303
1070   91.71452328159648
1087   81.97929155313341
1091   92.80674157303372
1107   83.23555310952133
1110   91.11060948081263
1125   82.32497212932003
1128   90.0079365079365
1142   82.01324503311258
1149   84.94065446478089
1156   80.62183020948191
1160   90.51886792452831
1175   81.75279017857156
1178   88.8039215686274
1196   77.29115341545366
1202   98.48750726321907
1223   85.03069196428578
1227   97.50855188141391
1250   83.94942275975791
1253   92.87275784753365
1271   80.87723214285711
1276   98.88020833333334
1297   85.66211044286496
1301   94.69395821569731
1318   83.99729437229416
1322   94.23620309050784
1333   87.10469508904498
1336   93.35090609555186
1353   82.52687599787077
1356   93.68763796909491
1366   87.83077765607891
1370   91.5193460490463
1386   81.24665596575687
1389   93.39735099337747
1408   81.48982869379017
1412   94.83003300330029
1432   82.36760788492302
1436   96.59601549529611
1454   85.46130500758682
1458   96.56297598125366
1475   86.07077747989297
1478   95.23307860262008
1498   91.1950297136683
1500   89.97522886375874
