1   91.10130468150422
10   90.55705705705705
17   93.22179487179487
22   92.65970409051349
24   92.70348837209302
26   92.4058205335489
31   94.52285050348567
69   88.05645851154833
74   89.09680741503604
80   88.93039215686275
86   89.86581782566111
88   89.84551341350601
92   91.62115384615385
95   91.1665421956684
97   91.18623188405797
99   90.82962447844228
101   90.96638655462185
107   89.88905003625815
109   89.90988372093024
125   86.13233082706768
128   86.15396226415095
138   87.18996960486322
148   85.46982429335371
155   85.50656370656372
157   84.58855375096674
165   86.03636363636363
167   85.78787878787878
169   85.92424242424242
176   85.26009693053312
180   85.31315577078288
184   84.98795180722891
190   85.22591093117408
203   83.76508972267537
205   84.98381877022653
209   84.94762288477034
211   85.26277372262774
217   86.48506860371268
224   86.4776
226   86.50398089171975
228   86.31993569131832
234   86.95096463022509
239   86.81868566904197
242   86.88503937007874
244   86.85590551181102
247   86.87451587916344
254   86.43654434250764
259   87.56709628506445
269   88.9270913277053
356   81.27786144578312
362   84.18579881656805
367   83.34450506625097
369   83.3614088820827
396   81.88863976083707
397   81.88863976083708
438   78.60221870047542
445   84.78085642317382
478   81.43871449925261
484   84.57798165137615
487   83.93885448916409
492   84.08405341712489
505   83.27711797307997
507   83.73137876386686
508   83.52619233776387
510   83.60546875
521   81.05490196078432
523   81.17380952380952
526   80.34183266932271
528   80.37470542026709
538   79.51854775059195
541   81.01587301587301
564   78.73651771956857
566   78.79874706342991
612   73.98181818181818
613   73.9818181818182
630   71.90181268882175
633   74.31790591805765
635   74.11336336336336
645   76.3173076923077
647   76.16138540899041
664   78.4288824383164
667   78.32253419726425
677   80.37114142139268
687   79.53486700215672
689   81.76956521739129
718   78.28195763330899
720   78.47868362004488
777   72.85447470817121
787   77.64868421052631
807   74.76426174496643
809   74.764406779661
814   74.30108499095842
822   82.64383561643835
824   82.55894590846047
825   82.75401730531519
837   3.509433962264154
844   84.40162601626017
859   82.91286307053942
861   82.92608236536432
877   84.72049689440993
963   73.48971193415628
973   81.8158220024722
1015   75.55355450236966
1023   79.82907662082471
1024   85.21535580524346
1043   82.09992254066606
1048   84.91163141993957
1054   81.02132520944402
1057   81.14164742109315
1084   77.54185351270553
1086   79.02771699489423
1095   77.73107426099496
1097   77.78082191780823
1111   76.26520270270271
1120   80.28877679697354
1151   76.42093023255813
1163   84.35104790419162
1181   81.56978527607362
1184   83.18691588785043
1195   81.45862335653521
1198   82.07621247113167
1199   81.89992301770593
1203   82.04921875
1217   79.91056283731689
1219   81.40766283524903
1232   80.08052147239263
1234   80.2922230950511
1243   77.70123456790122
1253   80.17706576728497
1255   80.00805801772765
1257   81.79017160686429
1313   75.4422032583398
1314   75.44220325833982
1348   70.98059006211179
1355   74.69409038238703
1391   70.0488354620586
1393   72.11053024645258
1434   67.76080956761734
1442   73.28658536585365
1451   71.83126934984512
1472   78.17279411764706
1480   77.66267763649967
1482   80.0527097253155
1486   79.52422907488987
1488   79.55243722304283
1500   78.16679021497406
