1   129.0039032006245
52   82.52320291173794
59   100.8108941418294
87   102.20372398685652
107   96.8662150719729
115   98.25460636515913
127   95.52866779089376
131   97.69146238377007
166   89.65021276595745
174   90.94307561597282
179   89.80593220338983
182   93.31615120274914
201   89.73333333333333
207   90.97363945578232
215   89.4778156996587
217   91.38205128205126
229   89.19181585677751
231   91.49873417721518
249   88.0363482671175
252   89.71682163989857
260   88.51133501259446
267   89.24851063829789
286   84.87308347529813
291   87.03228547153779
300   84.88235294117646
303   88.53775167785234
344   79.10503472222223
351   87.54916792738275
357   87.48750000000001
360   88.89715335169882
391   81.28176318063959
394   83.51691240242846
402   81.79805996472665
408   83.62290748898678
433   78.69557362240289
443   147.45901639344265
497   75.55485040797824
499   77.81590705987489
511   76.0364715860899
514   78.59075342465754
525   76.12121212121212
529   78.35371179039302
563   70.10163652024117
570   70.68489583333333
597   65.10439024390243
604   66.03498542274053
614   63.99799799799803
617   71.12815715622077
629   68.35754189944134
631   73.50459558823529
644   70.76746323529412
649   79.90775401069519
651   79.82740585774059
652   79.87137330754354
675   74.44582593250448
678   79.54466608846488
709   72.0091743119266
717   72.999099909991
754   64.41441441441441
757   70.51500938086303
778   66.1686626746507
790   73.97269303201506
801   71.51136363636364
804   75.9722479185939
827   70.55470249520158
830   74.8421550094518
845   71.35453695042095
848   73.63881151346334
855   72.11341222879685
872   83.62938388625594
896   77.01236917221695
898   84.04864864864868
928   75.51977401129943
931   85.09423604757546
963   75.91902071563084
966   79.44846796657382
977   76.9238095238095
985   81.17955801104972
998   77.36380597014931
1001   82.11689497716894
1020   77.067352666043
1022   81.76916058394161
1043   80.64454545454544
1057   77.05343511450383
1064   80.17415215398717
1081   75.89585666293397
1089   85.17256637168134
1090   86.70137524557958
1094   86.16944444444448
1096   88.62057142857142
1114   86.8878248974006
1116   91.88272583201274
1141   83.78319006685751
1143   88.04380952380953
1156   84.49713193116635
1159   84.89778206364514
1187   91.09688581314879
1188   90.63084112149534
1192   92.72150411280847
1202   90.09090909090901
1205   95.90132827324479
1224   90.0056074766353
1226   94.58396226415093
1241   90.46942615239885
1247   92.04380242311277
1255   89.69642857142857
1258   93.41962616822428
1270   90.07577174929838
1273   93.66448598130843
1293   88.27856468366383
1297   91.46610169491525
1307   88.94701348747583
1314   91.43045112781954
1323   88.82840236686388
1328   91.14971209213047
1340   87.4031088082902
1342   90.3305785123967
1379   79.68110236220491
1384   92.30848623853211
1413   84.64406779661022
1416   88.3517877739331
1432   84.73416149068316
1437   92.49066213921901
1438   92.49066213921878
1441   95.12790697674419
1471   85.49928263988522
1474   90.51226158038145
1484   87.86280056577084
1487   91.79375848032566
1500   87.98472222222222
