1   77.64179104477611
2   77.97736748064324
5   72.50691521346964
18   75.80773881499395
25   74.13531553398059
42   78.30354957160344
45   72.16433353621424
58   75.57657107992678
61   69.9010922330097
79   74.96370235934664
82   69.89805825242719
104   75.99039615846338
107   70.35799522673031
124   74.98832457676588
126   70.62580268534734
147   76.32772621809744
150   71.53850641773629
173   77.23217442545669
181   74.36885731201895
188   76.02423167848701
190   71.0834813499112
209   76.67159763313612
212   69.87173396674584
229   74.94447725930297
232   67.82644628099173
248   72.73333333333335
250   68.82019115890084
265   73.75344105326153
268   70.01078490113841
283   74.47432024169188
286   69.70770163735597
300   74.09569957601451
303   69.89774802191114
315   73.53549571603429
318   69.34088127294982
333   73.74213448488587
336   69.8744561839652
350   74.16831683168317
358   72.20642768850432
373   76.16573556797022
376   72.37151702786377
388   75.77167810355581
391   71.3204729309272
408   76.59639303482584
414   73.87453646477132
424   76.9938837920489
427   69.70251997541487
444   75.25792682926829
449   73.05707346690953
460   76.7126366950182
463   69.38489646772229
480   74.78475609756094
486   70.87777112043139
495   73.95189416716778
498   67.24654239326519
518   73.78134463961237
521   68.11897498474679
538   73.45515558267232
541   69.44640682095006
555   73.9136778115502
558   69.1250758955677
578   75.3506414172266
580   70.0
594   74.43195625759417
603   70.27035236938033
614   74.15735115431346
617   67.33801098230629
635   73.9162112932604
638   65.23651960784314
649   69.04747413268416
655   66.78985949908369
672   72.89600967351873
679   71.08837772397095
687   73.47293972939732
695   71.10497572815535
705   74.23478795328833
708   68.76438188494492
722   73.29767726161373
725   68.28194103194103
744   73.77219840783835
752   71.25184275184276
758   73.24173806609542
761   67.7820748925721
777   73.13795217657889
780   68.62515413070284
798   74.35679012345673
801   70.32923076923078
815   74.5202702702702
818   69.76090964966195
832   74.32760736196315
835   70.19730392156862
849   74.57002457002454
852   69.97800855222968
869   76.22901234567917
871   70.77818853974122
881   74.21172839506175
884   69.72473651580907
903   76.25233064014917
907   70.54870530209618
917   73.65158090514568
921   65.64205955334988
942   72.81575682382129
946   65.23086574654957
963   70.99124452782985
966   67.55208983156581
984   74.6526381909548
988   71.73320778405525
997   74.49345794392502
1000   69.53827006845052
1008   72.2014879107254
1011   68.61533665835412
1022   72.5326354679803
1025   69.38204334365325
1037   73.327950310559
1040   67.26956521739129
1053   71.31300061614294
1060   70.77387553912507
1068   73.31644004944383
1070   68.3747680890538
1088   74.30745532963647
1091   69.39146567717995
1105   73.72266831377391
1113   71.31458590852907
1122   74.33684863523558
1125   68.45617283950617
1141   73.57160493827155
1144   69.74009900990097
1155   73.40928792569639
1157   68.94597912829954
1175   75.18238213399513
1179   66.88136645962732
1194   72.37275541795665
1198   68.69771745835902
1210   72.63777089783298
1213   66.38304455445547
1231   72.53378797272164
1234   68.92288710672426
1245   72.81142506142506
1248   68.73067484662579
1260   72.4760736196319
1263   67.89483282674772
1276   72.06904906117506
1281   69.79120879120876
1294   74.38749233599015
1300   71.9768574908648
1305   73.4280442804428
1312   70.34695121951222
1322   73.94322344322336
1325   64.78325123152706
1348   73.41569589209075
1351   68.36464088397787
1369   74.85559105431315
1375   71.26070901033974
1390   75.86173853524974
1393   68.98423127463866
1411   75.80303030303031
1414   69.36466876971609
1430   74.47624999999971
1432   68.37712130735386
1448   74.02264381884947
1452   66.63076923076926
1466   71.44895448954503
1469   66.37156802928615
1481   70.49089805825236
1487   69.28571428571428
1493   71.51724137931035
1497   66.70043236565778
1500   67.65217391304348
