1   107.27016645326505
2   108.08333333333334
23   102.86986301369862
28   103.69225967540575
51   95.45048899755501
60   110.9728835978836
74   107.57722007722009
78   119.74071618037135
100   112.72370088719899
103   113.13253768844221
136   113.43890093998553
149   99.27975460122698
155   99.78134651019147
174   94.22564102564102
177   99.46973684210526
206   85.66196355085243
209   95.18832731648617
221   91.48042704626334
224   101.67017978921265
250   93.08664259927798
257   96.02617163724894
260   95.1840675920339
267   120.65819209039549
295   85.10638297872333
298   97.85473815461347
315   91.24518932340163
318   102.37596401028279
336   96.23392529087573
338   105.40943877551021
372   93.26417370325692
374   98.03279702970298
392   92.25167173252282
395   95.29609929078016
433   82.08309779536461
438   102.9127078384798
462   94.69194865810977
467   99.59429957550032
484   93.14761904761895
486   98.70188221007894
493   96.40479041916169
496   100.2433894230769
506   96.47896634615381
508   98.8037667071689
517   95.51190476190482
519   100.3952496954933
533   95.32337118947999
548   99.73992673992674
549   100.171568627451
558   95.9368932038835
561   100.49784880147513
579   94.35688185140077
595   122.01363962670496
612   81.74906367041194
619   90.81885856079404
626   90.37623762376234
636   118.6341118188252
654   87.18296529968461
657   95.76020408163265
665   91.32552248258389
668   102.03986928104575
688   92.75485893416928
691   98.85117162761247
703   92.88812067881827
706   102.41103896103897
722   94.59235668789825
725   105.10919920582398
737   99.39792611795204
741   108.62253903598099
779   90.72420262664173
782   98.82278481012656
794   93.70613763174208
797   102.74207858048158
823   90.07696933253146
826   97.06280193236717
843   89.39665471923536
850   93.6443640747438
856   90.58278541542131
858   98.75980392156862
881   88.15552927261979
884   93.39122703023116
894   89.11453488372081
920   121.01038286826724
921   125.58842443729895
955   89.51549463647189
964   99.00918554807106
972   95.61057108140949
975   102.4894540942928
1005   88.01605231866824
1008   98.46472019464721
1023   92.03956834532369
1026   97.54114114114111
1054   84.29439528023613
1058   94.8579988016777
1072   88.35912581216775
1075   95.4940047961631
1085   90.78444180522547
1087   99.49078624078624
1117   84.86206896551721
1120   97.42371834465723
1148   84.02127659574467
1151   92.97464440321585
1169   84.50271903323261
1172   91.95790115924342
1185   85.7978660343806
1191   105.68315591734506
1218   86.12870699881375
1221   92.06997607655501
1235   84.64357017028772
1238   94.65892857142859
1249   90.22190201729109
1252   98.36485697606531
1265   91.89209039548041
1268   99.372969837587
1285   91.158042744657
1288   98.63100057836903
1310   87.73974142776842
1313   97.18828932261766
1332   88.83203991130904
1335   102.28824200913243
1348   96.5975541967764
1362   107.3266509433962
1370   103.60011607661045
1373   109.16152450090738
1382   104.80997624703087
1390   105.63752276867035
1418   92.01293900184851
1421   95.69576059850374
1429   95.37151702786377
1430   97.99625701809111
1446   90.50182481751835
1457   107.40458015267174
1464   107.1984829329962
1465   107.35148828372394
1469   105.40050219711236
1473   105.51663527934716
1500   91.20255474452554
