1   88.07281553398059
2   88.42
44   72.66564885496183
50   87.19186046511628
76   102.8051282051282
231   89.35360678925034
294   85.63951473136913
321   70.33104041272577
324   77.06338028169014
345   66.12212389380534
347   74.2870855148342
358   69.16511430990687
361   75.75189234650969
373   69.94039735099335
377   74.95583333333332
394   63.92674805771367
397   68.66041896361631
405   63.818965517241395
409   69.26152073732717
427   56.482580645161306
432   65.44843049327355
445   58.549145299145266
448   63.95991561181438
472   60.14257028112445
476   65.21739130434781
496   51.85568760611204
500   66.1875
508   61.99500624219718
511   71.65755208333331
520   66.40582959641256
525   69.13146997929607
543   56.548352816153056
546   61.762345679012356
555   56.57363542739438
558   62.333333333333314
569   55.72008324661812
574   58.69933920704847
586   51.17937853107355
593   63.83828382838283
594   67.97058823529412
610   57.80587275693301
615   60.6390977443607
616   66.75166297117516
640   49.606431852986134
655   79.2474874371859
666   71.70883534136544
669   76.13702928870293
684   65.09707724425886
690   68.91532258064512
695   64.87733887733884
698   72.83718487394958
705   68.01438848920863
711   69.15751295336793
719   62.76082251082252
722   67.91140529531569
732   60.9349593495935
739   64.06508264462809
744   60.64126984126983
751   62.58080808080808
753   61.390010626992535
755   67.3074565883555
774   52.07836153161179
779   62.479041916167716
795   52.921221864951804
799   59.3912363067293
811   51.80406386066767
816   54.61938202247188
824   50.668485675306954
830   53.08432147562581
836   49.949044585987394
839   57.014102564102586
850   50.49384236453204
853   55.755279503105555
861   52.05978898007038
864   55.83734249713632
878   48.51662707838477
885   53.014606741573004
893   48.641114982578415
896   53.701923076923094
908   46.432009626955505
912   50.14579759862778
924   42.664974619289296
927   49.790152403282534
934   46.47410817031073
937   52.69618834080717
949   45.34691501746238
958   81.76463104325694
983   56.79794520547944
996   74.89776357827476
1010   62.918918918918905
1018   66.59019426456985
1027   57.60815602836874
1032   72.9312567132116
1050   55.81652892561988
1056   71.84686536485106
1063   63.26214405360133
1066   72.76084762865798
1073   64.85666104553138
1076   74.53034825870645
1088   62.20771253286591
1092   70.68415637860085
1107   55.81550126368984
1116   73.61030126336254
1124   63.585520361990916
1130   66.99549954995496
1138   58.130357142857065
1143   72.04675324675327
1153   61.68457142857142
1157   70.15151515151524
1166   61.25485714285719
1173   73.3170347003155
1185   61.09299516908209
1191   72.27543859649131
1200   62.26666666666668
1208   63.63949044585979
1210   61.121420389461605
1216   64.96982758620697
1221   61.4935622317596
1228   64.26431718061667
1233   59.879120879120876
1240   62.19014891179836
1246   56.78489702517163
1250   64.85734265734266
1259   59.14202898550684
1265   75.66262975778545
1277   65.05354330708661
1284   66.9662576687117
1288   63.84968354430384
1293   71.79999999999995
1303   63.43322981366464
1306   70.48906250000005
1317   61.49612403100764
1323   72.40341880341884
1332   64.80445151033382
1338   73.77524429967423
1351   61.509142053445885
1356   71.39657853810263
1367   60.99160671462823
1373   63.720098643649635
1389   49.973649538866994
1396   54.64784053156109
1399   60.36651583710409
1477   92.35355892648772
1492   80.31668077900076
1497   93.17794253938837
1500   92.15759849906192
