1   107.45791915175613
13   111.57462686567163
16   107.11780277961614
36   114.6259649122807
38   110.17518745739605
49   114.23412969283277
75   66.37384330660086
85   66.74323511725797
89   64.40682593856656
91   65.05271828665569
100   64.53358681875795
153   66.02297460701311
156   90.1949860724234
159   87.40262941659819
181   98.50197368421053
185   91.8674217188541
198   98.86611456176678
211   87.96875
221   93.55458807769594
223   85.875
254   100.56824146981629
257   92.21141374837873
271   99.79192938209331
274   90.38344491783323
285   97.22281959378734
288   91.29841082989994
301   98.85781990521326
304   91.0866050808314
317   99.02421736562314
321   88.74433468913422
333   96.36721504112808
339   93.27692307692308
340   93.6260404280618
343   89.80757844878626
347   90.12573789846522
353   84.97879858657242
360   87.0938242280285
363   86.45961995249408
367   89.25014925373134
372   88.66448152562575
387   99.14965986394554
390   90.49418248622169
411   104.89182058047498
414   97.10231660231659
424   103.71698113207547
427   90.3776357827476
441   99.80481622306718
444   91.37694704049841
451   96.71836228287839
455   90.34188034188034
464   95.78711656441715
467   87.59167671893852
478   95.00122399020802
481   83.97509113001215
490   90.80432172869155
494   79.16855947399881
531   107.52886405959032
535   87.68883610451303
549   98.8378048780487
552   85.66686425607588
565   96.08179104477608
568   87.6220518867924
579   96.51286654697785
587   94.67565947242207
591   97.48858173076928
596   93.83061101028431
599   96.16132930513595
604   93.59603841536615
611   97.50455927051672
616   94.44130042143286
620   97.24196482716798
623   89.69796650717703
628   90.0314353499407
631   84.71794871794873
637   88.60716417910447
640   86.61303827751198
644   89.55582377791188
647   89.50843373493973
652   93.64637146371464
658   92.37112763320943
660   93.98254364089775
663   88.85865504358657
683   103.78694817658334
686   92.84615384615381
697   101.21975934135526
700   93.81405472636811
717   106.34765875561266
719   100.93170426065163
729   107.65384615384619
732   98.8892988929889
750   111.82133676092553
753   93.63752276867031
771   106.39058524173028
774   94.61922365988914
790   105.96615581098331
793   96.99259716224549
814   111.52056555269928
818   97.94501510574014
835   109.67263743051262
838   97.24868651488617
852   107.10810810810813
855   99.61723329425558
875   113.1380175658719
879   100.39442467378399
893   110.7526218383714
899   107.41823708206687
906   112.09365372766479
918   103.94451003541917
928   111.12808177991587
932   102.44230769230768
943   110.3599269183922
949   110.27417380660955
951   111.92892459826953
954   103.02452153110048
961   107.87280436099337
964   98.10532544378702
977   108.52667075413865
983   99.3356807511737
995   108.89500316255544
999   99.32351172579672
1008   106.83425414364638
1011   100.15688622754487
1028   114.70254777070068
1032   99.14684466019423
1042   107.86662452591656
1049   105.42759051186022
1053   108.76478149100257
1056   103.0254500310366
1065   110.6683837733417
1068   99.35657001850711
1078   107.82871860914338
1081   100.96571072319205
1092   110.05703175631879
1095   95.7723325062035
1107   106.3814696485623
1117   88.0961182994455
1126   96.57254196642683
1131   95.88580060422964
1138   102.36521739130444
1149   94.30469226081658
1162   105.59395109395109
1164   97.30632911392405
1181   111.25681969394543
1189   107.22450331125833
1196   113.30100334448161
1206   85.46645962732919
1212   90.42446941323345
1216   89.11337030190998
1222   94.2425187032419
1224   93.16029593094947
1227   95.8377874456184
1232   95.82907049282593
1238   98.19898926089706
1242   97.26629072681703
1243   97.94143302180686
1248   97.44416562107904
1254   101.64880201765436
1257   99.18256475047383
1266   105.93666026871404
1271   103.369923857868
1274   105.70256410256411
1278   103.88803582853484
1280   105.84516129032261
1293   102.75321336760925
1310   111.02909336941775
1314   97.18893129771004
1325   106.6541501976285
1333   103.01781002638518
1341   108.67609427609432
1347   102.63192612137209
1358   111.83152909336968
1361   101.30108904548365
1372   110.90879265091871
1375   102.6166032953106
1386   112.12540400775691
1390   100.05137614678898
1401   109.3370856785491
1408   100.63464938126106
1419   109.90532178217836
1421   103.19461077844312
1429   109.38967424708062
1452   98.20431396045537
1466   101.46654275092936
1471   101.27781230578
1479   103.08052434456926
1483   102.30037313432831
1491   105.02245028864672
1494   98.9810006333123
1500   103.36287192755498
