1   107.6350550381033
8   108.53367003367003
10   101.79504132231405
68   94.12650602409644
69   86.2191235059761
88   93.9953667953668
94   93.10866141732285
95   92.21772428884026
115   95.99066874027994
117   92.49535603715171
165   100.27978478093775
167   98.80431432973805
187   101.8255547054323
192   100.26533742331289
208   102.18518518518522
219   91.17117117117117
220   91.17117117117118
228   80.87878787878788
230   81.00315126050421
231   80.6863354037267
237   85.61379310344827
244   85.14669421487604
290   95.67228177641653
292   92.0911877394636
370   107.65801886792454
373   102.40542635658915
391   106.22629107981221
399   105.3786610878661
411   108.4573517465475
414   103.75555555555556
434   106.78295185477509
436   102.61055081458494
465   107.54642857142859
470   103.08852459016393
488   106.31433224755699
492   102.06284805091488
506   104.58609794628751
512   101.26287051482059
524   103.4644808743169
526   100.23333333333333
563   107.0310262529833
566   105.10274509803921
602   111.6228847703465
608   94.6628701594533
655   104.8068535825546
657   100.84839203675344
671   103.23207401696226
678   101.38390804597701
686   102.97674418604652
688   100.15938697318008
704   103.28571428571422
706   99.60418280402789
725   103.69457364341085
728   100.75019215987703
768   108.02460317460327
771   103.28149300155522
783   104.58117647058823
786   99.35147744945567
801   101.2911093627066
804   98.08274785323965
843   107.94677419354835
851   105.95123900879297
858   106.95399515738495
861   101.3006329113924
867   101.91733547351527
870   101.65252854812398
888   105.52872606161532
891   103.26872964169381
900   104.33141919606237
907   101.90249798549556
926   105.84733441033924
934   104.75658419792498
964   111.11692559280459
967   108.47334410339258
981   111.07398373983733
983   105.22476340694007
1002   109.2192
1004   105.31121642969981
1032   111.8009787928222
1035   107.42448330683624
1053   111.0372168284789
1055   107.00796812749005
1074   110.63234111021723
1102   112.95152013147083
1104   109.84713375796179
1123   113.08631921824104
1131   111.47030105777054
1137   112.48452768729635
1140   108.73049645390071
1163   112.78022875816993
1170   109.82766798418973
1183   112.5924092409241
1186   109.5611111111111
1200   112.04707792207796
1203   108.52358490566039
1219   111.16426282051293
1222   108.09944751381215
1236   110.17224880382764
1238   107.2182103610675
1254   109.70710295291292
1256   107.051140833989
1273   109.86206896551721
1275   106.60347551342812
1291   109.72946859903368
1293   106.94262948207171
1313   110.27352472089319
1317   107.9576338928857
1332   110.5668276972624
1334   107.97834803528468
1361   112.01474201474198
1369   111.04563977180115
1377   112.36447039199334
1380   108.66502463054186
1403   112.3883817427386
1406   108.33631194151096
1429   106.95881383855024
1463   113.12846347607046
1465   110.97947454844007
1485   114.61868686868686
1487   112.41304347826087
1500   114.41862416107382
