1   89.50229207596594
35   94.25243348475014
38   88.99678663239075
69   93.02767052767052
106   93.22437971952536
125   144.42003853564546
127   143.69736842105263
144   146.52820512820512
165   144.2318548387102
166   91.68457538994801
178   94.68010236724247
180   94.07926442612556
198   97.57477820025349
201   90.51914626490898
213   92.68963337547405
215   87.62929936305733
256   95.29557291666667
258   93.74595992243052
266   94.83355006501952
268   91.14713715046605
279   92.88060731538994
312   92.27524115755625
315   86.88736776602364
324   88.96710117939168
327   86.91876923076923
355   91.68792995622263
357   89.97876327295441
365   91.33481012658223
368   89.38242730720607
379   91.28053435114504
383   89.58482142857143
421   96.8926701570681
424   90.52064516129032
480   100.92499999999995
491   82.01739130434771
520   94.44584717607984
552   90.64306220095705
554   84.43755238893544
581   91.34381858083384
596   89.59695817490501
597   84.84346846846847
660   99.01169590643275
667   92.20930232558139
707   99.96673189823855
714   86.37924701561066
721   88.15215852795473
727   83.47251962883655
739   86.25901201602136
747   86.13009708737864
759   88.562661498708
762   88.01006922592825
794   95.83799237611181
796   94.32145130490133
844   103.59838274932622
853   97.35190039318479
862   98.61870026525185
865   88.09868421052632
888   92.59575878064925
890   87.98773402194965
905   90.96625567813106
907   86.49709864603483
975   101.81650071123755
977   101.55196629213484
987   104.0590327169275
996   93.59727891156463
1050   104.41104734576766
1058   94.54960091220073
1060   89.98604651162793
1076   94.06661941885187
1080   80.34506089309878
1142   97.0
1144   92.52231845436376
1147   92.62428298279158
1158   81.09174311926563
1181   92.90313588850222
1184   80.15159944367178
1214   81.78580990629189
1249   88.44568868980969
1251   84.73056443024495
1268   88.97312859884846
1271   78.604984423676
1316   90.25939849624058
1319   88.6620861961274
1326   90.08755472170105
1328   88.36612702366126
1372   99.95154777927326
1374   97.58238063214526
1384   99.80175913396482
1389   99.46710963455149
1393   100.39691067830745
1402   89.73839397741529
1432   97.94548994159635
1443   91.83694267515926
1458   95.09435173299107
1463   92.33204384268214
1474   94.5484496124031
1477   89.06709265175719
1500   93.8103896103896
