1   104.92233727810651
6   106.43933685003768
9   100.33236574746009
22   103.9985152190052
28   92.25643896976487
61   78.12588116817724
66   80.89071428571428
68   79.63081193615545
82   86.80256930358351
89   83.3979797979798
95   85.98841172460806
99   82.99507389162562
107   86.3504449007529
110   79.93203883495146
151   98.02263083451203
156   89.15496688741723
157   84.22150259067358
171   91.81237113402062
184   91.56085526315792
188   87.96962879640046
194   89.78520499108708
195   147.85900783289816
201   147.72994652406487
202   85.9843912591051
220   96.15904292751583
229   95.8339317773789
230   80.47904869762175
242   87.25819672131148
246   85.54582210242587
262   93.15918367346939
270   93.12397260273973
275   95.37914364640892
277   88.08947006194082
288   93.19024725274727
296   90.86845730027548
305   95.0142755174875
309   93.28843441466854
323   99.74577516531963
331   78.20471464019852
350   88.66643975493537
352   86.09803921568627
362   90.99381443298972
365   88.82817869415807
371   91.26308539944907
377   88.27110501029512
383   91.53522099447514
388   90.00828729281768
394   93.06810284920084
397   90.71477900552486
434   110.66795366795373
436   104.64217487141808
461   152.4866666666676
468   98.84525357607299
470   90.49791666666667
477   94.74647887323954
480   84.51795580110496
488   89.28796169630641
495   87.94125777470629
522   103.56222222222232
525   91.11731843575419
537   97.98919308357353
541   80.76625172890733
551   86.46930422919513
553   84.01367053998632
561   89.22933884297521
565   86.62774725274727
568   88.30511945392493
573   87.62962962962962
580   92.07941988950276
588   91.9736842105263
595   95.81267605633802
607   87.97160664819944
615   92.27729257641931
618   88.5
633   93.26217228464418
637   90.72139303482587
640   92.4588804422944
647   90.949083503055
652   93.60356652949235
655   85.94880546075085
662   89.57152826238661
665   88.04292751583392
683   98.01994091580502
685   93.76249094858798
700   101.10945644080414
703   90.86564996368918
722   100.69825625473851
729   96.88441461595824
736   100.59066967644846
739   95.5644927536232
754   103.11675511751326
757   93.42044636429085
767   98.42867867867868
771   87.174981923355
782   93.65430267062311
785   88.34919472913617
814   104.37789799072652
831   89.82116788321167
839   93.9502228826151
847   88.9378612716763
865   98.36528301886779
868   90.89304029304026
876   95.53684210526313
881   93.56326219512192
890   98.48097412480956
895   86.7
902   86.77629733520337
903   86.46153846153848
908   86.99087078651678
909   85.34623358673116
916   89.22144358794674
918   87.37029288702928
929   93.56564939673524
932   89.34847409510292
951   101.08518518518508
964   84.61048951048951
974   90.78686233403215
981   90.1740638002774
982   90.6911764705882
985   89.9590562109646
993   94.63128096249125
997   81.98941425546934
1012   91.32303370786519
1018   86.7853185595568
1024   90.51093860268173
1029   88.9280677009873
1034   92.06488824801727
1042   83.17550143266476
1053   89.99435426958371
1056   83.7480755773268
1064   88.1804195804196
1066   83.73128061581525
1084   95.0507614213198
1096   84.06500691562928
1109   92.50764951321275
1111   87.15840220385675
1128   93.23994354269587
1137   85.17468175388967
1150   92.7496382054992
1159   78.79388770433548
1170   85.7783286118979
1173   77.33832976445399
1181   82.39496402877694
1183   80.47691197691199
1191   85.76999999999998
1194   77.99423215573177
1214   91.20516499282638
1217   83.03408266860049
1227   89.09743589743584
1230   81.4945770065076
1240   87.81336238198992
1247   75.72769409038239
1264   86.85283812193413
1267   81.37640449438203
1274   85.55160390516039
1280   82.65937940761637
1295   92.61388286334068
1299   81.81658468025296
1308   87.87168758716871
1316   78.59708737864082
1339   94.59161931818176
1341   86.28393351800554
1354   94.7987332864177
1358   76.25273972602736
1368   84.10924932975877
1371   82.68598382749337
1378   88.25727826675694
1385   88.2540650406504
1388   90.2077656675749
1394   87.99182561307907
1399   91.34761904761899
1407   88.91331058020478
1412   92.40707964601779
1415   86.49357674104124
1424   92.21689189189192
1430   86.50424328147096
1438   90.35081743869205
1440   88.54124062713015
1442   89.45708446866485
1453   88.1269517990496
1456   89.7175989085948
1461   88.84044016506186
1462   89.32740943267265
1466   87.39067854694997
1479   94.43705799151303
1482   84.03814147018034
1500   95.43450250536864
