1   66.7003631961259
82   54.48967193195625
91   57.50902837489252
127   51.48145695364238
129   51.51320243737305
134   51.404211956521735
146   61.89869484151647
177   59.01235203293875
211   56.815509376583876
214   58.128750681942165
315   51.44379391100702
317   51.44600938967136
343   49.24656638325703
345   49.24800531914893
427   41.77460317460317
430   41.849999999999994
448   40.35702614379085
465   66.25473546701502
469   65.75333720255368
471   65.78037649743295
512   63.3336831059811
550   60.85074626865672
553   62.42849223946784
602   59.56866002214839
615   59.7718309859155
640   58.71174785100287
642   58.79828080229227
644   58.78555045871559
646   58.80769230769231
654   58.48212226066897
656   58.88385598141696
709   53.772903225806445
712   53.81841596909209
731   51.28662827895073
733   51.330774152271275
741   50.79224904701398
752   51.46440025657472
754   51.238672622846195
767   58.089108910891085
769   58.07204230006609
771   58.233028720626635
774   58.21018697614443
776   58.28989192625556
787   57.71024512884978
789   57.7140163419233
802   67.94305435720449
875   67.71630615640606
882   58.76795895096927
885   59.6844948676391
891   59.22358974358974
899   59.7936031984008
916   55.982242516489094
929   58.74763092269326
1043   43.71343283582087
1047   47.18090154211151
1085   43.75879396984925
1089   45.871188550093336
1134   41.19215425531911
1137   45.011221122112225
1186   40.25837320574162
1189   40.369639210347174
1190   40.339480874316905
1193   43.353058510638306
1215   41.53225806451613
1221   42.08053691275168
1222   42.086868686868684
1281   35.2822774659182
1283   35.28709677419354
1330   30.49114631873252
1339   33.67989417989418
1341   33.4197111299915
1343   33.529220779220765
1353   32.739495798319325
1356   32.74191121143717
1413   42.42287694974004
1421   41.53501805054151
1426   48.44901960784314
1490   41.467794404684355
1493   45.758488148622675
1500   45.22173641474079
