1   74.30905861456483
26   78.499375
28   77.63358302122347
68   141.26210826210826
73   67.53966699314398
133   71.73579801623085
188   80.71587197909861
190   79.50259403372245
198   80.69439071566731
206   80.15290322580645
212   80.81476683937824
219   80.35935483870968
228   81.34695201037613
230   80.46460746460747
328   136.32377049180332
333   134.313432835821
335   81.04003558718861
410   80.10008271298594
487   138.97229219143628
494   73.03588235294117
619   137.84722222222263
621   79.49960660896932
661   85.34628044766293
663   83.77225130890052
710   90.52738336713992
712   89.04682274247492
789   73.11258795934323
793   73.93417874396141
795   70.95440729483283
905   134.8888888888887
910   139.84682080924904
912   81.56322869955159
948   86.76412614980285
955   84.99543378995433
976   87.66775884665793
979   86.68949771689498
996   88.9546052631579
1003   74.89105793450882
1075   67.07283950617284
1129   140.59166666666667
1133   63.862837837837844
1206   80.49433962264152
1213   77.48465873512836
1220   79.02573760200875
1222   78.25155666251557
1285   87.23363874345523
1290   70.72019635343618
1336   78.49201277955308
1339   70.06940063091483
1388   54.13065326633166
1438   65.5892968263845
1446   59.95932859909618
1500   129.0
