1   58.25938566552901
9   63.98031228784792
34   57.08769544527533
37   61.90391214824983
45   61.56962911126662
46   62.576896311760606
48   62.51757408683666
59   73.71594005449592
68   71.16180371352785
76   73.28949107732981
83   70.55962059620596
88   76.07335190343547
112   67.845
118   92.20412951665884
123   74.63316002310808
125   89.61585081585099
145   68.20335066435587
155   73.82462253193961
160   72.16119577960148
162   87.58211764705882
177   66.01105293775458
179   82.32137800849458
184   65.76064787042591
194   76.6417820590006
196   76.11437125748512
198   91.38377609108161
207   72.1115776844631
209   87.7325972155545
220   66.96915776986953
222   83.90630975143404
234   61.873349339735896
237   65.77177177177177
252   60.77359617682197
255   65.88133571854502
274   59.20342089187534
288   89.92777777777778
306   82.35921754593954
310   90.27384020618558
328   80.2862362971986
333   84.46080910240204
350   72.21966397013067
356   74.27283582089552
371   61.80550458715595
374   71.21781574130566
407   56.93160227992405
411   66.8409236690186
452   51.10989010989033
455   58.449966420416374
478   48.80352798053525
482   62.51383874849577
521   43.55592322964924
524   47.68101092896177
531   44.657731958762895
540   77.7061403508772
587   50.6296547054842
592   70.63247863247864
614   58.126643598615914
619   59.61040787623068
637   49.509523809523785
642   71.08275862068966
676   50.691949434464505
680   64.19281045751632
704   50.00674308833436
707   59.187711006076995
726   48.37786509495743
731   64.74539473684206
752   52.37093563370934
756   62.83758389261749
776   51.52402896642528
780   64.100453661698
803   50.30867346938794
807   62.14232902033268
825   51.80484773151056
828   64.1481481481481
843   55.04782608695655
847   59.515489467162354
862   50.222574508560555
866   63.976448122215174
884   52.7263092269327
888   69.16320100819155
921   48.62927756653971
925   64.91189710610934
945   52.38718291054738
950   59.55029585798815
970   46.9922380336352
974   54.568215892053956
993   43.47246184472465
1001   48.9118198874296
1010   42.96071904127825
1014   56.53375977256576
1035   43.653970303421374
1038   59.128681177976944
1059   45.8453214513047
1063   58.558038485412794
1080   47.260178117048326
1083   55.72396486825596
1105   41.97857142857174
1108   52.896894409937886
1123   42.958441558441336
1127   61.91883116883116
1152   45.552314521242806
1155   58.49835634451023
1169   49.91910828025493
1172   64.26424870466326
1199   46.60791826309071
1203   57.41078838174269
1217   48.013999999999996
1221   58.060869565217445
1251   39.05492957746446
1262   77.2920168067227
1305   46.6899999999996
1310   64.69913275517013
1336   47.66138855054811
1340   59.674309229864775
1367   42.20492307692348
1371   57.606235565819816
1390   45.35319410319403
1393   55.81170018281534
1411   45.23587223587225
1431   91.78978978978978
1435   88.8344660194175
1440   93.674525884162
1470   72.07071713147411
1473   78.12187499999982
1485   58.232394366196786
1487   68.15211709357027
1492   53.1414925373133
1496   64.46250829462508
1500   62.074803149606296
