1   96.5265306122449
38   85.7944214876033
46   98.47826086956522
67   92.67429094236047
71   95.51910531220877
84   94.44419391206313
86   94.74697173620457
111   99.28350515463917
116   96.77474892395983
122   99.78660220994476
132   95.79820936639119
138   99.48578016910069
169   92.13223787167449
176   92.3959938366718
184   92.37174427782162
186   95.46932270916335
195   92.3586956521739
206   101.927303465765
230   94.57094594594595
241   98.54385964912281
247   98.37800963081861
248   100.29780309194467
256   98.33731853116994
263   99.45960034752387
276   94.72751091703057
284   98.82642998027613
291   98.75128998968009
293   99.7421052631579
321   90.18724778046811
325   94.58406374501992
331   92.33432392273403
333   93.96301564722617
355   87.44089012517384
385   100.02700490998363
443   80.38732854343561
445   92.64606741573034
468   85.53615960099751
471   95.33022388059703
497   86.8359659781288
500   92.96508728179549
516   89.1166163141994
523   92.2938331318017
531   89.53395638629286
541   96.66727828746178
547   95.39170225747407
560   95.80762138905959
568   93.15436241610739
572   98.71072319201994
603   86.61150159744409
606   98.33143580012651
616   95.5552109181142
619   106.5833846153846
645   96.96238244514106
648   99.81096774193549
655   99.61815840309077
656   101.28314028314026
690   87.11513583441138
693   97.08512020792722
718   88.09748427672957
721   102.60811667723526
738   96.303970223325
741   102.05024813895781
768   92.86308068459675
771   99.96085626911315
796   90.54852320675127
814   104.49113779302459
877   84.61790668348046
880   92.1588492808005
896   87.03999999999996
898   91.93430656934306
904   91.81485992691839
919   98.95120517342741
929   96.28180737217599
933   98.0909592061742
941   97.04139072847681
949   98.31780366056572
957   96.10422380691168
965   98.03100338218712
968   97.26777777777784
974   99.97754070746777
980   97.8761363636363
983   101.11066282420751
986   100.27262113251605
990   100.44087938205584
999   99.54059278350516
1004   99.6504918032787
1006   99.45631720430107
1009   99.91751183231912
1012   99.15241379310345
1020   100.9597544338335
1038   94.69542136695418
1041   99.66581141757536
1058   92.75556824671617
1061   100.3718912666281
1083   91.81239242685024
1086   102.11861520998866
1120   87.92076966610057
1122   95.26587301587304
1136   91.335825186889
1139   97.16837899543378
1145   95.18653736451802
1167   104.34236311239192
1182   98.38559077809805
1185   101.53754266211607
1192   99.00345423143347
1195   102.36236933797909
1206   98.42396313364054
1208   100.62361192285215
1214   99.0958429561201
1217   100.74458113649679
1223   100.4647473560517
1232   100.88608338226658
1252   93.4930715935335
1278   112.32520891364902
1290   111.43600867678958
1293   112.46840958605662
1296   111.63701067615659
1299   111.66619418851874
1309   107.08350730688926
1312   108.50730688935283
1320   106.29985228951256
1324   107.61307692307693
1326   107.4424103737606
1336   112.08088761632064
1358   104.1271753681392
1366   107.85592105263163
1378   102.57515030060131
1390   109.51089743589745
1412   99.62226066897347
1415   107.06120157215048
1432   99.62192262602579
1436   106.37831603229529
1453   100.0426621160409
1461   109.06275187104205
1473   104.34861278648975
1476   107.9729064039409
1489   103.35571808510639
1497   106.37394136807819
1500   105.53702511268513
