1   106.97159457714655
11   108.74983839689722
23   102.71024512884978
74   110.97160243407708
78   103.54766355140187
92   106.88220064724919
97   98.46153846153845
119   102.85162713734142
122   99.98163155051324
161   107.90793122573484
163   102.63423913043479
171   103.92471358428804
206   54.91165413533835
214   59.5807434491164
219   57.98525798525799
243   103.44258373205741
251   73.21584385763491
300   104.98868778280541
303   91.88671875
326   99.37656675749318
329   95.27322404371584
357   104.41816204458945
361   94.68733439321674
401   106.08791832104362
405   96.26321467098165
429   105.3386183465459
433   94.90502183406113
458   101.85067873303171
461   96.5281848928974
501   111.43231707317068
506   91.34654017857143
518   96.33598635588407
522   86.98987056837366
552   99.141652613828
555   93.6331096196868
586   105.87485380116959
589   97.582774049217
597   99.57343049327346
600   91.66479505895565
609   94.05922551252843
614   88.158953722334
630   98.71873165002944
675   87.41414141414134
683   104.20617864338482
687   92.90493166963755
702   97.43995381062359
704   90.40363843092666
724   98.8431597023469
729   83.38742279618192
743   87.89967284623776
746   83.20032397408204
748   84.19860064585578
775   100.22944849115504
777   96.03991811668372
793   100.79188078108939
798   98.76461538461538
814   103.9492227979274
818   97.47213622291022
826   97.59057591623059
829   88.63693931398417
854   94.97654118930711
856   92.77307274701411
877   98.21029082774051
885   97.90559638213679
903   102.7920227920228
910   101.69789892106758
923   104.7529280535415
926   102.97390338700723
945   107.97115917914593
952   106.17427157779
965   109.35313901345285
968   105.75054945054944
981   108.80214205186019
984   104.47506849315069
993   106.2994382022473
997   102.00335758254056
1010   105.20247469066368
1013   102.61958356781092
1027   106.00058377116171
1034   103.3088954056696
1044   106.25173940543954
1047   103.0458435207824
1058   105.38063337393424
1063   103.61144578313252
1073   106.23874151758173
1081   105.24202626641647
1090   107.57188703466
1093   101.31569115815691
1112   106.00611246943754
1114   102.12687013764213
1126   104.72808056872043
1130   100.59106933019976
1152   106.04464796794502
1159   104.82855504587155
1165   106.35450346420316
1168   102.1032515687393
1187   107.0312855517634
1191   99.48908785674314
1213   106.72334293948143
1216   102.94141298104537
1227   105.54092730394973
1248   98.06187290969899
1255   99.8573033707865
1258   97.91258351893096
1280   101.58147512864494
1288   101.5039682539682
1292   102.56196943972833
1299   100.84186831738884
1306   102.41490545050056
1308   99.97733554449972
1319   102.28523676880218
1322   99.47177193963108
1329   101.03049124788265
1335   91.6374549819928
1344   93.45111896348646
1352   92.56386109476162
1386   105.55909617612997
1388   99.4925799086758
1403   104.0062429057889
1416   93.63595251554551
1429   97.13038483630089
1432   88.47072463768116
1446   92.26631393298067
1449   85.46003552397869
1461   88.4846292947559
1464   82.13974591651544
1475   85.05494505494494
1479   80.22242647058823
1497   85.5523145212428
1499   81.46578782172003
1500   81.66875784190715
