1   70.36675191815857
42   83.90337423312883
45   78.10184237461617
69   86.95843892549416
72   79.58542842483325
79   82.4476386036961
83   80.71855880353502
84   77.31724137931035
102   85.96151419558359
143   85.7298804780877
144   81.66907123534716
168   86.61030235162374
171   77.76155580608794
210   90.3293282359366
212   85.36584051724138
231   91.18900160170847
234   86.39904610492846
259   93.56313809779692
261   89.14293361884368
275   92.92282608695655
282   79.15725806451613
309   88.90450643776819
311   84.36228813559322
333   91.31570338058889
338   80.39968569931902
369   90.73253925284246
371   87.39626666666666
392   93.6330376940133
398   92.03549972692518
412   96.47147651006719
416   87.38776624795194
443   95.10457142857143
447   87.46115973741794
471   94.35627081021084
476   80.96023965141612
502   89.75296655879174
505   85.9951923076923
533   95.77136635819261
538   82.8441145281018
559   90.64448051948045
570   79.73908174692048
602   94.02132312739195
605   86.75175013462574
627   94.77332601536773
630   88.97524219590959
646   94.45764576457645
650   84.91330102315563
680   95.92617079889806
683   89.87735341581495
704   97.9044238121246
709   85.86712546320804
743   97.69374313940716
747   86.9267515923567
768   95.13483146067415
772   87.56385797562268
809   100.16241849436858
813   93.27635327635328
829   98.81059683313038
834   90.72977624784852
849   95.77947214076266
857   87.46107784431138
874   94.75436681222706
878   93.72468527640945
886   96.59153380978557
1009   64.21631530705781
1010   60.65920826161789
1025   66.16129032258061
1029   59.537700865265776
1057   69.52418379685605
1060   61.29294117647059
1074   66.08352272727268
1077   60.41694915254237
1109   73.74646226415098
1115   70.91123919308359
1124   74.94051160023787
1132   61.982822085889566
1140   64.66135204081633
1151   55.23133543638278
1161   61.280947255113006
1164   56.06965442764579
1195   63.86163522012579
1204   55.71558589306028
1226   64.62984054669687
1235   59.60317460317461
1265   70.37949015063714
1272   61.724694104560626
1292   70.60111731843608
1296   59.180540540540505
1329   75.23661971830984
1334   65.88537761114088
1359   76.45299145299144
1363   68.9688864628821
1394   80.30063291139231
1405   63.30357142857143
1430   72.84694429421324
1433   65.80350504514075
1457   82.85077186963986
1461   73.14125200642059
1482   86.7564543889846
1500   110.25816993464052
