1   92.52395391146149
15   86.42668200115008
18   88.05555555555556
37   84.05613425925925
39   87.50315547905909
59   83.15010917030568
61   85.4098805646037
84   81.15547329455313
87   86.94683678894205
97   85.0748829953198
100   97.11494252873564
114   94.83369330453564
149   95.20214909335118
150   112.40670553935865
195   108.98664886515371
196   95.66488222698072
198   96.30160067396798
216   94.72810357958872
218   100.45828698553947
229   97.99211643420256
232   107.72180916976455
270   89.31665807117065
272   95.21688654353562
286   91.53356890459361
289   97.49640287769786
317   90.36227544910179
320   96.50921187308086
359   81.94123505976096
361   84.94477911646587
372   82.55472636815921
374   85.18665328650276
386   82.67985971943887
389   88.68909276248726
398   86.58519269776876
402   95.74935798664612
414   92.78884873515744
417   99.90813093980992
425   99.86394557823132
427   102.0052938062467
458   85.60847107438019
461   94.66879319510899
470   92.48175182481754
474   103.34089681253377
526   89.17887931034483
529   93.56348773841962
549   87.6994764397906
560   96.33958333333334
586   88.73214285714288
591   89.50127485976542
599   87.25139381652306
602   90.06035805626598
610   88.1225937183384
617   88.59989832231825
623   86.96004046535154
632   100.57424657534247
652   71.12758073054526
679   92.85653560042509
700   86.89022477783585
703   91.72971576227391
712   88.87341128622256
717   102.48921620199894
767   81.83932135728548
769   84.8813387423935
776   82.7122122122122
779   85.90377833753149
786   83.94281376518218
789   86.97956055186512
797   85.07956878850109
800   89.49922320041429
811   86.41356107660455
814   88.56149455111574
826   84.65987460815046
828   87.00104329681795
840   83.12360149174214
846   83.40455991516438
850   81.93039319872469
853   89.97127371273714
865   85.92474827768946
868   88.0728831725616
881   83.53959873284055
887   85.15587151132178
892   83.38956246705324
895   85.40074113287454
909   80.85592315901815
914   82.51691331923888
927   78.05081194342597
930   83.43653744025491
939   81.15490716180372
947   81.61010638297876
953   79.9822389666308
974   89.51226158038148
985   86.54600219058057
987   89.61795292829775
1002   86.08089033659064
1005   87.14123376623377
1013   85.14953779227841
1016   87.09265350877195
1026   85.03871319520175
1037   89.82737768004398
1050   86.87615930169122
1055   87.88293760353397
1062   86.2055616139586
1065   88.1823691460055
1074   86.41268075639601
1081   87.18181818181819
1093   84.37102272727276
1097   85.84501424501424
1102   85.32570120206067
1106   85.5
1108   85.28350515463917
1111   86.49741230592295
1124   84.0404929577465
1126   85.1725768321513
1131   84.40869054609513
1142   87.20473372781065
1148   86.06529411764706
1152   86.58646616541353
1156   85.62015055008692
1163   93.21828908554572
1175   90.81985294117646
1180   92.14051669817265
1190   90.69526248399487
1194   91.45996156310059
1203   89.53007518796993
1210   90.3894472361809
1220   87.97391857506364
1224   91.92700258397934
1240   87.05500618046972
1254   101.55269607843138
1264   96.58700834326578
1267   99.75899938987187
1280   94.80664652567975
1282   94.882245271507
1299   92.84224422442244
1312   94.0546218487395
1314   94.03092059030217
1315   94.1122159090909
1335   92.80442541042112
1338   94.11228813559322
1346   92.9027872195785
1356   99.3213559322034
1385   90.23753280839895
1392   91.92954104718811
1402   90.10325047801149
1404   90.73754789272027
1415   88.41989664082689
1420   88.86670959433354
1422   88.18734177215197
1426   93.69573400250943
1442   89.18111540585315
1447   89.91389645776565
1472   78.86737967914439
1476   78.92064343163537
1482   77.3792
1486   80.78330658105938
1495   78.92209178228393
1500   83.6332776850306
