1   106.53622047244095
3   106.91064491064492
5   106.82071097372489
33   112.51555209953344
36   107.84307692307692
48   109.84103367267032
51   105.24847094801223
63   106.9524886877828
78   96.07887323943662
87   97.00851667849543
90   86.5084388185654
115   92.98495109104591
126   88.27783669141039
140   99.627308707124
148   98.32698412698413
175   113.04163726182074
195   82.42782495101241
215   108.47785234899328
234   92.35890151515152
249   100.7681895093063
250   99.62068965517241
251   99.62068965517244
255   97.00919540229884
261   100.83049693669162
272   93.61533101045296
279   94.95066018068104
285   94.34737620103473
309   98.98473282442751
319   93.10972222222222
332   97.94173441734415
336   93.11541072640868
353   99.66225165562915
356   96.5444361463779
367   98.90205562273277
382   100.75555555555556
383   100.67223198594024
390   101.70906321401372
392   98.586817859674
406   101.27812284334027
409   94.48395721925134
418   96.81739130434784
425   96.04152484683459
457   103.49700996677743
461   101.33510285335103
481   106.35171486213854
484   103.64883401920439
509   109.60153524075372
511   104.92022792022792
519   106.29066022544282
533   105.26123595505624
534   102.59422492401217
537   103.715
542   103.52591656131483
553   97.95295404814004
555   98.22274143302184
558   97.09719370294319
570   99.59114249037225
573   96.5262123197903
581   99.47731888964117
585   99.24982841455045
591   100.99379310344824
602   96.11830985915492
610   97.95307917888564
620   93.85035389282103
641   102.66833166833169
651   104.91858037578288
654   102.00611620795107
672   105.55087209302326
675   102.65116279069767
681   104.50981818181819
690   102.97142857142856
714   108.97910216718266
719   108.61290322580646
748   117.47088791848614
751   103.1972443799855
783   110.7754491017964
788   100.75338983050847
847   116.77190542420027
850   112.28494260634707
868   116.81223922114047
871   109.87116991643454
895   115.90807017543875
897   111.14048442906574
937   123.0280504908836
939   122.7812274368232
941   124.32390381895334
944   120.52937013446567
956   123.33200319233833
961   116.11656441717787
966   120.9748743718593
967   120.97487437185919
971   123.53515064562407
1016   124.32061068702296
1038   120.64705882352942
1110   103.81953867028494
1127   109.31643835616524
1130   91.98179366149697
1172   118.12255541069135
1175   105.17420661715057
1189   109.73971679029
1191   99.44973190348526
1210   106.43773873185637
1217   104.93813273340834
1234   111.79565512559384
1236   100.7092866756393
1270   114.45435684647299
1281   111.14132379248656
1291   115.71502057613168
1299   114.2295918367347
1353   122.5407876230661
1381   122.83632596685129
1384   108.39455307262568
1409   118.25559566787001
1412   113.00141342756183
1450   122.73947180585299
1462   123.530335474661
1469   120.04666188083274
1477   120.27833572453346
1484   123.82448690728961
1486   119.15950473415876
1495   122.73309090909092
1497   122.699021820918
1499   124.18573551263002
1500   124.18438661710037
