0.0
0.5818181818181818
1.1636363636363636
1.7454545454545454
2.327272727272727
2.909090909090909
3.4909090909090907
4.072727272727272
4.654545454545454
5.236363636363636
5.818181818181818
6.3999999999999995
6.9818181818181815
7.5636363636363635
8.145454545454545
8.727272727272727
9.309090909090909
9.89090909090909
10.472727272727273
11.054545454545455
11.636363636363637
12.218181818181817
12.799999999999999
13.381818181818181
13.963636363636363
14.545454545454545
15.127272727272727
15.709090909090909
16.29090909090909
16.87272727272727
17.454545454545453
18.036363636363635
18.618181818181817
19.2
19.78181818181818
20.363636363636363
20.945454545454545
21.527272727272727
22.10909090909091
22.69090909090909
23.272727272727273
23.854545454545452
24.436363636363634
25.018181818181816
25.599999999999998
26.18181818181818
26.763636363636362
27.345454545454544
27.927272727272726
28.509090909090908
29.09090909090909
29.672727272727272
30.254545454545454
30.836363636363636
31.418181818181818
32.0
25.599999999999966
19.19999999999999
12.799999999999955
6.399999999999977
0.0
0.5818181818181818
1.1636363636363636
1.7454545454545454
2.327272727272727
2.909090909090909
3.4909090909090907
4.072727272727272
4.654545454545454
5.236363636363636
5.818181818181818
6.3999999999999995
6.9818181818181815
7.5636363636363635
8.145454545454545
8.727272727272727
9.309090909090909
9.89090909090909
10.472727272727273
11.054545454545455
11.636363636363637
12.218181818181817
12.799999999999999
13.381818181818181
13.963636363636363
14.545454545454545
15.127272727272727
15.709090909090909
16.29090909090909
16.87272727272727
17.454545454545453
18.036363636363635
18.618181818181817
19.2
19.78181818181818
20.363636363636363
20.945454545454545
21.527272727272727
22.10909090909091
22.69090909090909
23.272727272727273
23.854545454545452
24.436363636363634
25.018181818181816
25.599999999999998
26.18181818181818
26.763636363636362
27.345454545454544
27.927272727272726
28.509090909090908
29.09090909090909
29.672727272727272
30.254545454545454
30.836363636363636
31.418181818181818
32.0
25.599999999999966
19.19999999999999
12.799999999999955
6.399999999999977
0.0
0.5818181818181818
1.1636363636363636
1.7454545454545454
2.327272727272727
2.909090909090909
3.4909090909090907
4.072727272727272
4.654545454545454
5.236363636363636
5.818181818181818
6.3999999999999995
6.9818181818181815
7.5636363636363635
8.145454545454545
8.727272727272727
9.309090909090909
9.89090909090909
10.472727272727273
11.054545454545455
11.636363636363637
12.218181818181817
12.799999999999999
13.381818181818181
13.963636363636363
14.545454545454545
15.127272727272727
15.709090909090909
16.29090909090909
16.87272727272727
17.454545454545453
18.036363636363635
18.618181818181817
19.2
19.78181818181818
20.363636363636363
20.945454545454545
21.527272727272727
22.10909090909091
22.69090909090909
23.272727272727273
23.854545454545452
24.436363636363634
25.018181818181816
25.599999999999998
26.18181818181818
26.763636363636362
27.345454545454544
27.927272727272726
28.509090909090908
29.09090909090909
29.672727272727272
30.254545454545454
30.836363636363636
31.418181818181818
32.0
25.599999999999966
19.19999999999999
12.799999999999955
6.399999999999977
0.0
0.5818181818181818
1.1636363636363636
1.7454545454545454
2.327272727272727
2.909090909090909
3.4909090909090907
4.072727272727272
4.654545454545454
5.236363636363636
5.818181818181818
6.3999999999999995
6.9818181818181815
7.5636363636363635
8.145454545454545
8.727272727272727
9.309090909090909
9.89090909090909
10.472727272727273
11.054545454545455
11.636363636363637
12.218181818181817
12.799999999999999
13.381818181818181
13.963636363636363
14.545454545454545
15.127272727272727
15.709090909090909
16.29090909090909
16.87272727272727
17.454545454545453
18.036363636363635
18.618181818181817
19.2
19.78181818181818
20.363636363636363
20.945454545454545
21.527272727272727
22.10909090909091
22.69090909090909
23.272727272727273
23.854545454545452
24.436363636363634
25.018181818181816
25.599999999999998
26.18181818181818
26.763636363636362
27.345454545454544
27.927272727272726
28.509090909090908
29.09090909090909
29.672727272727272
30.254545454545454
30.836363636363636
31.418181818181818
32.0
25.599999999999966
19.19999999999999
12.799999999999955
6.399999999999977
0.0
0.5818181818181818
1.1636363636363636
1.7454545454545454
2.327272727272727
2.909090909090909
3.4909090909090907
4.072727272727272
4.654545454545454
5.236363636363636
5.818181818181818
6.3999999999999995
6.9818181818181815
7.5636363636363635
8.145454545454545
8.727272727272727
9.309090909090909
9.89090909090909
10.472727272727273
11.054545454545455
11.636363636363637
12.218181818181817
12.799999999999999
13.381818181818181
13.963636363636363
14.545454545454545
15.127272727272727
15.709090909090909
16.29090909090909
16.87272727272727
17.454545454545453
18.036363636363635
18.618181818181817
19.2
19.78181818181818
20.363636363636363
20.945454545454545
21.527272727272727
22.10909090909091
22.69090909090909
23.272727272727273
23.854545454545452
24.436363636363634
25.018181818181816
25.599999999999998
26.18181818181818
26.763636363636362
27.345454545454544
27.927272727272726
28.509090909090908
29.09090909090909
29.672727272727272
30.254545454545454
30.836363636363636
31.418181818181818
32.0
25.599999999999966
19.19999999999999
12.799999999999955
6.399999999999977
0.0
0.5818181818181818
1.1636363636363636
1.7454545454545454
2.327272727272727
2.909090909090909
3.4909090909090907
4.072727272727272
4.654545454545454
5.236363636363636
5.818181818181818
6.3999999999999995
6.9818181818181815
7.5636363636363635
8.145454545454545
8.727272727272727
9.309090909090909
9.89090909090909
10.472727272727273
11.054545454545455
11.636363636363637
12.218181818181817
12.799999999999999
13.381818181818181
13.963636363636363
14.545454545454545
15.127272727272727
15.709090909090909
16.29090909090909
16.87272727272727
17.454545454545453
18.036363636363635
18.618181818181817
19.2
19.78181818181818
20.363636363636363
20.945454545454545
21.527272727272727
22.10909090909091
22.69090909090909
23.272727272727273
23.854545454545452
24.436363636363634
25.018181818181816
25.599999999999998
26.18181818181818
26.763636363636362
27.345454545454544
27.927272727272726
28.509090909090908
29.09090909090909
29.672727272727272
30.254545454545454
30.836363636363636
31.418181818181818
32.0
25.599999999999966
19.19999999999999
12.799999999999955
6.399999999999977
0.0
0.5818181818181818
1.1636363636363636
1.7454545454545454
2.327272727272727
2.909090909090909
3.4909090909090907
4.072727272727272
4.654545454545454
5.236363636363636
5.818181818181818
6.3999999999999995
6.9818181818181815
7.5636363636363635
8.145454545454545
8.727272727272727
9.309090909090909
9.89090909090909
10.472727272727273
11.054545454545455
11.636363636363637
12.218181818181817
12.799999999999999
13.381818181818181
13.963636363636363
14.545454545454545
15.127272727272727
15.709090909090909
16.29090909090909
16.87272727272727
17.454545454545453
18.036363636363635
18.618181818181817
19.2
19.78181818181818
20.363636363636363
20.945454545454545
21.527272727272727
22.10909090909091
22.69090909090909
23.272727272727273
23.854545454545452
24.436363636363634
25.018181818181816
25.599999999999998
26.18181818181818
26.763636363636362
27.345454545454544
27.927272727272726
28.509090909090908
29.09090909090909
29.672727272727272
30.254545454545454
30.836363636363636
31.418181818181818
32.0
25.599999999999966
19.19999999999999
12.799999999999955
6.399999999999977
0.0
0.5818181818181818
1.1636363636363636
1.7454545454545454
2.327272727272727
2.909090909090909
3.4909090909090907
4.072727272727272
4.654545454545454
5.236363636363636
5.818181818181818
6.3999999999999995
6.9818181818181815
7.5636363636363635
8.145454545454545
8.727272727272727
9.309090909090909
9.89090909090909
10.472727272727273
11.054545454545455
11.636363636363637
12.218181818181817
12.799999999999999
13.381818181818181
13.963636363636363
14.545454545454545
15.127272727272727
15.709090909090909
16.29090909090909
16.87272727272727
17.454545454545453
18.036363636363635
18.618181818181817
19.2
19.78181818181818
20.363636363636363
20.945454545454545
21.527272727272727
22.10909090909091
22.69090909090909
23.272727272727273
23.854545454545452
24.436363636363634
25.018181818181816
25.599999999999998
26.18181818181818
26.763636363636362
27.345454545454544
27.927272727272726
28.509090909090908
29.09090909090909
29.672727272727272
30.254545454545454
30.836363636363636
31.418181818181818
32.0
25.599999999999966
19.19999999999999
12.799999999999955
6.399999999999977
0.0
0.5818181818181818
1.1636363636363636
1.7454545454545454
2.327272727272727
2.909090909090909
3.4909090909090907
4.072727272727272
4.654545454545454
5.236363636363636
5.818181818181818
6.3999999999999995
6.9818181818181815
7.5636363636363635
8.145454545454545
8.727272727272727
9.309090909090909
9.89090909090909
10.472727272727273
11.054545454545455
11.636363636363637
12.218181818181817
12.799999999999999
13.381818181818181
13.963636363636363
14.545454545454545
15.127272727272727
15.709090909090909
16.29090909090909
16.87272727272727
17.454545454545453
18.036363636363635
18.618181818181817
19.2
19.78181818181818
20.363636363636363
20.945454545454545
21.527272727272727
22.10909090909091
22.69090909090909
23.272727272727273
23.854545454545452
24.436363636363634
25.018181818181816
25.599999999999998
26.18181818181818
26.763636363636362
27.345454545454544
27.927272727272726
28.509090909090908
29.09090909090909
29.672727272727272
30.254545454545454
30.836363636363636
31.418181818181818
32.0
25.599999999999966
19.19999999999999
12.799999999999955
6.399999999999977
0.0
0.5818181818181818
1.1636363636363636
1.7454545454545454
2.327272727272727
2.909090909090909
3.4909090909090907
4.072727272727272
4.654545454545454
5.236363636363636
5.818181818181818
6.3999999999999995
6.9818181818181815
7.5636363636363635
8.145454545454545
8.727272727272727
9.309090909090909
9.89090909090909
10.472727272727273
11.054545454545455
11.636363636363637
12.218181818181817
12.799999999999999
13.381818181818181
13.963636363636363
14.545454545454545
15.127272727272727
15.709090909090909
16.29090909090909
16.87272727272727
17.454545454545453
18.036363636363635
18.618181818181817
19.2
19.78181818181818
20.363636363636363
20.945454545454545
21.527272727272727
22.10909090909091
22.69090909090909
23.272727272727273
23.854545454545452
24.436363636363634
25.018181818181816
25.599999999999998
26.18181818181818
26.763636363636362
27.345454545454544
27.927272727272726
28.509090909090908
29.09090909090909
29.672727272727272
30.254545454545454
30.836363636363636
31.418181818181818
32.0
25.599999999999966
19.19999999999999
12.799999999999955
6.399999999999977
0.0
