0.0
1.2666666666666666
2.533333333333333
3.8
5.066666666666666
6.333333333333333
7.6
8.866666666666667
10.133333333333333
11.399999999999999
12.666666666666666
13.933333333333334
15.2
16.466666666666665
17.733333333333334
19.0
18.577777777777776
18.155555555555555
17.733333333333334
17.31111111111111
16.888888888888886
16.466666666666665
16.044444444444444
15.622222222222222
15.2
14.777777777777777
14.355555555555554
13.933333333333332
13.51111111111111
13.088888888888889
12.666666666666666
12.244444444444444
11.822222222222221
11.399999999999999
10.977777777777776
10.555555555555554
10.133333333333333
9.71111111111111
9.288888888888888
8.866666666666667
8.444444444444443
8.022222222222222
7.599999999999998
7.177777777777777
6.755555555555553
6.333333333333332
5.911111111111111
5.488888888888887
5.066666666666666
4.644444444444442
4.222222222222221
3.799999999999997
3.3777777777777764
2.9555555555555557
2.5333333333333314
2.1111111111111107
1.6888888888888864
1.2666666666666657
0.844444444444445
0.4222222222222207
0.0
1.2666666666666666
2.533333333333333
3.8
5.066666666666666
6.333333333333333
7.6
8.866666666666667
10.133333333333333
11.399999999999999
12.666666666666666
13.933333333333334
15.2
16.466666666666665
17.733333333333334
19.0
18.577777777777776
18.155555555555555
17.733333333333334
17.31111111111111
16.888888888888886
16.466666666666665
16.044444444444444
15.622222222222222
15.2
14.777777777777777
14.355555555555554
13.933333333333332
13.51111111111111
13.088888888888889
12.666666666666666
12.244444444444444
11.822222222222221
11.399999999999999
10.977777777777776
10.555555555555554
10.133333333333333
9.71111111111111
9.288888888888888
8.866666666666667
8.444444444444443
8.022222222222222
7.599999999999998
7.177777777777777
6.755555555555553
6.333333333333332
5.911111111111111
5.488888888888887
5.066666666666666
4.644444444444442
4.222222222222221
3.799999999999997
3.3777777777777764
2.9555555555555557
2.5333333333333314
2.1111111111111107
1.6888888888888864
1.2666666666666657
0.844444444444445
0.4222222222222207
0.0
1.2666666666666666
2.533333333333333
3.8
5.066666666666666
6.333333333333333
7.6
8.866666666666667
10.133333333333333
11.399999999999999
12.666666666666666
13.933333333333334
15.2
16.466666666666665
17.733333333333334
19.0
18.577777777777776
18.155555555555555
17.733333333333334
17.31111111111111
16.888888888888886
16.466666666666665
16.044444444444444
15.622222222222222
15.2
14.777777777777777
14.355555555555554
13.933333333333332
13.51111111111111
13.088888888888889
12.666666666666666
12.244444444444444
11.822222222222221
11.399999999999999
10.977777777777776
10.555555555555554
10.133333333333333
9.71111111111111
9.288888888888888
8.866666666666667
8.444444444444443
8.022222222222222
7.599999999999998
7.177777777777777
6.755555555555553
6.333333333333332
5.911111111111111
5.488888888888887
5.066666666666666
4.644444444444442
4.222222222222221
3.799999999999997
3.3777777777777764
2.9555555555555557
2.5333333333333314
2.1111111111111107
1.6888888888888864
1.2666666666666657
0.844444444444445
0.4222222222222207
0.0
1.2666666666666666
2.533333333333333
3.8
5.066666666666666
6.333333333333333
7.6
8.866666666666667
10.133333333333333
11.399999999999999
12.666666666666666
13.933333333333334
15.2
16.466666666666665
17.733333333333334
19.0
18.577777777777776
18.155555555555555
17.733333333333334
17.31111111111111
16.888888888888886
16.466666666666665
16.044444444444444
15.622222222222222
15.2
14.777777777777777
14.355555555555554
13.933333333333332
13.51111111111111
13.088888888888889
12.666666666666666
12.244444444444444
11.822222222222221
11.399999999999999
10.977777777777776
10.555555555555554
10.133333333333333
9.71111111111111
9.288888888888888
8.866666666666667
8.444444444444443
8.022222222222222
7.599999999999998
7.177777777777777
6.755555555555553
6.333333333333332
5.911111111111111
5.488888888888887
5.066666666666666
4.644444444444442
4.222222222222221
3.799999999999997
3.3777777777777764
2.9555555555555557
2.5333333333333314
2.1111111111111107
1.6888888888888864
1.2666666666666657
0.844444444444445
0.4222222222222207
0.0
1.2666666666666666
2.533333333333333
3.8
5.066666666666666
6.333333333333333
7.6
8.866666666666667
10.133333333333333
11.399999999999999
12.666666666666666
13.933333333333334
15.2
16.466666666666665
17.733333333333334
19.0
18.577777777777776
18.155555555555555
17.733333333333334
17.31111111111111
16.888888888888886
16.466666666666665
16.044444444444444
15.622222222222222
15.2
14.777777777777777
14.355555555555554
13.933333333333332
13.51111111111111
13.088888888888889
12.666666666666666
12.244444444444444
11.822222222222221
11.399999999999999
10.977777777777776
10.555555555555554
10.133333333333333
9.71111111111111
9.288888888888888
8.866666666666667
8.444444444444443
8.022222222222222
7.599999999999998
7.177777777777777
6.755555555555553
6.333333333333332
5.911111111111111
5.488888888888887
5.066666666666666
4.644444444444442
4.222222222222221
3.799999999999997
3.3777777777777764
2.9555555555555557
2.5333333333333314
2.1111111111111107
1.6888888888888864
1.2666666666666657
0.844444444444445
0.4222222222222207
0.0
1.2666666666666666
2.533333333333333
3.8
5.066666666666666
6.333333333333333
7.6
8.866666666666667
10.133333333333333
11.399999999999999
12.666666666666666
13.933333333333334
15.2
16.466666666666665
17.733333333333334
19.0
18.577777777777776
18.155555555555555
17.733333333333334
17.31111111111111
16.888888888888886
16.466666666666665
16.044444444444444
15.622222222222222
15.2
14.777777777777777
14.355555555555554
13.933333333333332
13.51111111111111
13.088888888888889
12.666666666666666
12.244444444444444
11.822222222222221
11.399999999999999
10.977777777777776
10.555555555555554
10.133333333333333
9.71111111111111
9.288888888888888
8.866666666666667
8.444444444444443
8.022222222222222
7.599999999999998
7.177777777777777
6.755555555555553
6.333333333333332
5.911111111111111
5.488888888888887
5.066666666666666
4.644444444444442
4.222222222222221
3.799999999999997
3.3777777777777764
2.9555555555555557
2.5333333333333314
2.1111111111111107
1.6888888888888864
1.2666666666666657
0.844444444444445
0.4222222222222207
0.0
1.2666666666666666
2.533333333333333
3.8
5.066666666666666
6.333333333333333
7.6
8.866666666666667
10.133333333333333
11.399999999999999
12.666666666666666
13.933333333333334
15.2
16.466666666666665
17.733333333333334
19.0
18.577777777777776
18.155555555555555
17.733333333333334
17.31111111111111
16.888888888888886
16.466666666666665
16.044444444444444
15.622222222222222
15.2
14.777777777777777
14.355555555555554
13.933333333333332
13.51111111111111
13.088888888888889
12.666666666666666
12.244444444444444
11.822222222222221
11.399999999999999
10.977777777777776
10.555555555555554
10.133333333333333
9.71111111111111
9.288888888888888
8.866666666666667
8.444444444444443
8.022222222222222
7.599999999999998
7.177777777777777
6.755555555555553
6.333333333333332
5.911111111111111
5.488888888888887
5.066666666666666
4.644444444444442
4.222222222222221
3.799999999999997
3.3777777777777764
2.9555555555555557
2.5333333333333314
2.1111111111111107
1.6888888888888864
1.2666666666666657
0.844444444444445
0.4222222222222207
0.0
1.2666666666666666
2.533333333333333
3.8
5.066666666666666
6.333333333333333
7.6
8.866666666666667
10.133333333333333
11.399999999999999
12.666666666666666
13.933333333333334
15.2
16.466666666666665
17.733333333333334
19.0
18.577777777777776
18.155555555555555
17.733333333333334
17.31111111111111
16.888888888888886
16.466666666666665
16.044444444444444
15.622222222222222
15.2
14.777777777777777
14.355555555555554
13.933333333333332
13.51111111111111
13.088888888888889
12.666666666666666
12.244444444444444
11.822222222222221
11.399999999999999
10.977777777777776
10.555555555555554
10.133333333333333
9.71111111111111
9.288888888888888
8.866666666666667
8.444444444444443
8.022222222222222
7.599999999999998
7.177777777777777
6.755555555555553
6.333333333333332
5.911111111111111
5.488888888888887
5.066666666666666
4.644444444444442
4.222222222222221
3.799999999999997
3.3777777777777764
2.9555555555555557
2.5333333333333314
2.1111111111111107
1.6888888888888864
1.2666666666666657
0.844444444444445
0.4222222222222207
0.0
1.2666666666666666
2.533333333333333
3.8
5.066666666666666
6.333333333333333
7.6
8.866666666666667
10.133333333333333
11.399999999999999
12.666666666666666
13.933333333333334
15.2
16.466666666666665
17.733333333333334
19.0
18.577777777777776
18.155555555555555
17.733333333333334
17.31111111111111
16.888888888888886
16.466666666666665
16.044444444444444
15.622222222222222
15.2
14.777777777777777
14.355555555555554
13.933333333333332
13.51111111111111
13.088888888888889
12.666666666666666
12.244444444444444
11.822222222222221
11.399999999999999
10.977777777777776
10.555555555555554
10.133333333333333
9.71111111111111
9.288888888888888
8.866666666666667
8.444444444444443
8.022222222222222
7.599999999999998
7.177777777777777
6.755555555555553
6.333333333333332
5.911111111111111
5.488888888888887
5.066666666666666
4.644444444444442
4.222222222222221
3.799999999999997
3.3777777777777764
2.9555555555555557
2.5333333333333314
2.1111111111111107
1.6888888888888864
1.2666666666666657
0.844444444444445
0.4222222222222207
0.0
1.2666666666666666
2.533333333333333
3.8
5.066666666666666
6.333333333333333
7.6
8.866666666666667
10.133333333333333
11.399999999999999
12.666666666666666
13.933333333333334
15.2
16.466666666666665
17.733333333333334
19.0
18.577777777777776
18.155555555555555
17.733333333333334
17.31111111111111
16.888888888888886
16.466666666666665
16.044444444444444
15.622222222222222
15.2
14.777777777777777
14.355555555555554
13.933333333333332
13.51111111111111
13.088888888888889
12.666666666666666
12.244444444444444
11.822222222222221
11.399999999999999
10.977777777777776
10.555555555555554
10.133333333333333
9.71111111111111
9.288888888888888
8.866666666666667
8.444444444444443
8.022222222222222
7.599999999999998
7.177777777777777
6.755555555555553
6.333333333333332
5.911111111111111
5.488888888888887
5.066666666666666
4.644444444444442
4.222222222222221
3.799999999999997
3.3777777777777764
2.9555555555555557
2.5333333333333314
2.1111111111111107
1.6888888888888864
1.2666666666666657
0.844444444444445
0.4222222222222207
0.0
